2560
1440
Start
Began 63.29411 808.5938 783.125
Moved 63.38721 787.8246 772.5543
Moved 63.39923 767.3959 748.1853
Stationary 63.40356 767.3959 748.1853
Stationary 63.40823 767.3959 748.1853
Moved 63.41825 738.0262 697.4677
Moved 63.43644 705.6448 608.0133
Moved 63.45432 693.8516 535.7316
Moved 63.47158 690.1172 471.8567
Moved 63.49054 694.1108 425.9866
Moved 63.50896 701.8747 381.823
Moved 63.52144 712.3925 335.2651
Moved 63.53783 724.8422 282.7581
Moved 63.55411 737.9534 239.241
Moved 63.5715 754.0115 199.1265
Moved 63.58808 768.1966 155.0549
Moved 63.60765 781.965 115.9539
Moved 63.62081 796.5672 86.61743
Moved 63.63765 810.2844 71.09253
Moved 63.65768 825.5123 64.91211
Moved 63.67266 844.6967 62.71411
Moved 63.68855 874.3866 60.98584
Moved 63.70618 914.2527 59.16309
Moved 63.72323 970.1428 55.56201
Moved 63.74267 1034.031 53.29688
Moved 63.75711 1111.573 57.74438
Moved 63.77129 1237.47 85.13745
Moved 63.78847 1304.271 113.4258
Moved 63.80802 1334.604 142.2388
Moved 63.82265 1351.607 171.8491
Moved 63.84028 1366.98 197.6875
Moved 63.85642 1378.829 218.1262
Moved 63.87281 1383.428 236.9443
Moved 63.88977 1377.495 259.6018
Moved 63.90666 1363.519 289.4966
Moved 63.92323 1346.586 321.4614
Moved 63.93991 1332.384 356.2168
Moved 63.96 1321.626 398.0007
Moved 63.97429 1312.278 464.4365
Moved 63.99033 1305.105 543.1592
Moved 64.00784 1300.64 618.2565
Moved 64.02439 1298.552 671.2869
Moved 64.0415 1292.786 709.7177
Moved 64.05729 1282.578 745.5914
Moved 64.07387 1270.909 782.9648
Moved 64.09154 1262.157 810.6071
Moved 64.10958 1257.412 823.0957
Moved 64.12332 1256.425 826.9579
Moved 64.14063 1254.451 830.8785
Moved 64.15742 1237.528 843.526
Moved 64.17434 1207.787 862.9114
Moved 64.19138 1164.907 876.2747
Moved 64.20845 1103.91 874.2714
Moved 64.22655 1013.556 852.3892
Moved 64.24243 908.7722 815.0527
Moved 64.26105 800.2847 772.921
Moved 64.27538 718.233 745.5895
Moved 64.29163 660.1842 730.5084
Moved 64.30917 633.8414 723.2708
Moved 64.32417 616.1733 715.2957
Moved 64.34202 600.7844 708.8903
Moved 64.3588 589.3792 705.0135
Moved 64.37522 582.1688 702.0723
Moved 64.39425 577.8069 699.6957
Moved 64.4124 577.6172 697.2365
Moved 64.42692 582.7854 696.1172
Moved 64.44334 587.311 697.0717
Moved 64.45934 588.2446 698.2681
Stationary 64.47778 588.2446 698.2681
Ended 64.49395 587.4609 700.625
Began 67.29492 729.8438 2463.125
Stationary 67.31326 729.8438 2463.125
Moved 67.33036 729.7464 2464.827
Moved 67.34933 731.045 2466.068
Moved 67.36179 732.4431 2467.746
Finish
Start
Began 73.37862 1352.461 687.5
Moved 73.39675 1350.617 687.5
Stationary 73.41317 1350.352 687.8297
Ended 73.43005 1350 689.375
Began 73.49416 1378.477 780.625
Moved 73.51181 1375.106 782.522
Stationary 73.52719 1375.106 782.522
Moved 73.54446 1371.358 784.9552
Moved 73.56236 1366.358 787.4948
Moved 73.57984 1357.255 792.7839
Moved 73.59519 1339.558 803.3647
Moved 73.61263 1328.197 814.3822
Moved 73.63034 1315.246 828.6642
Moved 73.64705 1275.141 861.2554
Moved 73.66557 1242.202 864.3411
Moved 73.6807 1197.37 856.6813
Moved 73.6975 1137.416 841.7565
Stationary 73.71306 1137.416 841.7565
Moved 73.73107 886.0879 786.1539
Moved 73.74892 809.7985 764.3153
Stationary 73.76289 809.7985 764.3153
Moved 73.77949 760.5912 750.6831
Moved 73.79646 720.1416 747.447
Moved 73.81778 665.6331 760.868
Moved 73.8311 639.6745 765.5941
Moved 73.84714 620.364 770.2657
Moved 73.86408 607.336 772.5448
Moved 73.88094 603.9367 773.767
Stationary 73.89805 603.9367 773.767
Moved 73.91452 606.7969 772.5608
Stationary 73.93078 606.7969 772.5608
Moved 73.9485 608.2031 766.4911
Moved 73.97019 607.8516 762.5646
Stationary 73.98189 607.8516 762.5646
Moved 73.99945 611.8235 751.6887
Moved 74.01556 619.0436 743.8156
Moved 74.03141 634.2096 717.517
Stationary 74.04781 634.2096 717.517
Moved 74.06466 685.7271 572.9131
Moved 74.08282 748.7618 443.0803
Ended 74.09881 748.7618 443.0803
Began 74.12975 850.4297 312.5
Moved 74.14891 848.5145 313.8433
Stationary 74.16395 848.5145 313.8433
Moved 74.18072 845.6887 313.75
Moved 74.19814 842.9657 313.75
Moved 74.21384 841.2609 313.75
Moved 74.23094 840.2344 313.75
Moved 74.24833 839.0197 313.75
Moved 74.26505 838.4766 313.75
Stationary 74.28414 839.0039 313.75
Stationary 74.29904 839.0039 313.75
Stationary 74.31451 839.0039 313.75
Moved 74.33189 839.8828 313.75
Moved 74.3485 841.4521 313.75
Moved 74.36562 840.5612 311.8308
Moved 74.382 839.8741 310.6096
Moved 74.39991 836.0347 298.1704
Stationary 74.41529 836.0347 298.1704
Moved 74.43474 822.088 283.2776
Stationary 74.44896 822.088 283.2776
Moved 74.46651 788.249 268.8845
Stationary 74.48245 788.249 268.8845
Moved 74.49963 777.7053 262.7739
Moved 74.51604 768.9872 255.1165
Moved 74.53319 764.2387 246.4595
Moved 74.55 760.3051 236.7012
Moved 74.56728 763.4216 220.9309
Moved 74.58739 766.5037 215.9863
Moved 74.6004 773.4863 212.5769
Stationary 74.61674 773.4863 212.5769
Moved 74.63333 783.3333 208.2771
Moved 74.65 802.0737 201.1819
Moved 74.66673 826.9007 192.2671
Moved 74.68334 883.274 181.2288
Moved 74.70071 997.3836 196.8054
Moved 74.71758 1167.161 276.5051
Moved 74.73654 1333.951 414.1252
Stationary 74.74915 1333.951 414.1252
Moved 74.76665 1349.392 422.5483
Moved 74.78307 1363.328 418.5601
Moved 74.80136 1372.894 414.8247
Moved 74.81701 1375.664 413.125
Moved 74.83333 1366.973 416.8462
Moved 74.85089 1353.984 426.4888
Moved 74.86874 1339.595 444.7483
Moved 74.88663 1338.739 452.46
Stationary 74.90038 1338.739 452.46
Moved 74.91767 1336.291 460.6182
Moved 74.93461 1331.099 480.2361
Moved 74.95211 1297.731 649.321
Stationary 74.96749 1297.731 649.321
Moved 74.98421 1285.024 760.3492
Moved 75.00127 1288.907 861.2329
Moved 75.01775 1293.989 918.4875
Moved 75.03701 1295.508 936.196
Stationary 75.05176 1295.508 936.196
Moved 75.06852 1294.808 953.6379
Moved 75.08543 1294.479 987.3918
Moved 75.10077 1292.4 1006.8
Moved 75.11823 1289.979 1010.497
Moved 75.13435 1285.437 1014.901
Moved 75.15161 1263.733 1026.105
Moved 75.16796 1179.719 1036.623
Ended 75.18823 1031.133 1003.75
Began 75.33395 661.9922 826.25
Stationary 75.35308 661.9922 826.25
Moved 75.37091 659.9402 827.8827
Moved 75.38422 658.4544 829.0822
Ended 75.40118 658.125 830.625
Began 75.60308 743.5547 951.875
Stationary 75.61903 743.5547 951.875
Moved 75.63554 742.1793 951.875
Moved 75.65425 740.6202 949.1581
Moved 75.66907 738.4454 944.9723
Moved 75.68567 736.0932 939.8602
Moved 75.70306 731.6365 931.2056
Moved 75.71871 717.7605 900.4407
Moved 75.735 685.9489 829.6553
Moved 75.75337 643.316 721.8536
Moved 75.76955 612.1617 581.1058
Moved 75.78658 618.6297 483.8376
Moved 75.80643 654.6094 354.375
Ended 75.82076 654.6094 354.375
Began 75.85111 651.0938 315
Stationary 75.86948 651.0938 315
Moved 75.88591 649.2892 314.021
Moved 75.90264 648.7798 312.1362
Moved 75.91929 648.6328 310.918
Moved 75.93578 648.6328 309.7231
Moved 75.95425 648.6328 308.4475
Stationary 75.97252 648.6328 308.4475
Stationary 75.98837 648.6328 308.4475
Ended 76.00288 648.9844 308.75
Began 76.83147 14.76563 2121.25
Ended 76.83839 14.76563 2121.25
Began 77.35899 686.25 2490.625
Moved 77.37573 686.25 2491.323
Moved 77.39207 684.8062 2492.533
Moved 77.40888 683.0865 2493.75
Finish
Start
Began 80.36491 1352.813 891.25
Moved 80.38255 1350.514 891.25
Moved 80.39963 1346.219 891.25
Moved 80.41627 1340.691 890.625
Moved 80.43304 1335.01 890.625
Moved 80.44946 1309.284 889.375
Moved 80.46999 1293.373 890.6555
Moved 80.48514 1260.188 897.6962
Moved 80.50114 1212.69 915.7102
Moved 80.51602 1153.577 962.7059
Moved 80.53362 1122.281 994.5529
Moved 80.54974 1089.122 1023.015
Moved 80.56755 1039.515 1049.102
Moved 80.58374 966.8253 1066.279
Moved 80.60009 850.8225 1050.478
Moved 80.61823 701.8431 983.9253
Moved 80.638 617.2379 928.5955
Moved 80.6521 580.1913 902.0189
Moved 80.66843 575.4036 897.72
Moved 80.6853 581.6522 900.8931
Moved 80.7002 585.9396 906.0569
Moved 80.71841 586.1973 908.6233
Moved 80.73363 583.5787 909.375
Moved 80.75034 582.0132 908.8287
Moved 80.7673 579.3488 907.7407
Moved 80.78761 576.8004 907.137
Moved 80.80133 573.6136 905.8265
Moved 80.81853 570.1785 904.0128
Moved 80.83537 568.0069 901.77
Moved 80.8521 564.2988 897.757
Moved 80.86971 558.9469 888.7885
Moved 80.88648 548.3749 843.1439
Moved 80.90083 547.0753 756.3451
Moved 80.91836 570.2831 599.4248
Moved 80.93764 617.1285 436.9241
Ended 80.95313 701.0156 248.125
Began 81.05 850.0781 136.875
Moved 81.06794 849.0621 136.875
Moved 81.08717 847.3121 138.0837
Moved 81.10108 847.2656 139.2852
Moved 81.11798 847.5964 140.551
Moved 81.1356 847.8931 142.2312
Moved 81.15202 849.1996 144.792
Moved 81.172 861.1876 157.9143
Moved 81.18701 876.8356 173.7844
Moved 81.2027 914.0493 196.8508
Moved 81.22002 1005.355 238.2041
Moved 81.23779 1070.756 273.0674
Moved 81.25352 1141.205 317.5337
Moved 81.2725 1223.125 377.989
Moved 81.2886 1306.347 427.9424
Moved 81.30331 1364.152 422.1321
Moved 81.32307 1379.958 384.9187
Moved 81.33695 1376.734 357.0984
Moved 81.35299 1376.016 347.8418
Moved 81.37109 1374.961 345.625
Moved 81.38863 1373.7 349.2715
Moved 81.40379 1367.421 354.1772
Moved 81.42091 1366.875 360.1418
Moved 81.43921 1367.578 367.1978
Moved 81.45432 1366.311 377.9265
Moved 81.47481 1363.889 392.7192
Moved 81.4892 1356.186 428.802
Moved 81.50414 1343.819 516.7512
Moved 81.52151 1334.891 585.3094
Moved 81.53819 1331.934 623.7568
Moved 81.55388 1313.718 650.7157
Moved 81.57159 1304.341 680.6808
Moved 81.5893 1296.129 741.4208
Moved 81.60598 1299.121 837.4474
Moved 81.62515 1302.827 883.887
Moved 81.63959 1305.289 896.875
Moved 81.65422 1303.51 899.5244
Moved 81.67071 1300.207 903.5205
Moved 81.68909 1295.915 917.7808
Moved 81.70557 1294.179 949.1143
Moved 81.72182 1293.75 966.5538
Moved 81.7389 1291.97 976.5244
Moved 81.75469 1288.024 979.2219
Moved 81.77445 1278.969 980.9059
Moved 81.78849 1247.467 987.4757
Moved 81.8056 1183.831 997.0229
Moved 81.82231 1151.842 1001.434
Moved 81.8392 1138.978 1007.107
Moved 81.85558 1116.62 1026.805
Moved 81.87285 1066.37 1066.349
Moved 81.89252 1012.921 1089.824
Moved 81.90621 958.7333 1092.677
Moved 81.92596 907.4373 1084.703
Moved 81.94093 862.5643 1074.486
Moved 81.95752 827.6224 1066.755
Moved 81.98069 809.5143 1062.109
Moved 81.99137 796.66 1059.342
Moved 82.00819 784.8256 1055.832
Moved 82.02364 770.7625 1048.729
Moved 82.03851 756.5965 1040.973
Moved 82.05535 743.103 1033.697
Moved 82.0759 730.7431 1026.962
Moved 82.09145 720.6633 1022.06
Moved 82.10757 712.5529 1017.867
Moved 82.12405 706.8806 1014.223
Moved 82.14023 702.1854 1010.415
Moved 82.15792 698.6982 1008.501
Moved 82.17332 697.3962 1007.316
Stationary 82.19057 697.3962 1007.316
Stationary 82.2075 697.3962 1007.316
Moved 82.22513 698.3387 1008.366
Moved 82.24188 699.0464 1009.624
Ended 82.2573 699.0464 1009.624
Began 83.54558 711.5625 2511.875
Moved 83.56383 711.6666 2513.31
Moved 83.58008 711.9659 2514.559
Moved 83.59686 712.2956 2515.731
Finish
Start
Began 86.43603 14.76563 2379.375
Stationary 86.45029 14.76563 2379.375
Ended 86.46964 14.76563 2379.375
Began 87.0842 1390.781 1008.125
Moved 87.10188 1382.368 1000
Moved 87.11841 1381.008 999.4061
Moved 87.13583 1378.303 998.2042
Moved 87.15118 1374.892 996.4512
Moved 87.16772 1358.2 982.5424
Moved 87.18601 1343.588 971.7584
Moved 87.20263 1327.227 964.498
Moved 87.21933 1306.989 960.2439
Moved 87.23608 1278.379 963.4015
Moved 87.25264 1226.994 982.0107
Moved 87.26883 1177.647 1009.217
Moved 87.28515 1088.586 1036.64
Moved 87.30207 933.9088 1038.066
Moved 87.31849 804.7965 1000.957
Moved 87.33795 687.9556 946.6017
Moved 87.35204 589.5377 881.8759
Moved 87.37 534.4628 838.5416
Moved 87.38793 521.4798 828.79
Moved 87.40319 519.9567 831.2424
Moved 87.41875 524.1071 836.4979
Moved 87.43443 527.9938 840.2417
Moved 87.45265 532.084 843.7458
Moved 87.46878 535.3487 843.0082
Moved 87.48769 540.5273 840
Moved 87.5017 541.582 840.625
Stationary 87.52036 541.582 840.625
Moved 87.53584 541.9099 839.4592
Moved 87.55145 541.613 837.8674
Moved 87.56916 540.9165 836.6294
Moved 87.58793 541.3913 834.266
Moved 87.6035 544.8237 828.9246
Moved 87.61987 555.3342 809.7885
Moved 87.63814 585.4581 735.5914
Moved 87.6522 628.5514 603.8235
Moved 87.67187 714.7191 389.8516
Moved 87.68814 762.1028 279.2385
Moved 87.70409 802.1684 213.7588
Moved 87.72054 821.1328 185.2083
Moved 87.73768 834.7735 179.0366
Moved 87.75352 839.4199 178.6284
Moved 87.77049 840.9554 186.3772
Moved 87.78908 851.6994 189.2427
Moved 87.80299 858.2989 180.2883
Moved 87.82071 865.5359 178.0774
Moved 87.83672 877.2712 181.4827
Moved 87.85235 891.6667 186.8467
Moved 87.8699 895.7225 188.75
Moved 87.88763 896.8509 188.75
Moved 87.90305 901.6636 189.375
Moved 87.91918 906.9079 188.4189
Moved 87.94211 910.5056 187.5
Moved 87.95241 921.0754 190.3035
Moved 87.96886 953.2539 207.1296
Moved 87.98657 1024.416 254.8242
Moved 88.00294 1162.512 370.5461
Moved 88.02002 1328.017 526.1685
Moved 88.03661 1391.206 565.5575
Moved 88.0544 1388.489 538.2789
Moved 88.07047 1368.756 491.6592
Moved 88.0892 1365.417 459.4756
Moved 88.10326 1364.843 445.2314
Moved 88.12094 1368.466 436.9409
Moved 88.1378 1368.118 435.7368
Moved 88.15517 1367.93 436.5625
Moved 88.17126 1368.791 437.8445
Moved 88.18811 1367.779 440.1343
Moved 88.20708 1363.11 444.3394
Moved 88.22173 1357.513 454.241
Moved 88.24192 1350.977 476.7791
Moved 88.25504 1339.146 539.2932
Moved 88.2705 1320.104 665.8466
Moved 88.28842 1311.549 775.7916
Moved 88.30573 1308.062 842.384
Moved 88.32317 1308.524 864.7291
Moved 88.33958 1310.625 871.3079
Moved 88.35566 1307.246 871.5525
Moved 88.37148 1304.62 870.2876
Moved 88.39106 1302.942 868.5546
Moved 88.40545 1300.43 867.1875
Moved 88.42149 1299.699 867.8368
Moved 88.43959 1295.778 869.7416
Moved 88.45519 1287.587 876.4342
Moved 88.47215 1268.504 888.3131
Moved 88.48996 1214.204 902.406
Moved 88.5061 1085.24 899.5375
Moved 88.52181 939.7821 875.866
Moved 88.54181 795.4838 849.046
Moved 88.55568 659.2664 814.795
Moved 88.57195 575.783 769.9454
Moved 88.59053 558.9393 757.5929
Moved 88.60618 565.1452 759.131
Moved 88.6234 577.8636 764.7993
Moved 88.6386 586.8969 773.6699
Moved 88.65598 585.3983 780.9167
Moved 88.67254 579.0035 784.3868
Moved 88.69146 576.5068 785.181
Moved 88.70735 575.3123 786.4238
Moved 88.7233 578.0341 786.25
Moved 88.73923 577.9688 787.649
Moved 88.75613 578.3649 788.2043
Ended 88.77283 579.375 787.5
Began 90.3089 708.75 2488.75
Stationary 90.32774 708.75 2488.75
Moved 90.34461 708.75 2486.563
Finish
Start
Began 93.44209 1356.328 919.375
Stationary 93.45762 1356.328 919.375
Moved 93.47427 1355.625 917.0311
Moved 93.49303 1354.701 910.8936
Moved 93.50812 1352.814 904.5868
Moved 93.52619 1346.019 873.8834
Moved 93.54448 1335.015 848.1768
Moved 93.5578 1324.398 832.701
Moved 93.57604 1297.128 818.9766
Moved 93.59335 1276.034 809.7687
Moved 93.60996 1252.67 805.7731
Moved 93.62736 1213.675 805.9474
Moved 93.6433 1193.974 821.5865
Moved 93.65967 1185.152 842.6383
Moved 93.67655 1184.357 856.8376
Moved 93.69403 1180.694 869.3949
Moved 93.71268 1174.955 881.3234
Moved 93.72805 1167.066 894.5906
Moved 93.74664 1156.571 911.9924
Moved 93.7611 1140.651 942.2747
Moved 93.7792 1125.125 968.9453
Moved 93.7944 1104.138 986.4478
Moved 93.81077 1061.897 994.0717
Moved 93.82813 974.6411 988.5914
Moved 93.84618 848.0548 963.8619
Moved 93.86316 791.2872 953.0493
Moved 93.87719 768.0286 958.6572
Moved 93.89414 762.9912 970.2971
Moved 93.91116 746.1413 979.6031
Moved 93.92879 736.1 981.2118
Moved 93.95036 729.22 981.25
Moved 93.9625 725.4711 981.25
Moved 93.97845 723.8672 980.6249
Moved 93.99488 726.0191 980.625
Moved 94.01326 725.4492 979.6875
Moved 94.02929 726.2939 977.0577
Moved 94.04391 722.616 972.6226
Moved 94.06127 716.7987 966.9077
Moved 94.07687 708.964 959.1654
Moved 94.09562 703.8755 949.4834
Moved 94.11228 686.6786 925.3882
Moved 94.12933 660.5014 869.4404
Moved 94.14616 623.0312 758.1285
Moved 94.16573 599.9131 686.0619
Moved 94.17896 583.0919 621.4473
Moved 94.19526 586.7001 558.5015
Moved 94.21266 587.723 513.9589
Moved 94.22905 602.3984 469.3315
Moved 94.24895 615.8676 420.2554
Moved 94.26306 620.161 378.4885
Moved 94.27926 620.1379 345.8962
Moved 94.29613 628.2101 313.2312
Moved 94.31584 641.1032 277.8982
Moved 94.32896 654.8662 243.6018
Moved 94.34766 674.4522 213.5352
Moved 94.36435 692.0013 190.7383
Moved 94.38014 706.9724 171.2791
Moved 94.39709 720.0353 156.8318
Moved 94.41339 735.1555 143.7273
Moved 94.43063 762.3516 132.4136
Moved 94.44751 787.3354 121.4724
Moved 94.46749 812.9627 114.4109
Moved 94.48093 838.608 111.2754
Moved 94.49757 873.6612 120.6587
Moved 94.51358 915.8625 137.8608
Moved 94.53059 969.5401 162.7688
Moved 94.54978 1030.385 203.7085
Moved 94.56298 1106.858 272.2642
Moved 94.57977 1230.43 381.2024
Moved 94.59641 1286.241 433.5771
Moved 94.61796 1325.541 458.5828
Moved 94.63224 1351.133 465.0535
Moved 94.64957 1355.608 453.7864
Moved 94.66457 1363.258 436.3403
Moved 94.68099 1371.086 426.4863
Moved 94.70031 1376.929 423.7031
Moved 94.71445 1379.972 425.7307
Moved 94.73159 1379.848 429.5601
Moved 94.74972 1378.723 433.4055
Moved 94.76781 1377.398 435.6682
Moved 94.78167 1375.986 438.1772
Moved 94.79902 1374.561 440.7109
Moved 94.81445 1370.007 443.7744
Moved 94.83177 1364.355 448.8157
Moved 94.84917 1357.794 459.8831
Moved 94.86517 1344.169 502.4998
Moved 94.8816 1320.085 597.752
Moved 94.89875 1300.158 737.0303
Moved 94.92056 1299.382 813.834
Moved 94.93349 1298.181 842.283
Moved 94.94873 1297.906 851.028
Moved 94.96698 1297.676 867.7487
Moved 94.9821 1307.921 931.6244
Moved 94.99909 1322.133 989.6256
Moved 95.0151 1327.381 1002.967
Moved 95.03362 1327.5 1002.497
Moved 95.05008 1326.092 999.3716
Moved 95.06955 1323.331 996.3159
Moved 95.08276 1320.876 996.8256
Moved 95.10168 1316.204 1001.297
Moved 95.118 1306.796 1006.232
Moved 95.13357 1299.021 1009.232
Moved 95.15189 1290.254 1011.765
Moved 95.16788 1277.97 1014.93
Moved 95.18318 1240.654 1013.904
Moved 95.20126 1149.955 1000.341
Moved 95.21993 1039.33 973.571
Moved 95.23393 979.7679 961.4529
Moved 95.25375 927.5569 955.8665
Moved 95.26965 877.0488 949.6703
Moved 95.28715 819.8575 933.5571
Moved 95.3021 778.0429 917.0735
Moved 95.31739 761.0151 910.9126
Moved 95.33507 753.9347 913.8826
Moved 95.35226 754.0014 918.663
Moved 95.37291 752.0875 921.4778
Moved 95.38745 745.4807 923.5688
Moved 95.40192 736.3574 925.115
Moved 95.41772 729.1183 926.25
Moved 95.43427 727.207 926.25
Moved 95.45174 731.0709 926.25
Moved 95.47031 732.1289 927.1875
Moved 95.48689 732.9106 925.7979
Ended 95.50278 731.9531 925
Began 96.29426 14.76563 2100
Ended 96.30966 14.76563 2000.625
Began 96.77738 643.3594 2510
Moved 96.79507 642.3882 2510.863
Moved 96.81163 639.8874 2512.168
Finish
Start
Began 98.95216 14.76563 2071.25
Ended 98.97014 14.76563 2071.25
Began 99.52425 1389.727 1186.875
Moved 99.53753 1386.777 1201.855
Moved 99.55327 1386.506 1204.88
Ended 99.57098 1386.211 1208.125
Began 99.87238 1339.453 961.25
Stationary 99.88991 1339.453 961.25
Moved 99.90607 1337.559 963.5585
Moved 99.92278 1336.289 964.6875
Moved 99.94027 1334.75 966.0552
Moved 99.9537 1333.351 968.3474
Moved 99.97108 1326.904 975.9911
Moved 99.98719 1313.016 989.8512
Moved 100.0089 1294.556 998.4878
Moved 100.0246 1264.925 996.9764
Moved 100.0392 1189.553 974.2999
Moved 100.0571 1108.36 945.3462
Moved 100.0731 1050.644 929.0311
Moved 100.0895 1013.73 925
Moved 100.1097 979.9128 926.8535
Moved 100.1238 924.8229 915.7771
Moved 100.1396 882.5639 903.4647
Moved 100.1576 847.2535 892.7712
Moved 100.1758 810.3947 888.83
Moved 100.1908 785.4601 887.295
Moved 100.2079 770.1302 884.3687
Moved 100.2256 745.2552 883.125
Moved 100.2405 715.5114 884.375
Moved 100.2612 704.2689 884.375
Moved 100.2766 698.9025 884.375
Moved 100.2902 689.7054 882.8879
Moved 100.3097 682.728 881.875
Moved 100.3268 671.646 882.6383
Moved 100.3417 659.1317 883.9347
Moved 100.3578 650.236 884.375
Moved 100.3756 647.2798 884.375
Moved 100.3919 647.3031 882.2279
Moved 100.4109 646.875 877.8804
Moved 100.4275 642.065 869.1825
Moved 100.4419 632.1193 850.6934
Moved 100.4591 625.6967 818.1588
Moved 100.4754 614.7576 738.629
Moved 100.4927 613.9849 599.1885
Moved 100.5079 621.942 464.8726
Moved 100.5262 627.113 409.6567
Moved 100.5432 650.3548 357.7708
Moved 100.5612 669.0149 321.4329
Moved 100.576 689.813 286.1658
Moved 100.5921 708.3496 253.1799
Ended 100.6095 725.625 231.875
Began 100.6738 887.3438 141.25
Moved 100.6923 886.6406 141.0735
Moved 100.7082 887.4536 139.4531
Moved 100.7253 890.4111 137.2161
Moved 100.7424 895.3102 136.0422
Moved 100.7604 941.8312 133.4209
Moved 100.776 975.954 144.9465
Moved 100.7928 1027.301 178.4524
Moved 100.8094 1116.675 257.4009
Moved 100.8267 1225.689 378.0962
Moved 100.8437 1341.215 500.948
Ended 100.8628 1385.508 559.375
Began 101.0925 1371.797 613.75
Moved 101.1098 1370.528 616.3405
Moved 101.1279 1367.166 623.5634
Moved 101.1432 1362.71 633.5374
Moved 101.1598 1357.157 645.6851
Moved 101.1779 1336.088 690.2598
Moved 101.1951 1317.61 722.3226
Moved 101.2105 1298.016 753.3971
Moved 101.2286 1277.53 788.2112
Moved 101.2448 1267.834 809.2692
Moved 101.2626 1261.662 824.0619
Moved 101.281 1258.536 834.4414
Moved 101.2956 1256.912 844.4604
Moved 101.3123 1254.133 856.1255
Moved 101.3287 1251.511 868.0414
Moved 101.3466 1243.382 884.2896
Moved 101.3636 1231.656 900.3317
Moved 101.3804 1212.758 915.0479
Moved 101.3966 1183.95 926.5399
Moved 101.4136 1145.419 939.4387
Stationary 101.4381 1145.419 939.4387
Moved 101.4448 978.5455 978.9286
Moved 101.4606 797.3488 958.6089
Moved 101.4775 727.1393 918.2399
Moved 101.4956 691.3525 891.3108
Moved 101.5129 682.1819 883.3035
Moved 101.5274 680.9761 883.75
Stationary 101.5457 680.618 883.75
Stationary 101.5626 680.618 883.75
Moved 101.5817 675.0174 880.6405
Ended 101.594 672.8165 876.6115
Began 103.0291 721.0547 2508.75
Stationary 103.0476 721.0547 2508.75
Stationary 103.0636 721.0547 2508.75
Finish
Start
Began 127.6329 144.1406 1026.25
Stationary 127.6506 144.1406 1026.25
Moved 127.6664 143.4375 1022.796
Moved 127.6834 143.4375 1014.581
Moved 127.6999 142.3775 924.962
Moved 127.7166 131.426 775.5289
Moved 127.7328 125.009 668.5161
Moved 127.7498 122.6067 576.8413
Moved 127.7686 125.9487 501.1255
Moved 127.784 134.757 437.0166
Moved 127.8034 145.2595 379.2551
Moved 127.8183 153.2738 331.2397
Moved 127.8356 165.385 278.7034
Moved 127.8517 173.9956 239.4617
Moved 127.8673 186.1158 213.8623
Moved 127.8835 195.8588 201.7747
Moved 127.9013 200.0143 198.75
Moved 127.9179 204.0752 197.6582
Moved 127.9337 212.5806 195.5071
Moved 127.9512 227.258 191.3723
Moved 127.9699 247.8148 183.8655
Moved 127.9839 292.0478 173.1094
Moved 128.0018 374.0206 167.3147
Moved 128.0184 471.6929 171.0891
Moved 128.0348 592.5195 172.8923
Moved 128.0526 710.3376 173.9675
Moved 128.0694 824.5139 171.0371
Moved 128.0866 930.0059 170.6621
Moved 128.1038 1012.941 178.5151
Moved 128.121 1075.008 188.3914
Moved 128.1355 1109.629 198.0608
Moved 128.1517 1133.013 211.2954
Moved 128.1685 1141.22 224.3101
Moved 128.1851 1143.4 239.1851
Moved 128.2025 1144.107 260.6289
Moved 128.2187 1143.967 290.9363
Moved 128.2353 1151.371 349.6018
Moved 128.2522 1181.018 451.7188
Moved 128.2711 1207.346 533.1027
Moved 128.2872 1235.255 608.9949
Moved 128.3027 1262.119 674.3993
Moved 128.3191 1278.026 737.1317
Moved 128.3351 1284.237 803.1919
Moved 128.3529 1284.345 879.2006
Moved 128.37 1281.162 957.4799
Moved 128.3868 1277.249 1023.156
Moved 128.4032 1272.236 1063.928
Moved 128.4219 1268.108 1076.426
Moved 128.4374 1263.322 1079.781
Moved 128.4549 1256.121 1081.011
Moved 128.4698 1241.69 1083.66
Moved 128.4894 1208.518 1092.979
Moved 128.5065 1124.367 1110.062
Moved 128.52 1018.925 1117.601
Moved 128.5366 899.1064 1111.254
Moved 128.5543 767.5349 1099.305
Moved 128.5726 641.8003 1089.306
Moved 128.5874 506.511 1088.654
Moved 128.6038 386.9269 1095.943
Moved 128.6209 275.6968 1101.33
Moved 128.6378 182.4128 1101.175
Moved 128.6545 117.0668 1100
Moved 128.6704 86.3907 1101.368
Moved 128.6883 82.74918 1102.871
Moved 128.7054 85.21315 1103.75
Moved 128.7234 88.23376 1104.747
Moved 128.7379 91.18616 1105.996
Moved 128.7544 93.42802 1107.24
Moved 128.7712 95.15337 1108.816
Moved 128.7879 95.97656 1112.403
Ended 128.8046 95.97656 1113.125
Began 130.2295 706.2891 2508.125
Stationary 130.2385 706.2891 2508.125
Stationary 130.2547 706.2891 2508.125
Moved 130.2741 708.0469 2509.688
Stationary 130.2894 708.0469 2509.688
Finish
Start
Began 131.709 58.00781 2492.5
Moved 131.7261 57.55436 2493.306
Moved 131.7423 56.90665 2494.458
Moved 131.7603 56.5679 2495.745
Moved 131.779 56.60156 2496.563
Stationary 131.7932 56.60156 2496.563
Stationary 131.8128 56.60156 2496.563
Stationary 131.8293 56.60156 2496.563
Stationary 131.8466 56.60156 2496.563
Stationary 131.863 56.60156 2496.563
Stationary 131.8799 56.60156 2496.563
Stationary 131.8924 56.60156 2496.563
Stationary 131.9099 56.60156 2496.563
Stationary 131.9276 56.60156 2496.563
Stationary 131.946 56.60156 2496.563
Stationary 131.9616 56.60156 2496.563
Ended 131.9781 56.60156 2496.563
Began 132.2928 216.2109 969.375
Moved 132.3105 215.4096 970.0873
Moved 132.3274 214.7835 971.2876
Moved 132.3449 214.2773 972.1875
Moved 132.3619 214.8047 971.25
Moved 132.3785 215.9206 967.9617
Moved 132.3969 216.9443 964.214
Moved 132.4121 217.647 960.4658
Moved 132.4317 217.6172 957.4907
Moved 132.4462 217.6172 955.6381
Moved 132.4629 216.8941 956.2677
Moved 132.4797 215.827 975.1519
Moved 132.4953 210.7751 1030.136
Moved 132.5132 206.2979 1054.031
Moved 132.529 202.4657 1066.985
Moved 132.5475 200.3104 1071.297
Moved 132.5615 201.077 1063.989
Moved 132.5792 200.0629 1047.087
Moved 132.595 192.2879 1008.676
Moved 132.6121 181.1358 969.6466
Moved 132.6303 164.9713 902.2537
Moved 132.6476 139.0892 757.6362
Moved 132.6631 116.6079 565.2927
Moved 132.6803 107.8306 420.8562
Moved 132.6991 101.8435 321.6863
Moved 132.7124 98.39175 261.9863
Moved 132.7301 100.5055 232.7104
Moved 132.7472 103.408 211.5078
Moved 132.7634 112.7599 190.689
Moved 132.7807 118.5657 168.3428
Moved 132.7953 128.5933 146.8655
Moved 132.8117 135.7028 134.3755
Moved 132.8289 143.5532 127.4143
Moved 132.8494 150.0374 123.7905
Moved 132.8637 155.4646 120.592
Moved 132.8806 163.3787 116.9153
Moved 132.8973 178.0873 111.3098
Moved 132.9122 201.4907 105.6838
Moved 132.9299 249.4388 95.37183
Moved 132.947 340.9066 83.37158
Moved 132.9631 412.8689 81.88184
Moved 132.98 504.8997 79.46411
Moved 132.9987 606.2272 77.6394
Moved 133.0134 719.4576 75.23193
Moved 133.0306 837.1635 75.54785
Moved 133.047 941.6268 76.79004
Moved 133.0645 1019.422 83.99023
Moved 133.084 1086.007 97.80103
Moved 133.0984 1135.849 109.4919
Moved 133.1146 1172.101 121.5505
Moved 133.1306 1183.809 129.6614
Moved 133.1497 1186.738 136.9321
Moved 133.164 1185.948 147.9902
Moved 133.1815 1187.426 164.0515
Moved 133.1973 1189.921 183.5366
Moved 133.2135 1193.581 210.2673
Moved 133.2309 1208.661 280.2681
Moved 133.2473 1237.106 412.7456
Moved 133.2636 1260.392 545.2107
Moved 133.2817 1277.106 660.0901
Moved 133.3009 1295.447 746.7533
Moved 133.3154 1308.65 810.1953
Moved 133.3312 1323.371 866.5935
Moved 133.3494 1336.667 929.8879
Moved 133.3651 1347.368 994.7321
Moved 133.3843 1350.123 1045.019
Moved 133.4007 1346.82 1067.556
Moved 133.4171 1342.508 1075.589
Moved 133.4312 1335.021 1078.75
Moved 133.4509 1328.827 1078.236
Moved 133.4664 1319.906 1078.125
Moved 133.4825 1305.423 1080.922
Moved 133.4992 1266.543 1087.01
Moved 133.5151 1163.216 1085.978
Moved 133.532 1063.117 1083.968
Moved 133.5486 944.46 1081.875
Moved 133.568 814.2812 1089.098
Moved 133.5821 697.6254 1103.109
Moved 133.6019 583.2105 1120.569
Moved 133.6159 474.4769 1133.443
Moved 133.632 372.6297 1142.677
Moved 133.6484 281.9879 1151.516
Moved 133.6667 208.1723 1160.476
Moved 133.6822 148.4498 1167.08
Moved 133.6988 111.6744 1169.261
Moved 133.7139 93.04923 1169.375
Moved 133.732 87.51189 1168.24
Moved 133.7505 85.55347 1168.125
Stationary 133.7654 85.95703 1168.125
Stationary 133.7821 85.95703 1168.125
Moved 133.7995 88.24219 1168.75
Moved 133.816 89.34664 1168.75
Moved 133.8333 90.41413 1169.62
Ended 133.8505 90 1171.155
Began 135.2182 671.8359 2524.375
Stationary 135.2368 671.3086 2524.375
Moved 135.2546 671.4844 2525.99
Stationary 135.269 671.4844 2526.563
Finish
Start
Began 137.2579 1318.359 881.875
Moved 137.2755 1317.088 881.1218
Moved 137.2924 1313.886 878.2637
Moved 137.3123 1300.281 876.4144
Moved 137.3294 1247.878 883.2317
Moved 137.3433 1183.178 914.406
Moved 137.3601 1152.504 925.426
Moved 137.3779 1121.735 937.0768
Moved 137.394 1087.502 946.3497
Moved 137.4106 1055.847 952.2709
Moved 137.4275 1025.764 961.9153
Moved 137.4454 990.6291 968.6801
Moved 137.4626 961.5959 971.564
Moved 137.4787 932.5015 971.25
Moved 137.4969 892.7003 972.6102
Moved 137.512 838.3451 973.8701
Moved 137.5289 775.7086 975.2571
Moved 137.5465 696.2794 979.2837
Moved 137.5636 563.5738 986.0182
Moved 137.5796 431.011 990.2816
Moved 137.5959 318.1575 995.187
Moved 137.6137 231.508 996.4436
Moved 137.6295 178.0908 992.582
Moved 137.6502 132.5589 986.7097
Moved 137.6642 92.72108 981.6049
Moved 137.6804 72.83031 976.2389
Moved 137.6976 59.30447 975
Moved 137.7132 54.72966 974.1681
Moved 137.7302 53.03257 973.75
Stationary 137.7476 53.03257 973.75
Moved 137.7641 54.64466 972.052
Moved 137.7801 57.34796 968.9071
Moved 137.7984 58.00781 965.7107
Moved 137.8124 58.00781 959.0308
Moved 137.829 57.89618 948.4775
Moved 137.8484 58.82841 921.4451
Moved 137.8627 59.83198 835.4236
Moved 137.8802 52.69204 689.3717
Moved 137.8979 55.7219 548.5924
Moved 137.9131 54.9852 430.1736
Moved 137.93 59.1252 312.4165
Moved 137.9562 62.42434 231.6401
Moved 137.9633 76.83952 170.6353
Moved 137.9806 89.67126 122.8115
Moved 137.9978 98.83253 77.24976
Moved 138.0142 110.6912 53.66211
Moved 138.0311 116.9669 52.16187
Moved 138.0479 123.5295 55.49438
Moved 138.0647 132.535 63.12134
Moved 138.0816 137.8653 69.021
Moved 138.1001 140.9784 71.56421
Moved 138.1136 145.3636 73.27905
Moved 138.1305 150.2309 73.75
Moved 138.1485 159.9996 72.95898
Moved 138.1636 181.353 70.88794
Moved 138.1803 222.1327 68.54468
Moved 138.1989 302.9777 62.44629
Moved 138.2152 374.9859 61.50195
Moved 138.2317 438.0915 64.00928
Moved 138.2514 512.7331 69.552
Moved 138.2668 587.2952 76.86206
Moved 138.2823 670.1157 86.60156
Moved 138.2989 743.5896 93.49707
Moved 138.3156 824.4549 95.72095
Moved 138.3314 900.8531 97.5
Moved 138.3491 973.7025 101.0916
Moved 138.3657 1034.186 105.6636
Moved 138.3812 1082.538 110.2698
Moved 138.4003 1137.81 114.8965
Moved 138.4152 1171.154 117.8135
Moved 138.4328 1204.777 118.75
Moved 138.4488 1230.283 119.375
Moved 138.4669 1246.374 121.4805
Moved 138.4831 1253.204 123.9585
Moved 138.4998 1258.043 126.5483
Moved 138.5165 1259.534 129.7959
Moved 138.5336 1260.406 133.415
Moved 138.5513 1262.261 137.1453
Moved 138.5671 1264.827 142.3315
Moved 138.5833 1268.849 153.0935
Moved 138.6007 1267.984 172.0681
Moved 138.6166 1261.28 204.3782
Moved 138.633 1257.361 306.6409
Moved 138.6513 1260.601 454.5833
Moved 138.6683 1262.353 562.8918
Moved 138.6845 1279.321 724.1355
Moved 138.7029 1298.606 876.8999
Moved 138.7173 1303.128 935.7727
Moved 138.7338 1305.214 961.9575
Moved 138.7514 1312.271 994.0861
Moved 138.7687 1318.87 1048.292
Moved 138.785 1317.801 1114.144
Moved 138.8026 1307.184 1170.045
Moved 138.8183 1289.686 1202.706
Moved 138.8355 1266.416 1220.99
Moved 138.8546 1249.136 1227.073
Moved 138.8693 1235.584 1229.536
Moved 138.8853 1220.979 1233.967
Moved 138.903 1193.823 1240.8
Moved 138.9173 1116.718 1251.993
Moved 138.9337 990.282 1263.358
Moved 138.9514 875.0087 1271.207
Moved 138.9683 769.785 1271.932
Moved 138.9841 678.642 1263.685
Moved 139.004 589.3445 1247.876
Moved 139.018 482.7575 1222.479
Moved 139.0339 348.2513 1182.802
Moved 139.0523 205.5091 1155.066
Moved 139.0678 90.36921 1149.159
Moved 139.0846 51.45071 1151.944
Moved 139.1034 42.9481 1155.849
Moved 139.1189 47.83971 1157.596
Moved 139.1358 54.05395 1157.5
Moved 139.1554 60.45658 1158.2
Moved 139.1689 64.16012 1159.453
Ended 139.1859 66.21655 1162.718
Began 139.806 1424.18 2378.75
Moved 139.8219 1380.125 2374.358
Moved 139.8381 1388.799 2376.325
Moved 139.8555 1392.147 2377.611
Moved 139.8717 1393.418 2378.438
Moved 139.888 1394.004 2380.833
Moved 139.9078 1395.108 2383.317
Moved 139.9224 1396.055 2385
Moved 139.9395 1397.927 2387.704
Moved 139.9555 1399.283 2388.807
Ended 139.9746 1399.922 2389.375
Began 140.423 733.7109 2502.5
Moved 140.4423 732.8478 2502.045
Moved 140.4609 731.6074 2500.943
Finish
Start
Began 142.3076 1410.469 958.125
Stationary 142.3222 1410.469 958.125
Moved 142.3392 1381.374 969.375
Moved 142.3557 1377.89 969.653
Moved 142.3736 1358.653 973.8839
Moved 142.3907 1334.145 981.21
Moved 142.4074 1297.868 991.933
Moved 142.4258 1236.996 1005.737
Moved 142.4397 1154.711 1014.136
Moved 142.4568 1085.034 1015.373
Moved 142.4727 1015.905 1013.75
Moved 142.4909 940.5471 1004.327
Moved 142.5082 892.9575 1002.662
Moved 142.5251 850.9068 999.5776
Moved 142.5419 796.6171 995.006
Moved 142.5582 736.7258 988.5046
Moved 142.5743 667.4608 978.8889
Moved 142.5936 578.2777 969.2399
Moved 142.6082 377.3075 935.8953
Moved 142.6244 161.5133 893.0969
Moved 142.6416 45.8913 882.1031
Moved 142.6579 10.76083 878.0381
Moved 142.6745 14.76563 877.2792
Moved 142.6909 14.76563 874.4437
Moved 142.7074 22.08374 868.3582
Moved 142.7234 28.51517 862.0452
Moved 142.7438 31.9344 856.7166
Moved 142.7584 33.10378 853.8909
Moved 142.7747 35.33242 851.4059
Moved 142.7914 38.64892 848.8914
Moved 142.809 42.56539 845.6016
Moved 142.825 47.41792 838.2014
Moved 142.8418 55.03123 818.0105
Moved 142.859 64.71781 785.7443
Moved 142.8751 81.09877 722.3083
Moved 142.8947 96.94839 619.271
Moved 142.909 106.128 555.3434
Moved 142.9254 108.2902 487.8171
Moved 142.942 110.9428 427.6472
Moved 142.9594 116.6067 372.1799
Moved 142.9771 116.1284 329.0095
Moved 142.9943 121.1282 284.2629
Moved 143.0092 124.6684 253.1333
Moved 143.0251 129.1804 223.1011
Moved 143.0439 133.2068 193.5742
Moved 143.0585 144.9475 170.0435
Moved 143.0748 153.0863 158.4927
Moved 143.0915 159.8659 152.272
Moved 143.1086 167.2898 146.4072
Moved 143.1252 177.1045 140.4658
Moved 143.1419 191.7355 133.0569
Moved 143.1588 218.6133 123.74
Moved 143.1743 282.9804 109.2441
Moved 143.1945 390.3166 97.58643
Moved 143.2093 477.0033 98.125
Moved 143.2263 573.7005 104.0371
Moved 143.2419 661.7993 112.0425
Moved 143.2588 766.9076 118.6321
Moved 143.2758 870.7476 123.6558
Moved 143.2923 974.8946 132.8281
Moved 143.3092 1050.968 145.9495
Moved 143.3256 1114.817 161.7788
Moved 143.3447 1169.548 178.0745
Moved 143.3591 1207.25 190.2075
Moved 143.3757 1223.924 192.0071
Moved 143.3918 1233 191.7212
Moved 143.41 1235.716 190.625
Moved 143.4268 1236.445 191.5625
Moved 143.4428 1238.074 194.0137
Moved 143.4616 1238.906 197.6226
Moved 143.4747 1238.906 204.647
Moved 143.4931 1238.117 220.2776
Moved 143.509 1245.806 272.9875
Moved 143.5265 1275.924 437.6301
Moved 143.5439 1296.094 550.5226
Moved 143.56 1315.021 641.4121
Moved 143.5768 1323.882 707.3989
Moved 143.592 1322.074 763.9622
Moved 143.6097 1309.75 815.2965
Moved 143.6278 1294.191 888.005
Moved 143.6439 1263.314 980.2
Moved 143.66 1226.557 1045.793
Moved 143.6769 1200.476 1070.226
Moved 143.6931 1175.999 1072.5
Moved 143.7101 1149.448 1063.542
Moved 143.7274 1096.681 1052.001
Moved 143.7431 992.0984 1034.408
Moved 143.7605 876.1885 1033.2
Moved 143.7784 770.3899 1035
Moved 143.7948 684.1962 1025.223
Moved 143.8107 614.8521 1004.658
Moved 143.8279 558.0253 984.7841
Moved 143.8439 507.3753 974.5034
Moved 143.8606 449.3863 966.4004
Moved 143.8779 385.5306 954.2512
Moved 143.8936 329.7539 951.2017
Moved 143.9105 292.3194 960.2289
Moved 143.9278 275.8876 967.7491
Moved 143.9456 270.4594 972.7888
Moved 143.9609 267.3268 977.2523
Ended 143.9782 261.1047 978.051
Began 145.3855 693.9844 2494.375
Stationary 145.3977 693.9844 2494.375
Finish
Start
Began 147.6117 1316.602 955
Moved 147.6272 1314.594 958.7032
Moved 147.6418 1307.898 968.9353
Moved 147.6583 1296.897 984.3618
Moved 147.6737 1220.022 1070.7
Moved 147.6917 1128.734 1127.83
Moved 147.7082 1057.06 1138.637
Moved 147.7252 985.2159 1145.845
Moved 147.7422 914.3644 1152.575
Moved 147.7586 839.945 1159.737
Moved 147.7771 757.1779 1162.5
Moved 147.7929 668.4675 1159.477
Moved 147.8089 574.291 1153.069
Moved 147.8259 486.2325 1146.661
Moved 147.8426 407.919 1145
Moved 147.8601 352.1161 1144.286
Moved 147.8757 303.3352 1140.696
Moved 147.8942 261.743 1135.592
Moved 147.9088 220.2592 1131.234
Moved 147.9264 178.6015 1126.753
Moved 147.9456 137.2011 1124.145
Moved 147.9592 100.5348 1121.584
Moved 147.9768 86.8983 1120.767
Moved 147.9941 80.38754 1119.046
Moved 148.0096 78.75 1117.034
Moved 148.0265 78.99026 1114.771
Moved 148.0434 80.06836 1110.625
Moved 148.0596 81.01897 1103.069
Moved 148.0767 83.14008 1092.067
Moved 148.0965 84.89462 1078.832
Moved 148.1105 84.46799 1057.093
Moved 148.1273 84.63568 991.7943
Moved 148.1441 88.16689 868.001
Moved 148.1603 90.92616 755.2555
Moved 148.177 98.41042 632.5605
Moved 148.194 108.7612 528.8857
Moved 148.2114 122.9581 445.9509
Moved 148.2294 136.6356 375.5796
Moved 148.2475 145.5282 328.7837
Moved 148.2603 151.5098 296.5593
Moved 148.2782 168.2259 274.6414
Moved 148.2946 182.1866 261.6914
Moved 148.3111 195.1121 256.1057
Moved 148.3298 205.6767 250.1982
Moved 148.3479 211.754 244.2742
Moved 148.3629 220.5436 236.5071
Moved 148.3788 237.2924 225.0544
Moved 148.3988 261.4264 211.5493
Moved 148.4121 311.4567 194.8596
Moved 148.4286 405.9992 180.7566
Moved 148.448 500.6066 175.4565
Moved 148.4627 612.4886 172.5
Moved 148.4797 725.593 173.7529
Moved 148.4968 851.3573 178.1418
Moved 148.5128 978.4841 183.363
Moved 148.5298 1094.417 189.8337
Moved 148.5497 1188.61 196.2629
Moved 148.5626 1267.601 206.9976
Moved 148.5793 1320.559 219.3755
Moved 148.5954 1345.897 227.1125
Moved 148.6124 1351.844 231.217
Moved 148.6291 1351.094 234.4717
Moved 148.647 1346.67 236.9736
Moved 148.6626 1341.835 240.6953
Moved 148.6803 1334.765 250.5696
Moved 148.6996 1328.313 274.4133
Moved 148.7129 1323.143 354.3193
Moved 148.7304 1317.634 504.1313
Moved 148.7492 1314.633 620.4631
Moved 148.7649 1313.823 699.5035
Moved 148.7801 1318.954 749.8013
Moved 148.7967 1328.803 790.7861
Moved 148.8131 1339.752 849.5338
Moved 148.8301 1345.979 942.3315
Moved 148.8482 1341.826 1046.073
Moved 148.8632 1326.237 1113.003
Moved 148.8811 1303.788 1144.837
Moved 148.8973 1272.979 1156.621
Moved 148.9138 1234.039 1156.709
Moved 148.932 1176.933 1152.425
Moved 148.9482 1094.591 1147.883
Moved 148.9647 992.9889 1140.58
Moved 148.9811 872.712 1126.345
Moved 149.001 750.6512 1108.663
Moved 149.015 661.6486 1093.22
Moved 149.0315 578.1357 1082.574
Moved 149.0481 510.5471 1070.253
Moved 149.0652 436.1645 1049.898
Moved 149.0814 330.1771 1010.665
Moved 149.0985 237.9364 982.3749
Moved 149.1163 186.0877 980.8788
Moved 149.1318 165.7807 986.8628
Moved 149.1515 156.7969 998.75
Ended 149.1648 156.7969 998.75
Began 150.5078 688.0078 2480
Moved 150.5212 687.5217 2480.864
Moved 150.5389 688.1428 2484.47
Finish
