longer than a football field
longer than a football field
Basic
0.6 0.6
432 388.8
Began 489.0179 590 409 0.5324074 0.05401234
Stationary 489.036 590 409 0.5324074 0.05401234
Stationary 489.051 590 409 0.5324074 0.05401234
Stationary 489.0659 590 409 0.5324074 0.05401234
Stationary 489.0818 590 409 0.5324074 0.05401234
Stationary 489.0967 590 409 0.5324074 0.05401234
Stationary 489.1122 590 409 0.5324074 0.05401234
Moved 489.1279 573.0709 424.9291 0.4932196 0.09498223
Moved 489.1432 564.3365 436.2336 0.4730011 0.1240576
Moved 489.1578 555.1359 447.8415 0.4517034 0.1539132
Moved 489.1744 543.6678 464.9982 0.425157 0.1980405
Moved 489.1905 537.6133 474.9267 0.411142 0.2235768
Moved 489.2062 529.2877 488.8539 0.3918696 0.2593978
Moved 489.2211 525.0745 495.3883 0.3821168 0.2762044
Moved 489.2361 521.6561 500.5159 0.3742038 0.2893927
Moved 489.2516 519.5848 504.8304 0.3694092 0.3004896
Moved 489.2679 517.2816 509.1554 0.3640777 0.3116136
Moved 489.2823 514.6791 512.3209 0.3580534 0.3197554
Moved 489.2975 513.4206 513.5794 0.3551402 0.3229922
Moved 489.313 512.0657 514.9343 0.3520039 0.3264771
Moved 489.3287 509.2403 516.3799 0.3454637 0.3301951
Moved 489.3467 506.5641 516 0.3392688 0.329218
Moved 489.3588 498.6191 505.8513 0.3208775 0.3031153
Moved 489.3745 471.2475 462.196 0.2575173 0.1908332
Moved 489.3908 459.3159 432.0214 0.229898 0.1132236
Moved 489.4061 450.9577 401.8309 0.2105503 0.03557339
Moved 489.4205 444.4044 375.6174 0.1953804 -0.03184817
Moved 489.4368 440.8228 352.5825 0.1870898 -0.09109449
Moved 489.4524 435.9894 323.4204 0.1759014 -0.1660998
Moved 489.4685 433.5728 306.7228 0.1703072 -0.2090464
Moved 489.4852 430.902 287.2651 0.1641251 -0.2590918
Moved 489.4991 428.0266 270.1598 0.1574691 -0.3030869
Moved 489.5133 426.1397 257.6287 0.1531012 -0.3353173
Moved 489.5282 424.6252 251.5006 0.1495952 -0.3510787
Moved 489.5438 424.1916 247.3833 0.1485917 -0.3616684
Moved 489.5685 423 242.5 0.1458333 -0.3742284
Stationary 489.5789 423 242.5 0.1458333 -0.3742284
Moved 489.5902 422 240.2312 0.1435185 -0.3800638
Moved 489.6054 420.7939 238.7938 0.1407265 -0.3837607
Moved 489.6219 417.7267 238.3633 0.1336266 -0.3848682
Moved 489.6366 413.775 238 0.1244791 -0.3858025
Moved 489.652 404.8916 244.2168 0.1039157 -0.3698128
Moved 489.6676 392.5006 260.4493 0.07523299 -0.3280625
Moved 489.6839 378.0106 283.3831 0.04169116 -0.2690765
Moved 489.6987 366.0784 310.3756 0.01407047 -0.1996513
Moved 489.716 351.2351 343.4515 -0.02028912 -0.1145797
Moved 489.7314 346.8024 355.1937 -0.03055006 -0.08437835
Moved 489.743 337.6418 371.8768 -0.05175506 -0.04146913
Moved 489.7594 333.157 380.686 -0.06213655 -0.01881195
Moved 489.7744 329.8389 387.8814 -0.0698173 -0.0003050973
Moved 489.7906 326.6512 393.6976 -0.07719631 0.01465436
Moved 489.8057 323.3792 399.0348 -0.08477047 0.02838166
Moved 489.8198 316.446 407.2648 -0.1008195 0.04954938
Moved 489.8361 309.2755 415.8693 -0.1174177 0.07168028
Moved 489.8512 296.7306 427.2694 -0.146457 0.1010015
Moved 489.8665 281.658 441.311 -0.1813473 0.1371166
Moved 489.882 265.7574 455.766 -0.2181542 0.1742952
Moved 489.8991 251.065 465.29 -0.2521644 0.198791
Moved 489.912 239.2198 472.8602 -0.2795839 0.2182617
Moved 489.9277 224.78 480.11 -0.3130093 0.2369083
Moved 489.9456 214.9903 486.4341 -0.3356707 0.2531742
Moved 489.959 208.8167 490.8875 -0.3499614 0.2646281
Moved 489.9765 204.8005 496.1995 -0.3592581 0.2782909
Moved 489.9908 202.8328 499.3344 -0.363813 0.2863539
Moved 490.0061 201.3951 503.2099 -0.3671411 0.2963217
Moved 490.0216 201 506.3654 -0.3680556 0.3044376
Moved 490.0379 216.1353 520.971 -0.3330202 0.3420035
Moved 490.0524 259.5019 540.2902 -0.2326345 0.3916927
Moved 490.0685 306.061 555.3183 -0.1248588 0.4303453
Moved 490.084 334.3666 559.405 -0.05933657 0.4408563
Moved 490.1001 343.3503 559 -0.03854096 0.4398148
Moved 490.1142 353.4642 559 -0.01512925 0.4398148
Moved 490.1294 360 559 0 0.4398148
Ended 490.1444 360 559 0 0.4398148
Candidates 490.2968 12 lindsey liberty inner longer linear over onset poverty longest insert honey library
Began 490.5885 404 320 0.1018518 -0.1748972
Stationary 490.6076 404 320 0.1018518 -0.1748972
Stationary 490.6219 404 320 0.1018518 -0.1748972
Stationary 490.6373 404 320 0.1018518 -0.1748972
Stationary 490.6529 404 320 0.1018518 -0.1748972
Stationary 490.6681 404 320 0.1018518 -0.1748972
Stationary 490.6838 404 320 0.1018518 -0.1748972
Stationary 490.6985 404 320 0.1018518 -0.1748972
Stationary 490.7142 404 320 0.1018518 -0.1748972
Stationary 490.7289 404 320 0.1018518 -0.1748972
Stationary 490.7483 404 320 0.1018518 -0.1748972
Stationary 490.7638 404 320 0.1018518 -0.1748972
Stationary 490.7832 404 320 0.1018518 -0.1748972
Stationary 490.7933 404 320 0.1018518 -0.1748972
Stationary 490.8148 404 320 0.1018518 -0.1748972
Stationary 490.8242 404 320 0.1018518 -0.1748972
Stationary 490.8375 404 320 0.1018518 -0.1748972
Stationary 490.8533 404 320 0.1018518 -0.1748972
Stationary 490.8676 404 320 0.1018518 -0.1748972
Stationary 490.8831 404 320 0.1018518 -0.1748972
Stationary 490.8987 404 320 0.1018518 -0.1748972
Stationary 490.9143 404 320 0.1018518 -0.1748972
Stationary 490.9291 404 320 0.1018518 -0.1748972
Stationary 490.9449 404 320 0.1018518 -0.1748972
Stationary 490.9608 404 320 0.1018518 -0.1748972
Stationary 490.9767 404 320 0.1018518 -0.1748972
Stationary 490.9918 404 320 0.1018518 -0.1748972
Moved 491.0071 417.5 306.5 0.1331019 -0.2096194
Moved 491.0234 421.8361 270.7866 0.1431392 -0.301475
Moved 491.0392 425.1704 249.921 0.1508574 -0.3551414
Moved 491.0549 429.5561 224.2194 0.1610095 -0.4212466
Moved 491.0692 431.9561 207.439 0.166565 -0.464406
Moved 491.0853 433.3907 194.4841 0.1698858 -0.497726
Moved 491.1 436.4882 183.7914 0.177056 -0.525228
Moved 491.1163 438.1738 176.1309 0.1809579 -0.5449309
Moved 491.1302 438 172.7775 0.1805556 -0.5535558
Ended 491.1457 438 172 0.1805556 -0.5555555
Accept 491.2061 3 longer
Began 491.6363 327 546 -0.07638887 0.4063785
Stationary 491.654 327 546 -0.07638887 0.4063785
Stationary 491.6702 327 546 -0.07638887 0.4063785
Stationary 491.6862 327 546 -0.07638887 0.4063785
Stationary 491.701 327 546 -0.07638887 0.4063785
Stationary 491.7159 327 546 -0.07638887 0.4063785
Stationary 491.7314 327 546 -0.07638887 0.4063785
Moved 491.7484 354.0352 511.8195 -0.01380752 0.3184656
Moved 491.7635 386.3576 478.2734 0.06101301 0.2321846
Moved 491.7795 405.8831 458.0432 0.106211 0.1801522
Moved 491.7945 420.9529 439.5648 0.1410947 0.1326253
Moved 491.8097 426.4827 431.9613 0.1538951 0.1130691
Moved 491.8257 437.4877 419.2148 0.1793697 0.08028489
Moved 491.8406 440.0783 415.9022 0.1853664 0.07176477
Moved 491.8554 442.9221 411.6168 0.1919493 0.06074277
Moved 491.8709 444.2939 408.4123 0.1951246 0.05250067
Moved 491.8861 444 405.9586 0.1944444 0.04618986
Moved 491.9074 444 401.6544 0.1944444 0.03511919
Moved 491.9186 444 398.7631 0.1944444 0.02768265
Moved 491.9324 436.5646 393.7512 0.1772328 0.01479219
Moved 491.9483 413.4691 384.4881 0.1237709 -0.009032709
Stationary 491.9631 413.4691 384.4881 0.1237709 -0.009032709
Moved 491.9779 383.4518 374.9355 0.05428642 -0.03360207
Moved 491.9933 345.4726 369.9414 -0.0336282 -0.046447
Moved 492.0099 311.1064 366.7484 -0.1131797 -0.05465966
Moved 492.0253 274.7228 364.8683 -0.1974008 -0.05949499
Moved 492.0413 239.6559 362.985 -0.2785743 -0.06433895
Moved 492.0556 218.1976 363 -0.3282462 -0.06430049
Moved 492.0698 203.2202 363 -0.3629162 -0.06430049
Moved 492.0892 194.9522 363 -0.3820552 -0.06430049
Moved 492.1164 184.2333 363 -0.4068675 -0.06430049
Moved 492.1328 182.6776 363 -0.4104686 -0.06430049
Moved 492.1478 182 363 -0.412037 -0.06430049
Stationary 492.1627 182 363 -0.412037 -0.06430049
Moved 492.1768 210.9942 363 -0.3449209 -0.06430049
Moved 492.1945 241.5877 363 -0.2741024 -0.06430049
Moved 492.2095 290.6766 354.7369 -0.1604708 -0.08555345
Moved 492.2252 329.5186 346.525 -0.07055884 -0.1066743
Moved 492.2401 349.7867 339.6974 -0.02364203 -0.124235
Moved 492.2548 367.0039 331.4976 0.01621276 -0.1453252
Moved 492.2719 381.347 322.4156 0.04941434 -0.1686843
Moved 492.2874 392.9732 315.1417 0.07632693 -0.1873928
Moved 492.3033 401.8049 304.561 0.09677061 -0.2146066
Moved 492.3167 413.5531 289.581 0.1239655 -0.2531353
Moved 492.3333 422.3618 276.4573 0.144356 -0.2868896
Moved 492.3485 432.9887 255.854 0.1689553 -0.3398817
Moved 492.364 443.0328 242.3864 0.1922056 -0.3745207
Moved 492.3791 453.4621 225.9478 0.2163475 -0.416801
Ended 492.3951 465.2614 210.4233 0.2436606 -0.4567301
Candidates 492.482 12 than ksm pfam lamb khan jan isn jam plan ryan ian afghan
Began 492.9325 420 273 0.1388889 -0.295782
Stationary 492.955 420 273 0.1388889 -0.295782
Stationary 492.9651 420 273 0.1388889 -0.295782
Stationary 492.9788 420 273 0.1388889 -0.295782
Stationary 492.9956 420 273 0.1388889 -0.295782
Stationary 493.01 420 273 0.1388889 -0.295782
Moved 493.0254 420 294.1302 0.1388889 -0.2414348
Moved 493.0414 420 307.3179 0.1388889 -0.2075158
Moved 493.0573 420 320.0298 0.1388889 -0.1748204
Moved 493.0722 420 334.4879 0.1388889 -0.1376342
Moved 493.0883 420 342.1312 0.1388889 -0.1179755
Moved 493.1031 420 351.3311 0.1388889 -0.09431312
Moved 493.1188 420 357.4235 0.1388889 -0.07864328
Moved 493.1356 420 361.5 0.1388889 -0.06815843
Moved 493.1505 420 368.9337 0.1388889 -0.04903911
Moved 493.1648 420 371.1563 0.1388889 -0.04332232
Moved 493.1802 420 374.5433 0.1388889 -0.03461084
Moved 493.1973 420 375.9863 0.1388889 -0.03089968
Ended 493.2112 420 377.4169 0.1388889 -0.0272199
Accept 493.2375 0 than
Began 493.5771 169 361 -0.4421296 -0.06944452
Stationary 493.5992 169 361 -0.4421296 -0.06944452
Stationary 493.613 169 361 -0.4421296 -0.06944452
Stationary 493.6264 169 361 -0.4421296 -0.06944452
Moved 493.6414 159.4281 361 -0.4642869 -0.06944452
Moved 493.658 157.9852 361 -0.4676269 -0.06944452
Moved 493.6731 156.5465 361 -0.4709571 -0.06944452
Stationary 493.6884 156.5465 361 -0.4709571 -0.06944452
Moved 493.7029 155.6819 361 -0.4729587 -0.06944452
Stationary 493.7186 155.6819 361 -0.4729587 -0.06944452
Moved 493.7388 154.7506 361 -0.4751144 -0.06944452
Stationary 493.7511 155 361 -0.474537 -0.06944452
Ended 493.7642 155 361 -0.474537 -0.06944452
Candidates 493.9398 12 a as ass sa sad s ad add da dad ads adds
Began 494.2739 377 336 0.03935188 -0.1337449
Stationary 494.2911 377 336 0.03935188 -0.1337449
Stationary 494.3054 377 336 0.03935188 -0.1337449
Stationary 494.32 377 336 0.03935188 -0.1337449
Stationary 494.3364 377 336 0.03935188 -0.1337449
Stationary 494.3526 377 336 0.03935188 -0.1337449
Stationary 494.3648 377 336 0.03935188 -0.1337449
Moved 494.3811 377 350.0189 0.03935188 -0.09768803
Moved 494.3972 377 355.3528 0.03935188 -0.08396926
Moved 494.4125 377 362.6068 0.03935188 -0.06531177
Moved 494.4285 385.6987 369.2133 0.05948762 -0.04831965
Moved 494.447 386.67 373.3401 0.06173621 -0.03770561
Moved 494.4596 387 376.2238 0.06250004 -0.03028877
Moved 494.4761 390.1224 382.2448 0.0697277 -0.01480259
Moved 494.489 393.0182 388.0363 0.07643093 9.32874E-05
Moved 494.5054 395.1717 393.4293 0.08141607 0.01396426
Moved 494.5202 398.1096 399.6644 0.08821666 0.03000094
Moved 494.5357 401.9674 405.9457 0.09714683 0.04615666
Moved 494.5512 404.8722 410.3083 0.1038708 0.05737725
Moved 494.5668 407.7552 414.6329 0.1105446 0.06850011
Moved 494.5826 409.313 418.939 0.1141504 0.07957552
Moved 494.5971 411.5209 421.5209 0.1192614 0.08621628
Moved 494.619 412.8774 423.7549 0.1224015 0.09196206
Moved 494.6296 414.2784 425.2784 0.1256445 0.09588056
Ended 494.6434 415 427 0.1273148 0.1003086
Accept 494.6703 0 a
Began 495.06 333 365 -0.06249999 -0.05915646
Stationary 495.0752 333 365 -0.06249999 -0.05915646
Stationary 495.0897 333 365 -0.06249999 -0.05915646
Stationary 495.1052 333 365 -0.06249999 -0.05915646
Stationary 495.1202 333 365 -0.06249999 -0.05915646
Stationary 495.136 333 365 -0.06249999 -0.05915646
Stationary 495.1518 333 365 -0.06249999 -0.05915646
Moved 495.1681 355.6374 376.9144 -0.01009857 -0.02851227
Moved 495.185 366.6708 384.7805 0.01544168 -0.00828064
Moved 495.1983 402.1646 405.2006 0.0976031 0.04424012
Moved 495.2148 423.702 417.544 0.1474584 0.07598763
Moved 495.2294 445.6625 433.8063 0.1982928 0.1178144
Moved 495.2448 465.3945 448.2818 0.2439688 0.1550457
Moved 495.2608 482.908 460.3978 0.2845092 0.1862084
Moved 495.2746 497.1206 468.0603 0.3174089 0.2059163
Moved 495.2924 506.5502 473.7189 0.3392367 0.2204703
Moved 495.3062 516.4821 480.7729 0.3622271 0.2386135
Moved 495.322 522.3946 483.5964 0.3759134 0.2458754
Moved 495.3381 526.7111 486.4741 0.3859052 0.2532769
Moved 495.3525 528.361 488 0.3897245 0.2572016
Moved 495.3745 529 489.1202 0.3912036 0.2600827
Moved 495.3854 530.5618 489.5618 0.3948189 0.2612185
Moved 495.398 531 490.7718 0.3958333 0.2643306
Moved 495.4142 532.143 491 0.3984792 0.2649176
Moved 495.4293 532 492 0.3981481 0.2674896
Moved 495.4466 532 493.029 0.3981481 0.2701362
Moved 495.4597 532 494.4678 0.3981481 0.273837
Stationary 495.4755 532 494.4678 0.3981481 0.273837
Moved 495.4916 532 496.352 0.3981481 0.2786831
Stationary 495.5071 532 496.352 0.3981481 0.2786831
Moved 495.5223 520.3677 497.8948 0.3712216 0.2826511
Moved 495.5374 506.9958 499.3338 0.3402682 0.2863523
Moved 495.5529 490.6606 500.7783 0.302455 0.2900675
Moved 495.568 466.0942 501 0.2455885 0.2906378
Moved 495.5844 443.0764 501 0.1923065 0.2906378
Moved 495.6003 416.0966 501 0.1298533 0.2906378
Moved 495.6147 395.5 502.5 0.08217593 0.2944958
Moved 495.6301 383.5752 502 0.05457223 0.2932098
Moved 495.6472 368.4257 502 0.01950383 0.2932098
Moved 495.6606 357.5163 502 -0.005749315 0.2932098
Moved 495.6767 347.4352 502 -0.02908518 0.2932098
Moved 495.692 340.0779 502 -0.04611586 0.2932098
Moved 495.7114 333.6952 502 -0.06089081 0.2932098
Moved 495.7225 329.2038 502 -0.0712876 0.2932098
Moved 495.7395 324.8655 502 -0.0813299 0.2932098
Moved 495.7526 318.7159 502 -0.09556507 0.2932098
Moved 495.768 315.4732 502 -0.1030712 0.2932098
Moved 495.784 311.5893 502 -0.1120618 0.2932098
Moved 495.7983 309.8575 502 -0.1160707 0.2932098
Moved 495.8162 308.4167 502 -0.1194059 0.2932098
Moved 495.8308 306.9767 502 -0.1227392 0.2932098
Moved 495.8467 305.9174 502 -0.1251912 0.2932098
Moved 495.8613 305.4468 502 -0.1262806 0.2932098
Stationary 495.8765 305 502 -0.1273148 0.2932098
Moved 495.8945 303.5624 502 -0.1306427 0.2932098
Stationary 495.9057 303.5624 502 -0.1306427 0.2932098
Moved 495.922 302.6266 502 -0.1328089 0.2932098
Moved 495.9399 293.1533 468.6907 -0.1547377 0.2075376
Moved 495.9544 285.5301 437.272 -0.172384 0.1267282
Moved 495.9698 283.6881 396.9548 -0.1766479 0.02303174
Moved 495.9843 284 376.3507 -0.1759259 -0.02996225
Moved 495.9997 292.4195 357.3638 -0.1564364 -0.07879681
Moved 496.0151 298.1896 344.2588 -0.1430797 -0.1125031
Moved 496.0308 306.5218 330.1304 -0.1237921 -0.1488416
Moved 496.0499 319.2785 317.7679 -0.09426265 -0.1806383
Moved 496.0617 331.512 307.2115 -0.06594439 -0.2077893
Moved 496.0773 346.7521 297.5613 -0.03066634 -0.23261
Moved 496.0921 360.6331 288.3965 0.001465579 -0.256182
Moved 496.1086 370.7134 281.1911 0.02479951 -0.2747143
Moved 496.1228 376.5951 276.8037 0.0384145 -0.2859988
Moved 496.1395 378.6715 274.3285 0.04322111 -0.292365
Moved 496.1549 380.274 272.726 0.04693051 -0.2964866
Moved 496.1693 381.5 271.5 0.04976849 -0.2996399
Moved 496.1844 381.7896 271.2103 0.05043893 -0.300385
Moved 496.2006 382.5 270.5 0.05208333 -0.302212
Moved 496.216 382 270.3309 0.05092591 -0.3026468
Moved 496.2301 382 269.5 0.05092591 -0.304784
Moved 496.2458 382 270 0.05092591 -0.303498
Moved 496.2617 365.1478 276.8851 0.01191616 -0.2857895
Moved 496.2776 345.0322 291.2627 -0.03464768 -0.2488099
Moved 496.2932 317.9913 314.9172 -0.09724229 -0.1879701
Moved 496.308 278.2036 352.8046 -0.1893435 -0.09052331
Moved 496.3243 252.5383 374.2181 -0.248754 -0.03544741
Moved 496.3389 235.8671 387.533 -0.2873446 -0.001201316
Moved 496.3605 205.258 407.7455 -0.3581991 0.05078582
Stationary 496.3725 205.258 407.7455 -0.3581991 0.05078582
Moved 496.3839 192.2731 414.9594 -0.3882567 0.06933997
Moved 496.4003 186.7877 417.6061 -0.4009544 0.07614739
Moved 496.4159 179.8728 420.709 -0.416961 0.08412808
Moved 496.4309 176.7158 423.2842 -0.4242689 0.09075145
Moved 496.4464 176 424.5903 -0.4259259 0.0941107
Moved 496.4622 176 426.032 -0.4259259 0.09781884
Stationary 496.4788 176 426 -0.4259259 0.09773654
Moved 496.495 205.2666 433.5729 -0.3581792 0.1172141
Moved 496.5084 243.3521 437.1193 -0.2700182 0.1263357
Moved 496.525 304.8413 438 -0.1276821 0.1286007
Moved 496.5394 364.3338 438 0.01003196 0.1286007
Moved 496.5547 419.0538 425.6714 0.1366986 0.09689154
Moved 496.5694 458.6096 425.3818 0.228263 0.09614646
Moved 496.5863 487.9674 423.7516 0.2962209 0.0919537
Moved 496.6007 519.8784 419.3061 0.3700888 0.08051974
Moved 496.6159 542.1654 416.4476 0.4216792 0.07316754
Moved 496.6314 564.7244 413.5344 0.4738989 0.06567492
Moved 496.6511 576.1161 412.3204 0.5002688 0.06255252
Moved 496.6626 585.7401 412 0.5225464 0.06172835
Moved 496.678 592.2203 412 0.5375469 0.06172835
Ended 496.6948 594 412 0.5416667 0.06172835
Candidates 496.7671 12 football journal formal fiscal normal level counsel focal goal signal glycerol michael
Began 497.1061 437 322 0.1782407 -0.1697531
Stationary 497.1246 437 322 0.1782407 -0.1697531
Stationary 497.1419 437 322 0.1782407 -0.1697531
Stationary 497.1602 437 322 0.1782407 -0.1697531
Stationary 497.1719 437 322 0.1782407 -0.1697531
Moved 497.1854 437 339.3769 0.1782407 -0.1250594
Moved 497.2018 448.9071 356.2885 0.2058035 -0.08156247
Moved 497.2171 459 379.5 0.2291666 -0.02186214
Moved 497.2323 465.4967 395.6928 0.2442054 0.01978603
Moved 497.2493 471.5882 407.0294 0.2583061 0.04894394
Moved 497.2639 476.1439 418.2878 0.2688517 0.07790074
Moved 497.2794 479.0295 426.0884 0.2755312 0.09796405
Moved 497.294 481.9071 430.3606 0.2821923 0.1089521
Moved 497.3138 482.8948 433.7896 0.2844787 0.1177716
Moved 497.3256 483 436.6754 0.2847222 0.1251937
Moved 497.3398 484.2463 436 0.2876073 0.1234567
Ended 497.3559 484 438 0.287037 0.1286007
Accept 497.3818 0 football
Began 497.9696 340 389 -0.04629632 0.002572016
Stationary 497.9899 340 389 -0.04629632 0.002572016
Stationary 498.0036 340 389 -0.04629632 0.002572016
Stationary 498.0186 340 389 -0.04629632 0.002572016
Stationary 498.0341 340 389 -0.04629632 0.002572016
Stationary 498.0505 340 389 -0.04629632 0.002572016
Stationary 498.0657 340 389 -0.04629632 0.002572016
Stationary 498.0794 340 389 -0.04629632 0.002572016
Stationary 498.0936 340 389 -0.04629632 0.002572016
Stationary 498.1096 340 389 -0.04629632 0.002572016
Stationary 498.1247 340 389 -0.04629632 0.002572016
Stationary 498.1412 340 389 -0.04629632 0.002572016
Stationary 498.1633 340 389 -0.04629632 0.002572016
Stationary 498.1737 340 389 -0.04629632 0.002572016
Moved 498.1873 354.5062 389 -0.0127172 0.002572016
Moved 498.2031 359.7534 398.9709 -0.0005707145 0.02821722
Moved 498.2187 372.3647 406.2026 0.02862185 0.04681732
Moved 498.2338 389.7492 414.8746 0.06886393 0.06912196
Moved 498.2491 409.7948 423.4438 0.1152659 0.09116192
Moved 498.266 427.235 432.1175 0.1556365 0.1134709
Moved 498.2803 446.0322 443.3041 0.1991486 0.1422429
Moved 498.2966 460.1251 452.4167 0.2317711 0.1656809
Moved 498.3108 473.1156 460.3019 0.2618417 0.1859617
Moved 498.3263 487.0981 470.0654 0.2942084 0.2110734
Moved 498.3414 498.8905 478.6679 0.3215058 0.2331993
Moved 498.3572 508.3458 487.9034 0.3433931 0.2569532
Moved 498.3736 513.9929 495.9881 0.356465 0.277747
Moved 498.3898 518.285 501.7133 0.3664004 0.2924725
Moved 498.4099 520 504.9709 0.3703704 0.3008511
Stationary 498.42 520 504.9709 0.3703704 0.3008511
Moved 498.4337 521.3994 506.3994 0.3736098 0.3045252
Moved 498.4499 521 507.8409 0.3726852 0.3082328
Moved 498.4661 521 509.2761 0.3726852 0.3119239
Moved 498.4819 521 510.7148 0.3726852 0.3156244
Moved 498.4962 521 513.2891 0.3726852 0.3222454
Moved 498.5114 515.6876 515.1805 0.3603881 0.3271104
Moved 498.5266 508.0997 518.3402 0.3428234 0.3352371
Moved 498.5428 500.0885 521.3038 0.324279 0.3428596
Moved 498.5568 492.0405 524.7757 0.3056493 0.3517893
Moved 498.5729 484.8406 527.0319 0.288983 0.3575921
Moved 498.5904 478.6537 529.4692 0.2746614 0.3638611
Moved 498.6031 473.2806 530.9065 0.2622236 0.3675578
Moved 498.6189 467.6193 532.3452 0.2491187 0.371258
Moved 498.6343 466 533.5 0.2453704 0.3742283
Moved 498.6544 459.4981 534.8755 0.2303198 0.3777661
Moved 498.666 452.4675 536.3065 0.2140451 0.3814467
Moved 498.6808 446.2405 537.7519 0.1996308 0.3851642
Moved 498.6974 436.6366 539.1948 0.1773994 0.3888753
Moved 498.7111 428.5601 539.6343 0.1587038 0.3900058
Moved 498.7264 418.4966 540 0.1354087 0.3909464
Moved 498.7428 405.5 540 0.1053241 0.3909464
Moved 498.7581 388.8328 540 0.0667427 0.3909464
Moved 498.7736 374.177 540 0.03281713 0.3909464
Moved 498.7884 357.5844 540 -0.005591661 0.3909464
Moved 498.8036 339.1546 540 -0.04825319 0.3909464
Moved 498.819 326.1487 540 -0.07835939 0.3909464
Moved 498.8344 308.5347 540 -0.1191325 0.3909464
Moved 498.85 295.2356 530.8499 -0.1499175 0.3674122
Moved 498.8656 286.3023 531.7003 -0.1705966 0.3695993
Moved 498.8807 277.7626 530.1525 -0.1903643 0.3656185
Moved 498.9019 270.7262 528.7452 -0.2066524 0.361999
Moved 498.9133 265.9131 526.3044 -0.2177937 0.3557211
Moved 498.9268 263.8591 526 -0.2225484 0.3549381
Moved 498.9426 262.5 526 -0.2256944 0.3549381
Moved 498.9579 263 524.9955 -0.2245371 0.3523546
Moved 498.9738 263 521.8105 -0.2245371 0.3441628
Moved 498.9891 296.1616 501.5822 -0.147774 0.2921351
Moved 499.0046 334.2461 480.4021 -0.05961552 0.2376597
Moved 499.0194 376.1126 460.1525 0.03729761 0.1855774
Moved 499.0361 427.5492 442.5793 0.1563639 0.1403787
Moved 499.0516 455.2766 430.6548 0.2205476 0.1097088
Moved 499.0653 477.9593 419.155 0.2730539 0.0801312
Moved 499.0811 493.5166 412.5706 0.3090663 0.06319583
Moved 499.0966 509.1714 408.1351 0.3453041 0.05178766
Moved 499.1122 518.3403 403.8298 0.3665284 0.04071459
Moved 499.1318 523.4689 400.6874 0.3784002 0.03263203
Moved 499.1458 526.6108 399.3892 0.3856733 0.02929307
Moved 499.1585 528.0518 399 0.3890087 0.02829214
Moved 499.1747 528 397.5137 0.3888889 0.02446924
Moved 499.1895 528 397.3145 0.3888889 0.02395708
Moved 499.2049 519.9052 394.9763 0.3701508 0.01794317
Moved 499.2209 500.6712 391.2037 0.3256277 0.008239903
Moved 499.2357 461.91 386.301 0.2359028 -0.004369791
Moved 499.2513 412.6451 383.3511 0.1218637 -0.01195703
Moved 499.2669 370.3245 383 0.02389937 -0.01286016
Moved 499.2819 331.3105 381.7893 -0.06641085 -0.01597401
Moved 499.2974 301 382 -0.1365741 -0.01543218
Moved 499.313 261.8182 382 -0.2272727 -0.01543218
Moved 499.3282 232.5096 380.7637 -0.2951165 -0.01861203
Moved 499.3443 211.8216 379 -0.3430057 -0.02314815
Moved 499.3651 184.5 379 -0.40625 -0.02314815
Ended 499.3773 184.5 379 -0.40625 -0.02314815
Candidates 499.51 12 hotels girls field fields shields shield yield yields world worlds households spelled
Began 499.8538 346 294 -0.03240739 -0.2417696
Stationary 499.8662 346 294 -0.03240739 -0.2417696
Stationary 499.8817 346 294 -0.03240739 -0.2417696
Stationary 499.8973 346 294 -0.03240739 -0.2417696
Stationary 499.9115 346 294 -0.03240739 -0.2417696
Stationary 499.9279 346 294 -0.03240739 -0.2417696
Stationary 499.9453 346 294 -0.03240739 -0.2417696
Stationary 499.961 346 294 -0.03240739 -0.2417696
Stationary 499.9745 346 294 -0.03240739 -0.2417696
Stationary 499.9908 346 294 -0.03240739 -0.2417696
Stationary 500.005 346 294 -0.03240739 -0.2417696
Stationary 500.025 346 294 -0.03240739 -0.2417696
Stationary 500.0371 346 294 -0.03240739 -0.2417696
Stationary 500.05 346 294 -0.03240739 -0.2417696
Stationary 500.0657 346 294 -0.03240739 -0.2417696
Stationary 500.0825 346 294 -0.03240739 -0.2417696
Stationary 500.0998 346 294 -0.03240739 -0.2417696
Stationary 500.1125 346 294 -0.03240739 -0.2417696
Stationary 500.1285 346 294 -0.03240739 -0.2417696
Stationary 500.1429 346 294 -0.03240739 -0.2417696
Stationary 500.1596 346 294 -0.03240739 -0.2417696
Stationary 500.1742 346 294 -0.03240739 -0.2417696
Stationary 500.1898 346 294 -0.03240739 -0.2417696
Stationary 500.205 346 294 -0.03240739 -0.2417696
Stationary 500.2207 346 294 -0.03240739 -0.2417696
Stationary 500.245 346 294 -0.03240739 -0.2417696
Stationary 500.254 346 294 -0.03240739 -0.2417696
Stationary 500.2675 346 294 -0.03240739 -0.2417696
Stationary 500.2822 346 294 -0.03240739 -0.2417696
Stationary 500.3012 346 294 -0.03240739 -0.2417696
Stationary 500.3141 346 294 -0.03240739 -0.2417696
Stationary 500.3281 346 294 -0.03240739 -0.2417696
Stationary 500.3456 346 294 -0.03240739 -0.2417696
Stationary 500.3607 346 294 -0.03240739 -0.2417696
Stationary 500.3765 346 294 -0.03240739 -0.2417696
Stationary 500.3913 346 294 -0.03240739 -0.2417696
Stationary 500.407 346 294 -0.03240739 -0.2417696
Stationary 500.4227 346 294 -0.03240739 -0.2417696
Stationary 500.4376 346 294 -0.03240739 -0.2417696
Stationary 500.4571 346 294 -0.03240739 -0.2417696
Stationary 500.4685 346 294 -0.03240739 -0.2417696
Stationary 500.4833 346 294 -0.03240739 -0.2417696
Stationary 500.4998 346 294 -0.03240739 -0.2417696
Stationary 500.5139 346 294 -0.03240739 -0.2417696
Moved 500.5293 346 289.2208 -0.03240739 -0.2540617
Moved 500.5455 354.6653 277.2975 -0.01234894 -0.2847286
Moved 500.5605 359.2524 259.9904 -0.001730522 -0.3292427
Moved 500.5764 361.7077 249.3154 0.003952981 -0.3566991
Moved 500.5917 364.5934 238.923 0.01063297 -0.3834286
Moved 500.6068 365.7281 229.6313 0.01325955 -0.4073268
Moved 500.6228 367.1677 222.1616 0.01659185 -0.4265391
Moved 500.6382 368.1747 218.3014 0.01892279 -0.4364677
Ended 500.6559 368 217 0.01851857 -0.4398148
Accept 500.6966 3 fields
Began 502.4054 353 383 -0.01620372 -0.01286016
Stationary 502.4252 353 383 -0.01620372 -0.01286016
Stationary 502.4409 353 383 -0.01620372 -0.01286016
Stationary 502.4575 353 383 -0.01620372 -0.01286016
Stationary 502.4702 353 383 -0.01620372 -0.01286016
Ended 502.4885 353 383 -0.01620372 -0.01286016
Candidates 502.5457 6 g f h d j s
Began 502.5636 356 382 -0.009259283 -0.01543218
Stationary 502.5787 356 382 -0.009259283 -0.01543218
Stationary 502.5937 356 382 -0.009259283 -0.01543218
Stationary 502.6165 356 382 -0.009259283 -0.01543218
Stationary 502.6255 356 382 -0.009259283 -0.01543218
Ended 502.6396 356 382 -0.009259283 -0.01543218
Cancel 502.6854
Delete 502.6854 DoubleClick
Began 503.9152 316 368 -0.1018519 -0.05144041
Stationary 503.9352 316 368 -0.1018519 -0.05144041
Stationary 503.95 316 368 -0.1018519 -0.05144041
Stationary 503.9649 316 368 -0.1018519 -0.05144041
Stationary 503.9798 316 368 -0.1018519 -0.05144041
Stationary 503.9979 316 368 -0.1018519 -0.05144041
Moved 504.0113 321.4775 368 -0.08917237 -0.05144041
Moved 504.0334 368.9025 398.6254 0.02060751 0.02732858
Stationary 504.046 368.9025 398.6254 0.02060751 0.02732858
Moved 504.0575 398.2084 412.2833 0.08844534 0.06245703
Moved 504.0733 416.9024 420.9512 0.1317185 0.08475107
Moved 504.0894 435.3889 429.4872 0.1745113 0.1067057
Moved 504.1042 448.0091 438.2922 0.2037248 0.1293524
Moved 504.1195 456.7805 442.8903 0.2240289 0.1411785
Moved 504.1349 462.5 446.5 0.2372685 0.1504629
Moved 504.1505 464.8239 449.8239 0.2426479 0.1590118
Moved 504.1671 467.5396 452.5397 0.2489343 0.165997
Moved 504.1809 467 453.7184 0.2476852 0.1690289
Moved 504.1975 467 455.1572 0.2476852 0.1727293
Moved 504.2183 467 460.0637 0.2476852 0.185349
Stationary 504.2291 467 460.0637 0.2476852 0.185349
Moved 504.2428 455.168 462.958 0.2202964 0.1927931
Moved 504.2585 439.3404 468.0683 0.1836582 0.2059369
Moved 504.2736 412.0192 474.2065 0.1204147 0.2217244
Moved 504.2894 384.6261 479.4801 0.05700489 0.2352882
Moved 504.3049 352.8803 486.5299 -0.01648078 0.2534205
Moved 504.3197 325.0221 492.4691 -0.0809673 0.2686961
Moved 504.3356 300.6803 500.4257 -0.1373141 0.2891605
Moved 504.3527 286.7972 503.4895 -0.1694509 0.2970408
Moved 504.3656 278.9801 504.2525 -0.187546 0.2990033
Moved 504.3812 271.83 505 -0.2040971 0.3009258
Moved 504.4039 263.3385 506 -0.2237534 0.3034978
Stationary 504.4155 263.3385 506 -0.2237534 0.3034978
Moved 504.4279 260.7996 506 -0.2296305 0.3034978
Moved 504.4432 259.4551 506 -0.2327428 0.3034978
Moved 504.4581 258.5 506 -0.2349537 0.3034978
Stationary 504.4736 258.5 506 -0.2349537 0.3034978
Moved 504.49 277.5369 493.9806 -0.1908869 0.2725837
Moved 504.5052 313.1889 477.7762 -0.1083591 0.2309057
Moved 504.5197 370.422 453.4456 0.02412498 0.1683271
Moved 504.5355 413.5384 442.2493 0.1239314 0.1395299
Moved 504.5503 440.6753 430.9221 0.1867483 0.1103963
Moved 504.5657 457.0695 425.5117 0.224698 0.09648068
Moved 504.5856 467.8675 421.4247 0.2496933 0.08596871
Moved 504.5981 485.0819 417.2888 0.2895415 0.07533124
Moved 504.6143 496.9196 409.5402 0.3169435 0.05540173
Moved 504.6287 507.898 403.4869 0.3423564 0.03983238
Moved 504.6435 514.6924 399.8718 0.3580842 0.03053429
Moved 504.6592 520.8198 396.1082 0.372268 0.02085431
Moved 504.675 523.8124 394.5938 0.3791954 0.01695935
Moved 504.6906 525.6309 392.3691 0.3834049 0.0112373
Moved 504.7052 526.9435 391.0565 0.3864433 0.00786118
Moved 504.7204 528.3783 389.6217 0.3897646 0.004170932
Moved 504.736 528 389.1841 0.3888889 0.003045557
Moved 504.7516 528 387.7531 0.3888889 -0.0006351942
Moved 504.7733 491.4399 379.4611 0.304259 -0.02196237
Stationary 504.784 491.4399 379.4611 0.304259 -0.02196237
Moved 504.7976 452 378.5 0.2129629 -0.02443423
Moved 504.8146 408.364 379 0.1119537 -0.02314815
Moved 504.8289 364.9379 379 0.01143038 -0.02314815
Moved 504.8451 328.5551 388.7537 -0.07278914 0.001938353
Moved 504.8593 299.558 392.0465 -0.1399121 0.01040761
Moved 504.8749 267.7434 397.8648 -0.2135569 0.02537241
Moved 504.8913 248.1258 401.7186 -0.2589681 0.0352843
Moved 504.9054 230.7183 406.0704 -0.2992632 0.04647741
Moved 504.9211 224.2681 406.3415 -0.3141942 0.04717454
Ended 504.9396 221 408 -0.3217593 0.05144025
Candidates 505.1032 12 girls field fields shields hotels held shield heels yields yield shelf gels
Began 505.9658 335 401 -0.05787035 0.03343609
Stationary 505.9843 335 401 -0.05787035 0.03343609
Stationary 505.9983 335 401 -0.05787035 0.03343609
Moved 506.0134 322.2147 401 -0.08746594 0.03343609
Moved 506.0296 305.8381 401 -0.1253749 0.03343609
Moved 506.0465 290.2418 401 -0.1614773 0.03343609
Moved 506.061 272.9367 401 -0.2015355 0.03343609
Moved 506.0769 248 413 -0.2592593 0.06430033
Moved 506.0931 239.1003 410.6899 -0.2798604 0.05835882
Moved 506.114 222.3892 412.5369 -0.3185436 0.0631093
Stationary 506.1248 222.3892 412.5369 -0.3185436 0.0631093
Moved 506.1374 218.0727 413 -0.3285355 0.06430033
Moved 506.1535 215.1517 414.4241 -0.3352969 0.06796322
Ended 506.1694 214.5 414 -0.3368055 0.06687239
Accept 506.1951 1 field
PhraseEnd 507.3702
