the location of the crime
the location of the crime
FixStart
0.6 0.6
432 388.8
Began 1404.055 387 372 0.06250004 -0.04115226
Stationary 1404.067 387 372 0.06250004 -0.04115226
Stationary 1404.08 387 372 0.06250004 -0.04115226
Stationary 1404.094 387 372 0.06250004 -0.04115226
Stationary 1404.11 387 372 0.06250004 -0.04115226
Stationary 1404.125 387 372 0.06250004 -0.04115226
Stationary 1404.141 387 372 0.06250004 -0.04115226
Stationary 1404.155 387 372 0.06250004 -0.04115226
Stationary 1404.17 387 372 0.06250004 -0.04115226
Stationary 1404.187 387 372 0.06250004 -0.04115226
Moved 1404.202 387 391.9943 0.06250004 0.01027339
Moved 1404.218 376.4396 403.8278 0.03805459 0.04070933
Moved 1404.238 370.81 420.5699 0.02502322 0.08377019
Moved 1404.25 368.5251 431.6371 0.019734 0.1122354
Moved 1404.268 365.6205 439.9487 0.0130104 0.1336127
Moved 1404.281 364.5 449.5 0.01041671 0.158179
Moved 1404.297 364 454.7263 0.009259283 0.1716209
Moved 1404.311 362.8153 461.9235 0.006516874 0.1901322
Moved 1404.326 362.3833 466.85 0.005516906 0.2028036
Moved 1404.342 362 472.2383 0.004629592 0.2166622
Moved 1404.356 362 476.4818 0.004629592 0.2275764
Moved 1404.372 362 479.9369 0.004629592 0.2364631
Moved 1404.389 362 482.7512 0.004629592 0.2437014
Stationary 1404.403 362 483.3407 0.004629592 0.2452177
Moved 1404.418 362 484.8972 0.004629592 0.2492212
Moved 1404.434 362 486.3395 0.004629592 0.2529308
Moved 1404.45 362 487.5 0.004629592 0.2559156
Moved 1404.464 362 488.111 0.004629592 0.2574871
Stationary 1404.481 362 488.111 0.004629592 0.2574871
Moved 1404.496 369.2591 488 0.02143314 0.2572016
Moved 1404.511 371.3801 488 0.02634277 0.2572016
Moved 1404.526 375.067 488 0.03487746 0.2572016
Moved 1404.541 380.5109 488 0.04747887 0.2572016
Moved 1404.557 388.4037 472.4618 0.06574929 0.217237
Moved 1404.573 397.0655 459.9018 0.08579969 0.1849325
Moved 1404.589 401.3492 446.9523 0.09571582 0.1516262
Moved 1404.604 407.5295 433.9409 0.1100221 0.1181608
Moved 1404.619 410.9926 423.0247 0.1180385 0.09008396
Moved 1404.634 415.3063 414.3874 0.1280238 0.06786876
Moved 1404.65 416.877 405.6149 0.1316598 0.04530565
Moved 1404.665 419.6391 399.7218 0.1380535 0.03014863
Moved 1404.681 421.7531 393.9875 0.142947 0.01540003
Moved 1404.696 424.3878 390.6122 0.1490457 0.006718694
Moved 1404.71 426.2677 386.0984 0.1533975 -0.004890975
Moved 1404.729 427.7851 384.2149 0.1569099 -0.009735405
Moved 1404.742 428 381.7102 0.1574074 -0.01617753
Moved 1404.758 429.5817 380.4183 0.1610686 -0.01950024
Moved 1404.773 430 378.9777 0.162037 -0.0232056
Moved 1404.79 430 377.5264 0.162037 -0.02693843
Stationary 1404.804 430 378 0.162037 -0.02572024
Stationary 1404.819 430 378 0.162037 -0.02572024
Stationary 1404.835 430 378 0.162037 -0.02572024
Moved 1404.85 411.1681 391.4071 0.1184448 0.00876305
Moved 1404.866 401.9103 401.0897 0.0970145 0.03366686
Moved 1404.881 389.0124 412.9875 0.06715833 0.06426835
Moved 1404.896 374.8328 428.3839 0.03433515 0.103868
Moved 1404.912 360.7455 445.2546 0.001725554 0.1472597
Moved 1404.928 345.9792 460.0209 -0.03245567 0.1852388
Moved 1404.943 335 472.5 -0.05787035 0.2173353
Moved 1404.959 326.9036 481.335 -0.07661203 0.240059
Moved 1404.974 319.7016 490.3581 -0.09328336 0.2632666
Moved 1404.988 314.0073 497.4909 -0.1064647 0.2816124
Moved 1405.004 311.1259 501.811 -0.1131344 0.2927237
Moved 1405.019 306.8254 506.1746 -0.1230892 0.3039468
Ended 1405.035 304 510 -0.1296296 0.3137859
Candidates 1405.14 12 the there they threw further tiger trigger where huge turkey right t
Began 1405.62 416 373 0.1296297 -0.03858032
Stationary 1405.635 416 373 0.1296297 -0.03858032
Stationary 1405.651 416 373 0.1296297 -0.03858032
Stationary 1405.666 416 373 0.1296297 -0.03858032
Moved 1405.685 416 396.2996 0.1296297 0.02134653
Moved 1405.697 416 427.8057 0.1296297 0.1023809
Moved 1405.72 426.3738 484.3643 0.1536431 0.2478505
Ended 1405.732 426.3738 484.3643 0.1536431 0.2478505
Accept 1405.772 0 the
Began 1406.234 349 375 -0.02546296 -0.03343629
Stationary 1406.254 349 375 -0.02546296 -0.03343629
Stationary 1406.268 349 375 -0.02546296 -0.03343629
Stationary 1406.283 349 375 -0.02546296 -0.03343629
Stationary 1406.298 349 375 -0.02546296 -0.03343629
Stationary 1406.313 349 375 -0.02546296 -0.03343629
Stationary 1406.329 349 375 -0.02546296 -0.03343629
Stationary 1406.345 349 375 -0.02546296 -0.03343629
Moved 1406.36 371.6549 375 0.02697885 -0.03343629
Moved 1406.376 381.6498 375 0.05011519 -0.03343629
Moved 1406.391 395.9188 375 0.0831453 -0.03343629
Moved 1406.406 410.6552 369.2299 0.1172574 -0.04827719
Moved 1406.422 427.96 363.51 0.1573148 -0.06298866
Moved 1406.437 445.179 362.4017 0.1971737 -0.06583924
Moved 1406.452 459.4333 360.4278 0.2301697 -0.07091624
Moved 1406.468 479.2115 358.8525 0.2759525 -0.07496782
Moved 1406.486 497.0971 356.2257 0.3173544 -0.08172408
Moved 1406.499 514.2087 353.9826 0.3569646 -0.08749329
Moved 1406.514 524.3418 351.0452 0.3804208 -0.09504836
Moved 1406.53 534.3619 349.1823 0.4036157 -0.09983973
Moved 1406.545 541.7022 347.6595 0.4206069 -0.1037564
Moved 1406.56 546 348 0.4305556 -0.1028807
Moved 1406.577 549.6072 348 0.4389054 -0.1028807
Moved 1406.591 553.9247 348 0.4488998 -0.1028807
Moved 1406.606 557.2451 356.9804 0.4565859 -0.07978298
Moved 1406.622 559.1885 365.9426 0.4610846 -0.056732
Moved 1406.638 562.2404 383.4427 0.4681491 -0.01172156
Moved 1406.653 563 399.7346 0.4699074 0.03018155
Moved 1406.668 563 422.7388 0.4699074 0.0893486
Moved 1406.686 563 439.0607 0.4699074 0.1313288
Moved 1406.7 563 460.874 0.4699074 0.1874331
Moved 1406.714 563 482.5 0.4699074 0.2430555
Moved 1406.731 556 490.7235 0.4537037 0.2642064
Moved 1406.745 554.6086 500.7397 0.4504829 0.2899684
Moved 1406.76 554 504.6649 0.4490741 0.3000638
Moved 1406.776 552.7289 508.8134 0.4461316 0.3107339
Moved 1406.792 551.7176 511.8473 0.4437907 0.3185372
Moved 1406.809 551.1777 514.467 0.4425409 0.3252751
Moved 1406.822 549.7481 516.2519 0.4392317 0.329866
Moved 1406.838 547.2986 517 0.4335617 0.33179
Moved 1406.853 543.6181 518.1273 0.4250419 0.3346896
Moved 1406.869 535.5782 518 0.406431 0.3343621
Moved 1406.887 521.9315 508.944 0.3748415 0.3110698
Moved 1406.899 513.4937 502.6203 0.3553095 0.2948052
Moved 1406.914 493 489.5 0.3078704 0.2610596
Moved 1406.931 475.6752 473.5908 0.2677666 0.2201408
Moved 1406.947 462.7411 462.1485 0.2378267 0.1907111
Moved 1406.961 452.0535 451.204 0.2130869 0.1625617
Moved 1406.977 443.3359 441.0586 0.1929072 0.1364675
Moved 1406.999 425.7574 420.8836 0.152216 0.08457709
Stationary 1407.01 425.7574 420.8836 0.152216 0.08457709
Moved 1407.022 414.7139 403.285 0.1266525 0.03931328
Moved 1407.037 408.4055 393.53 0.1120498 0.01422313
Moved 1407.053 401.2488 380.6478 0.09548336 -0.01891007
Moved 1407.069 394.6002 368.2004 0.08009315 -0.05092487
Moved 1407.085 388.8388 356.6777 0.06675661 -0.08056162
Moved 1407.099 384.5627 348.1254 0.05685807 -0.1025582
Moved 1407.115 380.9736 340.9472 0.04854997 -0.1210206
Moved 1407.133 375.9982 331.9968 0.03703276 -0.1440413
Moved 1407.146 369.8055 319.4888 0.02269785 -0.1762121
Moved 1407.162 363.4461 308.7806 0.007976989 -0.2037536
Moved 1407.177 357.6874 297.3749 -0.005353143 -0.2330894
Moved 1407.193 351.1942 290.4331 -0.0203837 -0.2509436
Moved 1407.208 344.0341 283.0342 -0.03695801 -0.2699739
Moved 1407.223 339 276.5 -0.04861111 -0.2867798
Moved 1407.238 333.1119 270.1119 -0.062241 -0.3032103
Moved 1407.253 328.3488 265.3488 -0.07326663 -0.3154609
Moved 1407.269 323.0271 260.027 -0.08558546 -0.3291486
Moved 1407.285 318.708 255.708 -0.09558339 -0.3402572
Moved 1407.301 314.5 251.5 -0.1053241 -0.3510802
Moved 1407.316 311.0446 249.0222 -0.1133228 -0.3574532
Moved 1407.331 308.1671 247.5836 -0.1199834 -0.3611533
Moved 1407.347 304.8257 246.6086 -0.1277182 -0.3636609
Moved 1407.362 300.147 246 -0.1385486 -0.3652264
Moved 1407.377 294.3914 246 -0.1518718 -0.3652264
Moved 1407.393 284.8936 252.8086 -0.1738575 -0.3477145
Moved 1407.408 273.7879 260.3826 -0.199565 -0.3282341
Moved 1407.423 257.3441 272.9346 -0.2376294 -0.2959502
Moved 1407.44 242.3001 288.8699 -0.2724535 -0.2549644
Moved 1407.454 233.4217 297.5784 -0.2930054 -0.232566
Moved 1407.469 221.283 309.0432 -0.3211041 -0.2030784
Moved 1407.486 212.3135 317.6865 -0.3418669 -0.1808476
Moved 1407.5 207.7985 324.2015 -0.3523182 -0.1640909
Moved 1407.515 204.0386 328.9421 -0.3610217 -0.151898
Moved 1407.533 201.145 331.855 -0.3677199 -0.144406
Moved 1407.547 200.1395 334.721 -0.3700475 -0.1370345
Moved 1407.562 199.0211 336.9579 -0.3726364 -0.1312812
Moved 1407.578 199 338.4108 -0.3726852 -0.1275444
Moved 1407.593 198 341.6933 -0.375 -0.1191016
Moved 1407.608 198 343.2817 -0.375 -0.1150161
Moved 1407.631 198 348.1474 -0.375 -0.1025016
Stationary 1407.642 198 348.1474 -0.375 -0.1025016
Moved 1407.653 198 349.5874 -0.375 -0.09879791
Moved 1407.67 198 350.7631 -0.375 -0.09577409
Moved 1407.688 198 352.1107 -0.375 -0.09230798
Moved 1407.702 198 353.5519 -0.375 -0.0886012
Moved 1407.715 198 354.992 -0.375 -0.08489718
Moved 1407.733 198 355.5 -0.375 -0.08359061
Moved 1407.748 198 356.374 -0.375 -0.08134268
Moved 1407.762 198 358.3012 -0.375 -0.07638586
Moved 1407.78 210 359.5 -0.3472222 -0.07330247
Moved 1407.793 210.6568 362.7712 -0.3457018 -0.06488886
Moved 1407.809 222.0742 370.0371 -0.3192727 -0.04620093
Moved 1407.824 233.6088 375.8044 -0.2925722 -0.03136725
Moved 1407.841 242.875 379.8523 -0.2711227 -0.02095611
Moved 1407.856 263.3153 390.6577 -0.2238072 0.00683545
Moved 1407.871 267.3766 393.2152 -0.2144061 0.01341357
Moved 1407.886 277.4474 400.4625 -0.1910939 0.03205358
Moved 1407.901 291.6058 409.6286 -0.15832 0.05562908
Moved 1407.917 296.2951 413.2108 -0.1474651 0.0648424
Moved 1407.933 312.367 427.1718 -0.1102615 0.1007503
Moved 1407.948 319.1988 434.8386 -0.09444719 0.1204695
Moved 1407.962 327.4284 444.4999 -0.07539714 0.1453186
Moved 1407.978 331.5671 450.6118 -0.06581694 0.1610385
Moved 1407.995 333.7253 454.2089 -0.06082098 0.1702904
Moved 1408.01 339.0793 466.1851 -0.04842758 0.2010932
Moved 1408.025 344.8617 477.7234 -0.03504236 0.2307699
Moved 1408.041 346.5542 485.8473 -0.03112455 0.2516647
Moved 1408.056 349.7106 498.1318 -0.02381807 0.2832607
Moved 1408.07 349 499.2302 -0.02546296 0.2860859
Moved 1408.094 351.2352 507.7057 -0.02028882 0.3078851
Moved 1408.11 351 512.1025 -0.02083332 0.3191937
Stationary 1408.121 351 512.1025 -0.02083332 0.3191937
Moved 1408.134 352.2157 514.2156 -0.01801928 0.3246286
Moved 1408.148 352 515.662 -0.01851852 0.3283487
Moved 1408.169 353.0979 517.0979 -0.01597708 0.3320418
Moved 1408.18 354.5 517 -0.0127315 0.33179
Moved 1408.195 355.2609 518.2609 -0.01097014 0.3350331
Moved 1408.21 362.6494 519.4124 0.006132821 0.3379946
Moved 1408.225 367.8355 519 0.0181377 0.3369341
Moved 1408.241 378.195 519 0.04211813 0.3369341
Moved 1408.257 398.0616 519 0.0881056 0.3369341
Moved 1408.272 406.0324 511.343 0.1065566 0.3172401
Moved 1408.288 429.5091 506.4982 0.1609008 0.3047792
Moved 1408.301 441.5782 503.6055 0.1888384 0.2973391
Moved 1408.317 451.9872 500.718 0.2129333 0.2899124
Moved 1408.333 463.1031 497.3691 0.2386645 0.281299
Moved 1408.348 473.9868 495.2876 0.2638582 0.2759454
Moved 1408.363 484.0635 493.8481 0.287184 0.2722429
Moved 1408.38 494.1712 493 0.3105814 0.2700616
Moved 1408.395 504.2472 491.9647 0.3339056 0.2673987
Moved 1408.41 511.2658 492 0.3501523 0.2674896
Moved 1408.427 517.2537 492 0.3640131 0.2674896
Moved 1408.442 527.0036 492 0.3865824 0.2674896
Moved 1408.456 535.7128 492 0.4067427 0.2674896
Moved 1408.472 537.6574 501.3148 0.411244 0.2914474
Moved 1408.487 545.9917 505.6611 0.4305364 0.3026263
Moved 1408.503 548.1528 507.1019 0.435539 0.3063319
Moved 1408.519 551.2095 510.2095 0.4426147 0.3143249
Moved 1408.534 552.6394 511.6394 0.4459245 0.3180025
Moved 1408.549 553.3527 512.3527 0.4475757 0.3198372
Moved 1408.564 554 513 0.4490741 0.321502
Moved 1408.58 554 514.5 0.4490741 0.32536
Moved 1408.594 554 515 0.4490741 0.326646
Stationary 1408.61 554 515 0.4490741 0.326646
Moved 1408.633 537.3115 509.9435 0.4104433 0.3136407
Moved 1408.645 530.8373 504.1888 0.3954568 0.2988393
Moved 1408.658 516.9649 496.3531 0.3633447 0.2786858
Moved 1408.671 495.1497 476.4348 0.3128465 0.2274555
Moved 1408.687 463.2394 446.2394 0.2389801 0.1497926
Moved 1408.703 455.248 438.248 0.2204815 0.1292386
Moved 1408.719 438.2141 415.7676 0.181051 0.07141863
Moved 1408.735 431.6474 403.9654 0.1658505 0.04106317
Moved 1408.749 424.4539 391.0171 0.1491989 0.007759926
Moved 1408.763 417.5 380 0.1331019 -0.02057613
Moved 1408.78 412.4662 364.6653 0.1214494 -0.06001719
Moved 1408.795 407.7835 347.0618 0.1106099 -0.1052936
Moved 1408.811 402.9951 333.4782 0.09952585 -0.140231
Moved 1408.826 401.5563 327.0035 0.09619523 -0.1568841
Moved 1408.842 398.6115 297.3381 0.08937845 -0.233184
Moved 1408.858 399 292.0297 0.09027779 -0.2468372
Moved 1408.872 399 267.9116 0.09027779 -0.3088695
Moved 1408.888 399 255.2642 0.09027779 -0.3413987
Moved 1408.903 399 248.901 0.09027779 -0.357765
Moved 1408.918 399 233.3191 0.09027779 -0.3978419
Ended 1408.935 399 226 0.09027779 -0.4166668
Candidates 1408.991 12 location johnson occasion london population ladin invasion gibson passion junction latin pain
Began 1409.453 426 320 0.1527777 -0.1748972
Stationary 1409.472 426 320 0.1527777 -0.1748972
Stationary 1409.489 426 320 0.1527777 -0.1748972
Moved 1409.503 426 335.8556 0.1527777 -0.1341163
Moved 1409.519 426 349.9145 0.1527777 -0.09795663
Moved 1409.541 433.6628 368.3256 0.1705157 -0.05060305
Ended 1409.553 436 379 0.1759259 -0.02314815
Accept 1409.577 0 location
Began 1409.964 381 353 0.04861106 -0.09002065
Stationary 1409.982 381 353 0.04861106 -0.09002065
Stationary 1409.996 381 353 0.04861106 -0.09002065
Stationary 1410.011 381 353 0.04861106 -0.09002065
Stationary 1410.026 381 353 0.04861106 -0.09002065
Stationary 1410.042 381 353 0.04861106 -0.09002065
Moved 1410.057 395.8343 362.3006 0.0829498 -0.06609929
Moved 1410.074 404.1322 368.9435 0.1021579 -0.04901368
Moved 1410.088 414.9207 378.7286 0.1271312 -0.02384617
Moved 1410.104 430.1354 390.7083 0.1623504 0.006965747
Moved 1410.12 444.4822 402.1858 0.1955607 0.03648597
Moved 1410.136 459.8386 413.087 0.2311078 0.06452403
Moved 1410.151 474.2032 423.1423 0.2643593 0.09038646
Moved 1410.167 487.0579 431.7053 0.2941154 0.1124106
Moved 1410.18 499.0393 440.1766 0.3218503 0.1341989
Moved 1410.197 506.5427 444.7387 0.3392191 0.1459328
Moved 1410.212 516.4101 451.7215 0.3620603 0.1638926
Moved 1410.229 523.738 456.369 0.379023 0.175846
Moved 1410.244 529.8997 459.4499 0.3932863 0.1837702
Moved 1410.258 537.6764 465.0073 0.4112879 0.1980638
Moved 1410.275 542.3262 469.3262 0.4220515 0.2091724
Moved 1410.29 546.0893 472.634 0.4307623 0.2176799
Moved 1410.311 550.0685 477.137 0.4399734 0.2292618
Stationary 1410.321 550.0685 477.137 0.4399734 0.2292618
Moved 1410.335 551.4991 478.4991 0.4432849 0.232765
Moved 1410.352 552.9489 480.9489 0.4466411 0.239066
Moved 1410.366 553 482.3762 0.4467593 0.2427371
Moved 1410.383 553 483.5 0.4467593 0.2456274
Moved 1410.397 553 484.1315 0.4467593 0.2472516
Moved 1410.413 553 485.5 0.4467593 0.2507715
Moved 1410.428 537.5767 485 0.4110571 0.2494856
Moved 1410.443 524.4827 485 0.380747 0.2494856
Moved 1410.458 498.3492 469.5338 0.3202528 0.2097062
Moved 1410.475 470.8229 454.1606 0.2565344 0.170166
Moved 1410.49 448.9162 440.5497 0.2058245 0.1351586
Moved 1410.506 427.3959 428.6778 0.156009 0.1046239
Moved 1410.52 403.1387 409.9884 0.09985805 0.0565545
Moved 1410.536 389.8167 400.5703 0.0690202 0.03233097
Moved 1410.551 374.7902 389.8601 0.03423651 0.004784148
Moved 1410.567 363.7219 380.1317 0.008615454 -0.02023759
Moved 1410.581 353.6775 370.6776 -0.01463537 -0.04455362
Moved 1410.598 344.6295 362.8579 -0.03557995 -0.06466595
Moved 1410.613 336.6071 354.6071 -0.05415017 -0.08588704
Ended 1410.628 328.2961 346.2961 -0.07338857 -0.107263
Candidates 1410.765 12 of good off if god odd goods food odds pig pd hood
Began 1411.148 467 363 0.2476852 -0.06430049
Stationary 1411.168 467 363 0.2476852 -0.06430049
Stationary 1411.184 467 363 0.2476852 -0.06430049
Moved 1411.198 467 379.0402 0.2476852 -0.02304469
Moved 1411.214 467 399.3481 0.2476852 0.02918738
Moved 1411.229 467 420.9921 0.2476852 0.0848562
Moved 1411.245 467 439.915 0.2476852 0.1335261
Moved 1411.261 467 451.1755 0.2476852 0.1624884
Ended 1411.276 467 470 0.2476852 0.2109053
Accept 1411.304 0 of
Began 1411.892 423 310 0.1458333 -0.2006174
Stationary 1411.907 423 310 0.1458333 -0.2006174
Stationary 1411.924 423 310 0.1458333 -0.2006174
Stationary 1411.938 423 310 0.1458333 -0.2006174
Stationary 1411.953 423 310 0.1458333 -0.2006174
Stationary 1411.969 423 310 0.1458333 -0.2006174
Stationary 1411.985 423 310 0.1458333 -0.2006174
Moved 1411.999 423 322.6934 0.1458333 -0.1679697
Moved 1412.015 423 328.076 0.1458333 -0.1541254
Moved 1412.031 423 335.2962 0.1458333 -0.1355551
Moved 1412.047 423 344.4725 0.1458333 -0.1119536
Moved 1412.062 423 354.2838 0.1458333 -0.08671881
Moved 1412.084 423 370.0455 0.1458333 -0.04617918
Stationary 1412.095 423 370.0455 0.1458333 -0.04617918
Moved 1412.107 423 382.5294 0.1458333 -0.0140705
Moved 1412.124 423 390.8795 0.1458333 0.007405928
Moved 1412.14 423 403.0818 0.1458333 0.03879056
Moved 1412.153 423 415.9357 0.1458333 0.07185112
Moved 1412.17 423 428.9875 0.1458333 0.1054206
Moved 1412.185 423 440.7925 0.1458333 0.1357832
Moved 1412.201 429.6367 450.6367 0.1611961 0.1611026
Moved 1412.218 430 457.4653 0.162037 0.1786658
Moved 1412.231 430 462 0.162037 0.1903292
Moved 1412.25 431 467.5464 0.1643519 0.2045945
Moved 1412.263 431 470.5635 0.1643519 0.2123545
Moved 1412.279 431 472.7241 0.1643519 0.2179117
Moved 1412.292 431 474.163 0.1643519 0.2216125
Moved 1412.311 431 475 0.1643519 0.2237653
Moved 1412.324 432.046 475 0.1667731 0.2237653
Stationary 1412.34 432 475 0.1666667 0.2237653
Moved 1412.354 436.2695 466.8264 0.1765497 0.2027426
Moved 1412.37 444.9517 440.1611 0.1966473 0.134159
Moved 1412.385 455.0149 409.9554 0.2199418 0.05646949
Moved 1412.404 462.3474 381.0884 0.2369152 -0.01777688
Moved 1412.416 466.9246 361.9935 0.2475107 -0.06688914
Moved 1412.431 471.2282 341.859 0.2574727 -0.1186755
Moved 1412.447 475.5298 329.7639 0.26743 -0.1497843
Moved 1412.462 477.2779 321.8885 0.2714766 -0.17004
Moved 1412.477 479.6062 310.9688 0.2768663 -0.1981256
Moved 1412.492 481.0432 304.8274 0.2801925 -0.2139214
Moved 1412.507 481 297.5693 0.2800926 -0.2325891
Moved 1412.522 482 296.1492 0.2824074 -0.2362418
Moved 1412.539 482 293.2775 0.2824074 -0.2436279
Moved 1412.553 482 292.1989 0.2824074 -0.246402
Stationary 1412.569 482 292 0.2824074 -0.2469136
Moved 1412.586 468.8684 292 0.2520101 -0.2469136
Moved 1412.6 461.6353 292 0.235267 -0.2469136
Moved 1412.615 450.3597 302.8454 0.2091659 -0.2190191
Moved 1412.631 438.1843 307.5848 0.1809821 -0.2068293
Moved 1412.648 425.2541 313.3315 0.1510511 -0.1920486
Moved 1412.663 411 322 0.1180555 -0.1697531
Moved 1412.678 400.6553 329.8757 0.09410958 -0.1494967
Moved 1412.693 389.168 339.728 0.06751855 -0.1241565
Moved 1412.708 376.5 352.5 0.03819446 -0.09130666
Moved 1412.728 363.2526 364.7474 0.007529259 -0.05980621
Moved 1412.741 353.1526 376.2542 -0.01585051 -0.03021044
Moved 1412.754 342.1484 388.7081 -0.04132316 0.001821086
Moved 1412.77 331.8969 400.4036 -0.06505346 0.03190205
Moved 1412.786 326.5 408.5 -0.07754628 0.05272626
Moved 1412.8 319.7999 418.7202 -0.09305582 0.0790127
Moved 1412.815 313.91 432.7251 -0.1066899 0.1150336
Ended 1412.832 311 437 -0.113426 0.1260288
Candidates 1413.019 12 the there tiger huge threw tune tube trigger further time rubber higher
Began 1413.477 416 365 0.1296297 -0.05915646
Stationary 1413.495 416 365 0.1296297 -0.05915646
Stationary 1413.51 416 365 0.1296297 -0.05915646
Stationary 1413.525 416 365 0.1296297 -0.05915646
Moved 1413.54 416 385.7101 0.1296297 -0.005889782
Moved 1413.557 420.9289 413.7867 0.1410392 0.06632385
Moved 1413.572 427.1364 442.8638 0.1554083 0.1411106
Moved 1413.588 429.9782 474.7607 0.1619867 0.2231498
Moved 1413.603 433.2716 492.0618 0.1696102 0.2676485
Ended 1413.618 437 513.5 0.1782407 0.3227879
Accept 1413.68 0 the
Began 1414.263 432 473 0.1666667 0.2186213
Stationary 1414.281 432 473 0.1666667 0.2186213
Stationary 1414.295 432 473 0.1666667 0.2186213
Stationary 1414.311 432 473 0.1666667 0.2186213
Stationary 1414.326 432 473 0.1666667 0.2186213
Stationary 1414.342 432 473 0.1666667 0.2186213
Moved 1414.357 420.9275 463.7729 0.1410359 0.1948892
Moved 1414.373 406.4919 446.7902 0.1076201 0.1512094
Moved 1414.389 393.7278 430.6597 0.07807354 0.1097214
Moved 1414.403 372.7137 401.1101 0.02942979 0.03371937
Moved 1414.419 359.8684 382.4766 -0.0003046294 -0.01420645
Moved 1414.436 352.0031 367.8057 -0.01851127 -0.05194016
Moved 1414.45 346.218 356.436 -0.03190274 -0.08118303
Moved 1414.465 343.4231 345.9619 -0.03837238 -0.1081229
Moved 1414.481 340.9764 335.9174 -0.04403611 -0.1339573
Moved 1414.497 338.8561 326.3525 -0.04894421 -0.1585584
Moved 1414.512 337.5 315 -0.05208333 -0.1877573
Moved 1414.527 337 308.0546 -0.05324075 -0.2056209
Moved 1414.549 337 293.6528 -0.05324075 -0.2426625
Stationary 1414.56 337 293.6528 -0.05324075 -0.2426625
Moved 1414.573 337 289.0753 -0.05324075 -0.2544362
Moved 1414.588 337 283.7506 -0.05324075 -0.2681311
Moved 1414.604 337 281.1702 -0.05324075 -0.274768
Moved 1414.619 346.2969 278.3438 -0.0317202 -0.2820378
Moved 1414.636 345 277.231 -0.03472224 -0.2848999
Moved 1414.65 346.2085 277 -0.03192469 -0.2854939
Stationary 1414.666 346 277 -0.03240739 -0.2854939
Moved 1414.681 347.0834 277 -0.02989958 -0.2854939
Moved 1414.697 348.5 287.5 -0.02662038 -0.2584877
Moved 1414.712 350.7244 298.9681 -0.02147138 -0.2289916
Moved 1414.727 354.2249 319.1995 -0.01336823 -0.176956
Moved 1414.742 355.5 336 -0.01041666 -0.1337449
Moved 1414.759 356.9391 355.1469 -0.007085502 -0.08449884
Moved 1414.774 359.793 374.1545 -0.0004791717 -0.03561098
Moved 1414.789 360 391.0575 0 0.007863928
Moved 1414.805 361.2661 408.1929 0.00293076 0.05193632
Moved 1414.829 363.7868 438.0812 0.008765757 0.1288095
Moved 1414.841 366.4236 450.9063 0.01486947 0.1617959
Stationary 1414.853 366.4236 450.9063 0.01486947 0.1617959
Moved 1414.866 367.6595 465.2551 0.0177304 0.1987012
Moved 1414.882 370.2257 482.3544 0.02367069 0.2426811
Moved 1414.898 371.5 493 0.02662033 0.2700616
Moved 1414.912 373.7817 504.0175 0.031902 0.2983989
Moved 1414.928 375.3224 514.2567 0.03546854 0.3247342
Moved 1414.942 376.3181 521.2267 0.03777345 0.3426613
Moved 1414.958 376.8694 531.2165 0.03904959 0.3683551
Moved 1414.974 377 538.5412 0.03935188 0.3871943
Moved 1414.989 377 542.2429 0.03935188 0.3967153
Moved 1415.005 377 545.3781 0.03935188 0.404779
Moved 1415.02 377 548.2581 0.03935188 0.4121865
Moved 1415.037 377 550.0689 0.03935188 0.4168437
Moved 1415.05 377 551.1094 0.03935188 0.4195199
Stationary 1415.066 377 551.1094 0.03935188 0.4195199
Moved 1415.089 378.4664 552 0.04274637 0.4218106
Stationary 1415.1 378.4664 552 0.04274637 0.4218106
Moved 1415.112 380.8387 552 0.04823774 0.4218106
Moved 1415.129 386.4377 552 0.06119847 0.4218106
Moved 1415.144 398.9933 545.6053 0.0902622 0.4053634
Moved 1415.16 413.2981 539.27 0.1233753 0.3890687
Moved 1415.174 436.0768 530.7212 0.1761036 0.3670812
Moved 1415.189 448.0162 526.7935 0.2037412 0.3569791
Moved 1415.206 459.9189 523.5203 0.2312937 0.3485603
Moved 1415.219 474.7636 519.639 0.2656565 0.3385775
Moved 1415.235 487.1105 516.7532 0.2942373 0.3311554
Moved 1415.251 496.9891 515.4301 0.3171045 0.3277522
Moved 1415.267 505.2601 515 0.3362502 0.326646
Moved 1415.283 514.7215 515 0.3581516 0.326646
Moved 1415.298 527.3022 518.8525 0.3872735 0.3365548
Moved 1415.313 538.8511 526.9173 0.4140073 0.3572975
Moved 1415.334 558.2145 544.2145 0.4588298 0.4017861
Stationary 1415.346 558.2145 544.2145 0.4588298 0.4017861
Moved 1415.359 566.8489 552.8489 0.478817 0.4239941
Moved 1415.375 571 557 0.4884259 0.4346707
Moved 1415.39 575.3008 563.126 0.4983816 0.4504269
Moved 1415.407 579.7963 567.7963 0.5087876 0.4624388
Moved 1415.421 581.4181 570.4181 0.5125418 0.4691823
Moved 1415.435 583.1389 573.2778 0.5165253 0.4765375
Moved 1415.45 583.5891 574.5891 0.5175674 0.4799102
Moved 1415.466 584 575 0.5185185 0.480967
Moved 1415.482 584 576.465 0.5185185 0.4847351
Stationary 1415.499 584 576 0.5185185 0.483539
Stationary 1415.513 584 576 0.5185185 0.483539
Stationary 1415.528 584 576 0.5185185 0.483539
Moved 1415.543 566.153 547.7294 0.4772059 0.4108265
Moved 1415.559 554.3289 525.9917 0.4498354 0.3549168
Moved 1415.575 543.5984 498.8818 0.4249963 0.2851896
Moved 1415.598 531.1247 459.7175 0.396122 0.1844584
Stationary 1415.609 531.1247 459.7175 0.396122 0.1844584
Moved 1415.622 526.5247 435.9355 0.3854738 0.123291
Moved 1415.637 524.8295 414.4423 0.3815497 0.06801005
Moved 1415.651 524 393.9572 0.3796296 0.01532201
Moved 1415.668 524 377.4784 0.3796296 -0.02706174
Moved 1415.682 522.5121 349.7313 0.3761855 -0.0984279
Moved 1415.697 521.1297 340.7783 0.3729854 -0.121455
Moved 1415.713 521 327.4484 0.3726852 -0.1557397
Moved 1415.731 519.4952 320.4761 0.3692019 -0.1736727
Moved 1415.745 518.054 311.3776 0.3658656 -0.197074
Moved 1415.76 516.6149 305.4598 0.3625345 -0.2122948
Moved 1415.776 514.3708 299.7417 0.35734 -0.2270019
Moved 1415.791 511.5046 294.0093 0.3507052 -0.2417457
Moved 1415.805 506.9028 290.6019 0.3400527 -0.2505096
Moved 1415.821 502.5712 288.2856 0.3300259 -0.256467
Moved 1415.843 495.8283 288 0.3144173 -0.2572017
Moved 1415.854 481.4421 296.245 0.2811159 -0.2359954
Moved 1415.867 469.0189 308.9811 0.2523585 -0.2032379
Moved 1415.884 453.848 326.2705 0.2172408 -0.1587693
Moved 1415.898 443.9831 339.0237 0.1944052 -0.125968
Moved 1415.914 432.5933 354.6842 0.16804 -0.08568884
Moved 1415.93 427 363.5 0.1550926 -0.06301456
Moved 1415.946 414.3563 382.3892 0.1258248 -0.01443125
Moved 1415.959 405.6246 396.9589 0.1056126 0.02304246
Moved 1415.975 395.9092 412.1815 0.08312324 0.06219518
Moved 1415.99 387.437 427.8655 0.06351153 0.1025347
Moved 1416.007 379.4405 443.8309 0.04500111 0.1435978
Moved 1416.021 372.2913 459.5591 0.02845218 0.1840511
Moved 1416.037 365.5 476 0.01273145 0.2263374
Moved 1416.052 359.7919 494.2217 -0.0004818042 0.2732038
Moved 1416.075 348.7123 527.7192 -0.02612889 0.35936
Stationary 1416.086 348.7123 527.7192 -0.02612889 0.35936
Moved 1416.098 344.9763 541.1068 -0.03477712 0.393793
Moved 1416.114 340.623 555.5901 -0.04485419 0.4310444
Moved 1416.129 339.1122 563.327 -0.04835149 0.4509439
Moved 1416.145 337.6709 574.6329 -0.05168776 0.4800227
Moved 1416.16 336.6805 586.5142 -0.0539803 0.5105817
Moved 1416.175 336 612.3821 -0.05555556 0.5771144
Ended 1416.191 336 625 -0.05555556 0.6095678
Candidates 1416.342 12 zone crime convert cover come concert cindy velvet convey cytokine active clone
Began 1417.436 369 415 0.02083332 0.06944436
Stationary 1417.455 369 415 0.02083332 0.06944436
Moved 1417.469 343.9001 410.0096 -0.03726825 0.05660893
Moved 1417.488 296.5856 399.5432 -0.1467925 0.02968929
Moved 1417.508 180.5 383 -0.4155093 -0.01286016
Ended 1417.522 180.5 383 -0.4155093 -0.01286016
Accept 1417.56 1 crime
PhraseEnd 1418.192
