interesting observation was made
interesting observation was made
FixStart
0.6 0.6
432 388.8
Began 4252.532 388 318 0.06481478 -0.1800412
Stationary 4252.554 388 318 0.06481478 -0.1800412
Moved 4252.568 388 333.3891 0.06481478 -0.1404602
Moved 4252.585 388 346.3677 0.06481478 -0.1070791
Moved 4252.599 398.5587 364.083 0.08925626 -0.0615149
Moved 4252.613 408.1819 387.4156 0.1115321 -0.001503038
Moved 4252.63 419.7186 413.3669 0.1382376 0.06524396
Moved 4252.646 432.64 436.9429 0.1681483 0.125882
Moved 4252.66 441.8637 453.7663 0.1894993 0.1691519
Moved 4252.676 451.9072 472.3992 0.2127483 0.217076
Moved 4252.691 458.278 486.7003 0.2274952 0.2538588
Moved 4252.707 465.47 499.6461 0.2441436 0.2871554
Moved 4252.723 471.9225 509.8451 0.2590799 0.3133875
Moved 4252.737 476.5057 517.8429 0.2696891 0.333958
Moved 4252.753 482 523 0.2824074 0.3472221
Moved 4252.769 484.1639 526.6065 0.2874165 0.3564982
Moved 4252.783 488.48 532.64 0.2974074 0.3720163
Moved 4252.799 490.5988 534.5988 0.3023121 0.3770545
Moved 4252.814 493.075 537.075 0.308044 0.3834233
Moved 4252.83 494.4763 538.4763 0.3112878 0.3870275
Moved 4252.844 495.915 539 0.3146181 0.3883744
Moved 4252.859 496 540.3538 0.3148148 0.3918564
Moved 4252.876 497.3218 540 0.3178745 0.3909464
Moved 4252.892 498.5 540 0.3206019 0.3909464
Stationary 4252.907 498.5 540 0.3206019 0.3909464
Moved 4252.922 498 526.4789 0.3194444 0.3561699
Moved 4252.938 498 503.9661 0.3194444 0.2982665
Moved 4252.953 482.7842 473.7798 0.2842226 0.2206271
Moved 4252.969 474.5578 440.1574 0.2651801 0.1341496
Moved 4252.985 469.1502 413.9208 0.2526624 0.06666858
Moved 4253 462.7216 374.2638 0.2377815 -0.03532982
Moved 4253.015 458.83 344.3005 0.2287733 -0.112396
Moved 4253.031 453 317.5 0.2152778 -0.1813271
Moved 4253.053 452 278.7789 0.2129629 -0.2809186
Moved 4253.067 451 261.5178 0.2106482 -0.3253145
Stationary 4253.078 451 261.5178 0.2106482 -0.3253145
Moved 4253.091 451 251.3229 0.2106482 -0.3515359
Moved 4253.107 451 237.0923 0.2106482 -0.3881371
Moved 4253.123 451 228.2784 0.2106482 -0.4108065
Moved 4253.138 451 220.7119 0.2106482 -0.4302678
Moved 4253.153 451 217.9156 0.2106482 -0.4374598
Moved 4253.17 451 214.7312 0.2106482 -0.4456502
Moved 4253.184 451 212.8513 0.2106482 -0.4504853
Moved 4253.2 451 211.2585 0.2106482 -0.454582
Moved 4253.215 451 209.9202 0.2106482 -0.4580243
Moved 4253.231 451 208.5 0.2106482 -0.461677
Stationary 4253.247 451 208.5 0.2106482 -0.461677
Moved 4253.26 451 209 0.2106482 -0.4603909
Moved 4253.276 449.3145 209 0.2067466 -0.4603909
Moved 4253.292 445.1607 209 0.1971313 -0.4603909
Moved 4253.308 438.5 227 0.181713 -0.4140947
Moved 4253.324 432.9682 233.5477 0.1689079 -0.3972538
Moved 4253.339 426.9245 243.8821 0.1549179 -0.3706737
Moved 4253.354 419.1603 255.9694 0.1369452 -0.339585
Moved 4253.37 412.2568 270.6351 0.1209648 -0.3018646
Moved 4253.385 405.0688 283.8624 0.1043259 -0.2678436
Moved 4253.401 397.8841 299.255 0.08769462 -0.2282537
Moved 4253.417 389.2275 319.4692 0.06765624 -0.1762624
Moved 4253.431 385.2675 330.1044 0.05848965 -0.1489083
Moved 4253.446 378.0545 351.8255 0.04179289 -0.09304156
Moved 4253.461 373.7286 369.0857 0.03177911 -0.04864798
Moved 4253.477 371.1343 392.3884 0.02577384 0.01128691
Moved 4253.492 369.6975 409.6299 0.0224479 0.05563241
Moved 4253.507 369.2595 426.6649 0.02143393 0.09944656
Moved 4253.523 369 439.6497 0.02083332 0.1328439
Moved 4253.539 369 446.7183 0.02083332 0.1510244
Moved 4253.554 369 457.308 0.02083332 0.1782613
Moved 4253.569 369 463.7884 0.02083332 0.1949289
Moved 4253.585 369 470.5432 0.02083332 0.2123022
Moved 4253.6 369 475.2238 0.02083332 0.2243409
Moved 4253.617 369 479.5 0.02083332 0.2353394
Moved 4253.631 368 482.8646 0.01851857 0.2439932
Moved 4253.647 368 485.0861 0.01851857 0.2497069
Moved 4253.663 368 486.9924 0.01851857 0.2546101
Moved 4253.677 368 489.87 0.01851857 0.2620112
Moved 4253.693 368 491.3737 0.01851857 0.2658788
Moved 4253.708 367.188 493.6239 0.01663903 0.2716663
Stationary 4253.724 367 494 0.01620372 0.2726337
Moved 4253.74 367 495.69 0.01620372 0.2769804
Moved 4253.754 367 496.8271 0.01620372 0.279905
Moved 4253.771 365.7972 497 0.01341959 0.2803498
Moved 4253.785 366 498 0.01388888 0.2829217
Moved 4253.801 364.9167 498 0.01138121 0.2829217
Moved 4253.816 363.5 498 0.008101861 0.2829217
Moved 4253.832 362.045 499 0.004733801 0.2854938
Moved 4253.847 360.6024 499 0.001394451 0.2854938
Moved 4253.863 357.111 499 -0.006687591 0.2854938
Moved 4253.878 351.294 499 -0.02015268 0.2854938
Moved 4253.896 341.233 499 -0.04344215 0.2854938
Moved 4253.909 330.3673 486.6837 -0.06859411 0.2538159
Moved 4253.924 320.0451 482.1622 -0.09248813 0.2421866
Moved 4253.94 310.282 476.8558 -0.1150879 0.2285384
Moved 4253.955 299.9193 472.5369 -0.1390756 0.2174301
Moved 4253.97 292 468.5 -0.1574074 0.2070472
Moved 4253.986 283.5487 465.2744 -0.1769707 0.1987508
Moved 4254.001 274.3174 461.7725 -0.1983395 0.1897439
Moved 4254.016 267.7708 457.8854 -0.2134936 0.1797462
Moved 4254.033 263.0242 455.0161 -0.2244811 0.1723665
Moved 4254.047 258.7077 453.5692 -0.2344728 0.168645
Moved 4254.062 256.2612 452.1306 -0.2401362 0.1649448
Moved 4254.078 254.6881 452 -0.2437776 0.164609
Moved 4254.094 253.6531 450.6531 -0.2461733 0.1611449
Moved 4254.108 252.5 451 -0.2488426 0.162037
Moved 4254.125 251.8345 451 -0.2503831 0.162037
Stationary 4254.139 251.8345 451 -0.2503831 0.162037
Stationary 4254.154 252 451 -0.25 0.162037
Stationary 4254.169 252 451 -0.25 0.162037
Stationary 4254.184 252 451 -0.25 0.162037
Stationary 4254.2 252 451 -0.25 0.162037
Stationary 4254.215 252 451 -0.25 0.162037
Moved 4254.231 252 458.4609 -0.25 0.1812266
Moved 4254.247 270 461 -0.2083333 0.1877571
Moved 4254.261 278.5156 462.9462 -0.1886214 0.1927627
Moved 4254.277 290.0493 465.7623 -0.1619229 0.2000059
Moved 4254.299 303.3891 467.642 -0.1310437 0.2048405
Moved 4254.309 314.2312 469.8463 -0.1059462 0.2105099
Moved 4254.324 327.0042 471.3338 -0.07637928 0.2143359
Moved 4254.339 336.3879 471.7697 -0.0546577 0.215457
Moved 4254.354 346.4596 473.2085 -0.0313436 0.2191576
Moved 4254.369 353.2504 473.6501 -0.01562402 0.2202934
Moved 4254.385 359.3678 474 -0.001463443 0.2211934
Moved 4254.4 363.0581 474.5291 0.007079045 0.2225541
Moved 4254.417 365.4599 475 0.01263877 0.2237653
Moved 4254.432 368.1667 475 0.01890441 0.2237653
Moved 4254.447 369.5205 475 0.02203822 0.2237653
Moved 4254.462 370.9606 475 0.02537181 0.2237653
Moved 4254.479 372.4034 475 0.02871156 0.2237653
Moved 4254.494 373.841 475 0.03203928 0.2237653
Stationary 4254.509 374 475 0.03240744 0.2237653
Moved 4254.525 375.5 475 0.03587961 0.2237653
Moved 4254.54 375 475 0.03472219 0.2237653
Stationary 4254.556 375 475 0.03472219 0.2237653
Stationary 4254.569 375 475 0.03472219 0.2237653
Stationary 4254.585 375 475 0.03472219 0.2237653
Stationary 4254.601 375 475 0.03472219 0.2237653
Stationary 4254.616 375 475 0.03472219 0.2237653
Stationary 4254.631 375 475 0.03472219 0.2237653
Stationary 4254.646 375 475 0.03472219 0.2237653
Stationary 4254.663 375 475 0.03472219 0.2237653
Moved 4254.679 364.8543 475 0.01123687 0.2237653
Moved 4254.694 363.3394 475 0.007730127 0.2237653
Moved 4254.714 357.699 464.3981 -0.005326321 0.1964971
Moved 4254.726 351.1658 464.4663 -0.02044951 0.1966725
Moved 4254.741 346.383 464 -0.03152078 0.1954732
Moved 4254.755 342.0775 461.5387 -0.04148737 0.1891426
Moved 4254.771 335.2403 460.248 -0.05731414 0.185823
Moved 4254.787 328.0604 457.6241 -0.07393435 0.1790743
Moved 4254.801 322.5023 455.7512 -0.08680026 0.174257
Moved 4254.816 316.7473 455 -0.1001219 0.172325
Moved 4254.834 312.507 453.5023 -0.1099375 0.168473
Moved 4254.847 308.1867 452.0623 -0.1199382 0.1647691
Moved 4254.863 304.9802 450.9934 -0.1273607 0.16202
Moved 4254.88 300.6319 451 -0.1374261 0.162037
Moved 4254.894 297.1106 450 -0.1455773 0.1594649
Moved 4254.91 294.3363 448.6682 -0.1519993 0.1560394
Moved 4254.925 291.4605 449 -0.1586561 0.156893
Moved 4254.94 289.7916 449 -0.1625195 0.156893
Moved 4254.956 288.3509 449 -0.1658544 0.156893
Moved 4254.971 287.1799 449 -0.1685651 0.156893
Moved 4254.988 285.7967 449 -0.171767 0.156893
Moved 4255.002 285.3091 449 -0.1728956 0.156893
Moved 4255.017 283.8703 449 -0.1762262 0.156893
Moved 4255.034 283.4329 449 -0.1772387 0.156893
Stationary 4255.049 283 449 -0.1782407 0.156893
Moved 4255.064 281.557 449 -0.181581 0.156893
Stationary 4255.078 282 449 -0.1805555 0.156893
Stationary 4255.094 282 449 -0.1805555 0.156893
Moved 4255.109 280.6003 447.6003 -0.1837957 0.1532928
Moved 4255.129 280.1528 441.764 -0.1848315 0.1382819
Moved 4255.14 280 431.9441 -0.1851852 0.1130248
Moved 4255.156 279 416.741 -0.1875 0.07392231
Moved 4255.171 276.659 401.1245 -0.192919 0.03375638
Moved 4255.188 275.5 388 -0.1956018 -3.924585E-08
Moved 4255.203 273.5199 372.1193 -0.2001855 -0.04084559
Moved 4255.219 270.6505 354.9031 -0.2068275 -0.08512591
Moved 4255.234 269.3792 347.2753 -0.2097704 -0.1047447
Moved 4255.25 267.9355 337.5486 -0.2131122 -0.1297619
Moved 4255.265 265 330.5 -0.2199074 -0.147891
Moved 4255.28 264.0584 324.2335 -0.2220871 -0.1640085
Moved 4255.296 261.2393 318.4787 -0.2286126 -0.17881
Moved 4255.31 260.6357 314.5427 -0.23001 -0.1889335
Moved 4255.325 258.0754 310.1509 -0.2359365 -0.2002293
Moved 4255.341 256.6367 305.9103 -0.2392668 -0.2111363
Moved 4255.356 255.1952 303.3903 -0.2426038 -0.2176176
Moved 4255.372 253.7563 301.7563 -0.2459344 -0.2218201
Moved 4255.389 252.3177 299.3177 -0.2492647 -0.2280924
Moved 4255.403 250.8821 297.8821 -0.2525878 -0.2317849
Moved 4255.418 249.8591 296.8591 -0.2549558 -0.234416
Moved 4255.436 249 295.3671 -0.2569445 -0.2382533
Moved 4255.449 247.9304 293.9304 -0.2594204 -0.2419485
Moved 4255.465 246.5 294 -0.2627315 -0.2417696
Moved 4255.48 245.5 292.5 -0.2650463 -0.2456276
Moved 4255.497 244.8055 291.8055 -0.2666538 -0.2474138
Stationary 4255.511 244.8055 291.8055 -0.2666538 -0.2474138
Moved 4255.527 243.6266 292 -0.269383 -0.2469136
Stationary 4255.542 244 292 -0.2685185 -0.2469136
Stationary 4255.557 244 292 -0.2685185 -0.2469136
Stationary 4255.572 244 292 -0.2685185 -0.2469136
Moved 4255.588 249.559 305.8641 -0.2556504 -0.2112548
Moved 4255.604 259.925 315.925 -0.231655 -0.185378
Moved 4255.618 277.3283 334.3283 -0.1913696 -0.1380446
Moved 4255.635 292.4781 350.2265 -0.1563008 -0.09715406
Moved 4255.65 310.2788 367.1805 -0.1150953 -0.05354822
Moved 4255.666 323.3421 382.8848 -0.08485629 -0.01315639
Moved 4255.681 334.7633 396.7041 -0.05841836 0.02238705
Moved 4255.696 343.5019 406.9188 -0.03819014 0.04865948
Moved 4255.712 349.2808 415.137 -0.02481297 0.0697966
Moved 4255.728 355.1794 425.064 -0.01115869 0.09532917
Moved 4255.743 358.5 429 -0.003472219 0.1054526
Moved 4255.758 361.7465 436.493 0.004042884 0.1247248
Moved 4255.78 364.7535 444.2607 0.01100361 0.1447033
Stationary 4255.792 364.7535 444.2607 0.01100361 0.1447033
Moved 4255.803 366.1889 447.3779 0.01432628 0.1527207
Moved 4255.819 367.6329 450.2657 0.0176687 0.1601484
Moved 4255.834 369.0696 453.1393 0.02099455 0.1675392
Moved 4255.851 369 456 0.02083332 0.174897
Moved 4255.866 370 456.6158 0.02314816 0.1764809
Moved 4255.881 371.0526 458.0526 0.0255848 0.1801764
Moved 4255.896 371 459.4915 0.025463 0.1838772
Moved 4255.912 371 460.5 0.025463 0.1864711
Moved 4255.927 372.1845 461.1845 0.02820492 0.1882316
Stationary 4255.943 372.1845 461.1845 0.02820492 0.1882316
Moved 4255.958 373.2465 462 0.03066311 0.1903292
Moved 4255.974 374.2323 463.2323 0.03294508 0.1934987
Moved 4255.992 380.0317 465.5159 0.04636973 0.199372
Moved 4256.004 388.1674 468.3892 0.06520241 0.2067622
Moved 4256.021 406.0976 473.5244 0.1067074 0.2199701
Moved 4256.036 426.9777 480.3492 0.1550409 0.2375236
Moved 4256.051 450 489 0.2083333 0.2597736
Moved 4256.066 470.3134 494.8416 0.2553549 0.2747982
Moved 4256.082 481.4853 499.1942 0.281216 0.2859931
Moved 4256.097 500.4265 506.4717 0.3250613 0.3047112
Moved 4256.112 507.5516 505.936 0.3415547 0.3033332
Moved 4256.127 514.8733 507.3746 0.358503 0.3070334
Moved 4256.143 521.4419 509 0.3737081 0.3112139
Moved 4256.158 527.0373 510.2593 0.3866604 0.3144529
Moved 4256.173 530.3932 510 0.3944288 0.3137859
Moved 4256.189 531.8407 510 0.3977793 0.3137859
Moved 4256.205 534.4404 510 0.4037971 0.3137859
Moved 4256.22 535.6586 510 0.4066172 0.3137859
Moved 4256.235 537.1015 510 0.4099572 0.3137859
Moved 4256.251 538.5 510 0.4131944 0.3137859
Moved 4256.267 539 503.1303 0.4143518 0.2961169
Moved 4256.282 539 495.9393 0.4143518 0.2776214
Moved 4256.296 532.3811 475.7335 0.3990304 0.225652
Moved 4256.312 522.1074 454.2608 0.3752487 0.1704238
Moved 4256.328 506.3911 415.6872 0.3388682 0.0712118
Moved 4256.348 486.8943 372.3298 0.2937366 -0.04030408
Moved 4256.359 471.8914 332.6068 0.2590078 -0.1424724
Moved 4256.375 458.7449 297.2347 0.2285762 -0.2334498
Moved 4256.39 448.7409 263.6831 0.2054188 -0.3197452
Moved 4256.405 444 244 0.1944444 -0.3703704
Moved 4256.42 440.1211 222.6055 0.1854655 -0.4253975
Moved 4256.437 437.8246 199.3687 0.1801495 -0.4851629
Moved 4256.451 437 183.3403 0.1782407 -0.526388
Moved 4256.467 437 172.6989 0.1782407 -0.5537581
Moved 4256.482 437 158.1981 0.1782407 -0.5910543
Moved 4256.498 437 154.3132 0.1782407 -0.6010463
Moved 4256.513 437 151.2635 0.1782407 -0.6088901
Moved 4256.529 437 148.0569 0.1782407 -0.6171377
Moved 4256.543 437 146.1296 0.1782407 -0.6220945
Moved 4256.559 437 145.5 0.1782407 -0.6237141
Stationary 4256.574 437 145.5 0.1782407 -0.6237141
Moved 4256.59 437 146 0.1782407 -0.6224281
Moved 4256.605 435.7187 146 0.1752747 -0.6224281
Moved 4256.622 431.7922 158.8313 0.1661856 -0.5894257
Moved 4256.638 426.3187 170.4988 0.1535155 -0.5594168
Moved 4256.653 416.2542 196.6132 0.130218 -0.4922501
Moved 4256.674 397.5395 249.8872 0.0868969 -0.3552284
Stationary 4256.686 397.5395 249.8872 0.0868969 -0.3552284
Moved 4256.7 389.2448 279.0206 0.06769637 -0.2802969
Moved 4256.714 383.4901 296.5298 0.05437513 -0.2352627
Moved 4256.729 378.5371 313.2096 0.04290998 -0.1923621
Moved 4256.745 375.211 324.2967 0.03521065 -0.163846
Moved 4256.761 370.9236 338.5881 0.02528608 -0.1270884
Moved 4256.776 367.4345 346.9137 0.01720955 -0.1056748
Moved 4256.791 365.7792 354.1042 0.01337777 -0.08718067
Moved 4256.806 363.3395 358.9815 0.007730325 -0.07463604
Moved 4256.822 361.8989 362.2023 0.004395545 -0.06635226
Moved 4256.839 362 364.5399 0.004629592 -0.06033979
Ended 4256.859 362 366 0.004629592 -0.05658444
Candidates 4257.098 12 interesting interactions interacting investing uncertainty increasing underground interactive objections limestone kinesins obtained
Began 4257.542 459 280 0.2291666 -0.2777778
Stationary 4257.563 459 280 0.2291666 -0.2777778
Moved 4257.577 459 291.2288 0.2291666 -0.2488971
Moved 4257.593 449.4587 316.5348 0.2070803 -0.1838097
Moved 4257.607 444.7648 349.6467 0.1962147 -0.09864532
Moved 4257.624 440.2393 395.114 0.1857392 0.01829736
Moved 4257.639 438.3148 427.0192 0.1812843 0.1003578
Moved 4257.654 438 445.6173 0.1805556 0.1481925
Moved 4257.669 438 462.7603 0.1805556 0.1922845
Moved 4257.687 437 477.0385 0.1782407 0.2290084
Moved 4257.701 437 489.959 0.1782407 0.2622401
Moved 4257.716 437 494.6653 0.1782407 0.2743449
Ended 4257.73 437 496 0.1782407 0.2777777
Accept 4257.79 0 interesting
Began 4258.299 403 385 0.09953707 -0.007716127
Stationary 4258.317 403 385 0.09953707 -0.007716127
Stationary 4258.333 403 385 0.09953707 -0.007716127
Stationary 4258.348 403 385 0.09953707 -0.007716127
Stationary 4258.364 403 385 0.09953707 -0.007716127
Moved 4258.38 412.3297 402.3267 0.1211336 0.03684837
Moved 4258.394 425.6564 414.4221 0.1519825 0.06795792
Moved 4258.411 441.279 430.279 0.1881458 0.1087422
Moved 4258.425 451.0311 441.2342 0.2107201 0.1369192
Moved 4258.442 469.6273 458.1894 0.2537667 0.1805282
Moved 4258.456 484.5203 469.0642 0.2882413 0.2084984
Moved 4258.472 501.3243 481.5405 0.3271397 0.2405877
Moved 4258.495 527.2443 499.358 0.3871396 0.2864145
Stationary 4258.505 527.2443 499.358 0.3871396 0.2864145
Moved 4258.517 536.3902 506.5645 0.4083107 0.3049496
Moved 4258.534 543.136 510.068 0.4239259 0.3139608
Moved 4258.548 551.8624 514.4312 0.444126 0.3251831
Moved 4258.563 559.5143 517.8057 0.4618387 0.3338623
Moved 4258.58 565.4396 520.7198 0.4755546 0.3413574
Moved 4258.594 570.3719 523.5812 0.4869719 0.3487171
Moved 4258.61 574.657 526.438 0.4968911 0.3560647
Moved 4258.625 577.3248 527.6624 0.5030668 0.359214
Moved 4258.641 578.8154 528.8154 0.5065172 0.3621795
Moved 4258.656 581.3655 530.1828 0.5124202 0.3656964
Moved 4258.672 582.6293 531.6293 0.5153455 0.3694167
Moved 4258.687 584.067 532 0.5186736 0.3703703
Moved 4258.702 585.5 533.5 0.5219908 0.3742283
Stationary 4258.717 585.5 533.5 0.5219908 0.3742283
Moved 4258.734 586.3734 533 0.5240126 0.3729423
Moved 4258.75 586.6335 534 0.5246146 0.3755144
Stationary 4258.763 587 534 0.5254629 0.3755144
Stationary 4258.78 587 534 0.5254629 0.3755144
Stationary 4258.794 587 534 0.5254629 0.3755144
Moved 4258.81 576.8123 521.2654 0.5018803 0.3427607
Moved 4258.826 563.8344 508.1178 0.4718388 0.3089449
Moved 4258.842 540.1444 479.5098 0.4170009 0.2353647
Moved 4258.857 520.5 454.5 0.3715278 0.171039
Moved 4258.872 490.8013 409.6455 0.3027808 0.05567252
Moved 4258.887 472.5607 377.2654 0.2605572 -0.02760962
Moved 4258.907 462.9132 356.2427 0.2382251 -0.08168044
Moved 4258.919 452.8501 328.5503 0.2149308 -0.1529057
Moved 4258.933 445.6994 305.6382 0.1983784 -0.2118359
Moved 4258.95 441.3838 289.2474 0.1883884 -0.2539935
Moved 4258.965 438.3209 267.9067 0.1812984 -0.308882
Moved 4258.979 436.3924 259.962 0.1768343 -0.3293158
Moved 4258.995 435.1474 248.0321 0.1739524 -0.3599997
Moved 4259.011 433.7108 237.9758 0.1706268 -0.3858647
Moved 4259.027 433.2663 229.8644 0.169598 -0.4067274
Moved 4259.042 431.8276 222.1382 0.1662676 -0.4265994
Moved 4259.058 431.3878 217.7755 0.1652494 -0.4378203
Moved 4259.073 431 213.8413 0.1643519 -0.447939
Moved 4259.088 429.8742 211.7484 0.1617457 -0.453322
Moved 4259.104 429.3946 208.7891 0.1606355 -0.4609335
Moved 4259.119 429 206.9528 0.1597223 -0.4656565
Moved 4259.135 429 205.5186 0.1597223 -0.4693452
Moved 4259.15 428.0781 203.0781 0.1575882 -0.4756221
Moved 4259.165 427.5 202.5 0.15625 -0.4771091
Moved 4259.18 427.1957 201.1957 0.1555457 -0.4804639
Moved 4259.196 427 200.0829 0.1550926 -0.4833259
Moved 4259.212 427 199.5 0.1550926 -0.4848251
Moved 4259.227 425.2322 200 0.1510004 -0.4835392
Moved 4259.242 423.7968 200 0.1476779 -0.4835392
Moved 4259.258 419.4139 200 0.1375322 -0.4835392
Moved 4259.273 412.5939 209.731 0.1217452 -0.458511
Moved 4259.288 402.5 225.5 0.09837966 -0.4179527
Moved 4259.31 382.1101 253.1865 0.05118072 -0.3467425
Stationary 4259.32 382.1101 253.1865 0.05118072 -0.3467425
Moved 4259.334 374 265.5 0.03240744 -0.3150721
Moved 4259.35 365.1625 276.8104 0.01195014 -0.2859815
Moved 4259.366 356.5539 289.6691 -0.007977039 -0.2529087
Moved 4259.381 347.0777 299.7684 -0.02991279 -0.2269333
Moved 4259.396 336.9637 310.0363 -0.05332475 -0.2005242
Moved 4259.413 328.5 317 -0.07291664 -0.1826131
Moved 4259.428 321.1497 327.6861 -0.08993134 -0.1551285
Moved 4259.443 312.3503 336.6497 -0.1103001 -0.132074
Moved 4259.458 304.7591 344.2409 -0.1278725 -0.1125492
Moved 4259.474 297.2802 351.7198 -0.1451847 -0.09331338
Moved 4259.489 288.4738 360.5262 -0.1655698 -0.0706631
Moved 4259.504 280.8503 367.1198 -0.1832169 -0.05370442
Moved 4259.52 273.6773 374.3227 -0.1998211 -0.03517826
Moved 4259.536 271.3663 376.0892 -0.2051706 -0.03063484
Moved 4259.551 267.0634 380.9155 -0.2151311 -0.01822138
Moved 4259.564 264.1652 382.4174 -0.2218398 -0.01435857
Moved 4259.583 260.2876 386.7123 -0.2308156 -0.003311919
Moved 4259.597 258.7051 389.5898 -0.2344789 0.004088869
Moved 4259.613 256.2643 391.4714 -0.240129 0.00892851
Moved 4259.627 254.8248 393.1752 -0.2434611 0.01331055
Moved 4259.644 253.7817 394.2183 -0.2458758 0.01599363
Moved 4259.658 252.2728 395 -0.2493684 0.01800408
Moved 4259.679 252 396.1667 -0.25 0.02100497
Moved 4259.689 251 397.6089 -0.2523148 0.02471413
Moved 4259.704 249.9531 398 -0.2547381 0.02572008
Moved 4259.72 250 399.4816 -0.2546296 0.02953078
Moved 4259.737 250 400.9163 -0.2546296 0.03322072
Moved 4259.75 250 403.9968 -0.2546296 0.04114398
Moved 4259.767 250 406.8344 -0.2546296 0.04844218
Moved 4259.782 256.0729 413.3378 -0.2405719 0.06516924
Moved 4259.797 263.5314 421.8376 -0.2233069 0.08703094
Moved 4259.813 273.2154 431.9604 -0.2008903 0.1130667
Moved 4259.828 282.4528 441.4528 -0.1795074 0.1374813
Moved 4259.843 295.4601 453.7776 -0.1493979 0.1691809
Moved 4259.859 303.1459 461.1459 -0.1316067 0.1881323
Moved 4259.875 314.0172 472.0172 -0.1064416 0.2160936
Moved 4259.889 321.4546 479.4546 -0.08922546 0.2352226
Moved 4259.905 326.3889 484.3889 -0.07780338 0.2479138
Moved 4259.92 332.2916 490.8645 -0.06413981 0.264569
Moved 4259.936 336.0257 496.0385 -0.0554961 0.2778767
Moved 4259.951 340.3425 500.3425 -0.04550353 0.2889466
Moved 4259.967 341.6678 503.3356 -0.04243568 0.2966449
Moved 4259.983 343.9858 506.9787 -0.03706997 0.306015
Moved 4259.998 346.8634 509.8634 -0.0304087 0.3134346
Moved 4260.013 347.8718 510.8718 -0.02807448 0.3160282
Moved 4260.036 350.7416 513.7416 -0.02143154 0.3234093
Stationary 4260.046 350.7416 513.7416 -0.02143154 0.3234093
Moved 4260.059 352.1848 515.1848 -0.0180907 0.3271213
Moved 4260.075 353.5 516.5 -0.0150463 0.3305041
Moved 4260.093 355.4102 518.7051 -0.01062443 0.3361757
Moved 4260.105 358.243 521.243 -0.004067024 0.3427033
Moved 4260.122 360.1596 521.5798 0.0003695488 0.3435694
Moved 4260.136 362.0157 523.0157 0.004665951 0.3472625
Moved 4260.151 363.4502 524.4503 0.007986625 0.3509523
Moved 4260.167 363.8818 524 0.008985698 0.3497942
Moved 4260.183 364.5 524 0.01041671 0.3497942
Moved 4260.197 364 525.1869 0.009259283 0.3528468
Stationary 4260.214 364 525.1869 0.009259283 0.3528468
Stationary 4260.228 364 525 0.009259283 0.3523662
Stationary 4260.244 364 525 0.009259283 0.3523662
Stationary 4260.26 364 525 0.009259283 0.3523662
Stationary 4260.275 364 525 0.009259283 0.3523662
Moved 4260.291 355.4644 525 -0.01049911 0.3523662
Moved 4260.307 352.6621 525 -0.01698578 0.3523662
Moved 4260.321 347.044 525 -0.02999072 0.3523662
Moved 4260.338 339.821 525 -0.04671067 0.3523662
Moved 4260.352 334.5768 525 -0.05884995 0.3523662
Moved 4260.375 324.5842 525 -0.08198097 0.3523662
Stationary 4260.386 324.5842 525 -0.08198097 0.3523662
Moved 4260.397 321.6213 517.2071 -0.08883949 0.3323227
Moved 4260.413 319.1072 517 -0.09465918 0.33179
Moved 4260.429 316.262 515.631 -0.1012454 0.3282689
Moved 4260.444 314.1894 515.1894 -0.106043 0.3271331
Moved 4260.459 311.5014 515 -0.1122652 0.326646
Moved 4260.474 310.311 514 -0.1150208 0.324074
Moved 4260.491 308.8732 512.8732 -0.118349 0.3211759
Moved 4260.505 306.8746 512.4373 -0.1229754 0.3200548
Moved 4260.521 305.2505 511.2505 -0.126735 0.3170022
Moved 4260.538 304.5 510.5 -0.1284722 0.3150719
Moved 4260.552 303.4572 510.4572 -0.130886 0.3149619
Moved 4260.567 302.0185 510 -0.1342164 0.3137859
Moved 4260.583 300.5798 508.5798 -0.1375468 0.3101331
Stationary 4260.599 300.5798 508.5798 -0.1375468 0.3101331
Moved 4260.613 300 507.7051 -0.1388889 0.3078834
Moved 4260.629 298.5 508 -0.1423611 0.3086419
Moved 4260.645 299 506.1951 -0.1412037 0.3039998
Moved 4260.66 297.7564 506 -0.1440824 0.3034978
Moved 4260.675 298 504.3139 -0.1435185 0.2991612
Moved 4260.694 298 502.8824 -0.1435185 0.2954793
Moved 4260.707 298 498.1866 -0.1435185 0.2834018
Moved 4260.722 298 486.9868 -0.1435185 0.2545956
Moved 4260.737 298 469.718 -0.1435185 0.2101798
Moved 4260.754 313.1479 441.1153 -0.108454 0.1366134
Moved 4260.769 327.9295 400.1903 -0.07423723 0.03135359
Moved 4260.785 338.0211 368.5049 -0.05087699 -0.05014168
Moved 4260.799 351.9525 347.8331 -0.01862839 -0.1033101
Moved 4260.814 364.7227 321.2521 0.01093219 -0.1716768
Moved 4260.83 377.0742 301.3701 0.03952354 -0.2228135
Moved 4260.845 386.1069 286.1552 0.06043276 -0.2619466
Moved 4260.861 393.4252 273.5568 0.07737319 -0.2943499
Moved 4260.876 405.3333 256.2222 0.1049382 -0.3389348
Moved 4260.892 412.7557 245.942 0.1221198 -0.3653755
Moved 4260.908 420.5813 236.8218 0.1402345 -0.3888329
Moved 4260.922 428.1637 229.869 0.1577863 -0.4067155
Moved 4260.938 436.8292 222.6423 0.1778453 -0.4253027
Moved 4260.953 440.6174 220.1913 0.1866144 -0.4316068
Moved 4260.969 444.1021 216.8978 0.1946809 -0.4400777
Moved 4260.984 448.4488 214.0342 0.2047425 -0.4474429
Moved 4261.005 451.3604 211.6395 0.2114825 -0.4536021
Stationary 4261.016 451.3604 211.6395 0.2114825 -0.4536021
Moved 4261.03 452.7963 212 0.2148063 -0.4526749
Moved 4261.046 453.5 212 0.2164352 -0.4526749
Stationary 4261.061 453.5 212 0.2164352 -0.4526749
Stationary 4261.076 453.5 212 0.2164352 -0.4526749
Moved 4261.092 453 219.2628 0.2152778 -0.4339949
Moved 4261.107 441.1559 229.4847 0.187861 -0.4077038
Moved 4261.123 431.3644 237.454 0.1651955 -0.3872069
Moved 4261.139 419.3111 245.6349 0.1372942 -0.3661655
Moved 4261.153 408.372 252.7675 0.1119722 -0.3478204
Moved 4261.17 396.8343 258.5829 0.08526455 -0.332863
Moved 4261.186 386.5 264.5 0.06134262 -0.3176441
Moved 4261.2 374.8592 270.5227 0.03439625 -0.3021536
Moved 4261.216 359.2657 279.0369 -0.001699875 -0.2802548
Moved 4261.23 346.9413 287.9215 -0.0302285 -0.2574035
Moved 4261.247 333.9873 295.1182 -0.0602145 -0.2388936
Moved 4261.262 323.0728 302.9514 -0.08547952 -0.2187463
Moved 4261.277 311.2387 310.4758 -0.1128734 -0.1993934
Moved 4261.299 289.4526 324.9285 -0.1633042 -0.162221
Stationary 4261.31 289.4526 324.9285 -0.1633042 -0.162221
Moved 4261.323 279.4273 331.3818 -0.1865108 -0.1456232
Moved 4261.339 269.2501 338.1428 -0.2100692 -0.1282336
Moved 4261.354 260.1782 343.8812 -0.2310691 -0.1134743
Moved 4261.369 250.1381 349.6354 -0.2543099 -0.09867444
Moved 4261.385 243.7597 354.5442 -0.2690748 -0.08604897
Moved 4261.4 236.5683 360.1454 -0.2857215 -0.07164261
Moved 4261.415 232.9116 361.5442 -0.2941862 -0.06804486
Moved 4261.431 224.7162 367.2838 -0.3131569 -0.0532826
Moved 4261.446 216.4788 373.0142 -0.3322251 -0.0385439
Moved 4261.462 212.2181 376.0865 -0.3420878 -0.03064175
Moved 4261.478 207.6312 380.3688 -0.3527056 -0.01962756
Moved 4261.493 205.4284 383.1432 -0.3578047 -0.01249172
Moved 4261.508 202.9915 386.0085 -0.3634456 -0.005122251
Moved 4261.524 201.8868 388.2265 -0.3660029 0.0005825262
Moved 4261.539 200.4239 390.576 -0.3693891 0.006625642
Moved 4261.554 198.9842 392.0157 -0.3727217 0.01032857
Moved 4261.569 199 394.9172 -0.3726852 0.01779117
Moved 4261.589 198 395.8926 -0.375 0.02029972
Moved 4261.6 198 397.3282 -0.375 0.02399221
Moved 4261.615 198 399.7578 -0.375 0.03024113
Moved 4261.631 198 401.7966 -0.375 0.03548516
Moved 4261.647 198 405.877 -0.375 0.04597978
Moved 4261.662 209.4099 411.9399 -0.3485881 0.0615738
Moved 4261.677 219.2497 418.8926 -0.3258109 0.07945629
Moved 4261.692 241.2098 432.1399 -0.2749773 0.1135284
Moved 4261.709 259.6682 444.4454 -0.2322496 0.1451785
Moved 4261.725 277.4253 453.954 -0.1911451 0.1696348
Moved 4261.742 290.8081 462.0848 -0.1601665 0.1905474
Moved 4261.755 306.9442 472.9614 -0.1228142 0.2185219
Moved 4261.771 318.5085 481.6314 -0.09604508 0.2408214
Moved 4261.787 328.1504 489.2718 -0.07372588 0.2604726
Moved 4261.801 336.8833 496.5694 -0.05351086 0.2792422
Moved 4261.816 343.0143 503.0143 -0.03931865 0.2958187
Moved 4261.833 347.5769 508.7692 -0.02875725 0.3106202
Moved 4261.847 351.5 511 -0.01967594 0.3163579
Moved 4261.866 354.486 514.2289 -0.01276399 0.3246628
Moved 4261.878 358.5242 516.1747 -0.00341629 0.3296674
Moved 4261.893 361.2415 518.6208 0.002873937 0.3359587
Moved 4261.909 364.1475 520.0737 0.009600719 0.3396957
Moved 4261.925 368.4703 521.4901 0.01960725 0.3433386
Moved 4261.94 371.8718 522.9359 0.02748112 0.3470573
Moved 4261.955 377.5461 524.3865 0.04061589 0.3507883
Moved 4261.972 381.3853 525.3463 0.04950295 0.3532569
Moved 4261.986 397.1182 526.902 0.08592179 0.3572582
Moved 4262.001 414.0854 528.3405 0.1251978 0.3609579
Moved 4262.017 428.9756 529 0.1596658 0.3626543
Moved 4262.033 449.1243 530.2083 0.2063063 0.365762
Moved 4262.048 467.8633 530 0.2496835 0.3652262
Moved 4262.063 482.8542 531.0949 0.2843846 0.3680423
Moved 4262.079 497.1851 532.1681 0.3175581 0.3708026
Moved 4262.094 514.3284 532 0.3572416 0.3703703
Moved 4262.109 526.8805 532 0.3862974 0.3703703
Moved 4262.125 538.8682 532 0.4140466 0.3703703
Moved 4262.146 558.9133 532 0.4604476 0.3703703
Stationary 4262.157 558.9133 532 0.4604476 0.3703703
Moved 4262.169 566.2808 532 0.4775017 0.3703703
Moved 4262.186 570.8847 532 0.4881591 0.3703703
Moved 4262.201 575.2009 532 0.4981502 0.3703703
Moved 4262.217 579.5256 526.1069 0.5081612 0.3552131
Moved 4262.232 583.8421 523.7193 0.518153 0.3490722
Moved 4262.247 586.4387 523.2806 0.5241637 0.3479439
Moved 4262.263 588.1582 521.8418 0.5281439 0.3442432
Moved 4262.278 590.5986 520.4014 0.5337932 0.3405384
Moved 4262.294 591.7594 519.2406 0.53648 0.3375529
Moved 4262.309 593.1066 517.8934 0.5395985 0.334088
Moved 4262.324 594 516.4557 0.5416667 0.3303901
Moved 4262.342 595.0299 513.9401 0.5440507 0.32392
Moved 4262.357 595 509.6027 0.5439815 0.312764
Moved 4262.372 595 503.3783 0.5439815 0.2967548
Moved 4262.388 595 494.9571 0.5439815 0.2750953
Moved 4262.409 575.8593 467.5038 0.4996744 0.2044849
Stationary 4262.42 575.8593 467.5038 0.4996744 0.2044849
Moved 4262.433 564.4278 448.8202 0.4732125 0.1564304
Moved 4262.449 542.6003 415.0006 0.422686 0.06944593
Moved 4262.463 521.0726 377.926 0.3728532 -0.02591066
Moved 4262.479 504.093 347.4418 0.3335487 -0.1043163
Moved 4262.495 491.4644 323.9957 0.3043157 -0.1646202
Moved 4262.51 481.5 302.5 0.28125 -0.2199075
Moved 4262.526 479.2471 294.157 0.276035 -0.2413658
Moved 4262.541 474.9359 279.7864 0.2660554 -0.2783272
Moved 4262.556 473.0854 271.2562 0.2617718 -0.3002671
Moved 4262.572 470.2137 263.5342 0.2551243 -0.3201282
Moved 4262.587 467.3417 253.696 0.2484763 -0.345432
Moved 4262.603 463.4643 246.1608 0.2395007 -0.3648128
Moved 4262.618 461.8064 241.4193 0.2356631 -0.377008
Moved 4262.634 460.7306 238.1918 0.2331727 -0.3853094
Moved 4262.648 459.231 232.6931 0.2297015 -0.3994519
Moved 4262.668 457.728 228.1841 0.2262223 -0.4110492
Moved 4262.68 456.2872 224.5745 0.2228871 -0.4203332
Moved 4262.695 453.697 220.5455 0.2168913 -0.4306957
Moved 4262.709 453 216.8218 0.2152778 -0.4402732
Moved 4262.726 451.9739 214.9739 0.2129025 -0.4450261
Moved 4262.743 450.9014 212.8027 0.2104198 -0.4506103
Moved 4262.757 450 211.4297 0.2083333 -0.4541418
Moved 4262.772 448.9881 209.988 0.2059909 -0.4578498
Moved 4262.791 447.5534 207.1069 0.20267 -0.46526
Moved 4262.803 447.1135 205.2269 0.2016517 -0.4700954
Moved 4262.818 445.6747 203.6747 0.1983209 -0.4740877
Moved 4262.837 445.2346 202.2346 0.1973024 -0.4777917
Moved 4262.849 445 201.1205 0.1967593 -0.4806572
Moved 4262.865 445 199.7223 0.1967593 -0.4842534
Moved 4262.881 443.5 198.5 0.193287 -0.4873972
Moved 4262.896 444 197.9243 0.1944444 -0.4888779
Moved 4262.911 443 197.4047 0.1921296 -0.4902143
Moved 4262.93 443 196.5 0.1921296 -0.4925411
Stationary 4262.942 443 196.5 0.1921296 -0.4925411
Moved 4262.956 442 196 0.1898148 -0.4938272
Stationary 4262.971 442 196 0.1898148 -0.4938272
Stationary 4262.987 442 196 0.1898148 -0.4938272
Moved 4263.002 440.6271 194.6271 0.1866368 -0.4973584
Stationary 4263.018 440.6271 194.6271 0.1866368 -0.4973584
Stationary 4263.034 440.6271 194.6271 0.1866368 -0.4973584
Ended 4263.05 441 194 0.1875 -0.4989713
Candidates 4263.172 12 observation infection incubation invention obstruction installation indication dimension instruction inactivation imagination information
Began 4263.618 445 271 0.1967593 -0.300926
Stationary 4263.637 445 271 0.1967593 -0.300926
Moved 4263.651 445 285.0056 0.1967593 -0.2649034
Moved 4263.667 445 310.4127 0.1967593 -0.1995558
Moved 4263.683 445 338.8784 0.1967593 -0.1263417
Moved 4263.704 457.1396 429.942 0.2248601 0.1078753
Stationary 4263.715 457.1396 429.942 0.2248601 0.1078753
Moved 4263.728 461.4202 456.9944 0.2347689 0.1774547
Moved 4263.744 465.4689 479.7271 0.2441409 0.2359235
Moved 4263.76 469.1027 499.6161 0.2525525 0.2870785
Moved 4263.775 471.9641 512.3384 0.2591761 0.3198004
Moved 4263.79 473.8636 521.6589 0.263573 0.3437727
Moved 4263.805 475.3669 527.4677 0.267053 0.3587132
Ended 4263.82 477 530 0.2708333 0.3652262
Accept 4263.864 0 observation
Began 4264.28 496 328 0.3148148 -0.1543211
Stationary 4264.297 496 328 0.3148148 -0.1543211
Stationary 4264.313 496 328 0.3148148 -0.1543211
Stationary 4264.33 496 328 0.3148148 -0.1543211
Moved 4264.343 482.9192 343.0933 0.2845352 -0.1155009
Moved 4264.364 470.1781 355.8218 0.255042 -0.08276284
Moved 4264.375 456.5284 376.9621 0.2234455 -0.02838975
Moved 4264.391 447.1334 390.7999 0.2016978 0.007201222
Moved 4264.406 438.7639 400.7951 0.1823239 0.03290914
Moved 4264.421 428.7047 415.943 0.1590385 0.07186975
Moved 4264.437 419.1614 432.1519 0.1369477 0.1135593
Moved 4264.452 411.8141 444.2789 0.1199399 0.1447503
Moved 4264.468 404.3138 454.9606 0.1025783 0.1722238
Moved 4264.485 397.096 463.904 0.08587033 0.1952262
Moved 4264.499 390.9524 470.0476 0.07164916 0.2110277
Moved 4264.514 386.62 475.475 0.06162037 0.2249872
Moved 4264.53 379.7236 481.7073 0.04565646 0.2410166
Moved 4264.544 373.9867 488.0167 0.03237655 0.2572445
Moved 4264.559 369.6613 492.3387 0.02236406 0.2683609
Moved 4264.576 364.349 495.6509 0.01006723 0.2768799
Moved 4264.598 356.4777 500.7612 -0.008153468 0.2900236
Stationary 4264.608 356.4777 500.7612 -0.008153468 0.2900236
Moved 4264.621 354.2266 501.8867 -0.01336436 0.2929184
Moved 4264.637 351.4145 502 -0.01987388 0.2932098
Moved 4264.653 347.8275 502 -0.0281771 0.2932098
Moved 4264.668 343.5311 502 -0.03812253 0.2932098
Moved 4264.684 335.9633 495.3192 -0.05564059 0.2760265
Moved 4264.699 324.6385 481.6385 -0.08185525 0.2408397
Moved 4264.715 316.1254 470.1672 -0.1015615 0.2113354
Moved 4264.73 306.0742 456.6667 -0.1248283 0.1766119
Moved 4264.744 296.5964 441.3081 -0.1467676 0.1371092
Moved 4264.76 286.5559 422.6038 -0.1700095 0.08900155
Moved 4264.775 281.3251 410.7151 -0.1821179 0.05842365
Moved 4264.791 278.2447 401.7339 -0.1892485 0.03532382
Moved 4264.807 275.3853 393.9634 -0.1958673 0.01533787
Moved 4264.829 272.5 385.5 -0.2025463 -0.006430119
Stationary 4264.84 272.5 385.5 -0.2025463 -0.006430119
Moved 4264.853 272.2109 382.4218 -0.2032156 -0.01434734
Moved 4264.869 272 379.5432 -0.2037037 -0.02175123
Moved 4264.885 272 377.2853 -0.2037037 -0.02755836
Moved 4264.9 272 375.8466 -0.2037037 -0.03125877
Moved 4264.915 272 372.8124 -0.2037037 -0.03906281
Moved 4264.931 280.2696 367.8652 -0.1845611 -0.05178702
Moved 4264.946 284.4176 363.5824 -0.1749593 -0.06280264
Moved 4264.96 289.7278 360.9089 -0.1626672 -0.06967882
Moved 4264.977 295.9189 359.0203 -0.1483358 -0.07453644
Moved 4264.992 303.0715 356.1714 -0.1317789 -0.08186379
Moved 4265.007 311.9626 354.2964 -0.1111977 -0.08668632
Moved 4265.022 319.451 354 -0.09386351 -0.08744855
Moved 4265.039 328.6443 353 -0.07258262 -0.09002065
Moved 4265.057 335.8215 353 -0.05596866 -0.09002065
Moved 4265.068 339.8521 353 -0.0466387 -0.09002065
Moved 4265.084 344.4366 353 -0.03602649 -0.09002065
Moved 4265.1 347.3191 353 -0.02935395 -0.09002065
Moved 4265.115 350.199 353 -0.02268741 -0.09002065
Ended 4265.131 353.073 353 -0.01603479 -0.09002065
Candidates 4265.267 12 was read era wes reads ra grass es tea ras head dead
Began 4265.685 447 269 0.2013889 -0.30607
Stationary 4265.701 447 269 0.2013889 -0.30607
Moved 4265.716 447 281.6171 0.2013889 -0.2736186
Moved 4265.732 447 307.1031 0.2013889 -0.208068
Moved 4265.748 447 344.6799 0.2013889 -0.1114202
Moved 4265.763 447 387.2261 0.2013889 -0.001990668
Moved 4265.78 447 420.3171 0.2013889 0.08312017
Moved 4265.801 447 447.8795 0.2013889 0.1540109
Stationary 4265.811 447 447.8795 0.2013889 0.1540109
Moved 4265.824 447 458.8574 0.2013889 0.1822464
Moved 4265.84 447 468.9572 0.2013889 0.208223
Ended 4265.855 447 475 0.2013889 0.2237653
Accept 4265.898 0 was
Began 4266.375 455 379 0.2199073 -0.02314815
Stationary 4266.395 455 379 0.2199073 -0.02314815
Stationary 4266.409 455 379 0.2199073 -0.02314815
Stationary 4266.424 455 379 0.2199073 -0.02314815
Moved 4266.44 473.569 356.8399 0.2628911 -0.08014435
Moved 4266.456 483.6272 345.1403 0.286174 -0.1102359
Moved 4266.471 497.3145 332.0212 0.3178576 -0.1439783
Moved 4266.486 506.7719 323.0746 0.3397496 -0.1669891
Moved 4266.508 527.4068 298.9119 0.3875157 -0.2291362
Stationary 4266.519 527.4068 298.9119 0.3875157 -0.2291362
Moved 4266.533 534.6119 289.1433 0.4041943 -0.2542611
Moved 4266.549 539.6872 282.188 0.4159425 -0.2721503
Moved 4266.564 544.987 274.0195 0.4282107 -0.2931596
Moved 4266.581 547.8546 268.2908 0.4348487 -0.3078941
Moved 4266.595 549.3 265.05 0.4381944 -0.3162293
Moved 4266.611 550.9711 261.0868 0.4420626 -0.3264229
Moved 4266.626 552.4098 258.1805 0.445393 -0.333898
Moved 4266.642 552 254.2972 0.4444444 -0.3438857
Moved 4266.657 552 251.4197 0.4444444 -0.3512869
Moved 4266.673 552 248.5361 0.4444444 -0.3587033
Moved 4266.688 552 246.8323 0.4444444 -0.3630858
Moved 4266.704 534 245.5 0.4027778 -0.3665124
Moved 4266.725 494.0447 259.3802 0.3102887 -0.3308123
Stationary 4266.735 494.0447 259.3802 0.3102887 -0.3308123
Moved 4266.75 470.031 269.4307 0.2547015 -0.3049623
Moved 4266.765 447.0927 280.9506 0.2016034 -0.275333
Moved 4266.78 425.6318 292.3964 0.1519255 -0.2458942
Moved 4266.795 406.7094 301.0796 0.1081235 -0.2235608
Moved 4266.81 389.3571 308.5179 0.06795634 -0.2044294
Moved 4266.826 376.7596 313.6962 0.03879537 -0.1911107
Moved 4266.843 362.3966 319.4413 0.005547801 -0.1763341
Moved 4266.857 349.3122 325.1946 -0.0247403 -0.1615366
Moved 4266.874 336.798 329.4863 -0.05370825 -0.1504983
Moved 4266.888 325.5717 333.5356 -0.07969518 -0.1400832
Moved 4266.903 316.0437 336.2391 -0.1017506 -0.1331299
Moved 4266.924 303.4926 341.2255 -0.1308042 -0.1203048
Moved 4266.936 296.2655 344.3148 -0.1475335 -0.1123592
Moved 4266.95 286.0736 348.1705 -0.1711259 -0.102442
Moved 4266.967 277.8489 351.0504 -0.1901646 -0.09503525
Moved 4266.98 272.1445 353.9278 -0.2033692 -0.08763427
Moved 4266.996 267.4097 355.7951 -0.2143293 -0.08283159
Moved 4267.011 261.6266 357.3433 -0.2277161 -0.07884955
Moved 4267.028 259.451 358.549 -0.2327522 -0.07574859
Moved 4267.042 257.1363 359 -0.2381104 -0.07458848
Moved 4267.058 255.65 360.35 -0.2415508 -0.0711164
Moved 4267.074 254.2151 361.7849 -0.2448725 -0.06742579
Moved 4267.09 252.7677 363.2322 -0.2482228 -0.06370316
Moved 4267.104 252 364.6643 -0.25 -0.06001987
Moved 4267.125 252 367.5482 -0.25 -0.05260263
Stationary 4267.138 252 367.5482 -0.25 -0.05260263
Moved 4267.15 252 369.4697 -0.25 -0.04766032
Moved 4267.166 264.0064 372.183 -0.2222074 -0.0406817
Moved 4267.182 275.2234 375.0558 -0.196242 -0.03329265
Moved 4267.196 288.654 376.9654 -0.1651528 -0.02838119
Moved 4267.211 304.4885 378.408 -0.1284988 -0.02467081
Moved 4267.227 315.6372 379.8486 -0.1026916 -0.02096568
Moved 4267.243 326.0111 380 -0.07867809 -0.02057613
Moved 4267.258 334.5 380 -0.05902777 -0.02057613
Moved 4267.274 342.96 380 -0.03944447 -0.02057613
Moved 4267.29 350.5322 380 -0.02191613 -0.02057613
Moved 4267.304 356.9581 380 -0.007041445 -0.02057613
Moved 4267.324 361.5416 380 0.003568431 -0.02057613
Moved 4267.335 364.2217 380 0.00977238 -0.02057613
Moved 4267.35 366.0466 380 0.01399666 -0.02057613
Moved 4267.366 367.4825 380 0.01732071 -0.02057613
Stationary 4267.381 367.4825 380 0.01732071 -0.02057613
Moved 4267.396 368.3217 380 0.01926313 -0.02057613
Stationary 4267.412 368 380 0.01851857 -0.02057613
Moved 4267.427 368 381.9226 0.01851857 -0.01563115
Moved 4267.443 368 386.1001 0.01851857 -0.004886658
Moved 4267.458 368 393.8076 0.01851857 0.01493721
Moved 4267.475 358.049 403.7072 -0.004516343 0.04039901
Moved 4267.49 356.2683 408.2195 -0.008638154 0.05200476
Moved 4267.505 347.9193 425.9316 -0.02796461 0.0975606
Moved 4267.524 340.9479 441.3146 -0.04410208 0.1371259
Moved 4267.536 336.0454 451.2123 -0.05545044 0.1625829
Moved 4267.551 332.8248 462.7009 -0.06290555 0.1921318
Moved 4267.567 328.9352 474.662 -0.07190932 0.2228962
Moved 4267.581 326.0522 483.8173 -0.07858281 0.2464435
Moved 4267.597 324.9115 489.4423 -0.08122329 0.260911
Ended 4267.612 325 494 -0.08101851 0.2726337
Candidates 4267.797 12 made base mar matt masses bar mart nasdaq matter maze mate bad
Began 4268.303 451 213 0.2106482 -0.4501029
Stationary 4268.322 451 213 0.2106482 -0.4501029
Moved 4268.337 451 238.9127 0.2106482 -0.383455
Moved 4268.353 439.4747 271.1519 0.1839691 -0.3005352
Moved 4268.368 429.7756 321.4399 0.1615176 -0.1711936
Moved 4268.391 416.6133 423.5748 0.1310492 0.09149877
Stationary 4268.402 416.6133 423.5748 0.1310492 0.09149877
Moved 4268.414 414 459 0.125 0.1826131
Moved 4268.43 415 477.1874 0.1273148 0.2293914
Moved 4268.445 415 503.4122 0.1273148 0.2968419
Moved 4268.46 415 518.9407 0.1273148 0.3367815
Moved 4268.476 423.6761 539.2677 0.1473984 0.3890629
Ended 4268.491 423.6761 539.2677 0.1473984 0.3890629
Accept 4268.518 0 made
PhraseEnd 4269.446
