with each step forward
with each step forward
Basic
0.6 0.6
432 388.8
Began 1274.011 282 405 -0.1805555 0.04372424
Stationary 1274.029 282 405 -0.1805555 0.04372424
Stationary 1274.049 282 405 -0.1805555 0.04372424
Stationary 1274.06 282 405 -0.1805555 0.04372424
Stationary 1274.074 282 405 -0.1805555 0.04372424
Moved 1274.09 269.5639 405 -0.2093429 0.04372424
Moved 1274.107 267.3877 405 -0.2143803 0.04372424
Moved 1274.123 263.2471 405 -0.2239649 0.04372424
Moved 1274.138 261.5885 405 -0.2278045 0.04372424
Moved 1274.153 257.6712 405 -0.2368721 0.04372424
Moved 1274.168 253.8706 412.3019 -0.2456699 0.06250472
Moved 1274.183 249.6953 412 -0.255335 0.06172835
Moved 1274.199 247.3824 413.8088 -0.260689 0.06638063
Moved 1274.214 243.4063 415.1979 -0.2698927 0.06995331
Moved 1274.229 241.4157 415.5842 -0.2745006 0.07094701
Moved 1274.245 239.5268 416.7366 -0.2788733 0.07391106
Moved 1274.26 236.9297 418.0351 -0.2848848 0.07725068
Moved 1274.276 235.5812 419.4188 -0.2880064 0.08080949
Moved 1274.293 234.1977 419.8023 -0.2912091 0.08179601
Moved 1274.307 232.8141 420 -0.2944117 0.08230445
Moved 1274.323 231.4306 421.5694 -0.2976144 0.08634099
Moved 1274.338 230.047 422 -0.300817 0.08744851
Moved 1274.353 228.6671 423.3329 -0.3040114 0.09087683
Moved 1274.369 227.7155 423 -0.3062142 0.09002049
Moved 1274.385 226.2416 424.7584 -0.3096259 0.09454318
Moved 1274.399 224.8513 426.1487 -0.3128442 0.09811895
Moved 1274.414 223.5 429 -0.3159722 0.1054526
Moved 1274.43 221.1811 431.7283 -0.32134 0.1124698
Moved 1274.445 218.4145 438.4637 -0.3277442 0.1297933
Moved 1274.46 217.3246 443.7015 -0.3302671 0.1432652
Moved 1274.476 215.3538 449.1155 -0.3348292 0.15719
Moved 1274.493 213.8475 455.7628 -0.3383161 0.1742868
Moved 1274.508 212.4662 463.7368 -0.3415135 0.1947962
Moved 1274.523 210.1652 473.4217 -0.3468397 0.2197059
Moved 1274.537 210 480.4872 -0.3472222 0.2378785
Moved 1274.554 209 489.0688 -0.349537 0.2599506
Moved 1274.568 209 494.1791 -0.349537 0.2730944
Moved 1274.583 209 501.2171 -0.349537 0.2911962
Moved 1274.6 209 503.1504 -0.349537 0.2961687
Moved 1274.616 209 506.7904 -0.349537 0.3055308
Moved 1274.631 209 509.5372 -0.349537 0.3125955
Moved 1274.647 209 511.6525 -0.349537 0.318036
Moved 1274.661 209 513.0295 -0.349537 0.3215778
Moved 1274.677 209 514.4211 -0.349537 0.325157
Moved 1274.692 209 516.5925 -0.349537 0.330742
Moved 1274.708 209 517.8721 -0.349537 0.3340332
Moved 1274.722 223.5664 521.6416 -0.3158185 0.3437284
Moved 1274.74 233.1972 525.1992 -0.2935249 0.3528786
Moved 1274.754 245.8316 526.9832 -0.2642788 0.3574669
Moved 1274.77 258.3336 528.3704 -0.2353389 0.361035
Moved 1274.785 271.5784 528 -0.2046796 0.3600822
Moved 1274.8 287.6302 528 -0.1675227 0.3600822
Moved 1274.815 304 528 -0.1296296 0.3600822
Moved 1274.831 318.9358 528 -0.09505606 0.3600822
Moved 1274.847 337.6071 521.2115 -0.05183543 0.3426222
Moved 1274.861 354.4621 518.2563 -0.01281927 0.3350214
Moved 1274.877 368.5298 515.4941 0.01974483 0.3279168
Moved 1274.893 384.564 513.8697 0.05686114 0.3237389
Moved 1274.907 401 509.5 0.09490739 0.3124999
Moved 1274.933 419.697 508.0433 0.1381874 0.3087532
Moved 1274.945 431.865 505.3633 0.1663541 0.3018604
Stationary 1274.956 431.865 505.3633 0.1663541 0.3018604
Moved 1274.969 443.5836 504.3021 0.1934806 0.2991307
Moved 1274.984 455.7645 504 0.2216771 0.2983539
Moved 1275 462.2413 504 0.2366698 0.2983539
Moved 1275.016 469.2149 504 0.2528122 0.2983539
Moved 1275.031 474.9216 504 0.2660222 0.2983539
Moved 1275.046 478.5 504 0.2743055 0.2983539
Moved 1275.061 480.4199 504 0.2787496 0.2983539
Moved 1275.078 483.1914 504 0.2851654 0.2983539
Moved 1275.094 485.958 504 0.2915694 0.2983539
Moved 1275.109 488.7498 504 0.2980321 0.2983539
Moved 1275.123 490.2495 504 0.3015035 0.2983539
Stationary 1275.139 490.2495 504 0.3015035 0.2983539
Moved 1275.154 492.0244 504 0.305612 0.2983539
Stationary 1275.17 492.0244 504 0.305612 0.2983539
Stationary 1275.184 492.0244 504 0.305612 0.2983539
Stationary 1275.199 492.0244 504 0.305612 0.2983539
Stationary 1275.216 492.0244 504 0.305612 0.2983539
Stationary 1275.23 492 504 0.3055556 0.2983539
Moved 1275.247 478.198 510.901 0.2736066 0.3161033
Moved 1275.262 464.3059 515.1082 0.241449 0.3269244
Moved 1275.277 448.5 520 0.2048611 0.3395061
Moved 1275.295 425.9032 525.1326 0.1525537 0.3527073
Moved 1275.309 411.4713 528.3397 0.1191465 0.360956
Moved 1275.324 398 531 0.08796295 0.3677982
Moved 1275.339 385.4066 532.9419 0.0588117 0.3727928
Moved 1275.355 372.6996 534.3667 0.02939721 0.3764574
Moved 1275.371 363.4861 535.7523 0.008069674 0.3800213
Moved 1275.386 354.0633 536 -0.0137424 0.3806583
Moved 1275.401 346.9209 536 -0.03027563 0.3806583
Moved 1275.418 334.3221 536 -0.05943964 0.3806583
Moved 1275.432 323.2455 536 -0.08507992 0.3806583
Moved 1275.447 313.5222 536 -0.1075876 0.3806583
Moved 1275.462 305.83 536 -0.1253936 0.3806583
Moved 1275.477 298.4146 536 -0.1425589 0.3806583
Moved 1275.492 291.5 536 -0.1585648 0.3806583
Moved 1275.508 289.5 525.5 -0.1631944 0.3536522
Moved 1275.524 282.3306 526.0826 -0.1797902 0.3551507
Moved 1275.54 276.8213 522.116 -0.1925432 0.3449485
Moved 1275.554 271.9655 519.6437 -0.2037835 0.3385896
Moved 1275.57 266.7605 516.8802 -0.2158321 0.3314821
Moved 1275.587 262.69 515.5633 -0.2252547 0.3280948
Moved 1275.6 258.5573 513.1857 -0.2348212 0.3219797
Moved 1275.617 255.6183 510.6183 -0.2416242 0.3153764
Moved 1275.632 252.3526 508.5684 -0.2491838 0.3101039
Moved 1275.647 249.6877 506.3439 -0.2553526 0.3043824
Moved 1275.664 247.9078 504.9078 -0.2594726 0.3006888
Moved 1275.678 245.0365 503.5182 -0.2661192 0.2971148
Moved 1275.695 244.1448 502.1448 -0.2681833 0.2935824
Moved 1275.709 242.7682 502 -0.2713698 0.2932098
Moved 1275.725 242 500.3823 -0.2731481 0.2890491
Moved 1275.74 241.2447 499.2447 -0.2748967 0.2861231
Moved 1275.755 239.9487 499 -0.2778965 0.2854938
Moved 1275.771 240 497.5715 -0.2777777 0.2818196
Moved 1275.786 240 496.5 -0.2777777 0.2790637
Moved 1275.802 240 495.9045 -0.2777777 0.277532
Stationary 1275.818 240 495.9045 -0.2777777 0.277532
Moved 1275.839 240 495 -0.2777777 0.2752057
Stationary 1275.85 240 495 -0.2777777 0.2752057
Moved 1275.862 240 493.7357 -0.2777777 0.271954
Moved 1275.879 248.4882 493 -0.2581292 0.2700616
Moved 1275.894 253.4656 493 -0.2466074 0.2700616
Moved 1275.909 258.9766 493 -0.2338505 0.2700616
Moved 1275.925 271.7946 493 -0.204179 0.2700616
Moved 1275.941 287.9123 493 -0.1668697 0.2700616
Moved 1275.956 304.8896 503.4724 -0.1275703 0.2969969
Moved 1275.971 317.8078 506.5129 -0.09766708 0.304817
Moved 1275.987 338.1475 510.4026 -0.05058442 0.3148215
Moved 1276.001 349.5 511.5 -0.02430553 0.317644
Moved 1276.017 360.3067 512 0.0007098913 0.31893
Moved 1276.033 369.9369 512 0.02300203 0.31893
Moved 1276.048 378.2949 512 0.0423492 0.31893
Moved 1276.064 384.1508 512 0.05590479 0.31893
Moved 1276.079 388.2494 512 0.06539205 0.31893
Moved 1276.095 392.3785 512 0.07495026 0.31893
Moved 1276.11 395.6777 512 0.0825873 0.31893
Moved 1276.126 398.4417 512 0.08898547 0.31893
Moved 1276.142 400.5963 512 0.09397298 0.31893
Moved 1276.156 401.9751 512 0.09716451 0.31893
Moved 1276.172 403.3538 512 0.100356 0.31893
Moved 1276.19 403.7333 512 0.1012344 0.31893
Moved 1276.203 404.8622 512 0.1038478 0.31893
Moved 1276.219 405.5 512 0.1053241 0.31893
Moved 1276.234 406.5318 512 0.1077125 0.31893
Moved 1276.251 407.5 512 0.1099537 0.31893
Stationary 1276.265 407.5 512 0.1099537 0.31893
Moved 1276.279 408.2222 512 0.1116254 0.31893
Stationary 1276.295 408.2222 512 0.1116254 0.31893
Moved 1276.311 409.1402 512 0.1137504 0.31893
Stationary 1276.325 409.1402 512 0.1137504 0.31893
Stationary 1276.341 409.1402 512 0.1137504 0.31893
Stationary 1276.357 409.1402 512 0.1137504 0.31893
Stationary 1276.371 409.1402 512 0.1137504 0.31893
Stationary 1276.386 409.1402 512 0.1137504 0.31893
Moved 1276.402 410.0976 504.3168 0.1159667 0.2991687
Moved 1276.418 410 505 0.1157407 0.3009258
Stationary 1276.432 410 505 0.1157407 0.3009258
Stationary 1276.448 410 505 0.1157407 0.3009258
Moved 1276.463 410 503.7416 0.1157407 0.2976891
Stationary 1276.484 410 503.7416 0.1157407 0.2976891
Moved 1276.494 410 501.7137 0.1157407 0.2924736
Stationary 1276.509 410 501.7137 0.1157407 0.2924736
Moved 1276.526 410 499.9503 0.1157407 0.2879378
Moved 1276.543 410 498.5627 0.1157407 0.284369
Moved 1276.558 410 497.6163 0.1157407 0.2819348
Stationary 1276.573 410 497.6163 0.1157407 0.2819348
Moved 1276.588 410 496.6404 0.1157407 0.2794249
Moved 1276.603 410 495.6728 0.1157407 0.2769361
Moved 1276.619 410 494.9778 0.1157407 0.2751486
Moved 1276.634 410 493.5721 0.1157407 0.2715332
Moved 1276.648 410 493.1858 0.1157407 0.2705395
Moved 1276.667 410 492.106 0.1157407 0.2677621
Moved 1276.681 410 490.7584 0.1157407 0.2642963
Moved 1276.698 402.3766 486.5062 0.09809384 0.2533594
Moved 1276.711 401.0023 479.0135 0.09491265 0.2340881
Moved 1276.727 398.2297 469.304 0.08849472 0.2091152
Moved 1276.742 397.2303 457.3031 0.08618127 0.1782486
Moved 1276.757 395.8524 446.9669 0.08299172 0.1516638
Moved 1276.773 393 430 0.07638891 0.1080246
Moved 1276.789 393 424.6978 0.07638891 0.09438718
Moved 1276.804 393 414.9581 0.07638891 0.06933656
Moved 1276.819 391.6181 408.0905 0.07319003 0.05167286
Moved 1276.834 392 401.1618 0.07407407 0.0338523
Moved 1276.85 390.8613 396.5838 0.07143816 0.02207756
Moved 1276.866 391 392.5 0.07175922 0.01157403
Moved 1276.88 389.0847 388.2542 0.06732573 0.000653679
Ended 1276.895 389 388 0.06712963 -3.924585E-08
Candidates 1277.001 12 with worth growth work truth weird dried word depth retired sword grief
Began 1277.48 401 372 0.09490739 -0.04115226
Stationary 1277.499 401 372 0.09490739 -0.04115226
Moved 1277.513 401 417.2254 0.09490739 0.07516821
Moved 1277.528 401 487.8989 0.09490739 0.2569414
Moved 1277.543 434.6078 602.0018 0.1727032 0.550416
Ended 1277.559 460.5 677 0.2326389 0.7433126
Accept 1277.587 0 with
Began 1278.494 400 408 0.09259263 0.05144025
Stationary 1278.506 400 408 0.09259263 0.05144025
Stationary 1278.517 400 408 0.09259263 0.05144025
Stationary 1278.528 400 408 0.09259263 0.05144025
Stationary 1278.545 400 408 0.09259263 0.05144025
Stationary 1278.56 400 408 0.09259263 0.05144025
Stationary 1278.575 400 408 0.09259263 0.05144025
Moved 1278.591 384.6601 408 0.05708357 0.05144025
Moved 1278.607 377.6146 408 0.04077455 0.05144025
Moved 1278.623 369.2114 422.2474 0.02132277 0.08808477
Moved 1278.638 361.4074 429.5926 0.00325799 0.1069767
Moved 1278.653 354.5435 437.7478 -0.01263072 0.1279521
Moved 1278.669 350.3204 442.6796 -0.02240638 0.1406367
Moved 1278.684 344.7776 449.278 -0.03523713 0.157608
Moved 1278.7 340.6834 453.3166 -0.04471426 0.1679952
Moved 1278.714 337.3498 456.6502 -0.05243103 0.1765694
Moved 1278.73 334.2878 459.7122 -0.05951886 0.1844447
Moved 1278.746 332.7482 462.5036 -0.06308287 0.1916244
Moved 1278.761 330.3594 463.6406 -0.06861255 0.1945489
Moved 1278.776 327.9497 466.0504 -0.07419054 0.2007467
Moved 1278.794 326.5875 467.4125 -0.07734378 0.2042503
Moved 1278.808 324.4099 468.795 -0.08238439 0.2078061
Moved 1278.823 322.8214 471.3572 -0.08606156 0.214396
Moved 1278.839 320 474 -0.09259259 0.2211934
Moved 1278.852 318.7184 476.9225 -0.09555937 0.22871
Moved 1278.868 315.972 480.0281 -0.1019168 0.2366976
Moved 1278.884 314.606 482.7879 -0.1050786 0.2437959
Moved 1278.899 312.4676 485.5323 -0.1100286 0.2508547
Moved 1278.915 310.8578 487.1422 -0.1137551 0.2549953
Moved 1278.93 308.9664 490.5504 -0.1181333 0.2637611
Moved 1278.954 304.0818 498.8364 -0.1294403 0.285073
Stationary 1278.965 304.0818 498.8364 -0.1294403 0.285073
Moved 1278.976 301.356 502.9659 -0.1357499 0.2956942
Moved 1278.992 299.302 506.396 -0.1405046 0.3045163
Moved 1279.008 296.8342 509.1658 -0.1462171 0.3116405
Moved 1279.025 295.5417 511.9165 -0.1492089 0.3187152
Moved 1279.039 294.1534 513.8467 -0.1524228 0.3236796
Moved 1279.053 291.5387 516.4613 -0.1584752 0.3304045
Moved 1279.069 290.5 519 -0.1608796 0.3369341
Moved 1279.085 289.3512 519.6488 -0.1635389 0.3386029
Moved 1279.101 287.9695 521.0306 -0.1667374 0.3421567
Moved 1279.116 286.5858 522.4142 -0.1699402 0.3457154
Moved 1279.131 285.1995 523.8005 -0.1731493 0.3492812
Moved 1279.146 283.8127 525.1873 -0.1763594 0.3528478
Moved 1279.161 282.4249 526 -0.1795719 0.3549381
Moved 1279.178 281.0457 526.9543 -0.1827646 0.3573928
Moved 1279.193 278.9701 528.015 -0.1875692 0.3601207
Moved 1279.207 274.8019 529.3994 -0.1972178 0.3636813
Moved 1279.224 272.4362 530 -0.2026941 0.3652262
Moved 1279.241 268.4959 531.168 -0.211815 0.3682304
Moved 1279.255 265.9057 532 -0.2178109 0.3703703
Moved 1279.269 263.1411 532.9295 -0.2242105 0.372761
Moved 1279.286 261.6872 533 -0.227576 0.3729423
Moved 1279.301 259 533 -0.2337963 0.3729423
Moved 1279.316 257.51 533 -0.2372454 0.3729423
Moved 1279.332 254.7415 533 -0.243654 0.3729423
Moved 1279.348 250.9745 533 -0.2523738 0.3729423
Moved 1279.362 248.2176 533 -0.2587555 0.3729423
Moved 1279.384 241.4079 527.8159 -0.2745187 0.3596086
Stationary 1279.396 241.4079 527.8159 -0.2745187 0.3596086
Moved 1279.407 236.9333 521.9333 -0.2848766 0.3444785
Moved 1279.423 232.6602 516.5753 -0.294768 0.3306977
Moved 1279.439 226.0199 508.0298 -0.3101391 0.3087185
Moved 1279.456 219.6259 499.7511 -0.32494 0.2874255
Moved 1279.47 211.4727 487.7091 -0.3438131 0.2564534
Moved 1279.485 204.1833 477.9111 -0.3606867 0.2312529
Moved 1279.501 196.9158 467.8822 -0.3775096 0.2054583
Moved 1279.516 188.574 458.1696 -0.3968195 0.1804774
Moved 1279.531 185 452 -0.4050926 0.164609
Moved 1279.548 179.5915 447.5916 -0.4176122 0.1532704
Moved 1279.563 175.2918 443.2918 -0.4275652 0.1422114
Moved 1279.578 170.5432 439.1574 -0.4385574 0.1315776
Moved 1279.593 166.015 435.015 -0.4490395 0.1209231
Moved 1279.609 163.2429 432.2429 -0.4554563 0.1137935
Moved 1279.625 160.2379 429.4758 -0.4624122 0.1066764
Moved 1279.64 156.5723 425.5723 -0.4708975 0.09663644
Moved 1279.654 155.8744 423.7487 -0.472513 0.09194617
Moved 1279.67 153 422.5 -0.4791667 0.08873452
Moved 1279.686 152.0651 420.0651 -0.4813308 0.08247191
Moved 1279.701 150.6816 418.6816 -0.4845332 0.07891361
Moved 1279.716 149.3009 417.3009 -0.4877294 0.07536236
Moved 1279.731 149 415.9174 -0.4884259 0.07180386
Moved 1279.746 149 413.0676 -0.4884259 0.06447407
Moved 1279.762 149 412.3538 -0.4884259 0.06263835
Moved 1279.784 149 408.3963 -0.4884259 0.05245954
Stationary 1279.795 149 408.3963 -0.4884259 0.05245954
Moved 1279.809 149 405.6346 -0.4884259 0.0453564
Moved 1279.825 149 401.8101 -0.4884259 0.03551978
Moved 1279.843 149 399.1138 -0.4884259 0.02858476
Moved 1279.854 156.5001 394.4999 -0.4710645 0.01671783
Moved 1279.873 168.9521 386.6986 -0.4422405 -0.00334724
Moved 1279.886 177.6865 382.063 -0.422022 -0.01527001
Moved 1279.9 192.6601 373.8555 -0.3873609 -0.03637989
Moved 1279.916 202.0522 367.9652 -0.3656199 -0.05152988
Moved 1279.932 210.3305 361.0579 -0.3464572 -0.06929547
Moved 1279.948 219.8652 351.9078 -0.3243861 -0.09282963
Moved 1279.962 226.7835 344.0598 -0.3083715 -0.1130149
Moved 1279.977 232.1888 337.8113 -0.2958594 -0.1290863
Moved 1279.995 237.5807 331.7032 -0.2833781 -0.1447964
Moved 1280.008 243.0456 321.9087 -0.2707277 -0.169988
Moved 1280.024 248.5496 312.2882 -0.2579871 -0.194732
Moved 1280.042 252.2902 301.6561 -0.2493282 -0.222078
Moved 1280.055 256.4091 290.9089 -0.2397937 -0.2497199
Moved 1280.07 261.0283 277.3727 -0.2291012 -0.2845352
Moved 1280.086 263.7733 266.7936 -0.2227471 -0.311745
Moved 1280.102 267.8174 255.8202 -0.2133855 -0.3399687
Moved 1280.119 269.4915 250.5256 -0.2095105 -0.3535864
Moved 1280.133 272.7073 244.1707 -0.2020663 -0.3699315
Moved 1280.155 277.4785 234.5646 -0.1910221 -0.3946384
Stationary 1280.167 277.4785 234.5646 -0.1910221 -0.3946384
Moved 1280.179 280.7214 231.2786 -0.1835152 -0.4030902
Moved 1280.195 281 228.5115 -0.1828704 -0.4102072
Moved 1280.21 282.6279 226.3721 -0.179102 -0.4157098
Moved 1280.225 283.7473 225.2527 -0.1765109 -0.4185888
Moved 1280.241 285.0445 223.9556 -0.1735081 -0.421925
Moved 1280.256 285 222.5721 -0.1736111 -0.4254832
Moved 1280.272 286 221.1903 -0.1712963 -0.4290373
Moved 1280.288 286 220.5 -0.1712963 -0.4308128
Moved 1280.301 287.5802 220 -0.1676385 -0.4320988
Moved 1280.317 288.9649 220 -0.1644331 -0.4320988
Moved 1280.333 293.0341 220 -0.1550136 -0.4320988
Moved 1280.348 298.5476 231.7856 -0.1422509 -0.4017859
Moved 1280.364 305.9125 242.4775 -0.1252024 -0.3742862
Moved 1280.379 314.307 252.5249 -0.1057708 -0.3484442
Moved 1280.396 322.2407 264.6639 -0.08740579 -0.3172224
Moved 1280.411 330.9592 276.9456 -0.06722406 -0.2856338
Moved 1280.425 342.0657 292.2154 -0.04151449 -0.2463596
Moved 1280.442 350.35 306.4072 -0.02233788 -0.2098579
Moved 1280.456 359.7208 321.0101 -0.000646313 -0.1722991
Moved 1280.472 372.9266 340.89 0.02992272 -0.1211678
Moved 1280.488 384.8109 361.7164 0.05743255 -0.06760193
Moved 1280.509 408.7949 397.843 0.1129511 0.02531613
Stationary 1280.522 408.7949 397.843 0.1129511 0.02531613
Moved 1280.533 419.8531 413.7797 0.1385489 0.06630579
Moved 1280.549 433.1647 433.747 0.1693626 0.117662
Moved 1280.566 445.4511 449.9349 0.1978036 0.1592975
Moved 1280.58 450.9281 457.5137 0.2104817 0.1787904
Moved 1280.597 458.8753 466.8545 0.228878 0.2028149
Moved 1280.612 466.8346 476.1404 0.2473024 0.2266984
Ended 1280.628 474 485 0.2638889 0.2494856
Candidates 1280.75 12 heavy teach track reach heck each taxi stack tracy attack jack frank
Began 1282.01 430 464 0.162037 0.1954732
Stationary 1282.03 430 464 0.162037 0.1954732
Stationary 1282.046 430 464 0.162037 0.1954732
Stationary 1282.06 430 464 0.162037 0.1954732
Stationary 1282.075 430 464 0.162037 0.1954732
Ended 1282.089 430 464 0.162037 0.1954732
NextCandidatePanel 1282.152
Began 1282.708 427 424 0.1550926 0.09259254
Stationary 1282.723 427 424 0.1550926 0.09259254
Stationary 1282.737 427 424 0.1550926 0.09259254
Moved 1282.757 369.9698 413.4435 0.02307822 0.06544113
Moved 1282.77 319.4136 409.4818 -0.09394997 0.05525153
Moved 1282.784 272.0904 414.3049 -0.2034944 0.0676566
Moved 1282.8 242.3497 419.775 -0.2723387 0.08172577
Moved 1282.815 221.4455 421.3036 -0.3207281 0.08565741
Moved 1282.831 209.5 421 -0.3483796 0.08487643
Ended 1282.846 182 422 -0.412037 0.08744851
Accept 1282.873 5 each
Began 1283.596 376 345 0.03703703 -0.1105968
Stationary 1283.617 376 345 0.03703703 -0.1105968
Stationary 1283.631 376 345 0.03703703 -0.1105968
Stationary 1283.648 376 345 0.03703703 -0.1105968
Stationary 1283.662 376 345 0.03703703 -0.1105968
Stationary 1283.676 376 345 0.03703703 -0.1105968
Stationary 1283.694 376 345 0.03703703 -0.1105968
Stationary 1283.709 376 345 0.03703703 -0.1105968
Moved 1283.723 365.6256 345 0.01302222 -0.1105968
Moved 1283.74 363.2031 345 0.00741452 -0.1105968
Moved 1283.755 360.4434 345 0.001026392 -0.1105968
Moved 1283.771 355.9986 349.67 -0.009262512 -0.09858551
Moved 1283.793 349.1374 356.8626 -0.02514491 -0.08008596
Stationary 1283.805 349.1374 356.8626 -0.02514491 -0.08008596
Moved 1283.816 345.3779 361.4332 -0.03384744 -0.06833041
Moved 1283.832 343.124 362.938 -0.03906483 -0.06445991
Moved 1283.847 340.4035 365.5965 -0.04536226 -0.05762218
Moved 1283.863 338.6364 368.3636 -0.04945288 -0.05050502
Moved 1283.878 336.9395 370.0605 -0.05338068 -0.0461408
Moved 1283.897 334.1193 374.321 -0.05990898 -0.03518273
Moved 1283.909 332.3641 376.6359 -0.06397192 -0.02922882
Moved 1283.925 329.6057 379.3943 -0.07035722 -0.02213411
Moved 1283.94 327 383.5 -0.07638887 -0.01157415
Moved 1283.956 324.7696 386.2305 -0.08155192 -0.004551303
Moved 1283.971 322.0155 390.9691 -0.08792713 0.00763634
Moved 1283.986 319.2634 395.1049 -0.09429762 0.01827381
Moved 1284.003 314.7608 399.2391 -0.1047203 0.02890712
Moved 1284.018 310.6028 402.2648 -0.1143453 0.03668922
Moved 1284.032 305 406.5 -0.1273148 0.04758226
Moved 1284.049 299.2794 410.8137 -0.1405569 0.05867719
Moved 1284.062 296.0053 413.9947 -0.1481359 0.06685865
Moved 1284.086 287.7017 419.5322 -0.1673572 0.08110137
Stationary 1284.097 287.7017 419.5322 -0.1673572 0.08110137
Moved 1284.109 282.4188 422.2906 -0.1795861 0.08819588
Moved 1284.125 275.8746 426.5627 -0.1947348 0.09918389
Moved 1284.14 269.4023 430.6982 -0.2097168 0.1098205
Moved 1284.156 261.3252 434.8374 -0.2284138 0.1204665
Moved 1284.172 257 435.5 -0.2384259 0.1221707
Moved 1284.187 251.4048 436.7191 -0.2513777 0.1253061
Moved 1284.202 246.7035 438.0989 -0.2622605 0.1288551
Moved 1284.218 241.0853 438 -0.2752656 0.1286007
Moved 1284.233 239.2988 439 -0.2794009 0.1311728
Moved 1284.248 236.5468 439 -0.2857714 0.1311728
Moved 1284.263 235 439.6033 -0.2893518 0.1327244
Moved 1284.279 234.0186 440 -0.2916236 0.1337448
Moved 1284.295 234 442.0129 -0.2916667 0.1389219
Moved 1284.31 245.1684 451.7723 -0.265814 0.1640233
Moved 1284.326 257.1993 461.4244 -0.2379646 0.1888486
Moved 1284.34 268.3038 468.8149 -0.2122598 0.2078572
Moved 1284.356 278.2238 476.6865 -0.1892967 0.2281031
Moved 1284.378 292.4428 486.8657 -0.1563824 0.254284
Stationary 1284.39 292.4428 486.8657 -0.1563824 0.254284
Moved 1284.402 298.5 490.5 -0.1423611 0.2636316
Moved 1284.418 307.1152 497.6537 -0.1224186 0.2820311
Moved 1284.433 314.5338 503.427 -0.1052459 0.2968801
Moved 1284.449 321.4138 507.9311 -0.0893198 0.3084647
Moved 1284.464 327.4165 511.7083 -0.07542471 0.3181795
Moved 1284.479 331.7287 514.4858 -0.06544282 0.3253234
Moved 1284.496 336.8888 518.2592 -0.05349815 0.3350287
Moved 1284.51 341.0424 520.0142 -0.04388327 0.3395425
Moved 1284.526 343.0909 522.0909 -0.03914143 0.3448839
Moved 1284.543 345.8965 523.4482 -0.0326471 0.3483751
Moved 1284.557 347.8279 524 -0.02817621 0.3497942
Moved 1284.572 350.4164 525.2082 -0.02218435 0.3529017
Moved 1284.588 351.5966 525.5966 -0.01945222 0.3539007
Moved 1284.604 352.9813 526 -0.01624694 0.3549381
Moved 1284.619 354.3649 527.3649 -0.01304428 0.3584487
Stationary 1284.632 354.3649 527.3649 -0.01304428 0.3584487
Stationary 1284.653 354.3649 527.3649 -0.01304428 0.3584487
Moved 1284.664 355 528 -0.01157408 0.3600822
Stationary 1284.68 355 528 -0.01157408 0.3600822
Stationary 1284.694 355 528 -0.01157408 0.3600822
Stationary 1284.709 355 528 -0.01157408 0.3600822
Moved 1284.725 355 529.3596 -0.01157408 0.363579
Moved 1284.742 355 530.0768 -0.01157408 0.3654239
Moved 1284.756 344.5214 530 -0.03583009 0.3652262
Moved 1284.771 336.3708 531 -0.0546973 0.3677982
Moved 1284.788 325.0702 531.9922 -0.08085598 0.3703502
Moved 1284.803 315.3427 532 -0.1033733 0.3703703
Moved 1284.818 306.4234 533 -0.1240198 0.3729423
Moved 1284.833 298.0882 533 -0.1433143 0.3729423
Moved 1284.849 291.3338 534 -0.1589496 0.3755144
Moved 1284.864 286.2886 534 -0.1706282 0.3755144
Moved 1284.88 280.2451 534 -0.1846179 0.3755144
Moved 1284.896 274.6608 534 -0.1975444 0.3755144
Moved 1284.911 269.8309 534 -0.2087247 0.3755144
Moved 1284.931 265.678 534 -0.218338 0.3755144
Moved 1284.942 261.5273 534 -0.227946 0.3755144
Moved 1284.957 259.2518 534 -0.2332134 0.3755144
Moved 1284.973 257.7488 534 -0.2366925 0.3755144
Moved 1284.988 256.7559 534 -0.2389911 0.3755144
Moved 1285.004 255.5 534 -0.2418981 0.3755144
Moved 1285.02 256 534 -0.2407407 0.3755144
Stationary 1285.034 256 534 -0.2407407 0.3755144
Stationary 1285.049 256 534 -0.2407407 0.3755144
Moved 1285.066 256 526.2419 -0.2407407 0.3555603
Moved 1285.08 266.5766 523.8078 -0.2162579 0.3492998
Moved 1285.098 272.6447 521.5421 -0.2022114 0.3434725
Moved 1285.112 282.113 517.9576 -0.1802939 0.3342531
Moved 1285.127 288.9694 516.6061 -0.1644228 0.330777
Moved 1285.144 296.6602 512.4466 -0.1466199 0.3200786
Moved 1285.158 302.623 509.6885 -0.1328172 0.3129848
Moved 1285.173 311 505.5 -0.113426 0.3022119
Moved 1285.193 318.4959 504.168 -0.09607419 0.298786
Moved 1285.205 331.92 501.416 -0.06499991 0.2917078
Moved 1285.219 344.6301 499.395 -0.03557856 0.2865096
Moved 1285.235 362.9951 499.2311 0.006933212 0.2860882
Moved 1285.25 383.3153 497.8456 0.05397071 0.2825247
Moved 1285.266 405 498 0.1041667 0.2829217
Moved 1285.281 433.391 497 0.1698866 0.2803498
Moved 1285.296 459.683 495.7009 0.2307477 0.2770084
Moved 1285.311 483.1994 495.3201 0.2851839 0.2760288
Moved 1285.327 503.1755 494.2013 0.3314247 0.2731513
Moved 1285.343 527.2467 492.8752 0.3871452 0.2697406
Moved 1285.358 541.0712 491.4941 0.4191462 0.2661884
Moved 1285.374 556.6633 489.243 0.4552392 0.2603987
Moved 1285.389 566.8012 489 0.4787064 0.2597736
Moved 1285.405 575.1943 487.3611 0.498135 0.2555584
Moved 1285.42 581.1007 487 0.5118071 0.2546296
Moved 1285.441 586.6346 487 0.5246173 0.2546296
Moved 1285.453 590.2971 487 0.5330952 0.2546296
Moved 1285.467 593.6502 487 0.540857 0.2546296
Stationary 1285.481 594 487 0.5416667 0.2546296
Moved 1285.497 595.5 487 0.545139 0.2546296
Stationary 1285.514 595.5 487 0.545139 0.2546296
Ended 1285.528 596.1198 487 0.5465736 0.2546296
Candidates 1285.586 12 step steep strip deep hero drop grip crop stop veto ceo atp
Began 1286.006 441 343 0.1875 -0.1157408
Stationary 1286.022 441 343 0.1875 -0.1157408
Stationary 1286.035 441 343 0.1875 -0.1157408
Stationary 1286.052 441 343 0.1875 -0.1157408
Moved 1286.067 441 401.431 0.1875 0.03454463
Moved 1286.082 441 471.1805 0.1875 0.2139416
Moved 1286.098 464.7798 562.5137 0.2425458 0.4488519
Ended 1286.119 487.5 634 0.2951388 0.632716
Accept 1286.173 0 step
Began 1286.943 399 392 0.09027779 0.01028803
Stationary 1286.961 399 392 0.09027779 0.01028803
Stationary 1286.976 399 392 0.09027779 0.01028803
Stationary 1286.992 399 392 0.09027779 0.01028803
Stationary 1287.009 399 392 0.09027779 0.01028803
Moved 1287.038 387.2531 392 0.06308595 0.01028803
Moved 1287.052 379.0797 398.2725 0.04416605 0.0264209
Moved 1287.068 373.4664 402.7202 0.03117224 0.03786044
Moved 1287.084 367.8286 405.5857 0.0181219 0.04523065
Moved 1287.1 362.9658 408.6781 0.006865164 0.05318433
Moved 1287.115 356.6815 412.1911 -0.007681598 0.06221979
Moved 1287.13 354.0981 413.451 -0.01366193 0.06546032
Moved 1287.147 351.3232 414.8384 -0.02008528 0.06902886
Moved 1287.168 346 417.5 -0.03240739 0.0758744
Stationary 1287.179 346 417.5 -0.03240739 0.0758744
Moved 1287.192 344.3392 417.6608 -0.03625179 0.07628786
Moved 1287.207 341.9057 419.0471 -0.04188493 0.07985365
Moved 1287.223 340.5654 419 -0.04498745 0.07973251
Moved 1287.239 339.1803 420 -0.04819373 0.08230445
Moved 1287.254 337.7968 421.2032 -0.05139639 0.08539918
Moved 1287.269 336.4116 421 -0.05460272 0.08487643
Moved 1287.285 336 421.9731 -0.05555556 0.08737944
Moved 1287.301 334.9956 422 -0.05788054 0.08744851
Moved 1287.316 333.6105 422 -0.06108671 0.08744851
Moved 1287.331 332.222 423 -0.06430089 0.09002049
Moved 1287.347 330.8347 423 -0.06751224 0.09002049
Moved 1287.363 329.4501 424 -0.07071744 0.09259254
Moved 1287.378 328.0627 424 -0.07392903 0.09259254
Moved 1287.401 324.5 424 -0.08217593 0.09259254
Stationary 1287.413 324.5 424 -0.08217593 0.09259254
Moved 1287.424 320.6935 424 -0.09098733 0.09259254
Moved 1287.439 317.7103 424 -0.09789283 0.09259254
Moved 1287.454 313.9583 424 -0.1065781 0.09259254
Moved 1287.47 312.103 417.7212 -0.1108726 0.07644327
Moved 1287.485 310.7236 415.7236 -0.1140658 0.07130544
Moved 1287.501 309.3474 414.3474 -0.1172513 0.06776594
Moved 1287.516 307.9668 412.9667 -0.1204473 0.06421474
Stationary 1287.531 308 413 -0.1203704 0.06430033
Stationary 1287.546 308 413 -0.1203704 0.06430033
Stationary 1287.561 308 413 -0.1203704 0.06430033
Stationary 1287.577 308 413 -0.1203704 0.06430033
Moved 1287.594 315.2645 419.0537 -0.1035544 0.07987061
Moved 1287.608 330.7953 432.8139 -0.06760348 0.1152621
Moved 1287.628 346.0132 445.2836 -0.0323768 0.1473342
Moved 1287.639 357 452.5 -0.006944438 0.165895
Moved 1287.655 382.5747 465.4431 0.05225619 0.1991847
Moved 1287.67 412.8657 477.9905 0.1223743 0.231457
Moved 1287.686 435.9568 485.6523 0.175826 0.2511632
Moved 1287.701 458.577 491.8942 0.2281874 0.2672176
Moved 1287.717 475.461 496.1152 0.2672708 0.2780741
Moved 1287.732 490.748 500.2493 0.3026575 0.288707
Moved 1287.751 502.0557 504.3959 0.3288327 0.299372
Moved 1287.763 507.929 506.3097 0.3424282 0.3042944
Moved 1287.779 515.3465 509.1733 0.3595984 0.3116596
Moved 1287.794 519.8959 510.9653 0.3701293 0.3162686
Moved 1287.809 522.7191 512.3596 0.3766646 0.3198547
Moved 1287.825 524.7409 512.7409 0.3813447 0.3208356
Moved 1287.851 527.5 514.5 0.3877315 0.32536
Stationary 1287.865 527.5 514.5 0.3877315 0.32536
Moved 1287.877 528.3041 515.3041 0.3895927 0.3274281
Stationary 1287.888 528.3041 515.3041 0.3895927 0.3274281
Stationary 1287.901 528 515 0.3888889 0.326646
Moved 1287.916 528 517.3307 0.3888889 0.3326407
Moved 1287.931 520.6704 520.0942 0.3719222 0.3397484
Moved 1287.948 515.2775 522.8613 0.3594386 0.3468653
Moved 1287.963 506.3202 525.6228 0.3387041 0.353968
Moved 1287.978 490.6592 528.3901 0.302452 0.3610857
Moved 1287.995 474.9565 530.4058 0.2661031 0.36627
Moved 1288.01 438.3208 531.6489 0.1812982 0.3694671
Moved 1288.027 419.5995 532 0.1379618 0.3703703
Moved 1288.04 405.8307 532 0.1060897 0.3703703
Moved 1288.059 394.5739 533.8033 0.08003224 0.3750083
Moved 1288.071 382.2899 535.19 0.05159686 0.3785751
Moved 1288.087 373.5 536.5 0.03125002 0.3819444
Moved 1288.103 361.7041 539.3991 0.003944735 0.3894009
Moved 1288.118 352.0931 541.9734 -0.0183029 0.396022
Moved 1288.133 342.4597 543.3629 -0.04060244 0.3995959
Moved 1288.149 336.2921 544.7416 -0.05487944 0.4031419
Moved 1288.163 328.2938 546.1177 -0.07339398 0.4066812
Moved 1288.179 321.5315 546 -0.08904755 0.4063785
Moved 1288.197 315.5007 546 -0.1030077 0.4063785
Moved 1288.21 308.7441 546 -0.118648 0.4063785
Moved 1288.226 306.2045 546 -0.1245266 0.4063785
Moved 1288.241 301.8123 546 -0.1346938 0.4063785
Moved 1288.256 299.8841 546 -0.1391572 0.4063785
Moved 1288.278 295.1122 546 -0.1502034 0.4063785
Stationary 1288.29 295.1122 546 -0.1502034 0.4063785
Moved 1288.303 292.4566 546 -0.1563504 0.4063785
Moved 1288.318 289.6839 546 -0.1627686 0.4063785
Moved 1288.333 287.4225 540.4789 -0.1680033 0.3921782
Moved 1288.348 282.6058 537.9015 -0.1791532 0.385549
Moved 1288.363 275.5869 536.5174 -0.1954008 0.3819891
Moved 1288.379 265.9529 535.1361 -0.2177016 0.3784364
Moved 1288.394 253.7453 533.7495 -0.2459599 0.3748699
Moved 1288.41 245.1684 534 -0.2658138 0.3755144
Moved 1288.425 235.8436 534 -0.2873991 0.3755144
Moved 1288.441 228.9315 534 -0.3033992 0.3755144
Moved 1288.456 224.3956 534 -0.3138992 0.3755144
Moved 1288.472 216.8741 534 -0.3313099 0.3755144
Moved 1288.492 212.3936 532.7979 -0.3416816 0.3724224
Moved 1288.503 207.2363 532.4121 -0.3536198 0.3714302
Moved 1288.518 203.0889 532 -0.36322 0.3703703
Moved 1288.533 200.2997 530.6498 -0.3696767 0.3668976
Moved 1288.548 198.536 530.268 -0.3737592 0.3659156
Moved 1288.564 197.15 530 -0.3769677 0.3652262
Moved 1288.579 196.5 530 -0.3784722 0.3652262
Moved 1288.594 195.7166 528.7166 -0.3802857 0.3619252
Stationary 1288.61 195.7166 528.7166 -0.3802857 0.3619252
Moved 1288.627 196 526.668 -0.3796296 0.3566563
Moved 1288.641 196 524.2817 -0.3796296 0.3505188
Moved 1288.656 196 520.6945 -0.3796296 0.3412924
Moved 1288.671 196 516.5439 -0.3796296 0.3306169
Moved 1288.693 196 513.3959 -0.3796296 0.3225203
Moved 1288.704 196 507.4084 -0.3796296 0.3071202
Moved 1288.718 196 501.7784 -0.3796296 0.2926398
Moved 1288.734 196 493.2214 -0.3796296 0.2706312
Moved 1288.749 193.8676 483.5366 -0.3845658 0.2457216
Moved 1288.765 188.2326 468.1395 -0.3976098 0.2061201
Moved 1288.78 182.6389 458.1182 -0.410558 0.180345
Moved 1288.796 178.2103 450.3681 -0.4208094 0.1604117
Moved 1288.811 172.7809 439.5618 -0.4333776 0.1326176
Moved 1288.826 167.2329 429.4659 -0.4462201 0.1066508
Moved 1288.842 161.702 419.4786 -0.459023 0.08096334
Moved 1288.856 157.6141 411.2281 -0.468486 0.05974306
Moved 1288.873 153.4588 403.9176 -0.4781047 0.04094033
Moved 1288.894 147 391 -0.4930556 0.007715971
Stationary 1288.905 147 391 -0.4930556 0.007715971
Moved 1288.917 145.6565 386.313 -0.4961654 -0.0043391
Moved 1288.933 143.9447 380.7788 -0.500128 -0.0185731
Moved 1288.95 144 378.1223 -0.5000001 -0.02540557
Moved 1288.966 143 374.3552 -0.5023148 -0.03509459
Moved 1288.98 143 372.7941 -0.5023148 -0.03910991
Stationary 1288.995 143 372.7941 -0.5023148 -0.03910991
Moved 1289.01 143 372 -0.5023148 -0.04115226
Moved 1289.027 156.084 372 -0.4720277 -0.04115226
Moved 1289.042 174.0494 372 -0.4304411 -0.04115226
Moved 1289.058 187.8896 390.3586 -0.3984037 0.006066232
Moved 1289.073 201.5475 400.0833 -0.3667881 0.0310784
Moved 1289.096 230.0735 419.4104 -0.3007559 0.08078799
Stationary 1289.107 230.0735 419.4104 -0.3007559 0.08078799
Moved 1289.119 242.6281 431.6281 -0.2716942 0.1122121
Moved 1289.134 250.5 441 -0.2534722 0.1363167
Moved 1289.15 264.8037 454.8037 -0.2203618 0.1718201
Moved 1289.165 279.5085 469.5085 -0.186323 0.2096411
Moved 1289.18 290 483 -0.162037 0.2443414
Moved 1289.197 299.3764 495.2725 -0.1403324 0.2759064
Moved 1289.212 306.3823 504.9352 -0.1241151 0.3007593
Moved 1289.227 310.6396 511.2994 -0.1142602 0.3171281
Moved 1289.242 315.1162 517.1549 -0.1038978 0.3321885
Moved 1289.257 317.1278 522.3196 -0.09924114 0.3454721
Moved 1289.273 321.383 532.2271 -0.08939113 0.3709542
Moved 1289.293 322.837 538.1851 -0.0860254 0.3862785
Moved 1289.305 324.2065 541.413 -0.08285537 0.3945806
Moved 1289.319 325 544.5966 -0.08101851 0.402769
Moved 1289.335 325 546.9519 -0.08101851 0.4088268
Moved 1289.35 326.3447 548.3447 -0.07790585 0.412409
Stationary 1289.366 326 548 -0.07870371 0.4115225
Stationary 1289.38 326 548 -0.07870371 0.4115225
Stationary 1289.396 326 548 -0.07870371 0.4115225
Stationary 1289.412 326 548 -0.07870371 0.4115225
Moved 1289.427 318.28 537.385 -0.09657403 0.3842207
Moved 1289.447 309.9533 526.2711 -0.1158487 0.3556355
Moved 1289.458 300.6125 513.4187 -0.1374712 0.3225789
Moved 1289.477 292.3067 500.96 -0.1566975 0.2905349
Moved 1289.489 286.2028 491.8041 -0.170827 0.2669858
Moved 1289.503 279.3336 473.5564 -0.1867276 0.2200524
Moved 1289.52 275.1717 460.5722 -0.1963619 0.1866568
Moved 1289.536 271.0528 444.2112 -0.2058963 0.144576
Moved 1289.551 270.302 424.6235 -0.2076343 0.09419613
Moved 1289.566 270 408.1113 -0.2083333 0.05172662
Moved 1289.581 270 391.6472 -0.2083333 0.009380465
Moved 1289.597 270 377.5 -0.2083333 -0.02700625
Moved 1289.613 270 364.3067 -0.2083333 -0.06093955
Moved 1289.628 280.0203 351.7272 -0.1851383 -0.09329423
Moved 1289.643 281.9136 342.1729 -0.1807556 -0.1178682
Moved 1289.665 289.226 328.3654 -0.1638287 -0.1533814
Stationary 1289.676 289.226 328.3654 -0.1638287 -0.1533814
Ended 1289.688 291 326 -0.1597222 -0.1594652
Candidates 1289.856 12 forward howard toward towards forests repeated repeats guests appeared situated guard upward
Began 1290.309 388 327 0.06481478 -0.1568931
Stationary 1290.322 388 327 0.06481478 -0.1568931
Moved 1290.336 388 346.5 0.06481478 -0.1067387
Moved 1290.351 388 411.3057 0.06481478 0.05994266
Moved 1290.368 388 490.7274 0.06481478 0.2642165
Ended 1290.383 419.5 587.5 0.1377314 0.5131172
Accept 1290.426 0 forward
PhraseEnd 1291.198
