this is a very good idea
this is a very good idea
FixStart
0.6 0.6
432 388.8
Began 983.6539 375 398 0.03472219 0.02572008
Stationary 983.6718 375 398 0.03472219 0.02572008
Stationary 983.6863 375 398 0.03472219 0.02572008
Stationary 983.7031 375 398 0.03472219 0.02572008
Stationary 983.7181 375 398 0.03472219 0.02572008
Stationary 983.7314 375 398 0.03472219 0.02572008
Stationary 983.7493 375 398 0.03472219 0.02572008
Stationary 983.7668 375 398 0.03472219 0.02572008
Stationary 983.7797 375 398 0.03472219 0.02572008
Moved 983.795 362.477 413.046 0.005733868 0.06441854
Moved 983.811 358.7656 419.7241 -0.002857496 0.08159473
Moved 983.8268 355.641 429.2565 -0.01009032 0.1061123
Moved 983.8419 353.373 440.1349 -0.01534025 0.1340917
Moved 983.8581 351.9342 447.329 -0.01867081 0.1525951
Moved 983.8727 350.5 453 -0.02199074 0.167181
Moved 983.8895 350 459.0309 -0.02314816 0.1826927
Moved 983.9033 350 466.1717 -0.02314816 0.2010588
Moved 983.9186 350 476.314 -0.02314816 0.227145
Moved 983.9337 350 483.548 -0.02314816 0.2457509
Moved 983.9489 350 494.7843 -0.02314816 0.274651
Moved 983.9645 349 500.977 -0.02546296 0.2905786
Moved 983.9801 349 505.7024 -0.02546296 0.3027324
Moved 983.9951 349 509.883 -0.02546296 0.313485
Moved 984.011 349 516.9233 -0.02546296 0.3315928
Moved 984.0266 349 523.8619 -0.02546296 0.349439
Moved 984.0426 349 529.8255 -0.02546296 0.3647775
Moved 984.0577 349 535.1844 -0.02546296 0.3785606
Moved 984.0723 349 539.442 -0.02546296 0.3895111
Moved 984.087 349 543.8362 -0.02546296 0.4008133
Moved 984.1038 349 546.048 -0.02546296 0.4065021
Moved 984.1197 349 547.4622 -0.02546296 0.4101394
Moved 984.1335 349 549.9034 -0.02546296 0.416418
Moved 984.1515 349 550.5 -0.02546296 0.4179526
Stationary 984.1663 349 550.5 -0.02546296 0.4179526
Stationary 984.1804 349 550.5 -0.02546296 0.4179526
Moved 984.1959 353.5635 550 -0.01489937 0.4166666
Moved 984.2109 357.627 550 -0.005492966 0.4166666
Moved 984.227 361.5056 550 0.003485084 0.4166666
Moved 984.2424 369.685 536.7009 0.0224189 0.382461
Moved 984.2571 382.5179 521.3786 0.05212466 0.3430519
Moved 984.2844 403.4177 487.0917 0.100504 0.2548655
Moved 984.2993 412.2615 470.8539 0.1209757 0.2131017
Moved 984.3104 417.5 457 0.1331019 0.1774691
Stationary 984.3212 417.5 457 0.1331019 0.1774691
Moved 984.3345 424.6494 437.9114 0.1496515 0.128373
Moved 984.3511 427.7516 423.2417 0.1568325 0.09064215
Moved 984.3654 430.6192 412.3328 0.1634703 0.06258439
Moved 984.3813 432.2484 401.0127 0.1672417 0.03346883
Moved 984.3966 432.6871 396.6258 0.1682571 0.02218564
Moved 984.4121 433 393.7353 0.1689814 0.01475114
Moved 984.428 433 389.5 0.1689814 0.003857946
Moved 984.4432 434.5 389.5 0.1724537 0.003857946
Moved 984.4578 434 388.9517 0.1712963 0.002447568
Stationary 984.4731 434 388.9517 0.1712963 0.002447568
Stationary 984.489 434 389 0.1712963 0.002572016
Stationary 984.5051 434 389 0.1712963 0.002572016
Moved 984.5196 434.8504 403.1023 0.1732647 0.03884331
Moved 984.5354 438.8539 416.8463 0.1825322 0.07419311
Moved 984.5511 443.0327 430.3564 0.1922054 0.1089412
Moved 984.5669 457.3174 470.1627 0.2252719 0.2113236
Moved 984.5823 465.1248 494.5995 0.2433445 0.2741757
Moved 984.5978 470.9477 509.843 0.2568233 0.313382
Moved 984.6125 476.3315 527.0776 0.2692859 0.3577097
Moved 984.6287 481.0579 541.1736 0.2802266 0.3939649
Moved 984.6437 484.8908 551.7089 0.2890991 0.4210619
Moved 984.6588 487.1169 557.2923 0.2942521 0.4354225
Moved 984.6746 490 563 0.300926 0.4501028
Moved 984.6906 490.9548 566.9096 0.3031361 0.4601584
Moved 984.7054 492.3857 571.1572 0.3064484 0.4710833
Moved 984.7206 493.8239 572.8239 0.3097774 0.4753699
Moved 984.736 494 574.2699 0.3101851 0.4790891
Moved 984.7513 494 575.6965 0.3101851 0.4827584
Moved 984.7671 494 576.8365 0.3101851 0.4856904
Moved 984.7811 494 577.5 0.3101851 0.487397
Moved 984.7987 494 577 0.3101851 0.4861111
Moved 984.8137 484.9461 577 0.2892271 0.4861111
Moved 984.8295 476.5896 573.0212 0.2698834 0.4758776
Moved 984.8438 464.9614 563.9742 0.2429661 0.4526085
Moved 984.8589 450.8 554.0601 0.2101853 0.4271091
Moved 984.8741 435.6222 544.6343 0.1750515 0.4028659
Moved 984.8914 406.8917 522.9177 0.1085455 0.3470104
Moved 984.9058 383.9568 505.7177 0.05545556 0.3027717
Moved 984.9225 366.8098 490.5512 0.01576334 0.2637634
Moved 984.936 350.6303 475.9367 -0.02168904 0.2261745
Moved 984.9523 335.5495 461.2946 -0.05659838 0.1885147
Moved 984.967 323.5528 450.7337 -0.08436859 0.1613521
Moved 984.9835 313 438.5 -0.1087963 0.1298867
Moved 984.9991 306.7519 431.3359 -0.1232594 0.1114605
Moved 985.0139 296.9927 420.9927 -0.1458501 0.08485778
Moved 985.0295 288.6743 412.5114 -0.1651058 0.06304368
Moved 985.0455 281.9218 403.9061 -0.1807367 0.04091058
Moved 985.0607 276.1938 398.1938 -0.1939958 0.02621851
Moved 985.0771 272.2415 393.3622 -0.2031447 0.0137917
Moved 985.0905 268.0667 390.3778 -0.2128084 0.006115721
Stationary 985.1078 267.6642 389.6642 -0.2137403 0.004280271
Moved 985.1216 265.0971 387.0972 -0.2196825 -0.002322138
Moved 985.1371 263.6727 385.6727 -0.2229798 -0.005985896
Moved 985.1525 261.4619 384.231 -0.2280975 -0.009694118
Moved 985.1682 259.7811 382.7811 -0.2319881 -0.01342302
Moved 985.183 258.3613 381.3613 -0.2352748 -0.01707493
Moved 985.1999 258 379.9164 -0.2361111 -0.02079104
Moved 985.2139 256.8611 380 -0.2387476 -0.02057613
Stationary 985.2289 257 380 -0.2384259 -0.02057613
Moved 985.2523 256 380 -0.2407407 -0.02057613
Stationary 985.2667 256 380 -0.2407407 -0.02057613
Stationary 985.2767 256 380 -0.2407407 -0.02057613
Ended 985.2908 256 380 -0.2407407 -0.02057613
Candidates 985.443 12 this thus third toys roots tris efforts elisa tinnitus rigorous gross ellis
Began 985.8137 375 385 0.03472219 -0.007716127
Stationary 985.8304 375 385 0.03472219 -0.007716127
Stationary 985.8468 375 385 0.03472219 -0.007716127
Moved 985.8611 375 396.0178 0.03472219 0.02062197
Moved 985.877 375 425.6733 0.03472219 0.09689637
Moved 985.8922 375 477.4125 0.03472219 0.2299703
Moved 985.9084 375 538.9775 0.03472219 0.3883166
Moved 985.9229 375 588.3926 0.03472219 0.5154129
Ended 985.939 375 588.3926 0.03472219 0.5154129
Accept 985.9661 0 this
Began 986.413 322 473 -0.08796295 0.2186213
Stationary 986.432 322 473 -0.08796295 0.2186213
Stationary 986.4486 322 473 -0.08796295 0.2186213
Stationary 986.4639 322 473 -0.08796295 0.2186213
Stationary 986.4793 322 473 -0.08796295 0.2186213
Moved 986.4933 335.1543 486.1543 -0.05751327 0.2524544
Moved 986.5098 345.0974 497.5399 -0.03449673 0.2817383
Moved 986.5252 357.0216 509.6847 -0.00689437 0.3129749
Moved 986.5406 371.8195 522.8359 0.02736002 0.3468001
Moved 986.556 390.4358 540.0176 0.07045319 0.3909917
Moved 986.5708 401.7706 550.1804 0.09669125 0.4171307
Moved 986.5862 415.9874 562.6887 0.1296006 0.4493021
Moved 986.6042 426.8055 571.0798 0.1546423 0.4708841
Moved 986.6178 437.117 578.7979 0.1785115 0.4907351
Moved 986.6326 449.5 590 0.2071759 0.5195472
Moved 986.6493 454.6767 595.3448 0.2191589 0.5332941
Moved 986.663 462.5126 602.41 0.2372976 0.551466
Moved 986.6796 466.617 607.1559 0.2467986 0.5636726
Moved 986.6954 468.9805 610.9611 0.2522697 0.5734594
Moved 986.7095 471.8225 613.8225 0.2588484 0.5808191
Moved 986.726 472 614.8547 0.2592593 0.583474
Moved 986.7407 473.2866 616.2866 0.2622374 0.5871567
Moved 986.7554 473 617.3036 0.2615741 0.5897727
Stationary 986.7706 473 617 0.2615741 0.5889916
Moved 986.7863 473 618.1396 0.2615741 0.5919228
Stationary 986.8039 473 618.1396 0.2615741 0.5919228
Stationary 986.817 473 618 0.2615741 0.5915637
Stationary 986.8318 473 618 0.2615741 0.5915637
Moved 986.8497 462.7388 618 0.2378213 0.5915637
Moved 986.8638 456.4914 610.4066 0.2233597 0.5720334
Moved 986.8864 430.133 597.0665 0.162345 0.5377225
Stationary 986.8968 430.133 597.0665 0.162345 0.5377225
Moved 986.9091 412.9335 588.4667 0.1225313 0.5156036
Moved 986.9257 398.3624 579.8174 0.08880178 0.4933574
Moved 986.9409 380.1638 567.3442 0.0466755 0.4612761
Moved 986.9557 360.3754 552.3368 0.0008689364 0.4226769
Moved 986.9716 343.7233 538.6199 -0.03767763 0.3873968
Moved 986.9875 323.6923 522.8297 -0.08404553 0.3467841
Moved 987.0028 309.3265 510.7449 -0.1172997 0.3157017
Moved 987.019 294.4585 498.9668 -0.1517164 0.2854083
Moved 987.0341 282.1125 489.5089 -0.1802952 0.2610825
Moved 987.0502 272.0518 480.0519 -0.2035837 0.2367589
Moved 987.0653 264.5369 474.6913 -0.2209794 0.2229713
Moved 987.0809 258.9753 470.7315 -0.2338534 0.2127867
Moved 987.0967 253.542 466.6565 -0.2464306 0.2023057
Moved 987.1107 247.7701 462.8851 -0.2597914 0.1926055
Moved 987.1269 242.0094 460.0047 -0.2731264 0.1851972
Moved 987.1436 237.6781 458.5594 -0.2831524 0.1814798
Moved 987.1579 232.4063 456.2031 -0.2953559 0.1754195
Moved 987.173 229.6465 454.8232 -0.3017441 0.1718704
Moved 987.1887 228.9076 455 -0.3034545 0.172325
Moved 987.204 226.9526 453.9763 -0.3079801 0.1696921
Moved 987.2197 224.1723 452.5861 -0.3144161 0.1661166
Moved 987.2346 221.3236 452.1618 -0.3210101 0.1650251
Moved 987.2508 219.7448 450.7448 -0.3246649 0.1613804
Moved 987.2656 217.3321 450.3321 -0.3302498 0.1603191
Moved 987.2811 214.835 448.9175 -0.33603 0.1566809
Moved 987.2961 212 449 -0.3425926 0.156893
Moved 987.311 210.7886 447.3943 -0.3453968 0.152763
Moved 987.327 207.9317 445.9659 -0.3520099 0.1490891
Moved 987.343 206.5347 446 -0.3552438 0.1491768
Moved 987.3575 205.1006 445.1006 -0.3585633 0.1468637
Moved 987.3729 203.6714 445 -0.3618717 0.1466049
Stationary 987.3887 203.6714 445 -0.3618717 0.1466049
Moved 987.4045 201.7968 445 -0.3662111 0.1466049
Stationary 987.4184 202 445 -0.3657407 0.1466049
Moved 987.4386 200.5 445 -0.369213 0.1466049
Stationary 987.4515 200.5 445 -0.369213 0.1466049
Stationary 987.466 200.5 445 -0.369213 0.1466049
Moved 987.4808 199.8138 445 -0.3708013 0.1466049
Stationary 987.499 200 445 -0.3703704 0.1466049
Moved 987.5117 200 451.2147 -0.3703704 0.1625892
Ended 987.5264 200 452 -0.3703704 0.164609
Candidates 987.679 12 is good of his god if goods odds odd gods off id
Began 988.253 359 411 -0.002314796 0.05915629
Stationary 988.2681 359 411 -0.002314796 0.05915629
Stationary 988.282 359 411 -0.002314796 0.05915629
Stationary 988.2979 359 411 -0.002314796 0.05915629
Moved 988.3129 359 437.863 -0.002314796 0.1282485
Moved 988.3292 359 482.3961 -0.002314796 0.2427881
Moved 988.3454 370.1483 538.348 0.02349148 0.3866973
Moved 988.3608 369 593.7587 0.02083332 0.5292146
Ended 988.376 369 618.5 0.02083332 0.5928496
Accept 988.4047 0 is
Began 988.7256 345 432 -0.03472224 0.1131687
Stationary 988.748 345 432 -0.03472224 0.1131687
Stationary 988.761 345 432 -0.03472224 0.1131687
Stationary 988.7766 345 432 -0.03472224 0.1131687
Moved 988.792 333.3085 432 -0.06178588 0.1131687
Moved 988.8071 327.5714 432 -0.0750661 0.1131687
Moved 988.8223 319.1589 428.1589 -0.09453957 0.1032894
Moved 988.8391 310.9577 425 -0.1135238 0.09516452
Moved 988.8538 294.1261 423.9376 -0.152486 0.09243196
Moved 988.8687 280.1932 422.5193 -0.184738 0.08878425
Moved 988.8838 256.9303 422.062 -0.2385874 0.08760794
Moved 988.9002 239.5086 422 -0.2789152 0.08744851
Moved 988.915 225.7003 421 -0.3108788 0.08487643
Moved 988.9317 215.3355 421 -0.3348716 0.08487643
Moved 988.9536 196.6351 419.2044 -0.3781594 0.08025817
Stationary 988.965 196.6351 419.2044 -0.3781594 0.08025817
Moved 988.9767 186.4063 419 -0.4018372 0.07973251
Moved 988.9928 177.6096 418.3219 -0.4221999 0.07798838
Moved 989.0085 170.4631 416.8926 -0.4387429 0.07431222
Moved 989.0222 165 417 -0.4513889 0.0745884
Moved 989.0392 161.0356 416 -0.4605657 0.07201634
Moved 989.0551 156.7353 416 -0.47052 0.07201634
Moved 989.0688 154.9954 416 -0.4745476 0.07201634
Moved 989.0849 152.0941 416 -0.4812636 0.07201634
Moved 989.1013 150.6188 416 -0.4846787 0.07201634
Ended 989.1152 150 416 -0.4861112 0.07201634
Candidates 989.2531 12 a as faa gas s ass has aa da fda ga aaa
Began 989.5734 373 401 0.0300926 0.03343609
Stationary 989.5937 373 401 0.0300926 0.03343609
Stationary 989.6086 373 401 0.0300926 0.03343609
Moved 989.6238 373 445.0778 0.0300926 0.146805
Moved 989.6396 373 506.9248 0.0300926 0.3058765
Moved 989.6547 373 566.1932 0.0300926 0.4583156
Moved 989.6703 373 613.8275 0.0300926 0.5808319
Ended 989.6865 373 641 0.0300926 0.65072
Accept 989.7153 0 a
Began 990.1921 354 462 -0.01388888 0.1903292
Stationary 990.2115 354 462 -0.01388888 0.1903292
Stationary 990.2264 354 462 -0.01388888 0.1903292
Stationary 990.2411 354 462 -0.01388888 0.1903292
Stationary 990.2559 354 462 -0.01388888 0.1903292
Moved 990.2727 354 445.5 -0.01388888 0.1478908
Moved 990.2894 354 438.0441 -0.01388888 0.1287143
Moved 990.3112 354 403.7549 -0.01388888 0.04052178
Stationary 990.3226 354 403.7549 -0.01388888 0.04052178
Moved 990.3344 354 376.5535 -0.01388888 -0.02944075
Moved 990.3506 342.7167 359.0751 -0.04000753 -0.07439539
Moved 990.3658 342.3115 347.4016 -0.04094571 -0.10442
Moved 990.3809 339.4375 337.0313 -0.04759838 -0.1310925
Moved 990.3965 336.5597 326.6791 -0.05425999 -0.1577185
Moved 990.4118 333.6788 319.1971 -0.06092862 -0.1769623
Moved 990.4276 332.8322 314.1613 -0.06288832 -0.1899145
Moved 990.4432 330.3304 308.9913 -0.06867955 -0.2032117
Moved 990.4577 328.8908 304.6724 -0.0720121 -0.2143201
Moved 990.4733 327.5 302 -0.07523149 -0.2211935
Moved 990.4893 326.0143 300.0287 -0.07867048 -0.2262637
Moved 990.5031 324.5746 300 -0.08200328 -0.2263375
Moved 990.5183 323.1391 300 -0.08532608 -0.2263375
Stationary 990.5342 323 300 -0.08564815 -0.2263375
Moved 990.5517 321.5891 300 -0.08891424 -0.2263375
Moved 990.5661 320.1424 300 -0.09226302 -0.2263375
Moved 990.5811 318.7158 308.9898 -0.09556537 -0.2032156
Moved 990.5964 315.5456 320.7262 -0.1029036 -0.1730293
Moved 990.6122 312.653 336.9086 -0.1095996 -0.1314078
Moved 990.6276 306.5645 372.0486 -0.1236933 -0.04102738
Moved 990.6429 301.9168 409.9779 -0.1344519 0.05652749
Moved 990.6569 295.3815 455.0819 -0.1495798 0.1725357
Moved 990.6736 292.8573 489.2847 -0.155423 0.2605058
Moved 990.6895 289.9933 511.0468 -0.1620525 0.3164782
Moved 990.7106 288.1202 543.9184 -0.1663885 0.4010245
Stationary 990.7213 288.1202 543.9184 -0.1663885 0.4010245
Moved 990.7336 288 556.943 -0.1666667 0.434524
Moved 990.7507 288 564.5 -0.1666667 0.4539608
Moved 990.7661 287 572.2375 -0.1689815 0.4738619
Moved 990.7811 285.6767 582.2631 -0.1720447 0.4996477
Moved 990.7966 284.2346 590.827 -0.1753829 0.5216743
Moved 990.812 282.7955 595.6133 -0.1787141 0.5339848
Moved 990.8275 282.3577 602.569 -0.1797275 0.5518751
Moved 990.8439 280.9129 606.1741 -0.1830719 0.5611474
Moved 990.8581 281 609 -0.1828704 0.5684156
Moved 990.8736 280 612.2367 -0.1851852 0.5767404
Moved 990.8898 278.945 615.11 -0.1876274 0.5841307
Moved 990.9059 279 616.4949 -0.1875 0.5876925
Moved 990.9196 279 617.9292 -0.1875 0.5913816
Moved 990.9358 279 619.3684 -0.1875 0.5950832
Stationary 990.9515 279 619 -0.1875 0.5941358
Stationary 990.9672 279 619 -0.1875 0.5941358
Stationary 990.9811 279 619 -0.1875 0.5941358
Stationary 990.9971 279 619 -0.1875 0.5941358
Stationary 991.0129 279 619 -0.1875 0.5941358
Moved 991.027 288.5174 619 -0.165469 0.5941358
Moved 991.0439 295.3502 619 -0.1496524 0.5941358
Moved 991.0587 305.0321 610.488 -0.1272405 0.5722426
Moved 991.0739 316.5284 607.1179 -0.1006288 0.5635748
Moved 991.0936 324.2632 604.9248 -0.08272405 0.5579341
Moved 991.1049 338.8965 599.0414 -0.04885067 0.5428017
Moved 991.1209 345.6628 598.1349 -0.03318806 0.5404703
Moved 991.1363 354.1849 595.2717 -0.01346091 0.5331062
Moved 991.1525 361.1984 593.2004 0.002774 0.5277787
Moved 991.1665 368.2201 590.512 0.01902799 0.520864
Moved 991.1818 372.0469 589.3177 0.02788643 0.5177923
Moved 991.1987 374.6443 588.1779 0.03389895 0.5148607
Moved 991.213 376.197 588 0.03749301 0.5144032
Stationary 991.2281 376.197 588 0.03749301 0.5144032
Ended 991.2438 378.0735 587 0.0418368 0.5118312
Candidates 991.382 12 very cry bet betty better beer ct vary net cherry ccr battery
Began 991.7355 396 426 0.08333336 0.09773654
Stationary 991.7555 396 426 0.08333336 0.09773654
Stationary 991.7669 396 426 0.08333336 0.09773654
Stationary 991.7825 396 426 0.08333336 0.09773654
Moved 991.7992 396 447.7308 0.08333336 0.1536286
Moved 991.8148 396 494.2554 0.08333336 0.2732905
Ended 991.8309 396 574 0.08333336 0.478395
Accept 991.873 0 very
Began 992.4265 374 479 0.03240744 0.2340534
Stationary 992.4473 374 479 0.03240744 0.2340534
Stationary 992.4619 374 479 0.03240744 0.2340534
Stationary 992.4807 374 479 0.03240744 0.2340534
Stationary 992.4913 374 479 0.03240744 0.2340534
Stationary 992.5072 374 479 0.03240744 0.2340534
Stationary 992.535 374 479 0.03240744 0.2340534
Stationary 992.5466 374 479 0.03240744 0.2340534
Stationary 992.5574 374 479 0.03240744 0.2340534
Stationary 992.5687 374 479 0.03240744 0.2340534
Stationary 992.586 374 479 0.03240744 0.2340534
Moved 992.6011 361.6391 479 0.003794233 0.2340534
Stationary 992.6163 361.6391 479 0.003794233 0.2340534
Stationary 992.6307 361.6391 479 0.003794233 0.2340534
Stationary 992.6465 361.6391 479 0.003794233 0.2340534
Moved 992.6619 365 479 0.01157403 0.2340534
Stationary 992.6764 365 479 0.01157403 0.2340534
Stationary 992.6919 365 479 0.01157403 0.2340534
Stationary 992.7083 365 479 0.01157403 0.2340534
Stationary 992.7241 365 479 0.01157403 0.2340534
Stationary 992.7394 365 479 0.01157403 0.2340534
Moved 992.7541 380 494 0.04629632 0.2726337
Moved 992.7703 384.596 498.6633 0.05693525 0.2846278
Moved 992.7859 391.8669 504.4935 0.07376591 0.2996232
Moved 992.8032 402.6313 511.2179 0.09868343 0.3169183
Moved 992.8239 431.0686 527.7067 0.1645106 0.3593278
Stationary 992.8347 431.0686 527.7067 0.1645106 0.3593278
Moved 992.8481 449.3746 539.9517 0.2068856 0.3908221
Moved 992.8631 472 554 0.2592593 0.4269547
Moved 992.8784 482.4178 562.8506 0.2833744 0.4497186
Moved 992.8966 496.6524 572.4567 0.3163249 0.4744255
Moved 992.9092 506.0106 580.0071 0.3379876 0.4938453
Moved 992.9252 514.6722 586.7269 0.3580375 0.5111287
Moved 992.9404 520.5099 591.1324 0.3715506 0.5224597
Moved 992.9555 526.0708 595.2567 0.3844231 0.5330675
Moved 992.9707 530.7598 599.7598 0.3952772 0.5446495
Moved 992.9862 533.9094 602.9094 0.402568 0.5527503
Moved 993.004 537.6604 608.3208 0.4112509 0.5666686
Moved 993.0176 540.5333 611.5333 0.4179011 0.5749311
Moved 993.0328 541.7051 614.4103 0.4206138 0.5823309
Moved 993.0484 543.1604 615 0.4239824 0.5838476
Moved 993.0638 543 616.582 0.4236111 0.5879164
Moved 993.0795 544.0262 617 0.4259866 0.5889916
Moved 993.1055 544 619.5616 0.4259259 0.5955801
Moved 993.1171 544 620.5 0.4259259 0.5979937
Stationary 993.1284 544 620.5 0.4259259 0.5979937
Moved 993.1463 544 621 0.4259259 0.5992797
Stationary 993.1569 544 621 0.4259259 0.5992797
Stationary 993.1701 544 621 0.4259259 0.5992797
Stationary 993.1852 544 621 0.4259259 0.5992797
Stationary 993.2007 544 621 0.4259259 0.5992797
Moved 993.2161 523.1785 612.1785 0.3777279 0.5765906
Moved 993.231 509.4061 606.8578 0.3458474 0.5629058
Moved 993.2498 496.9806 600.4903 0.3170847 0.5465285
Moved 993.2632 476.0615 590.4637 0.268661 0.52074
Moved 993.2782 453.9832 577.9905 0.2175538 0.4886587
Moved 993.2952 425.1028 556.3271 0.150701 0.4329401
Moved 993.3094 400.3104 542.319 0.09331118 0.396911
Moved 993.3245 380.028 528.0206 0.04636119 0.3601351
Moved 993.3402 361.3632 513.664 0.003155569 0.3232099
Moved 993.3552 345.2751 502.0201 -0.03408531 0.2932616
Moved 993.3712 330.8492 493.1096 -0.06747861 0.2703434
Moved 993.3866 324.2375 488.7425 -0.08278345 0.2591113
Moved 993.4019 317.0464 483.2371 -0.09942973 0.2449513
Moved 993.4223 313.5 482.5 -0.1076389 0.2430555
Moved 993.4334 309.1638 480.291 -0.1176763 0.2373738
Moved 993.4489 303.4214 478.8553 -0.1309689 0.2336814
Moved 993.4639 300.2544 478 -0.1383 0.2314814
Moved 993.4788 297.9843 478 -0.1435549 0.2314814
Moved 993.4959 295.0889 478 -0.1502572 0.2314814
Moved 993.5104 294.1103 478 -0.1525225 0.2314814
Moved 993.5252 292.6671 478 -0.1558632 0.2314814
Stationary 993.5408 292.6671 478 -0.1558632 0.2314814
Moved 993.5563 291.676 478 -0.1581575 0.2314814
Moved 993.571 290.8286 478 -0.160119 0.2314814
Stationary 993.5862 290.8286 478 -0.160119 0.2314814
Moved 993.6023 289.6266 478 -0.1629014 0.2314814
Stationary 993.6204 289.6266 478 -0.1629014 0.2314814
Moved 993.6323 288.9767 478 -0.1644057 0.2314814
Stationary 993.6496 288.9767 478 -0.1644057 0.2314814
Stationary 993.6645 288.9767 478 -0.1644057 0.2314814
Stationary 993.6801 288.9767 478 -0.1644057 0.2314814
Stationary 993.6946 289 478 -0.1643519 0.2314814
Ended 993.7109 289 488 -0.1643519 0.2572016
Candidates 993.9101 12 of good off god if odd goods is food odds gods his
Began 994.4316 375 426 0.03472219 0.09773654
Stationary 994.4539 375 426 0.03472219 0.09773654
Stationary 994.4656 375 426 0.03472219 0.09773654
Moved 994.4815 363.7563 426 0.008695126 0.09773654
Moved 994.4983 357.0789 426 -0.0067617 0.09773654
Moved 994.5127 344.7276 426 -0.03535276 0.09773654
Moved 994.5276 328.1605 426 -0.07370248 0.09773654
Moved 994.5462 287.1443 426 -0.1686475 0.09773654
Moved 994.5604 228.6946 426 -0.3039477 0.09773654
Ended 994.5756 198.9806 417.9896 -0.3727301 0.07713372
Accept 994.6028 1 good
Began 994.9297 411 446 0.1180555 0.1491768
Stationary 994.9449 411 446 0.1180555 0.1491768
Stationary 994.96 411 446 0.1180555 0.1491768
Stationary 994.9752 411 446 0.1180555 0.1491768
Stationary 994.991 411 446 0.1180555 0.1491768
Moved 995.0062 417.5901 460.1937 0.1333103 0.1856833
Moved 995.0294 464.545 515.9691 0.2420023 0.3291386
Stationary 995.0409 464.545 515.9691 0.2420023 0.3291386
Moved 995.0531 485.5567 544.3006 0.2906406 0.4020076
Moved 995.0685 497.098 559.1307 0.3173565 0.4401508
Moved 995.0833 504.3648 567.8378 0.3341778 0.4625456
Moved 995.0997 509.5877 572.6908 0.3462679 0.4750277
Moved 995.114 512.6559 578.3118 0.3533701 0.4894849
Moved 995.1296 515.5388 581.3082 0.3600436 0.4971918
Moved 995.1462 518.4183 584.4183 0.3667089 0.5051909
Moved 995.1605 519.2209 586.4418 0.3685669 0.5103954
Moved 995.1759 521.4677 589.4677 0.3737677 0.518178
Moved 995.191 523.1719 591.1719 0.3777129 0.5225615
Moved 995.2066 524 593.6162 0.3796296 0.5288482
Moved 995.2219 525.048 596.0961 0.3820556 0.5352265
Moved 995.2401 526.4881 598.9762 0.3853891 0.5426342
Moved 995.255 527 600.8608 0.3865741 0.5474814
Moved 995.2686 527 602.0501 0.3865741 0.5505403
Moved 995.285 527 603.5079 0.3865741 0.5542898
Moved 995.3058 527 606.3873 0.3865741 0.5616955
Stationary 995.3173 527 606.3873 0.3865741 0.5616955
Moved 995.3293 527 607.5 0.3865741 0.5645576
Stationary 995.346 527 607.5 0.3865741 0.5645576
Moved 995.3603 514.4885 607 0.3576124 0.5632715
Moved 995.377 508.7423 607 0.344311 0.5632715
Moved 995.3919 499.3135 597.0726 0.322485 0.537738
Moved 995.4079 488.1964 593.2551 0.2967511 0.5279195
Moved 995.4232 479.2638 588.6319 0.2760737 0.5160285
Moved 995.4388 469.4853 583.7427 0.2534383 0.5034533
Moved 995.4537 460.9736 579.9894 0.2337352 0.4937999
Moved 995.4689 452.3549 575.6774 0.2137844 0.4827093
Moved 995.4846 448.0656 573.3552 0.2038556 0.4767366
Moved 995.5009 442.2443 570.1465 0.1903803 0.4684839
Moved 995.5155 437.8278 568.6093 0.1801568 0.4645299
Moved 995.5305 431.6879 565.344 0.1659443 0.4561316
Moved 995.5474 427.1985 563.7328 0.1555521 0.4519877
Moved 995.5679 415.4252 556.5689 0.128299 0.4335619
Stationary 995.5793 415.4252 556.5689 0.128299 0.4335619
Moved 995.592 407 554 0.1087963 0.4269547
Moved 995.608 400.5232 549.9139 0.0938038 0.4164452
Moved 995.6238 393.3409 545.6046 0.07717808 0.4053614
Moved 995.6392 387.6898 540.6898 0.06409685 0.3927206
Moved 995.654 381.9312 535.9484 0.05076657 0.3805256
Moved 995.6699 376.634 529.1786 0.0385046 0.3631136
Moved 995.6855 372.3256 522.5427 0.02853145 0.3460459
Moved 995.7007 367.997 516.6627 0.01851161 0.3309225
Moved 995.7166 365.0695 511.4492 0.01173496 0.3175132
Moved 995.7308 359.4217 502.8434 -0.001338671 0.295379
Moved 995.7485 355.1248 495.5414 -0.0112851 0.2765983
Moved 995.762 350.5366 487.3414 -0.0219061 0.2555076
Moved 995.7772 346.4905 481.3207 -0.03127187 0.2400224
Moved 995.7934 342.163 473.9384 -0.04128938 0.2210348
Moved 995.809 338.89 468.835 -0.04886577 0.2079087
Moved 995.8306 335.3735 463.3735 -0.05700578 0.1938619
Stationary 995.842 335.3735 463.3735 -0.05700578 0.1938619
Moved 995.8543 333.9398 461.9398 -0.06032447 0.1901743
Moved 995.8693 332.5 460.5 -0.06365741 0.1864711
Stationary 995.8851 332.5 460.5 -0.06365741 0.1864711
Moved 995.9016 332 461 -0.06481484 0.1877571
Stationary 995.9156 332 461 -0.06481484 0.1877571
Moved 995.9317 330.6277 461 -0.06799152 0.1877571
Moved 995.9479 331 469.0942 -0.06712963 0.2085754
Moved 995.9633 330 473.4093 -0.06944443 0.2196741
Moved 995.9777 328.7548 480.226 -0.07232685 0.2372068
Moved 995.9939 328.315 487.1101 -0.07334495 0.2549127
Moved 996.0095 326.873 494.6349 -0.07668281 0.2742667
Moved 996.0242 325.4263 505.0159 -0.08003171 0.3009667
Moved 996.0398 324.2658 514.6079 -0.08271809 0.3256376
Moved 996.0547 322.9184 526.7348 -0.0858371 0.3568281
Moved 996.0754 320.485 541.6053 -0.09147003 0.3950754
Moved 996.0875 319.0453 551.683 -0.09480258 0.4209954
Moved 996.1033 319 561.7604 -0.09490739 0.4469144
Moved 996.1173 318 569.7744 -0.09722222 0.4675267
Moved 996.133 318 579.8306 -0.09722222 0.4933914
Moved 996.1484 318 585.5 -0.09722222 0.5079731
Moved 996.1638 318 589.4489 -0.09722222 0.5181296
Moved 996.1793 318 595.0112 -0.09722222 0.5324361
Moved 996.1949 318 597.3791 -0.09722222 0.5385263
Moved 996.21 318 599.1268 -0.09722222 0.5430216
Moved 996.2253 318 599.5681 -0.09722222 0.5441566
Moved 996.2408 316.9992 600 -0.09953896 0.5452674
Moved 996.2559 314.1189 600 -0.1062063 0.5452674
Moved 996.2715 309.4426 600 -0.1170311 0.5452674
Moved 996.2869 301.1107 589.0886 -0.1363177 0.5172032
Moved 996.3089 283.8932 571.8932 -0.1761732 0.4729762
Stationary 996.3207 283.8932 571.8932 -0.1761732 0.4729762
Moved 996.3334 271.5092 559.5092 -0.2048398 0.4411244
Moved 996.3491 259.7811 547.7811 -0.2319881 0.4109597
Moved 996.3636 247.673 532.1754 -0.2600161 0.3708214
Moved 996.3787 237.9571 519.2761 -0.2825068 0.337644
Moved 996.3961 225.8193 500.1188 -0.3106036 0.2883713
Moved 996.4108 215.7932 484.1035 -0.3338121 0.2471797
Moved 996.426 207.9492 471.5086 -0.3519694 0.2147854
Moved 996.4409 200.7357 460.63 -0.3686674 0.1868055
Moved 996.456 197.0477 453.5596 -0.3772043 0.1686205
Moved 996.4717 192.229 443.6107 -0.3883589 0.1430314
Moved 996.4869 189.9597 438.9194 -0.3936118 0.1309656
Moved 996.5019 188.5333 433.1333 -0.3969136 0.1160835
Moved 996.5173 187.0966 428.2897 -0.4002394 0.1036257
Moved 996.5375 185.6569 423.9708 -0.4035719 0.09251751
Moved 996.549 185.2201 422.2201 -0.4045831 0.08801452
Moved 996.5641 185 420.7839 -0.4050926 0.08432062
Ended 996.579 185 420 -0.4050926 0.08230445
Candidates 996.6838 12 idea ideas used uses orders guides ordered houses guided users iowa goddess
Began 997.0411 378 386 0.04166663 -0.005144111
Stationary 997.0579 378 386 0.04166663 -0.005144111
Stationary 997.0724 378 386 0.04166663 -0.005144111
Moved 997.0884 378 401.7857 0.04166663 0.03545698
Moved 997.1044 378 430.5469 0.04166663 0.1094314
Moved 997.119 378 479.079 0.04166663 0.2342565
Moved 997.135 368.9799 538.6088 0.02078672 0.3873681
Ended 997.1507 361.2918 591.131 0.002990365 0.5224561
Accept 997.1938 0 idea
PhraseEnd 997.9485
