with each step forward
with each step forward
Basic
0.6 0.6
432 388.8
Began 1361.419 212 461 -0.3425926 0.1877571
Stationary 1361.439 212 461 -0.3425926 0.1877571
Stationary 1361.454 212 461 -0.3425926 0.1877571
Stationary 1361.469 212 461 -0.3425926 0.1877571
Stationary 1361.483 212 461 -0.3425926 0.1877571
Stationary 1361.499 212 461 -0.3425926 0.1877571
Stationary 1361.517 212 461 -0.3425926 0.1877571
Stationary 1361.532 212 461 -0.3425926 0.1877571
Stationary 1361.547 212 461 -0.3425926 0.1877571
Stationary 1361.562 212 461 -0.3425926 0.1877571
Stationary 1361.577 212 461 -0.3425926 0.1877571
Moved 1361.592 202.3817 461 -0.3648571 0.1877571
Moved 1361.609 199.8832 461 -0.3706408 0.1877571
Moved 1361.625 198.5 461 -0.3738426 0.1877571
Moved 1361.639 196.4332 457.0325 -0.3786268 0.1775528
Moved 1361.654 194.0559 454 -0.3841298 0.169753
Moved 1361.67 192.5893 452.5892 -0.3875248 0.1661244
Moved 1361.685 190.1477 453 -0.3931767 0.167181
Moved 1361.7 188.7126 453 -0.3964987 0.167181
Stationary 1361.716 188.7126 453 -0.3964987 0.167181
Moved 1361.731 187.6276 453 -0.3990101 0.167181
Stationary 1361.749 187.6276 453 -0.3990101 0.167181
Moved 1361.763 188 462.1308 -0.3981482 0.1906656
Moved 1361.778 188 464.1483 -0.3981482 0.1958545
Moved 1361.793 188 468.7621 -0.3981482 0.2077214
Moved 1361.809 188 473.0696 -0.3981482 0.2188002
Moved 1361.826 188 478.8484 -0.3981482 0.2336635
Moved 1361.841 188 485.603 -0.3981482 0.2510365
Moved 1361.855 194.8855 490.9182 -0.3822096 0.2647072
Moved 1361.871 197.8411 496.6821 -0.3753679 0.2795322
Moved 1361.886 197.858 500.7161 -0.3753287 0.2899075
Moved 1361.902 199.2968 503.5937 -0.371998 0.2973087
Moved 1361.918 199 506.471 -0.3726852 0.3047094
Moved 1361.933 200.1743 509.3486 -0.3699668 0.3121106
Moved 1361.948 200 510.6159 -0.3703704 0.3153701
Moved 1361.964 200.8083 511.8082 -0.3684994 0.3184367
Moved 1361.979 201 513.1852 -0.3680556 0.3219783
Moved 1361.994 201.6286 515.2573 -0.3666003 0.3273077
Moved 1362.01 203.0632 517.0632 -0.3632796 0.3319527
Moved 1362.025 203 518.5 -0.3634259 0.335648
Moved 1362.04 204 519.9412 -0.3611111 0.3393549
Moved 1362.056 205.3794 521.3794 -0.3579181 0.3430539
Stationary 1362.071 205.3794 521.3794 -0.3579181 0.3430539
Moved 1362.085 205.9235 522 -0.3566585 0.3446501
Moved 1362.102 206.5 522 -0.3553241 0.3446501
Stationary 1362.119 206.5 522 -0.3553241 0.3446501
Moved 1362.132 206 523 -0.3564815 0.3472221
Stationary 1362.148 206 523 -0.3564815 0.3472221
Moved 1362.163 207 523 -0.3541667 0.3472221
Stationary 1362.179 207 523 -0.3541667 0.3472221
Moved 1362.194 209.256 523 -0.3489445 0.3472221
Moved 1362.21 213.2067 523 -0.3397993 0.3472221
Moved 1362.226 223.5 523 -0.3159722 0.3472221
Moved 1362.241 241.3492 523 -0.2746545 0.3472221
Moved 1362.258 268.3168 523 -0.2122296 0.3472221
Moved 1362.272 318.7524 526.643 -0.09548058 0.356592
Moved 1362.288 360.2749 530.7795 0.0006362796 0.3672311
Moved 1362.302 377.3068 530 0.04006207 0.3652262
Moved 1362.318 397.4957 532 0.08679549 0.3703703
Moved 1362.333 414.9031 532 0.1270906 0.3703703
Moved 1362.349 430.8142 532 0.1639218 0.3703703
Moved 1362.364 445.17 532 0.1971527 0.3703703
Moved 1362.379 454.809 532 0.2194652 0.3703703
Moved 1362.395 462.9024 525.1366 0.2382 0.3527175
Moved 1362.41 469.2926 523.9512 0.2529921 0.3496687
Moved 1362.426 476.5382 521.9847 0.2697643 0.3446109
Moved 1362.441 482.7855 520.0536 0.2842257 0.339644
Moved 1362.458 489.9254 515.8447 0.3007533 0.3288186
Moved 1362.472 493.4986 512.5014 0.3090245 0.3202196
Moved 1362.486 496.528 509.472 0.316037 0.3124278
Moved 1362.502 499.6963 508.3038 0.323371 0.3094231
Moved 1362.52 500.8748 506.2504 0.3260991 0.3041418
Moved 1362.533 502.2732 506 0.3293361 0.3034978
Moved 1362.549 503 505 0.3310186 0.3009258
Moved 1362.564 504.1483 503.8517 0.3336765 0.2979725
Moved 1362.58 504.5824 503.4175 0.3346815 0.2968557
Moved 1362.594 505.5 502.5 0.3368056 0.2944958
Moved 1362.61 505 501.7684 0.3356481 0.2926141
Stationary 1362.626 505 501.7684 0.3356481 0.2926141
Stationary 1362.641 505 502 0.3356481 0.2932098
Moved 1362.657 490.0475 502 0.3010357 0.2932098
Moved 1362.672 472.9078 511.3017 0.2613606 0.3171339
Moved 1362.687 451.1537 517.559 0.2110038 0.3332278
Moved 1362.703 424.338 526.1216 0.1489306 0.3552509
Moved 1362.72 405.8253 530.7937 0.1060771 0.3672676
Moved 1362.735 391 531.5 0.07175922 0.3690843
Moved 1362.75 376.3267 532 0.03779322 0.3703703
Moved 1362.774 350.4494 532 -0.02210796 0.3703703
Stationary 1362.786 350.4494 532 -0.02210796 0.3703703
Moved 1362.797 340.3746 532 -0.04542907 0.3703703
Moved 1362.811 332 532 -0.06481484 0.3703703
Moved 1362.827 322.1656 523.0552 -0.08757958 0.3473642
Moved 1362.842 316.3496 520.1748 -0.1010426 0.3399556
Moved 1362.857 311.0069 516.8041 -0.11341 0.3312862
Moved 1362.873 305.1273 515.0637 -0.1270201 0.3268097
Moved 1362.887 300.7869 512.1913 -0.1370674 0.3194219
Moved 1362.903 296.4615 509.3077 -0.1470797 0.3120052
Moved 1362.918 294.7141 509 -0.1511247 0.3112139
Moved 1362.934 293.2711 508 -0.1544649 0.3086419
Moved 1362.949 293 506.8343 -0.1550926 0.3056437
Stationary 1362.964 293 506.8343 -0.1550926 0.3056437
Moved 1362.98 291.707 507 -0.1580857 0.3060699
Stationary 1362.995 291.707 507 -0.1580857 0.3060699
Moved 1363.011 292 505.4264 -0.1574074 0.3020225
Moved 1363.026 292 502.9549 -0.1574074 0.2956658
Moved 1363.042 292 500.0751 -0.1574074 0.2882589
Moved 1363.057 310.03 489.8622 -0.1156712 0.2619911
Moved 1363.073 320.2035 477.7513 -0.09212156 0.2308417
Moved 1363.087 334.3568 460.1637 -0.05935932 0.1856061
Moved 1363.104 344.4482 448.6306 -0.03599951 0.1559428
Moved 1363.119 354.4488 435.8515 -0.01284997 0.1230748
Moved 1363.134 361.9591 426.4573 0.00453492 0.0989127
Moved 1363.15 370.3989 415.1348 0.02407154 0.06979102
Moved 1363.167 379.7408 404.582 0.0456963 0.04264906
Moved 1363.181 386.1989 396.9614 0.06064554 0.0230487
Moved 1363.196 395.6064 386.1641 0.08242229 -0.004722179
Moved 1363.211 403.9806 375.6926 0.1018069 -0.031655
Moved 1363.228 412.6042 367.4965 0.1217689 -0.05273536
Ended 1363.242 412.6042 367.4965 0.1217689 -0.05273536
Candidates 1363.351 12 with worth work depth worn storm weigh growth truth south wish reform
Began 1363.725 406 358 0.1064815 -0.07716057
Stationary 1363.736 406 358 0.1064815 -0.07716057
Stationary 1363.751 406 358 0.1064815 -0.07716057
Moved 1363.767 406 374.3912 0.1064815 -0.03500197
Moved 1363.782 416.3837 393.284 0.1305178 0.01359045
Moved 1363.797 416.8512 421.6611 0.1316001 0.08657698
Moved 1363.814 418.3652 443.4776 0.1351046 0.1426892
Moved 1363.828 422.4032 491.6398 0.144452 0.2665631
Ended 1363.844 423 499 0.1458333 0.2854938
Accept 1363.902 0 with
Began 1364.629 270 530 -0.2083333 0.3652262
Stationary 1364.647 270 530 -0.2083333 0.3652262
Stationary 1364.661 270 530 -0.2083333 0.3652262
Stationary 1364.683 270 530 -0.2083333 0.3652262
Stationary 1364.693 270 530 -0.2083333 0.3652262
Stationary 1364.707 270 530 -0.2083333 0.3652262
Stationary 1364.722 270 530 -0.2083333 0.3652262
Stationary 1364.739 270 530 -0.2083333 0.3652262
Stationary 1364.753 270 530 -0.2083333 0.3652262
Moved 1364.771 259.5338 535.1317 -0.2325607 0.3784251
Moved 1364.784 256.6705 538.1648 -0.2391887 0.3862262
Moved 1364.801 254.3914 539.6086 -0.2444644 0.3899398
Moved 1364.816 251.9069 541.0465 -0.2502154 0.3936381
Moved 1364.831 249.5147 542.9705 -0.2557529 0.3985866
Moved 1364.846 247.1462 544 -0.2612355 0.4012345
Moved 1364.862 245.9919 546.0162 -0.2639076 0.4064201
Moved 1364.877 244.5795 547.4205 -0.2671772 0.4100321
Moved 1364.893 244 547.8552 -0.2685185 0.4111502
Moved 1364.908 242.7061 548 -0.2715137 0.4115225
Stationary 1364.923 242.7061 548 -0.2715137 0.4115225
Moved 1364.939 241.6266 548 -0.2740126 0.4115225
Stationary 1364.954 241.6266 548 -0.2740126 0.4115225
Stationary 1364.969 241.6266 548 -0.2740126 0.4115225
Moved 1364.985 240.8264 548 -0.2758648 0.4115225
Stationary 1365.001 240.8264 548 -0.2758648 0.4115225
Moved 1365.016 239.9425 548 -0.2779109 0.4115225
Stationary 1365.031 239.9425 548 -0.2779109 0.4115225
Moved 1365.047 238.6266 548 -0.280957 0.4115225
Moved 1365.062 237.8115 548 -0.2828439 0.4115225
Moved 1365.079 236.5 548 -0.2858796 0.4115225
Moved 1365.094 233.2213 540.5902 -0.2934691 0.3924644
Moved 1365.109 228.9046 534.5394 -0.3034616 0.3769017
Moved 1365.124 223.8319 524.4559 -0.3152039 0.3509666
Moved 1365.14 218.0154 511.7846 -0.3286681 0.3183759
Moved 1365.154 208.5869 494.8503 -0.3504934 0.2748207
Moved 1365.171 197.0845 473.2834 -0.3771193 0.2193502
Moved 1365.185 186 452.5 -0.4027778 0.165895
Moved 1365.2 176.022 432.4216 -0.4258751 0.1142532
Moved 1365.216 167.8878 414.7531 -0.4447043 0.06880917
Moved 1365.231 159.7673 395.7903 -0.4635017 0.0200367
Moved 1365.247 155.4927 386.3139 -0.4733965 -0.004336706
Moved 1365.262 151.189 374.8373 -0.4833588 -0.03385465
Moved 1365.284 147.8542 362.4167 -0.4910783 -0.06580054
Stationary 1365.296 147.8542 362.4167 -0.4910783 -0.06580054
Moved 1365.308 146.8065 358.2258 -0.4935036 -0.07657973
Moved 1365.324 147 354.9216 -0.4930556 -0.08507834
Moved 1365.339 147 351.7369 -0.4930556 -0.09326918
Moved 1365.356 147 348.8594 -0.4930556 -0.1006702
Moved 1365.37 147 344.9641 -0.4930556 -0.1106891
Moved 1365.386 161.4645 336.3214 -0.4595729 -0.1329184
Moved 1365.401 171.9902 325.8836 -0.435208 -0.1597645
Moved 1365.419 183.657 313.3743 -0.4082015 -0.1919387
Moved 1365.431 206.4088 294.7928 -0.3555351 -0.2397303
Moved 1365.447 218.4948 284.2041 -0.3275582 -0.2669648
Moved 1365.465 233.9718 272.8387 -0.291732 -0.2961969
Moved 1365.479 251.3584 259.1911 -0.2514853 -0.3312987
Moved 1365.494 267.6867 248.9879 -0.2136881 -0.3575414
Moved 1365.508 280.9602 239.4238 -0.1829625 -0.3821403
Moved 1365.526 292.1287 233.8317 -0.1571095 -0.3965235
Moved 1365.54 302.1565 228.3391 -0.1338969 -0.4106504
Moved 1365.555 311.0573 224.7771 -0.1132933 -0.419812
Moved 1365.57 319.3281 220.8359 -0.09414793 -0.4299487
Moved 1365.587 324.4716 219.5095 -0.0822417 -0.4333604
Moved 1365.602 328.7959 219 -0.07223164 -0.4346708
Moved 1365.62 331.7418 219 -0.06541257 -0.4346708
Moved 1365.633 334 219 -0.06018519 -0.4346708
Moved 1365.648 338.6352 227.1792 -0.04945556 -0.4136338
Moved 1365.663 344.4077 241.5193 -0.03609324 -0.3767509
Moved 1365.68 348.5748 268.5985 -0.02644718 -0.3071027
Moved 1365.694 351.4513 290.3844 -0.01978874 -0.2510689
Moved 1365.71 354.9929 321.6219 -0.01159047 -0.1707256
Moved 1365.726 358.1999 341.1992 -0.004167011 -0.1203726
Moved 1365.741 362.5 358 0.005787015 -0.07716057
Moved 1365.758 367.6408 372.3156 0.01768708 -0.04034058
Moved 1365.772 375.2297 389.4595 0.03525406 0.00375367
Moved 1365.787 385.3935 405.3326 0.05878121 0.0445796
Moved 1365.809 395.0494 420.3992 0.08113284 0.08333112
Stationary 1365.82 395.0494 420.3992 0.08113284 0.08333112
Moved 1365.832 400.3844 428.3843 0.09348234 0.1038691
Ended 1365.848 408.3838 436.3838 0.1119996 0.1244438
Candidates 1365.953 12 each reach teach track react tracy taxi ranch want tract tech rabbi
Began 1366.432 387 328 0.06250004 -0.1543211
Stationary 1366.45 387 328 0.06250004 -0.1543211
Stationary 1366.469 387 328 0.06250004 -0.1543211
Moved 1366.48 387 369.9402 0.06250004 -0.04645022
Moved 1366.496 387 403.1016 0.06250004 0.03884143
Moved 1366.513 392.8468 436.2109 0.07603417 0.123999
Moved 1366.527 394 485.8972 0.07870366 0.251793
Moved 1366.542 397 543.5 0.0856481 0.3999484
Ended 1366.557 397 543.5 0.0856481 0.3999484
Accept 1366.587 0 each
Began 1367.018 270 283 -0.2083333 -0.2700618
Stationary 1367.036 270 283 -0.2083333 -0.2700618
Stationary 1367.051 270 283 -0.2083333 -0.2700618
Stationary 1367.067 270 283 -0.2083333 -0.2700618
Stationary 1367.082 270 283 -0.2083333 -0.2700618
Moved 1367.097 256.3233 283 -0.2399923 -0.2700618
Moved 1367.114 251.5982 283 -0.25093 -0.2700618
Moved 1367.128 246.5674 283 -0.2625755 -0.2700618
Moved 1367.144 238.4968 283 -0.2812573 -0.2700618
Moved 1367.159 232.2323 278.1564 -0.2957587 -0.2825195
Moved 1367.176 225.3424 276 -0.3117075 -0.288066
Moved 1367.19 220.7056 274.4264 -0.3224407 -0.2921133
Moved 1367.206 214.9525 274 -0.3357582 -0.2932099
Moved 1367.222 210.6603 272.5534 -0.3456938 -0.2969306
Moved 1367.243 202.0412 272 -0.3656453 -0.2983539
Stationary 1367.254 202.0412 272 -0.3656453 -0.2983539
Moved 1367.266 199.1822 270.5911 -0.3722636 -0.3019778
Moved 1367.283 196.2928 271 -0.3789519 -0.300926
Moved 1367.298 194.7015 271 -0.3826353 -0.300926
Moved 1367.313 194.2666 271 -0.3836422 -0.300926
Moved 1367.329 193.5 271 -0.3854167 -0.300926
Moved 1367.344 192.6986 271 -0.3872717 -0.300926
Stationary 1367.358 192.6986 271 -0.3872717 -0.300926
Stationary 1367.375 192.6986 271 -0.3872717 -0.300926
Moved 1367.389 193 280.6692 -0.3865741 -0.2760568
Moved 1367.406 193 285.9794 -0.3865741 -0.2623987
Moved 1367.422 193 294.6262 -0.3865741 -0.2401591
Moved 1367.437 203.6254 302.2507 -0.3619783 -0.2205485
Moved 1367.452 207.9305 310.861 -0.3520128 -0.198403
Moved 1367.468 209.6247 314.2495 -0.3480909 -0.1896877
Moved 1367.483 215.5828 329.0266 -0.3342991 -0.1516808
Moved 1367.499 219.899 339.0975 -0.324308 -0.125778
Moved 1367.514 222.1964 350.5892 -0.3189898 -0.09622126
Moved 1367.529 225.3439 363.5475 -0.3117039 -0.06289219
Moved 1367.544 226.6045 375.2312 -0.308786 -0.03284164
Moved 1367.56 228.0522 385.3654 -0.3054347 -0.006776268
Moved 1367.576 229.1014 392.7097 -0.303006 0.01211347
Moved 1367.59 232.1488 402.0208 -0.2959519 0.03606156
Moved 1367.607 234.9303 410.7908 -0.2895132 0.05861831
Moved 1367.622 239.1387 420.6569 -0.2797716 0.0839941
Moved 1367.637 244.3696 429.0544 -0.267663 0.1055925
Moved 1367.659 250.1415 437.7123 -0.254302 0.1278607
Moved 1367.676 262.4878 450.5902 -0.2257227 0.160983
Stationary 1367.687 262.4878 450.5902 -0.2257227 0.160983
Moved 1367.699 270.8576 457.548 -0.2063481 0.1788786
Moved 1367.715 281.2883 463.0219 -0.182203 0.1929575
Moved 1367.731 293.726 469.9589 -0.1534121 0.2107995
Moved 1367.745 303.1095 473.9161 -0.131691 0.2209775
Moved 1367.761 314.6536 478.2451 -0.1049686 0.2321117
Moved 1367.776 325.1294 482.5485 -0.080719 0.2431803
Moved 1367.793 334.7427 486.1535 -0.05846595 0.2524523
Moved 1367.807 347.1232 490.037 -0.02980739 0.2624408
Moved 1367.823 357.1683 492.9052 -0.006554773 0.2698179
Moved 1367.838 369.1671 497.6877 0.02122015 0.2821185
Moved 1367.853 380.6858 500.6714 0.04788379 0.2897928
Moved 1367.87 391.9833 503.5518 0.07403532 0.2972011
Moved 1367.884 402.5125 505.2161 0.09840855 0.3014815
Moved 1367.903 413 508 0.1226852 0.3086419
Moved 1367.917 430.5576 512.2056 0.1633278 0.3194587
Moved 1367.931 448.0121 514.1677 0.2037318 0.3245052
Moved 1367.947 466.9654 519.8381 0.247605 0.3390898
Moved 1367.962 484.6252 522.0521 0.2884844 0.3447842
Moved 1367.978 498.8821 524.9764 0.3214863 0.3523056
Moved 1367.992 507.4897 525 0.3414114 0.3523662
Moved 1368.008 514.8351 525 0.3584146 0.3523662
Moved 1368.024 521.1155 526.3526 0.3729526 0.3558451
Moved 1368.042 527.5967 527.9193 0.3879553 0.3598747
Moved 1368.055 533.4245 528 0.4014456 0.3600822
Moved 1368.071 538.1574 529.7894 0.4124015 0.3646845
Moved 1368.084 541.4509 530 0.4200253 0.3652262
Moved 1368.099 543.6596 530.6596 0.425138 0.3669228
Moved 1368.115 546.202 531 0.4310232 0.3677982
Moved 1368.13 547.1362 531 0.4331857 0.3677982
Moved 1368.146 550.2462 531 0.4403847 0.3677982
Moved 1368.161 552.0592 531 0.4445815 0.3677982
Moved 1368.178 553.4938 531 0.4479024 0.3677982
Moved 1368.193 554.9367 531 0.4512423 0.3677982
Moved 1368.208 556.3693 531 0.4545584 0.3677982
Moved 1368.222 558.8133 531 0.460216 0.3677982
Moved 1368.239 559.9573 531 0.462864 0.3677982
Moved 1368.253 562.7682 531 0.469371 0.3677982
Stationary 1368.27 562.7682 531 0.469371 0.3677982
Moved 1368.284 564.2666 531 0.4728394 0.3677982
Moved 1368.3 564.7018 531 0.4738467 0.3677982
Stationary 1368.317 565 531 0.474537 0.3677982
Moved 1368.331 566.5 531 0.4780093 0.3677982
Stationary 1368.347 566.5 531 0.4780093 0.3677982
Moved 1368.361 566 531 0.4768519 0.3677982
Stationary 1368.377 566 531 0.4768519 0.3677982
Stationary 1368.397 566 531 0.4768519 0.3677982
Stationary 1368.408 566 531 0.4768519 0.3677982
Stationary 1368.423 566 531 0.4768519 0.3677982
Stationary 1368.438 566 531 0.4768519 0.3677982
Stationary 1368.453 566 531 0.4768519 0.3677982
Stationary 1368.469 566 531 0.4768519 0.3677982
Stationary 1368.485 566 531 0.4768519 0.3677982
Stationary 1368.5 566 531 0.4768519 0.3677982
Stationary 1368.515 566 531 0.4768519 0.3677982
Stationary 1368.53 566 531 0.4768519 0.3677982
Stationary 1368.546 566 531 0.4768519 0.3677982
Stationary 1368.562 566 531 0.4768519 0.3677982
Stationary 1368.578 566 531 0.4768519 0.3677982
Stationary 1368.592 566 531 0.4768519 0.3677982
Stationary 1368.608 566 531 0.4768519 0.3677982
Stationary 1368.624 566 531 0.4768519 0.3677982
Stationary 1368.64 566 531 0.4768519 0.3677982
Ended 1368.653 566 531 0.4768519 0.3677982
Candidates 1368.698 12 cap castro crop ceo zip gao gap nato atp veto atop nap
Began 1369.486 406 345 0.1064815 -0.1105968
Stationary 1369.504 406 345 0.1064815 -0.1105968
Stationary 1369.518 406 345 0.1064815 -0.1105968
Stationary 1369.538 406 345 0.1064815 -0.1105968
Stationary 1369.549 406 345 0.1064815 -0.1105968
Ended 1369.564 406 345 0.1064815 -0.1105968
NextCandidatePanel 1369.625
Began 1370.193 418 335 0.1342593 -0.1363169
Stationary 1370.214 418 335 0.1342593 -0.1363169
Stationary 1370.227 418 335 0.1342593 -0.1363169
Stationary 1370.242 418 335 0.1342593 -0.1363169
Stationary 1370.258 418 335 0.1342593 -0.1363169
Ended 1370.276 418 335 0.1342593 -0.1363169
Began 1370.334 413 332 0.1226852 -0.144033
NextCandidatePanel 1370.334
Stationary 1370.352 413 332 0.1226852 -0.144033
Stationary 1370.366 413 332 0.1226852 -0.144033
Stationary 1370.382 413 332 0.1226852 -0.144033
Stationary 1370.397 413 332 0.1226852 -0.144033
Ended 1370.413 413 332 0.1226852 -0.144033
Cancel 1370.473
Began 1370.86 278 324 -0.1898148 -0.164609
Stationary 1370.876 278 324 -0.1898148 -0.164609
Stationary 1370.898 278 324 -0.1898148 -0.164609
Stationary 1370.908 278 324 -0.1898148 -0.164609
Stationary 1370.921 278 324 -0.1898148 -0.164609
Moved 1370.937 266.0092 324 -0.2175713 -0.164609
Moved 1370.953 256.7448 324 -0.2390165 -0.164609
Moved 1370.968 249.6159 324 -0.2555187 -0.164609
Moved 1370.984 240.6679 332.8566 -0.2762316 -0.1418297
Moved 1370.999 229.5602 337.1649 -0.3019439 -0.1307487
Moved 1371.016 221.0535 341.4732 -0.3216353 -0.1196677
Moved 1371.03 213.3646 342.8542 -0.3394339 -0.1161158
Moved 1371.045 206.1643 345.7343 -0.3561012 -0.1087083
Moved 1371.062 199.7823 347.8044 -0.3708742 -0.1033839
Moved 1371.077 194.0357 350.4822 -0.3841767 -0.09649653
Moved 1371.091 192.4825 350 -0.3877719 -0.09773669
Moved 1371.107 191.2142 351.7858 -0.3907079 -0.0931436
Moved 1371.122 189.7877 353.2123 -0.3940099 -0.08947466
Moved 1371.138 189.3385 355.3229 -0.3950497 -0.08404594
Moved 1371.152 189 357.0975 -0.3958333 -0.07948165
Moved 1371.17 189 360.6095 -0.3958333 -0.07044882
Moved 1371.184 189 365.8794 -0.3958333 -0.05689464
Moved 1371.204 197.1964 371.1227 -0.3768603 -0.04340866
Moved 1371.218 205.92 381.4067 -0.3566667 -0.01695821
Moved 1371.231 216.3774 391.4552 -0.3324598 0.008886753
Moved 1371.245 227.903 401.5401 -0.3057802 0.03482532
Moved 1371.261 244.581 415.1857 -0.2671736 0.06992207
Moved 1371.276 264.1776 428.0427 -0.2218111 0.1029905
Moved 1371.291 286.1657 445.1243 -0.1709126 0.1469245
Moved 1371.308 300.6574 455.3782 -0.1373671 0.1732977
Moved 1371.323 316.2198 464.2108 -0.1013431 0.1960154
Moved 1371.339 326.5041 470.5738 -0.07753675 0.2123811
Moved 1371.353 337.7051 476.3526 -0.05160848 0.2272443
Moved 1371.37 346.108 480.554 -0.03215745 0.2380503
Moved 1371.385 354.7408 484.8704 -0.01217405 0.2491522
Moved 1371.399 361.9722 487.7889 0.004565319 0.2566586
Moved 1371.417 365.8662 491.2441 0.01357913 0.2655455
Moved 1371.429 370.714 493.857 0.024801 0.2722659
Moved 1371.447 372.37 496.7399 0.02863417 0.2796808
Moved 1371.462 373.8115 497 0.03197104 0.2803498
Moved 1371.477 374 499.5134 0.03240744 0.2868141
Moved 1371.496 374 499.6976 0.03240744 0.2872879
Moved 1371.509 374 501.1392 0.03240744 0.2909957
Stationary 1371.524 374 501.1392 0.03240744 0.2909957
Moved 1371.537 359.695 502.7175 -0.0007060667 0.2950552
Moved 1371.554 349.8629 503 -0.0234656 0.2957818
Moved 1371.57 333.5834 503 -0.06114955 0.2957818
Moved 1371.584 317.9941 503 -0.09723595 0.2957818
Moved 1371.6 300.6307 503 -0.1374288 0.2957818
Moved 1371.616 281.3141 503 -0.1821434 0.2957818
Moved 1371.632 264.2106 493.7896 -0.2217346 0.2720924
Moved 1371.646 256.3004 494.7001 -0.2400453 0.2744343
Moved 1371.663 246.0767 493.1538 -0.2637114 0.2704572
Moved 1371.677 241.1436 491.7145 -0.2751305 0.2667554
Moved 1371.692 236.5475 492 -0.2857696 0.2674896
Moved 1371.709 234.8409 492 -0.2897202 0.2674896
Moved 1371.726 233.5 492 -0.2928241 0.2674896
Moved 1371.739 234 492 -0.2916667 0.2674896
Stationary 1371.754 234 492 -0.2916667 0.2674896
Moved 1371.771 246 502.5 -0.2638889 0.2944958
Moved 1371.792 303.9216 507.4169 -0.129811 0.3071422
Stationary 1371.803 303.9216 507.4169 -0.129811 0.3071422
Moved 1371.816 327.8712 507 -0.07437209 0.3060699
Moved 1371.832 355.936 507 -0.00940745 0.3060699
Moved 1371.847 399.27 507 0.09090265 0.3060699
Moved 1371.863 427.2943 507 0.1557739 0.3060699
Moved 1371.879 454.368 496.7398 0.2184445 0.2796805
Moved 1371.894 468.221 499 0.2505116 0.2854938
Moved 1371.91 481.4705 499 0.2811818 0.2854938
Moved 1371.924 493.2113 499 0.3083596 0.2854938
Moved 1371.94 503.2829 499 0.3316734 0.2854938
Moved 1371.955 510.3956 499 0.3481379 0.2854938
Ended 1371.97 512 499 0.3518519 0.2854938
Candidates 1372.045 12 castro cairo step ceo auto steep dru saudi strip ai sheep veto
Began 1373.372 417 383 0.1319444 -0.01286016
Stationary 1373.39 417 383 0.1319444 -0.01286016
Stationary 1373.404 417 383 0.1319444 -0.01286016
Moved 1373.426 490.4678 383 0.3020089 -0.01286016
Stationary 1373.437 490.4678 383 0.3020089 -0.01286016
Moved 1373.451 544.1636 374.4555 0.4263047 -0.03483674
Moved 1373.467 574.1896 367.7026 0.4958092 -0.05220523
Ended 1373.482 597.4918 362.7017 0.5497494 -0.06506782
Accept 1373.509 2 step
Began 1374.08 383 350 0.05324075 -0.09773669
Stationary 1374.099 383 350 0.05324075 -0.09773669
Stationary 1374.113 383 350 0.05324075 -0.09773669
Stationary 1374.129 383 350 0.05324075 -0.09773669
Stationary 1374.144 383 350 0.05324075 -0.09773669
Stationary 1374.159 383 350 0.05324075 -0.09773669
Stationary 1374.174 383 350 0.05324075 -0.09773669
Stationary 1374.189 383 350 0.05324075 -0.09773669
Stationary 1374.205 383 350 0.05324075 -0.09773669
Moved 1374.222 369.6756 350 0.02239714 -0.09773669
Moved 1374.239 367 350 0.01620372 -0.09773669
Moved 1374.26 357.7151 350 -0.005289168 -0.09773669
Stationary 1374.271 357.7151 350 -0.005289168 -0.09773669
Moved 1374.284 353.4043 356.0567 -0.01526788 -0.08215868
Moved 1374.3 350.3882 358.3059 -0.02224942 -0.07637385
Moved 1374.314 347.1456 360.5696 -0.02975563 -0.07055133
Moved 1374.329 343.622 363.5853 -0.03791193 -0.06279501
Moved 1374.345 339.3034 365.2322 -0.04790877 -0.05855929
Moved 1374.363 336.6608 367.6696 -0.05402585 -0.05229023
Moved 1374.377 334.8906 369.1094 -0.05812372 -0.04858692
Moved 1374.392 333.5 370.5 -0.06134262 -0.04501037
Moved 1374.407 332.0156 371.9844 -0.06477872 -0.04119253
Moved 1374.423 330.9247 373.0753 -0.06730393 -0.03838653
Moved 1374.439 331 374.5 -0.06712963 -0.03472222
Moved 1374.453 331 376.96 -0.06712963 -0.02839524
Moved 1374.469 331 379.8325 -0.06712963 -0.02100689
Moved 1374.484 331 385.4599 -0.06712963 -0.006533218
Moved 1374.504 340.1438 391.225 -0.04596337 0.008294847
Moved 1374.516 348.2103 400.2103 -0.02729098 0.03140512
Moved 1374.53 356.9541 408.0848 -0.007050684 0.05165841
Moved 1374.546 378.3685 425.5494 0.04251967 0.09657757
Moved 1374.561 403.3598 445.5472 0.10037 0.1480124
Moved 1374.577 426.2851 464.9804 0.1534377 0.1979948
Moved 1374.592 442.7502 477.4168 0.1915514 0.2299814
Moved 1374.607 459.2286 490.1829 0.2296957 0.262816
Moved 1374.623 479.5403 506.1388 0.2767136 0.3038548
Moved 1374.637 488.5599 511.4749 0.2975924 0.3175794
Moved 1374.653 496.1918 518.1918 0.3152587 0.3348553
Moved 1374.67 501.8979 520.9489 0.3284673 0.3419467
Moved 1374.685 505.7325 524.7324 0.3373436 0.351678
Moved 1374.7 510.0745 526.3582 0.3473948 0.3558593
Moved 1374.716 512.5825 528.7913 0.3532002 0.3621174
Moved 1374.731 514.2272 530.2272 0.3570075 0.3658107
Moved 1374.752 516 531.7693 0.3611111 0.3697769
Stationary 1374.763 516 531.7693 0.3611111 0.3697769
Moved 1374.776 517.2061 533.2061 0.363903 0.3734723
Moved 1374.792 517.6467 533.6467 0.364923 0.3746057
Moved 1374.808 518 535.0717 0.3657407 0.3782706
Moved 1374.824 518 535.5256 0.3657407 0.3794382
Moved 1374.838 518 536.9536 0.3657407 0.3831109
Stationary 1374.854 518 537 0.3657407 0.3832304
Moved 1374.868 518 538.473 0.3657407 0.387019
Moved 1374.885 518 539 0.3657407 0.3883744
Moved 1374.9 518 540.3395 0.3657407 0.3918197
Moved 1374.915 518 541.5 0.3657407 0.3948044
Moved 1374.931 518 542.1082 0.3657407 0.3963688
Stationary 1374.946 518 542.1082 0.3657407 0.3963688
Moved 1374.962 504.608 544.098 0.3347408 0.4014866
Moved 1374.977 499.1558 545.1688 0.32212 0.4042408
Moved 1374.997 487.0381 545 0.2940696 0.4038065
Moved 1375.01 474.1046 545 0.2641311 0.4038065
Moved 1375.024 464.5 545 0.2418981 0.4038065
Moved 1375.039 450.2824 545 0.2089871 0.4038065
Moved 1375.053 437.1851 545 0.1786693 0.4038065
Moved 1375.071 419.6436 537 0.1380638 0.3832304
Moved 1375.086 406.47 536.0392 0.1075695 0.3807592
Moved 1375.101 368.5087 530.6441 0.01969616 0.3668829
Moved 1375.117 332.0277 526.8744 -0.06475075 0.3571871
Moved 1375.132 304.9711 523.5524 -0.1273818 0.3486428
Moved 1375.147 290.0396 521.6733 -0.1619453 0.3438098
Moved 1375.165 276.0656 517.6885 -0.1942927 0.333561
Moved 1375.179 268 513.5 -0.212963 0.3227879
Moved 1375.194 261.986 512.493 -0.2268842 0.3201979
Moved 1375.209 256.5232 510.8808 -0.2395297 0.3160514
Moved 1375.23 251.8819 509.441 -0.2502733 0.3123481
Moved 1375.241 249.0065 508.0032 -0.2569294 0.3086502
Moved 1375.255 247.5631 506.5631 -0.2602705 0.3049462
Moved 1375.27 246.128 506.128 -0.2635927 0.3038271
Moved 1375.287 244.6772 506 -0.2669509 0.3034978
Moved 1375.301 243.5 506 -0.2696759 0.3034978
Moved 1375.316 243.139 505 -0.2705115 0.3009258
Moved 1375.332 242.5 505 -0.2719907 0.3009258
Moved 1375.347 242 504.2668 -0.2731481 0.2990402
Moved 1375.363 240.83 504 -0.2758565 0.2983539
Moved 1375.378 238.3841 502.3841 -0.2815183 0.2941977
Moved 1375.394 236.9585 499.9169 -0.2848184 0.287852
Moved 1375.41 234.0267 497.0267 -0.291605 0.2804183
Moved 1375.425 231.3129 495.3129 -0.2978869 0.2760104
Moved 1375.44 227.9981 491.998 -0.30556 0.2674847
Moved 1375.461 222.6729 487.6729 -0.3178869 0.2563601
Moved 1375.473 217.4533 483.34 -0.3299693 0.2452159
Moved 1375.485 213.0297 480.3531 -0.340209 0.2375338
Moved 1375.502 207.9243 476.4622 -0.352027 0.2275261
Moved 1375.517 202.1585 471.1585 -0.3653739 0.213885
Moved 1375.532 198.027 469.5135 -0.3749375 0.209654
Moved 1375.547 192.7384 464.7385 -0.3871795 0.1973725
Moved 1375.563 186.0266 460.416 -0.4027163 0.1862549
Moved 1375.579 182.0791 456.079 -0.4118541 0.1751003
Moved 1375.594 176.7265 451.7949 -0.4242442 0.1640813
Moved 1375.61 172.5 447.5 -0.4340278 0.1530349
Moved 1375.625 169.109 442.1454 -0.4418772 0.1392627
Moved 1375.64 165.8873 437.8497 -0.449335 0.1282142
Moved 1375.655 161.5271 430.5451 -0.459428 0.1094267
Moved 1375.679 152.9031 411.075 -0.4793909 0.05934926
Stationary 1375.69 152.9031 411.075 -0.4793909 0.05934926
Moved 1375.701 149.3964 404.1891 -0.4875084 0.04163848
Moved 1375.718 147.7533 396.7666 -0.4913117 0.02254776
Moved 1375.733 145.3167 387.2169 -0.4969521 -0.002014215
Moved 1375.748 144.1371 380.6855 -0.4996827 -0.01881305
Moved 1375.766 142.7419 372.4513 -0.5029123 -0.03999161
Moved 1375.78 143 367.8352 -0.5023148 -0.05186426
Moved 1375.795 143 360.333 -0.5023148 -0.07116003
Moved 1375.81 143 355.7366 -0.5023148 -0.08298198
Moved 1375.825 143 350.9586 -0.5023148 -0.09527104
Moved 1375.84 143 347.6467 -0.5023148 -0.1037895
Moved 1375.858 143 344.5 -0.5023148 -0.1118828
Moved 1375.872 143 343.0132 -0.5023148 -0.1157067
Moved 1375.892 152.9882 340.1462 -0.4791939 -0.1230807
Moved 1375.904 152.6676 340 -0.479936 -0.1234569
Moved 1375.918 156.8329 340 -0.4702941 -0.1234569
Moved 1375.933 164.2595 340 -0.453103 -0.1234569
Moved 1375.949 174.0406 340 -0.4304617 -0.1234569
Moved 1375.966 186.5 355 -0.4016204 -0.08487654
Moved 1375.98 196.5403 359.5782 -0.378379 -0.07310145
Moved 1375.995 208.7605 368.5704 -0.3500915 -0.04997339
Moved 1376.011 221.5 381.5 -0.3206019 -0.01671818
Moved 1376.026 231.7962 391.7962 -0.296768 0.009763819
Moved 1376.042 240.4819 403.3092 -0.2766623 0.03937545
Moved 1376.057 248.202 412.8827 -0.2587918 0.06399861
Moved 1376.073 257.9378 428.0451 -0.2362551 0.1029966
Moved 1376.088 263.8204 436.7307 -0.2226379 0.1253359
Moved 1376.107 270.5228 450.8865 -0.2071231 0.1617451
Moved 1376.12 276.119 460.9583 -0.1941689 0.1876499
Moved 1376.134 281.8397 471.2595 -0.1809267 0.2141446
Moved 1376.149 287.6209 483.397 -0.1675442 0.2453625
Moved 1376.164 292.3837 489.9797 -0.1565192 0.2622933
Moved 1376.18 298.1389 499.2431 -0.1431969 0.286119
Moved 1376.196 301.2664 503.3552 -0.1359573 0.2966954
Moved 1376.21 304.6682 509.2243 -0.1280828 0.3117909
Moved 1376.226 307.9896 513.9844 -0.1203945 0.3240338
Moved 1376.242 309.4336 515.4336 -0.1170518 0.3277612
Moved 1376.256 310.8748 517.8748 -0.1137157 0.3340402
Moved 1376.272 312.3064 520.6129 -0.1104018 0.3410824
Moved 1376.287 312.7469 521 -0.1093821 0.3420781
Moved 1376.308 313 521.9106 -0.1087963 0.3444203
Moved 1376.319 313 523.3224 -0.1087963 0.3480513
Moved 1376.334 313 523.764 -0.1087963 0.3491873
Stationary 1376.349 313 524 -0.1087963 0.3497942
Stationary 1376.364 313 524 -0.1087963 0.3497942
Stationary 1376.378 313 524 -0.1087963 0.3497942
Stationary 1376.395 313 524 -0.1087963 0.3497942
Stationary 1376.41 313 524 -0.1087963 0.3497942
Moved 1376.426 302.5149 514.5634 -0.1330673 0.325523
Moved 1376.442 297 507.5 -0.1458333 0.3073559
Moved 1376.458 293.2266 494.6042 -0.154568 0.2741879
Moved 1376.474 284.8724 472.3263 -0.1739065 0.2168885
Moved 1376.489 282.6069 461.2252 -0.1791507 0.1883363
Moved 1376.509 279.5248 444.1489 -0.1862852 0.1444159
Moved 1376.52 277 427.5 -0.1921296 0.1015946
Moved 1376.535 275.2473 412.9681 -0.1961867 0.06421839
Moved 1376.549 275 395.8252 -0.1967592 0.02012649
Moved 1376.565 274 383.4252 -0.199074 -0.01176646
Moved 1376.581 274 372.5987 -0.199074 -0.03961249
Moved 1376.595 274 364 -0.199074 -0.06172839
Moved 1376.613 274 357.2366 -0.199074 -0.07912396
Moved 1376.628 274 352.8734 -0.199074 -0.09034616
Moved 1376.643 274 349.5493 -0.199074 -0.09889578
Ended 1376.66 274 347 -0.199074 -0.1054527
Candidates 1376.825 12 forward howard forests toward towards guests guard repeated horses guards nowadays forecasts
Began 1377.339 386 331 0.06018519 -0.146605
Stationary 1377.356 386 331 0.06018519 -0.146605
Stationary 1377.366 386 331 0.06018519 -0.146605
Stationary 1377.382 386 331 0.06018519 -0.146605
Moved 1377.397 390.7715 356.3144 0.07123023 -0.08149598
Moved 1377.414 400.2196 390.8784 0.09310087 0.007403181
Moved 1377.429 407.3214 425.1428 0.1095403 0.09553191
Moved 1377.444 414.5016 468.1761 0.1261612 0.2062141
Moved 1377.461 422.4572 513.8791 0.1445769 0.323763
Ended 1377.476 423 517 0.1458333 0.33179
Accept 1377.518 0 forward
PhraseEnd 1378.938
