no exchange without a bill
no exchange without a bill
FixStart
0.6 0.6
432 388.8
Began 2826.992 359 409 -0.002314796 0.05401234
Stationary 2827.013 359 409 -0.002314796 0.05401234
Stationary 2827.026 359 409 -0.002314796 0.05401234
Stationary 2827.041 359 409 -0.002314796 0.05401234
Stationary 2827.058 359 409 -0.002314796 0.05401234
Moved 2827.073 366.1793 395.667 0.01430402 0.01971959
Moved 2827.088 373.5 379.5 0.03125002 -0.02186214
Moved 2827.104 383.4122 356.7049 0.05419493 -0.08049152
Moved 2827.12 394.6726 329.3559 0.08026063 -0.1508337
Moved 2827.136 403 307 0.09953707 -0.2083334
Moved 2827.15 409.7485 288.6708 0.1151585 -0.2554765
Moved 2827.166 416.864 274.272 0.1316297 -0.2925104
Moved 2827.182 421.6078 260.915 0.1426108 -0.3268647
Moved 2827.198 425.9132 249.5648 0.1525769 -0.3560576
Moved 2827.212 428 243 0.1574074 -0.3729424
Moved 2827.227 429.8064 239.3872 0.1615889 -0.3822345
Moved 2827.243 432.4904 235.2644 0.1678019 -0.3928385
Moved 2827.26 433.6805 232.639 0.1705567 -0.3995909
Moved 2827.273 435.1227 230.8773 0.1738952 -0.4041222
Moved 2827.289 435.558 231 0.1749027 -0.4038066
Moved 2827.305 443.9283 251.8119 0.1942785 -0.350278
Moved 2827.321 455.3831 283.3035 0.2207941 -0.2692813
Moved 2827.335 464.5008 315.6693 0.2419 -0.1860357
Moved 2827.352 480.6239 377.6462 0.279222 -0.02663027
Moved 2827.366 489.3667 406.889 0.29946 0.04858287
Moved 2827.382 498.1931 427.3861 0.3198913 0.1013016
Moved 2827.396 505.3431 441.6863 0.3364425 0.138082
Moved 2827.412 510.8006 454.6013 0.3490755 0.1712994
Moved 2827.427 515.4004 463.8008 0.3597232 0.1949608
Moved 2827.443 519.6387 472.2773 0.369534 0.2167625
Moved 2827.46 523.2928 482.2321 0.3779927 0.2423665
Moved 2827.474 526.2963 490.8887 0.3849451 0.2646315
Moved 2827.49 527.5864 495.1729 0.3879316 0.2756504
Moved 2827.505 528 498.0448 0.3888889 0.283037
Moved 2827.522 529.4708 502.4122 0.3922935 0.29427
Moved 2827.537 529 503.8004 0.3912036 0.2978404
Moved 2827.552 529 506.0473 0.3912036 0.3036195
Moved 2827.568 529 508.9252 0.3912036 0.3110216
Moved 2827.583 529 509.8945 0.3912036 0.3135145
Moved 2827.598 529 511.3263 0.3912036 0.3171971
Moved 2827.613 529 512.7524 0.3912036 0.3208651
Moved 2827.628 529 514.1882 0.3912036 0.3245579
Stationary 2827.644 529 514.1882 0.3912036 0.3245579
Moved 2827.659 529 515 0.3912036 0.326646
Ended 2827.674 529 515 0.3912036 0.326646
Candidates 2827.747 12 no bmp mo mmp mp bmi bp hmo mi ml bl hbo
Began 2828.259 414 286 0.125 -0.2623458
Stationary 2828.276 414 286 0.125 -0.2623458
Moved 2828.292 414 305.8138 0.125 -0.2113842
Moved 2828.307 414 332.3626 0.125 -0.1431004
Moved 2828.323 414 365.5 0.125 -0.05787045
Moved 2828.338 427.7454 418.3872 0.1568179 0.07815635
Ended 2828.354 443.3172 496.5862 0.1928639 0.2792854
Accept 2828.417 0 no
Began 2829.031 425 317 0.150463 -0.1826131
Stationary 2829.046 425 317 0.150463 -0.1826131
Stationary 2829.062 425 317 0.150463 -0.1826131
Stationary 2829.077 425 317 0.150463 -0.1826131
Stationary 2829.092 425 317 0.150463 -0.1826131
Stationary 2829.109 425 317 0.150463 -0.1826131
Stationary 2829.124 425 317 0.150463 -0.1826131
Stationary 2829.139 425 317 0.150463 -0.1826131
Stationary 2829.154 425 317 0.150463 -0.1826131
Stationary 2829.171 425 317 0.150463 -0.1826131
Moved 2829.186 413.9999 323.4167 0.1249998 -0.1661093
Moved 2829.202 404.4553 331.1206 0.1029057 -0.1462948
Moved 2829.217 393.8884 343.1116 0.07844537 -0.1154539
Moved 2829.232 381.183 355.817 0.04903476 -0.08277516
Moved 2829.249 358.1079 383.3741 -0.004379898 -0.01189785
Moved 2829.263 343.5533 399.3273 -0.03807117 0.02913389
Moved 2829.278 326.87 417.3908 -0.07668976 0.0755936
Moved 2829.294 312.351 435.0613 -0.1102986 0.1210423
Moved 2829.31 304.2918 444.8498 -0.1289541 0.1462185
Moved 2829.324 299.2578 449.7422 -0.1406069 0.1588019
Moved 2829.34 296.9805 453.0391 -0.1458785 0.1672814
Moved 2829.356 295.546 455.908 -0.1491991 0.1746604
Moved 2829.372 295 456.6874 -0.150463 0.1766651
Moved 2829.385 293.9632 457 -0.1528631 0.1774691
Stationary 2829.402 294 457 -0.1527778 0.1774691
Moved 2829.417 293 457 -0.1550926 0.1774691
Stationary 2829.432 293 457 -0.1550926 0.1774691
Moved 2829.447 293 423.2619 -0.1550926 0.09069415
Moved 2829.463 293 390.4213 -0.1550926 0.006227415
Moved 2829.479 309.5 346.5 -0.1168982 -0.1067387
Moved 2829.494 312.8536 309.5026 -0.1091351 -0.2018968
Moved 2829.51 317.6123 288.3469 -0.09811974 -0.2563096
Moved 2829.533 324.1701 255.1494 -0.08293957 -0.341694
Stationary 2829.543 324.1701 255.1494 -0.08293957 -0.341694
Moved 2829.556 325.5208 244.3961 -0.07981301 -0.3693515
Moved 2829.572 326.9568 238.1726 -0.07648876 -0.3853585
Moved 2829.586 327 231.0222 -0.07638887 -0.4037495
Moved 2829.602 327 228.1337 -0.07638887 -0.4111789
Moved 2829.617 327 223.2748 -0.07638887 -0.4236761
Moved 2829.633 327 217.6271 -0.07638887 -0.438202
Moved 2829.647 327 214.651 -0.07638887 -0.4458565
Moved 2829.662 327 210.3348 -0.07638887 -0.4569577
Moved 2829.679 327 207.0184 -0.07638887 -0.4654876
Moved 2829.695 327 203.8077 -0.07638887 -0.4737455
Moved 2829.71 327 201.6825 -0.07638887 -0.4792117
Moved 2829.724 322.456 200.3508 -0.08690734 -0.4826367
Moved 2829.74 320 198.9121 -0.09259259 -0.4863371
Moved 2829.755 320 198 -0.09259259 -0.4886832
Stationary 2829.771 320 198 -0.09259259 -0.4886832
Stationary 2829.785 320 198 -0.09259259 -0.4886832
Stationary 2829.801 320 198 -0.09259259 -0.4886832
Stationary 2829.82 320 198 -0.09259259 -0.4886832
Stationary 2829.833 320 198 -0.09259259 -0.4886832
Moved 2829.848 341.7184 222.3381 -0.04231855 -0.4260851
Moved 2829.864 369.006 255.0072 0.02084722 -0.3420597
Moved 2829.879 398.2677 294.7126 0.08858273 -0.2399367
Moved 2829.894 410.9207 313.381 0.117872 -0.1919212
Moved 2829.912 423.084 327.6489 0.1460279 -0.155224
Moved 2829.926 433.1191 339.6489 0.1692571 -0.12436
Moved 2829.941 444.0965 353.3706 0.1946678 -0.08906744
Moved 2829.959 450.263 361.3944 0.2089421 -0.06843001
Moved 2829.971 455.9868 368.9835 0.2221917 -0.0489107
Moved 2829.987 457.4354 373.3062 0.2255449 -0.03779274
Moved 2830.002 459.8745 374.8746 0.2311911 -0.03375882
Moved 2830.019 460 377.6258 0.2314815 -0.02668271
Moved 2830.035 460 377 0.2314815 -0.02829226
Moved 2830.05 460 378.8644 0.2314815 -0.02349689
Stationary 2830.064 460 379 0.2314815 -0.02314815
Moved 2830.081 460 380 0.2314815 -0.02057613
Moved 2830.096 460 381.1672 0.2314815 -0.01757422
Moved 2830.111 455.1441 382 0.220241 -0.01543218
Moved 2830.126 445.658 383.057 0.1982824 -0.01271346
Moved 2830.143 432.6946 383 0.1682746 -0.01286016
Moved 2830.158 417.1186 383 0.1322189 -0.01286016
Moved 2830.172 395.8775 383 0.08304973 -0.01286016
Moved 2830.189 361.6684 383 0.003861984 -0.01286016
Moved 2830.204 316.2084 372.3945 -0.1013694 -0.0401376
Moved 2830.219 276.5038 366.7413 -0.1932783 -0.05467787
Moved 2830.235 254.9371 361.2343 -0.2432011 -0.06884202
Moved 2830.249 227.5831 354.1008 -0.3065206 -0.08718929
Moved 2830.264 210.1585 347.6442 -0.3468553 -0.1037959
Moved 2830.28 194.5837 342.7751 -0.3829081 -0.1163193
Moved 2830.296 184.9689 339.6563 -0.4051645 -0.1243408
Moved 2830.311 180.1637 338.3879 -0.4162878 -0.1276033
Moved 2830.327 177.9401 336.9401 -0.4214349 -0.131327
Moved 2830.343 176.5188 337 -0.4247251 -0.1311728
Moved 2830.357 176 337 -0.4259259 -0.1311728
Stationary 2830.372 176 337 -0.4259259 -0.1311728
Moved 2830.387 221.8741 323.3753 -0.3197359 -0.1662158
Moved 2830.406 258.224 310.9609 -0.2355925 -0.1981459
Moved 2830.427 328.7701 278.615 -0.07229149 -0.28134
Stationary 2830.438 328.7701 278.615 -0.07229149 -0.28134
Moved 2830.448 357.9122 261.6526 -0.004832844 -0.3249675
Moved 2830.465 381.4145 243.1746 0.0495706 -0.3724935
Moved 2830.481 398.392 230.0864 0.08887032 -0.4061563
Moved 2830.497 414.314 218.3171 0.1257268 -0.4364271
Moved 2830.511 425.9057 208.3962 0.1525594 -0.4619439
Moved 2830.527 435.7007 200.3994 0.1752332 -0.4825118
Moved 2830.543 441.614 196.386 0.1889213 -0.4928344
Moved 2830.559 447.8701 191.1039 0.2034029 -0.5064201
Moved 2830.573 452.3861 188.0759 0.2138567 -0.514208
Moved 2830.589 457.0161 183.9839 0.2245743 -0.5247328
Moved 2830.605 460.9844 180.0156 0.2337603 -0.5349393
Moved 2830.619 465.3008 177.1328 0.2437519 -0.5423539
Moved 2830.635 466.8719 175.1281 0.2473887 -0.5475101
Moved 2830.651 469.6146 173.6926 0.2537376 -0.5512021
Moved 2830.666 470.742 172.2581 0.2563472 -0.5548919
Moved 2830.68 472.1767 170.8234 0.2596682 -0.5585819
Stationary 2830.696 472.1767 170.8234 0.2596682 -0.5585819
Stationary 2830.711 472.1767 170.8234 0.2596682 -0.5585819
Moved 2830.726 472 179.9612 0.2592593 -0.5350794
Moved 2830.742 454.0095 222.7535 0.2176146 -0.4250167
Moved 2830.759 443.1345 248.6926 0.1924409 -0.3583009
Moved 2830.774 430.2989 270.1685 0.1627289 -0.3030645
Moved 2830.789 417.2227 288.2338 0.1324601 -0.2566002
Moved 2830.806 404.4419 306.6951 0.1028746 -0.2091175
Moved 2830.82 395.2419 319.9839 0.0815786 -0.1749385
Moved 2830.835 375.8346 344.8596 0.03665417 -0.1109578
Moved 2830.851 357.4322 366.1167 -0.005943924 -0.0562842
Moved 2830.866 332.0838 398.0995 -0.06462093 0.02597593
Moved 2830.882 309.5061 422.6498 -0.116884 0.08911969
Moved 2830.897 295.2141 438.9823 -0.1499673 0.1311273
Moved 2830.914 283.6528 455.5209 -0.1767297 0.1736647
Ended 2830.929 276.3662 468.0865 -0.1935967 0.2059836
Candidates 2831.047 12 exchange extract entrance detectable existence extreme enhance resistance revenge evidence extent scene
Began 2831.54 398 313 0.08796295 -0.1929013
Stationary 2831.563 398 313 0.08796295 -0.1929013
Stationary 2831.574 398 313 0.08796295 -0.1929013
Moved 2831.59 398 331.9502 0.08796295 -0.1441611
Moved 2831.608 398 359.0264 0.08796295 -0.07452074
Moved 2831.622 405.4014 410.179 0.1050958 0.05704455
Moved 2831.637 419.962 490.2912 0.138801 0.2630946
Ended 2831.651 419.962 490.2912 0.138801 0.2630946
Accept 2831.695 0 exchange
Began 2832.28 395 347 0.08101851 -0.1054527
Stationary 2832.299 395 347 0.08101851 -0.1054527
Stationary 2832.314 395 347 0.08101851 -0.1054527
Stationary 2832.331 395 347 0.08101851 -0.1054527
Stationary 2832.346 395 347 0.08101851 -0.1054527
Stationary 2832.361 395 347 0.08101851 -0.1054527
Moved 2832.377 395 363.5 0.08101851 -0.06301456
Moved 2832.392 382.0844 364.9156 0.05112121 -0.05937356
Moved 2832.408 371.3362 374.59 0.02624134 -0.03449067
Moved 2832.424 361.5 386 0.003472269 -0.005144111
Moved 2832.439 350.2784 396.7216 -0.02250373 0.02243203
Moved 2832.457 338.7704 406.8259 -0.04914268 0.04842059
Moved 2832.47 329.9504 414.208 -0.06955931 0.06740735
Moved 2832.485 317.6027 422.5982 -0.09814198 0.08898703
Moved 2832.5 305 433 -0.1273148 0.1157406
Moved 2832.517 292.2219 442.2225 -0.1568937 0.139461
Moved 2832.532 281.4366 450.1167 -0.1818596 0.1597651
Moved 2832.547 273.7086 453.9749 -0.1997486 0.1696883
Moved 2832.562 267.6227 457.1887 -0.2138362 0.1779542
Moved 2832.579 264.4648 459.5352 -0.2211462 0.1839897
Moved 2832.594 261.0813 460.9729 -0.2289784 0.1876874
Moved 2832.608 256.7643 462.4119 -0.2389714 0.1913885
Moved 2832.625 254.4123 463 -0.244416 0.1929011
Moved 2832.64 252.0372 463.9628 -0.2499138 0.1953774
Moved 2832.656 249.2126 464 -0.2564524 0.1954732
Moved 2832.669 249.1617 465 -0.2565702 0.1980452
Moved 2832.686 248.5 465 -0.2581019 0.1980452
Moved 2832.702 249 466.7083 -0.2569445 0.202439
Moved 2832.717 249 468.1467 -0.2569445 0.2061387
Moved 2832.732 249 469.1718 -0.2569445 0.2087752
Moved 2832.747 249 470.6697 -0.2569445 0.2126277
Moved 2832.763 257.886 474.3323 -0.236375 0.222048
Moved 2832.778 264.5 477 -0.2210648 0.2289094
Moved 2832.793 294.0066 482.0007 -0.1527625 0.2417713
Moved 2832.811 344.0948 483.4313 -0.03681749 0.2454508
Moved 2832.824 391.0982 483 0.07198652 0.2443414
Moved 2832.84 410.083 483 0.1159328 0.2443414
Moved 2832.854 437.1691 468.7004 0.1786322 0.2075628
Moved 2832.87 455.488 465.504 0.2210372 0.1993414
Moved 2832.892 479.258 457.1442 0.2760602 0.17784
Moved 2832.902 490.8276 452.9655 0.3028415 0.1670923
Moved 2832.917 500.1613 449.6129 0.3244475 0.1584694
Moved 2832.931 508.7806 448.3699 0.3443995 0.1552722
Moved 2832.947 514.9874 448 0.3587672 0.1543209
Moved 2832.964 522.9609 448 0.3772244 0.1543209
Moved 2832.979 526.8006 448 0.3861125 0.1543209
Moved 2832.993 529.0393 448 0.3912947 0.1543209
Moved 2833.012 531.9567 448 0.398048 0.1543209
Stationary 2833.024 531.9567 448 0.398048 0.1543209
Stationary 2833.04 532 448 0.3981481 0.1543209
Stationary 2833.055 532 448 0.3981481 0.1543209
Stationary 2833.07 532 448 0.3981481 0.1543209
Stationary 2833.086 532 448 0.3981481 0.1543209
Moved 2833.102 519.247 458.2518 0.3686273 0.1806886
Moved 2833.117 508.4223 462.5916 0.3435702 0.1918508
Moved 2833.132 492.4547 468.5151 0.3066081 0.2070861
Moved 2833.147 474.0648 473.2158 0.264039 0.2191764
Moved 2833.164 452.6603 477.468 0.2144914 0.230113
Moved 2833.18 424.4357 482.0674 0.1491567 0.241943
Moved 2833.194 383.4729 486.1053 0.05433539 0.2523285
Moved 2833.208 356.6572 488.9835 -0.007737925 0.259731
Moved 2833.226 339.0415 488 -0.0485151 0.2572016
Moved 2833.241 324.2792 488 -0.08268694 0.2572016
Moved 2833.256 314.983 488 -0.1042061 0.2572016
Moved 2833.271 307.8049 488 -0.120822 0.2572016
Moved 2833.287 304.0378 488 -0.1295421 0.2572016
Moved 2833.302 303.2304 488 -0.1314112 0.2572016
Stationary 2833.317 303 488 -0.1319445 0.2572016
Stationary 2833.332 303 488 -0.1319445 0.2572016
Stationary 2833.348 303 488 -0.1319445 0.2572016
Moved 2833.363 324.4166 466.5834 -0.08236904 0.2021178
Moved 2833.379 341.5266 449.4734 -0.04276256 0.1581104
Moved 2833.395 354.8405 432.9494 -0.01194333 0.1156106
Moved 2833.418 385.8565 391.2072 0.0598531 0.00824893
Stationary 2833.429 385.8565 391.2072 0.0598531 0.00824893
Moved 2833.441 400.2318 368.2292 0.09312908 -0.05085094
Moved 2833.456 407.1275 358.3088 0.1090914 -0.07636631
Moved 2833.472 413.1863 347.924 0.1231164 -0.1030762
Moved 2833.487 418.1982 341.8018 0.134718 -0.1188225
Moved 2833.503 420.7567 338.365 0.1406404 -0.1276621
Moved 2833.519 424.7983 335.4678 0.149996 -0.1351137
Moved 2833.533 427.4229 334.2885 0.1560716 -0.1381468
Moved 2833.549 431.418 334 0.1653194 -0.1388889
Moved 2833.564 441.6945 339.8682 0.1891077 -0.1237959
Moved 2833.58 456.2092 354.1902 0.2227066 -0.08695947
Moved 2833.595 475.0651 371.5986 0.2663545 -0.04218482
Moved 2833.612 488.5 384 0.2974537 -0.01028807
Moved 2833.626 509.3325 403.3718 0.3456771 0.03953635
Moved 2833.643 522.488 416.488 0.3761296 0.07327142
Moved 2833.657 533.0116 426.8469 0.4004898 0.09991468
Moved 2833.672 541.6275 436.8987 0.4204341 0.1257682
Moved 2833.687 547.1566 443.8754 0.4332328 0.1437124
Moved 2833.704 551.4762 450.7937 0.443232 0.1615063
Moved 2833.719 557 456 0.4560185 0.174897
Moved 2833.734 558.4211 459.1317 0.459308 0.1829517
Moved 2833.75 561.2961 463.4442 0.4659632 0.1940435
Moved 2833.765 562.5819 467.1639 0.4689396 0.2036107
Moved 2833.78 564.021 470.042 0.4722708 0.2110133
Moved 2833.796 564 474.368 0.4722223 0.2221398
Moved 2833.811 564 475.8939 0.4722223 0.2260644
Moved 2833.826 564 480.0095 0.4722223 0.2366498
Moved 2833.842 553.5093 482.934 0.4479381 0.2441718
Moved 2833.858 543.1328 485.7168 0.4239186 0.2513291
Moved 2833.876 530.3289 487.2968 0.3942799 0.255393
Moved 2833.888 516.628 490.4744 0.3625648 0.2635659
Moved 2833.903 499.8665 492.1778 0.3237651 0.267947
Moved 2833.918 482.5891 492 0.2837711 0.2674896
Moved 2833.933 463.2179 492 0.2389303 0.2674896
Moved 2833.949 447.9225 492 0.2035244 0.2674896
Moved 2833.965 422.5201 492 0.1447226 0.2674896
Moved 2833.981 404.1454 492 0.1021883 0.2674896
Moved 2833.997 378.1932 480.4333 0.04211386 0.2377398
Moved 2834.011 333.6641 466.5706 -0.06096269 0.2020847
Ended 2834.027 288.4891 447.7535 -0.1655346 0.1536869
Candidates 2834.234 12 without europe georgia worker worked widow workers wireless worried worries world epitope
Began 2834.61 394 300 0.07870366 -0.2263375
Stationary 2834.629 394 300 0.07870366 -0.2263375
Stationary 2834.643 394 300 0.07870366 -0.2263375
Moved 2834.659 394 315.7831 0.07870366 -0.1857429
Moved 2834.674 407.6708 334.7721 0.1103491 -0.136903
Moved 2834.69 418.2411 378.3325 0.1348173 -0.02486515
Moved 2834.706 434.8179 438.3323 0.1731895 0.1294554
Ended 2834.72 447 500 0.2013889 0.2880658
Accept 2834.748 0 without
Began 2835.076 346 328 -0.03240739 -0.1543211
Stationary 2835.092 346 328 -0.03240739 -0.1543211
Stationary 2835.106 346 328 -0.03240739 -0.1543211
Stationary 2835.12 346 328 -0.03240739 -0.1543211
Stationary 2835.136 346 328 -0.03240739 -0.1543211
Stationary 2835.151 346 328 -0.03240739 -0.1543211
Stationary 2835.167 346 328 -0.03240739 -0.1543211
Stationary 2835.188 346 328 -0.03240739 -0.1543211
Stationary 2835.199 346 328 -0.03240739 -0.1543211
Moved 2835.214 335.6844 328 -0.05628601 -0.1543211
Moved 2835.23 334.2401 328 -0.05962953 -0.1543211
Moved 2835.248 332.8016 328 -0.06295919 -0.1543211
Moved 2835.261 329.093 328 -0.0715441 -0.1543211
Moved 2835.276 323.7414 328 -0.08393198 -0.1543211
Moved 2835.291 314.3894 328 -0.10558 -0.1543211
Moved 2835.306 304.6443 328 -0.1281382 -0.1543211
Moved 2835.321 283.3207 328 -0.1774983 -0.1543211
Moved 2835.337 250.2234 339.7484 -0.2541126 -0.1241039
Moved 2835.352 219.733 344.7264 -0.3246921 -0.1113005
Moved 2835.367 192.1182 346.3622 -0.3886152 -0.1070931
Moved 2835.382 179.0798 347 -0.4187967 -0.1054527
Moved 2835.4 166.7544 347 -0.4473279 -0.1054527
Moved 2835.414 158.5 347 -0.4664352 -0.1054527
Moved 2835.428 155.4532 347 -0.4734879 -0.1054527
Moved 2835.443 145.934 353.4757 -0.4955231 -0.08879712
Ended 2835.459 145.934 353.4757 -0.4955231 -0.08879712
Candidates 2835.582 12 a as faa gas ass aa da fda ga aaa s sa
Began 2835.95 364 261 0.009259283 -0.3266461
Stationary 2835.972 364 261 0.009259283 -0.3266461
Moved 2835.984 364 272.1119 0.009259283 -0.2980661
Moved 2836 364 290.0855 0.009259283 -0.2518377
Moved 2836.015 376.2386 320.5897 0.03758927 -0.1733804
Moved 2836.032 383.0946 362.4731 0.0534598 -0.06565557
Moved 2836.053 405 467.5 0.1041667 0.2044752
Ended 2836.066 405 467.5 0.1041667 0.2044752
Accept 2836.089 0 a
Began 2836.306 370 392 0.02314816 0.01028803
Stationary 2836.324 370 392 0.02314816 0.01028803
Stationary 2836.339 370 392 0.02314816 0.01028803
Stationary 2836.356 370 392 0.02314816 0.01028803
Stationary 2836.368 370 392 0.02314816 0.01028803
Moved 2836.385 370 386.3172 0.02314816 -0.004328229
Moved 2836.402 370 371.8803 0.02314816 -0.04146018
Moved 2836.417 370 358.9813 0.02314816 -0.07463659
Moved 2836.431 370 349.2335 0.02314816 -0.0997081
Moved 2836.447 370 322.5439 0.02314816 -0.1683544
Moved 2836.464 370 305.2764 0.02314816 -0.2127665
Moved 2836.478 370 288.1786 0.02314816 -0.2567422
Moved 2836.494 370 266.9167 0.02314816 -0.3114283
Moved 2836.51 370 254.0848 0.02314816 -0.344432
Moved 2836.524 370 240.5985 0.02314816 -0.379119
Moved 2836.54 370 231.4105 0.02314816 -0.4027508
Moved 2836.556 370 214.8145 0.02314816 -0.445436
Moved 2836.571 370 204.1884 0.02314816 -0.4727666
Moved 2836.585 370 197.202 0.02314816 -0.4907355
Moved 2836.602 370 193.0159 0.02314816 -0.5015025
Moved 2836.617 370 188.6586 0.02314816 -0.5127095
Moved 2836.631 370 187.244 0.02314816 -0.5163476
Moved 2836.653 370 186.0291 0.02314816 -0.5194727
Moved 2836.665 370 184.6124 0.02314816 -0.5231163
Stationary 2836.678 370 185 0.02314816 -0.5221194
Stationary 2836.693 370 185 0.02314816 -0.5221194
Moved 2836.712 387.9897 223.6877 0.06479094 -0.4226139
Moved 2836.725 408.0301 277.5103 0.1111808 -0.2841814
Moved 2836.74 431.3987 337.084 0.1652746 -0.1309567
Moved 2836.755 448.179 378.2731 0.2041181 -0.02501782
Moved 2836.771 464.7352 415.9043 0.2424427 0.07177027
Moved 2836.787 479.1316 446.2632 0.2757676 0.1498538
Moved 2836.802 488.1563 463.2866 0.2966582 0.1936384
Moved 2836.818 496.7644 479.0682 0.3165843 0.2342287
Moved 2836.832 501.7256 490.2683 0.3280685 0.2630357
Moved 2836.849 506.01 499.02 0.3379861 0.2855452
Moved 2836.865 506.5 504.5 0.3391203 0.2996398
Moved 2836.879 507.8812 509.6436 0.3423176 0.3128691
Moved 2836.894 508 512.6391 0.3425926 0.3205737
Moved 2836.911 508 515.4982 0.3425926 0.3279275
Moved 2836.926 508 517.1824 0.3425926 0.3322591
Moved 2836.94 508 519.6226 0.3425926 0.3385354
Moved 2836.959 508 521.0604 0.3425926 0.3422333
Moved 2836.971 508 522.4991 0.3425926 0.3459338
Moved 2836.988 498.8676 522 0.3214528 0.3446501
Moved 2837.002 495.9933 522 0.3147995 0.3446501
Moved 2837.024 490.1109 487.1069 0.3011827 0.2549046
Stationary 2837.035 490.1109 487.1069 0.3011827 0.2549046
Moved 2837.048 490 465.3586 0.300926 0.1989675
Moved 2837.063 497.6054 428.7471 0.318531 0.104802
Moved 2837.079 505.9997 399.0013 0.3379622 0.02829559
Moved 2837.094 509.9372 383.2511 0.347077 -0.01221425
Moved 2837.11 521.9641 351.0898 0.3749169 -0.09493376
Moved 2837.126 531.0339 329.5876 0.3959118 -0.1502376
Moved 2837.142 538.0367 315.7119 0.4121219 -0.1859262
Moved 2837.157 545.2158 300.5684 0.4287402 -0.2248755
Ended 2837.172 549 294 0.4375 -0.2417696
Candidates 2837.229 12 book bill boom vol com bon von bin bulk bull bloom null
Began 2837.94 438 319 0.1805556 -0.1774692
Stationary 2837.961 438 319 0.1805556 -0.1774692
Moved 2837.973 432.154 319 0.167023 -0.1774692
Moved 2837.989 418.3177 319 0.1349947 -0.1774692
Moved 2838.007 391.1612 319 0.07213234 -0.1774692
Moved 2838.02 321.0249 329.358 -0.09022007 -0.1508282
Moved 2838.035 240.7455 332.5805 -0.2760522 -0.1425399
Moved 2838.05 171.5 332 -0.4363426 -0.144033
Ended 2838.065 171.5 332 -0.4363426 -0.144033
Accept 2838.124 1 bill
PhraseEnd 2838.898
