the second largest country
the second largest country
Basic
0.6 0.6
432 388.8
Began 390.6469 281 547 -0.1828704 0.4089505
Stationary 390.6665 281 547 -0.1828704 0.4089505
Stationary 390.681 281 547 -0.1828704 0.4089505
Stationary 390.6963 281 547 -0.1828704 0.4089505
Moved 390.7211 324.5581 499.1458 -0.08204147 0.2858688
Moved 390.7332 349.4637 474.5363 -0.02438953 0.2225726
Stationary 390.7437 349.4637 474.5363 -0.02438953 0.2225726
Moved 390.7581 363.5 462 0.008101861 0.1903292
Moved 390.7739 379.5306 447.7755 0.04520983 0.1537435
Moved 390.7891 393.8568 436.3146 0.07837217 0.1242658
Moved 390.8051 403.6394 424.8327 0.1010173 0.09473424
Moved 390.8198 409.8768 418.1232 0.1154556 0.07747721
Moved 390.8347 412.8159 415.1841 0.122259 0.06991787
Moved 390.8499 414.8486 412.1514 0.1269644 0.06211767
Moved 390.8673 416.2882 410.7118 0.1302967 0.05841502
Moved 390.8813 417.3036 408.3927 0.1326474 0.05245036
Moved 390.8965 418.8409 406.3181 0.1362059 0.04711445
Moved 390.9127 419 404.7055 0.1365741 0.04296679
Moved 390.9278 420 403.2795 0.1388889 0.03929907
Moved 390.9425 420 401.8366 0.1388889 0.03558795
Moved 390.9601 420.6016 400.3984 0.1402815 0.03188875
Moved 390.9733 421 398.9596 0.1412037 0.02818814
Moved 390.988 421 397.907 0.1412037 0.02548088
Stationary 391.006 421 397.907 0.1412037 0.02548088
Moved 391.0193 421 397 0.1412037 0.02314815
Moved 391.0351 421 395.5538 0.1412037 0.01942839
Moved 391.0504 421 394.5 0.1412037 0.01671807
Moved 391.0666 421 393.8373 0.1412037 0.01501374
Moved 391.0816 421 393.2303 0.1412037 0.0134523
Moved 391.0966 421 392.5 0.1412037 0.01157403
Moved 391.1131 421 391.85 0.1412037 0.009902318
Moved 391.1277 421 391 0.1412037 0.007715971
Moved 391.1428 412.4121 389.7731 0.1213244 0.004560447
Moved 391.1601 406.6738 388.3348 0.1080412 0.0008609756
Moved 391.1741 397.2584 388 0.08624623 -3.924585E-08
Moved 391.1906 379.9915 388 0.04627675 -3.924585E-08
Moved 391.2058 365.4046 394.643 0.01251062 0.01708592
Moved 391.2217 345.5749 400.285 -0.03339152 0.03159727
Moved 391.2361 329.6674 405.5998 -0.07021447 0.04526687
Moved 391.2503 315.3075 409.9078 -0.1034549 0.05634704
Moved 391.2683 305.1449 414.2236 -0.1269794 0.06744757
Moved 391.2812 295.9123 417.6959 -0.1483512 0.07637832
Moved 391.2978 287.2878 420.5707 -0.1683153 0.08377244
Moved 391.3128 280 421.5 -0.1851852 0.08616251
Moved 391.3283 273.1663 423.6112 -0.2010039 0.0915926
Moved 391.3436 265.7723 426.4911 -0.2181197 0.09899963
Moved 391.359 257.9457 428.6757 -0.2362368 0.1046186
Moved 391.3744 253.7647 430.1177 -0.2459151 0.1083273
Moved 391.39 249.3206 431.5598 -0.2562023 0.1120365
Moved 391.4057 245.0155 433.9896 -0.2661677 0.118286
Moved 391.4223 242.133 435.4335 -0.2728404 0.1219998
Moved 391.4362 239.905 436.5475 -0.2779976 0.1248648
Moved 391.451 237.0218 438.9782 -0.2846718 0.1311167
Moved 391.467 234.1443 440.4279 -0.2913326 0.1348452
Moved 391.4824 233.1256 443.8744 -0.2936908 0.1437098
Moved 391.4977 231.6936 447.9192 -0.2970055 0.1541131
Moved 391.5149 230.2552 452.2343 -0.3003351 0.1652116
Moved 391.5288 230 456.5383 -0.3009259 0.1762816
Moved 391.5439 230 459.6266 -0.3009259 0.1842246
Moved 391.5595 229 465.1491 -0.3032407 0.1984287
Moved 391.5745 229 470.5909 -0.3032407 0.2124252
Moved 391.5905 229 475.7707 -0.3032407 0.2257476
Moved 391.6064 229 481.1159 -0.3032407 0.2394955
Moved 391.6208 229 485.4158 -0.3032407 0.250555
Moved 391.6361 229 490.7194 -0.3032407 0.2641959
Moved 391.6521 229 494.0928 -0.3032407 0.2728724
Moved 391.6687 229 498.4373 -0.3032407 0.2840464
Moved 391.6829 229 502.7536 -0.3032407 0.2951481
Moved 391.6988 229 504.3566 -0.3032407 0.2992709
Moved 391.7142 229 507.5908 -0.3032407 0.3075893
Moved 391.7293 229 509.2202 -0.3032407 0.3117802
Moved 391.7446 229 510.6643 -0.3032407 0.3154945
Moved 391.7606 229 511.8344 -0.3032407 0.318504
Moved 391.7754 229 513.2028 -0.3032407 0.3220234
Moved 391.7911 229 514.6576 -0.3032407 0.3257653
Moved 391.8063 229 516.0881 -0.3032407 0.3294446
Ended 391.8209 229 517 -0.3032407 0.33179
Candidates 392.0028 12 the there else threw welfare where what rude relate rise these wide
Began 392.6235 373 413 0.0300926 0.06430033
Stationary 392.6378 373 413 0.0300926 0.06430033
Stationary 392.6531 373 413 0.0300926 0.06430033
Stationary 392.6687 373 413 0.0300926 0.06430033
Moved 392.6841 378.2188 451.8395 0.04217307 0.1641961
Moved 392.6993 387.2208 506.7318 0.06301105 0.30538
Ended 392.7155 391 536 0.07175922 0.3806583
Accept 392.7607 0 the
Began 393.6529 284 341 -0.1759259 -0.1208849
Stationary 393.6726 284 341 -0.1759259 -0.1208849
Stationary 393.6865 284 341 -0.1759259 -0.1208849
Stationary 393.7016 284 341 -0.1759259 -0.1208849
Stationary 393.7178 284 341 -0.1759259 -0.1208849
Stationary 393.7325 284 341 -0.1759259 -0.1208849
Moved 393.748 284 358.6868 -0.1759259 -0.07539419
Moved 393.7638 296 373 -0.1481481 -0.03858032
Moved 393.7788 299.9183 398.8536 -0.1390779 0.02791565
Moved 393.7949 306.0422 426.9503 -0.1249024 0.1001807
Moved 393.8112 310.4078 445.4468 -0.1147968 0.1477542
Moved 393.8256 313.2738 462.6428 -0.1081625 0.1919825
Moved 393.8412 314.5805 474.0633 -0.1051378 0.2213561
Moved 393.8561 317.041 486.1843 -0.09944226 0.2525316
Moved 393.8715 318.4633 493.3164 -0.09614979 0.2708755
Moved 393.8868 319.5519 498.7596 -0.09362976 0.2848755
Moved 393.9019 320.9892 505.9458 -0.09030288 0.3033585
Moved 393.9178 322.4158 511.6632 -0.08700048 0.3180638
Moved 393.933 323.8584 516.4337 -0.08366103 0.3303335
Moved 393.9486 325.2968 520.8906 -0.08033136 0.3417967
Moved 393.9637 326 524.2088 -0.07870371 0.3503312
Moved 393.9796 327.1743 526.1743 -0.07598528 0.3553865
Moved 393.9943 327 528.4833 -0.07638887 0.3613252
Moved 394.0105 328 530.7526 -0.07407407 0.367162
Moved 394.0262 328 532.188 -0.07407407 0.3708538
Moved 394.0412 328.6301 533.6301 -0.07261544 0.374563
Moved 394.0573 329.5 534.5 -0.07060184 0.3768003
Moved 394.0714 329 535.2556 -0.07175927 0.3787436
Stationary 394.087 329 535.2556 -0.07175927 0.3787436
Moved 394.1031 329 536.3729 -0.07175927 0.3816175
Moved 394.1168 329 537.2132 -0.07175927 0.3837788
Stationary 394.1323 329 537.2132 -0.07175927 0.3837788
Stationary 394.1478 329 537.2132 -0.07175927 0.3837788
Moved 394.1662 329 538.1866 -0.07175927 0.3862822
Stationary 394.1851 329 538.1866 -0.07175927 0.3862822
Stationary 394.1956 329 538.1866 -0.07175927 0.3862822
Stationary 394.2206 329 538.1866 -0.07175927 0.3862822
Stationary 394.2305 329 538.1866 -0.07175927 0.3862822
Stationary 394.2415 329 538 -0.07175927 0.3858024
Moved 394.257 329 526.1461 -0.07175927 0.3553138
Moved 394.2734 320.4471 512.8235 -0.09155776 0.321048
Moved 394.2882 317.0952 498.4763 -0.09931653 0.2841468
Moved 394.3036 312.8155 479.8671 -0.1092235 0.2362835
Moved 394.3202 310.1109 469.0732 -0.1154841 0.2085215
Moved 394.3325 306.1606 450.8028 -0.1246283 0.1615297
Moved 394.3481 301.8445 431.9929 -0.1346192 0.1131504
Moved 394.3653 298.3466 414.0793 -0.1427163 0.06707647
Moved 394.3794 295.4618 400.5782 -0.1493939 0.0323513
Moved 394.3949 291.8849 384.5395 -0.1576739 -0.008900528
Moved 394.4115 288.7142 369.5708 -0.1650135 -0.0474002
Moved 394.426 286 357.5 -0.1712963 -0.07844657
Moved 394.4407 284.6657 348.9955 -0.174385 -0.1003203
Moved 394.457 282.8972 337.1777 -0.1784787 -0.1307157
Moved 394.4728 281.4525 325.1674 -0.181823 -0.1616067
Moved 394.4882 280.0137 316.0825 -0.1851534 -0.1849731
Moved 394.5036 278.575 307.4502 -0.1884837 -0.2071755
Moved 394.5183 278.1335 300.6672 -0.1895059 -0.2246215
Moved 394.534 278 294.7638 -0.1898148 -0.2398051
Moved 394.5499 278 290.6329 -0.1898148 -0.2504298
Moved 394.5645 277.1163 286.3491 -0.1918603 -0.261448
Moved 394.58 277 282.0325 -0.1921296 -0.2725501
Moved 394.5958 277 279.4719 -0.1921296 -0.2791361
Moved 394.6107 277 275.3813 -0.1921296 -0.2896573
Moved 394.6265 277 272.7076 -0.1921296 -0.296534
Moved 394.6412 277 270.9109 -0.1921296 -0.3011552
Moved 394.6585 277 268.7136 -0.1921296 -0.3068067
Moved 394.6722 277 266.7376 -0.1921296 -0.3118889
Moved 394.6876 277 264.928 -0.1921296 -0.3165431
Stationary 394.704 277 264.928 -0.1921296 -0.3165431
Moved 394.7181 277 264 -0.1921296 -0.31893
Moved 394.7341 277 262.6063 -0.1921296 -0.3225147
Stationary 394.7487 277 262.6063 -0.1921296 -0.3225147
Moved 394.7697 277 261.6266 -0.1921296 -0.3250346
Moved 394.7805 286.2014 262 -0.1708302 -0.3240741
Moved 394.795 291.1107 262 -0.1594659 -0.3240741
Moved 394.8115 298.12 273.0159 -0.1432408 -0.295741
Moved 394.826 309.009 284.6771 -0.1180348 -0.2657482
Moved 394.841 316.5112 294.7157 -0.1006685 -0.2399288
Moved 394.8578 326.7927 309.5017 -0.07686883 -0.2018989
Moved 394.8727 333.7009 321.6617 -0.0608775 -0.1706233
Moved 394.8886 343.8571 337.2857 -0.03736769 -0.1304381
Moved 394.9036 353.5 352.5 -0.0150463 -0.09130666
Moved 394.919 368.7239 378.498 0.02019425 -0.02443926
Moved 394.9341 379.0381 396.2082 0.04406969 0.02111156
Moved 394.9499 393.6785 417.0911 0.0779594 0.07482285
Moved 394.9669 409.4071 439.9558 0.1143683 0.1336312
Moved 394.9804 418 453 0.1342593 0.167181
Moved 394.9962 428.3423 464.1581 0.1581998 0.1958799
Moved 395.0115 441.2869 481.0492 0.1881641 0.239324
Moved 395.027 448.8697 491.261 0.2057169 0.2655891
Moved 395.0467 457.8846 502.0321 0.2265849 0.2932923
Moved 395.0596 464.8966 509.476 0.2428162 0.312438
Moved 395.0729 470.0269 515.0269 0.2546919 0.3267153
Moved 395.0885 474.3682 520.8243 0.2647412 0.3416261
Moved 395.1041 478.1724 523.7586 0.2735473 0.3491734
Moved 395.119 481.0641 527.0641 0.280241 0.357675
Moved 395.1348 483.9411 529.9411 0.2869008 0.3650748
Moved 395.1505 485.8079 530.9039 0.2912219 0.3675511
Moved 395.1656 486 532.35 0.2916667 0.3712706
Moved 395.1811 487.7874 533 0.2958042 0.3729423
Moved 395.197 488 534.2256 0.2962963 0.3760945
Moved 395.2132 489.2483 534 0.2991858 0.3755144
Moved 395.2327 489 535.5 0.2986111 0.3793723
Stationary 395.2431 489 535.5 0.2986111 0.3793723
Stationary 395.2577 489 535.5 0.2986111 0.3793723
Moved 395.273 489 535 0.2986111 0.3780863
Stationary 395.2872 489 535 0.2986111 0.3780863
Stationary 395.303 489 535 0.2986111 0.3780863
Moved 395.3183 477.6297 503.293 0.2722909 0.2965353
Moved 395.334 448.219 439.9708 0.2042106 0.1336696
Moved 395.3495 432.6305 401.5763 0.1681262 0.03491845
Moved 395.3655 421.0622 378.1244 0.1413476 -0.02540031
Moved 395.3813 414.9687 359.7123 0.1272423 -0.0727564
Moved 395.3961 409.0461 342.1383 0.1135326 -0.1179571
Moved 395.4124 403.9644 326.2147 0.1017694 -0.1589129
Moved 395.4283 401.3096 314.5482 0.09562413 -0.1889194
Moved 395.4433 398.5247 304.3365 0.08917759 -0.2151839
Moved 395.4582 397.3138 297.5688 0.08637448 -0.2325905
Moved 395.4773 395.8281 291.3124 0.0829354 -0.2486822
Moved 395.494 395 288.7666 0.08101851 -0.25523
Moved 395.5038 393.9406 285.8813 0.07856627 -0.2626511
Moved 395.5198 394 283.0151 0.07870366 -0.2700228
Moved 395.5368 392.3027 280.6053 0.07477472 -0.2762209
Moved 395.5506 392 277.9385 0.07407407 -0.2830801
Moved 395.5663 392 275.0549 0.07407407 -0.2904968
Moved 395.5814 391 274.0807 0.07175922 -0.2930024
Moved 395.5971 391 271.285 0.07175922 -0.300193
Moved 395.6131 391 270.1976 0.07175922 -0.3029897
Moved 395.6273 389.759 268.759 0.06888647 -0.3066899
Moved 395.6428 390 267.5 0.06944448 -0.309928
Moved 395.6636 390 267 0.06944448 -0.311214
Moved 395.6749 390 265.7334 0.06944448 -0.3144717
Stationary 395.6898 390 265.7334 0.06944448 -0.3144717
Moved 395.7051 390 264.6255 0.06944448 -0.3173214
Moved 395.7204 388.7263 265 0.06649603 -0.3163581
Stationary 395.7361 388.7263 265 0.06649603 -0.3163581
Stationary 395.7507 389 265 0.06712963 -0.3163581
Moved 395.7664 386.2017 265 0.0606521 -0.3163581
Moved 395.7818 383.0559 271.8044 0.0533701 -0.2988571
Moved 395.7975 375.9055 280.5134 0.03681839 -0.2764574
Moved 395.8146 370.7242 288.131 0.02482444 -0.2568648
Moved 395.828 366.118 295.47 0.01416216 -0.2379888
Moved 395.843 360.7933 303.4133 0.001836419 -0.2175584
Moved 395.8601 354.1287 312.0455 -0.013591 -0.1953562
Moved 395.8749 350.2818 321.616 -0.02249584 -0.1707408
Moved 395.889 340.8484 333.2273 -0.0443323 -0.1408764
Moved 395.9052 333.2934 343.9893 -0.06182085 -0.1131964
Moved 395.9225 326.7171 353.4243 -0.07704373 -0.0889293
Moved 395.9359 318.9461 363.0629 -0.09503226 -0.06413856
Moved 395.9516 308.8366 376.0673 -0.1184338 -0.0306912
Moved 395.9665 301.5674 387.2056 -0.1352605 -0.002043296
Moved 395.9824 295.9657 395.048 -0.1482276 0.01812747
Moved 395.9975 290.2086 403.6872 -0.1615542 0.04034772
Moved 396.0139 285.3424 408.5435 -0.1728185 0.05283818
Moved 396.0286 282.3341 412.9988 -0.1797822 0.06429739
Moved 396.0437 279.4833 415.5167 -0.1863811 0.07077323
Moved 396.0639 277.796 418.408 -0.1902871 0.0782098
Moved 396.0748 276.3566 419.6434 -0.1936189 0.08138719
Moved 396.0905 275.1962 420.8038 -0.196305 0.08437172
Ended 396.1057 275 421 -0.1967592 0.08487643
Candidates 396.2939 12 second seconds survive serving archive stretching service device detective survived freezing fractions
Began 397.0296 382 309 0.05092591 -0.2031893
Stationary 397.0478 382 309 0.05092591 -0.2031893
Stationary 397.0636 382 309 0.05092591 -0.2031893
Stationary 397.0781 382 309 0.05092591 -0.2031893
Stationary 397.0924 382 309 0.05092591 -0.2031893
Moved 397.1077 382 323.2758 0.05092591 -0.1664719
Moved 397.124 382 337.2907 0.05092591 -0.1304252
Moved 397.1391 382 372.1262 0.05092591 -0.04082786
Ended 397.1551 392.2572 419.6124 0.07466942 0.0813076
Accept 397.1973 0 second
Began 398.0775 550 426 0.4398148 0.09773654
Stationary 398.0961 550 426 0.4398148 0.09773654
Stationary 398.1098 550 426 0.4398148 0.09773654
Stationary 398.1246 550 426 0.4398148 0.09773654
Moved 398.1403 531.2217 426 0.3963464 0.09773654
Moved 398.1578 515.3503 426 0.3596072 0.09773654
Moved 398.1763 497.1205 426 0.3174085 0.09773654
Moved 398.1873 472 426 0.2592593 0.09773654
Moved 398.2025 442.2131 426 0.1903082 0.09773654
Moved 398.2186 415.8128 426 0.1291962 0.09773654
Moved 398.2336 396.8525 426 0.08530667 0.09773654
Moved 398.2496 379.0304 426 0.0440518 0.09773654
Moved 398.266 361.6649 426 0.003853937 0.09773654
Moved 398.2791 344.4604 426 -0.0359713 0.09773654
Moved 398.2949 331.1831 435.1909 -0.0667057 0.1213758
Moved 398.3142 322.4896 433 -0.08682965 0.1157406
Moved 398.326 310.4278 433 -0.1147505 0.1157406
Moved 398.3409 300.0541 433 -0.1387636 0.1157406
Moved 398.3575 289.053 433 -0.1642291 0.1157406
Moved 398.3814 270.0631 433 -0.2081872 0.1157406
Stationary 398.3921 270.0631 433 -0.2081872 0.1157406
Moved 398.402 260.8981 433 -0.2294025 0.1157406
Moved 398.4187 255.4908 433 -0.2419195 0.1157406
Moved 398.4347 248.5 433 -0.2581019 0.1157406
Moved 398.449 240.8824 433 -0.2757353 0.1157406
Moved 398.4648 235.1519 433 -0.2890002 0.1157406
Moved 398.4812 229.2978 433 -0.3025513 0.1157406
Moved 398.4965 223.6418 433 -0.315644 0.1157406
Moved 398.5154 218.6653 433 -0.3271636 0.1157406
Moved 398.5276 214.4027 433 -0.3370308 0.1157406
Moved 398.5423 210.1259 433 -0.3469309 0.1157406
Moved 398.5572 204.0578 433 -0.3609773 0.1157406
Moved 398.5729 200.6244 433 -0.3689251 0.1157406
Moved 398.5882 194.5322 433 -0.3830273 0.1157406
Moved 398.6038 189.8363 433 -0.3938975 0.1157406
Moved 398.6187 184 433 -0.4074074 0.1157406
Moved 398.6346 180.1101 433 -0.4164118 0.1157406
Moved 398.6495 175.7399 433 -0.426528 0.1157406
Moved 398.6653 171.5 422.5 -0.4363426 0.08873452
Moved 398.6804 170.0845 426 -0.4396192 0.09773654
Moved 398.6966 168.5995 426 -0.4430567 0.09773654
Moved 398.7113 168 426 -0.4444444 0.09773654
Moved 398.7264 166.715 426 -0.447419 0.09773654
Stationary 398.742 167 426 -0.4467593 0.09773654
Moved 398.7582 173.6055 440.4312 -0.4314688 0.1348537
Moved 398.7726 183.8585 452.124 -0.407735 0.1649278
Moved 398.7877 205.1942 470.0953 -0.3583468 0.2111503
Moved 398.8039 223.6809 485.4008 -0.3155534 0.2505163
Moved 398.8232 243.6891 497.6342 -0.2692381 0.2819809
Moved 398.8355 262.2456 507.1228 -0.2262833 0.3063857
Moved 398.8499 280 517.5 -0.1851852 0.3330761
Moved 398.8659 291.4378 521.9263 -0.1587088 0.3444605
Moved 398.8817 304.1407 527.0527 -0.129304 0.3576458
Moved 398.8969 315.6834 532.8417 -0.1025848 0.3725351
Moved 398.9121 326.1657 536.5828 -0.07832021 0.3821574
Moved 398.9276 335.0488 539.6829 -0.05775739 0.3901309
Moved 398.9423 341.1245 542.5623 -0.04369333 0.3975366
Moved 398.9596 346.8797 544.2199 -0.030371 0.4018
Moved 398.9739 349.756 545.252 -0.02371301 0.4044546
Moved 398.9891 351.777 545 -0.01903464 0.4038065
Moved 399.0045 354.4203 546.2101 -0.01291598 0.406919
Moved 399.0205 355.6576 546 -0.01005178 0.4063785
Moved 399.0351 357.0973 546 -0.006719182 0.4063785
Stationary 399.0497 357.0973 546 -0.006719182 0.4063785
Moved 399.0662 358.9862 546 -0.002346734 0.4063785
Moved 399.0811 360.0464 546 0.0001073877 0.4063785
Moved 399.0978 361.5034 541.4694 0.003480017 0.3947258
Moved 399.1136 362.9437 529.4502 0.006814202 0.3638121
Moved 399.132 364.3902 516.4883 0.01016249 0.330474
Moved 399.1441 364 506.5969 0.009259283 0.305033
Moved 399.1582 364 492.4737 0.009259283 0.2687079
Moved 399.1731 364 479.7313 0.009259283 0.2359344
Moved 399.1898 364 469.0889 0.009259283 0.208562
Moved 399.2052 364 457.7396 0.009259283 0.1793712
Moved 399.2202 364 448.2561 0.009259283 0.1549796
Moved 399.236 364 440.2281 0.009259283 0.1343316
Moved 399.2516 364.593 426.0347 0.01063208 0.09782571
Moved 399.2675 365 416.7356 0.01157403 0.07390842
Moved 399.2824 365.4792 409.1251 0.01268327 0.05433416
Moved 399.2981 366 402.58 0.01388888 0.03749985
Moved 399.3141 368.0181 393.9367 0.01856029 0.01526919
Moved 399.3287 369.4519 380.8367 0.02187937 -0.0184242
Moved 399.3445 371.7794 370.7721 0.02726714 -0.04431053
Moved 399.3601 373.3281 362.0314 0.03085206 -0.06679158
Moved 399.3745 373.7669 355.9324 0.03186772 -0.08247838
Moved 399.3903 374 351.3625 0.03240744 -0.0942322
Moved 399.4112 375 345.5533 0.03472219 -0.1091736
Stationary 399.4222 375 345.5533 0.03472219 -0.1091736
Moved 399.4357 375 343.8372 0.03472219 -0.1135875
Moved 399.4515 376 342.3966 0.03703703 -0.1172927
Moved 399.4672 376 340.9568 0.03703703 -0.1209959
Moved 399.482 376 339.5181 0.03703703 -0.1246964
Moved 399.4975 376 338.5 0.03703703 -0.127315
Moved 399.5151 376 337.82 0.03703703 -0.1290638
Stationary 399.5292 376 337.82 0.03703703 -0.1290638
Stationary 399.5444 376 337.82 0.03703703 -0.1290638
Stationary 399.5594 376 337.82 0.03703703 -0.1290638
Stationary 399.5731 376 337.82 0.03703703 -0.1290638
Moved 399.5891 364.8613 355.4258 0.01125306 -0.0837815
Moved 399.6057 355.2701 377.1085 -0.01094898 -0.02801314
Moved 399.6207 344.0586 397.7651 -0.03690138 0.02511597
Moved 399.6365 336.9343 409.8268 -0.05339275 0.05613896
Moved 399.6528 323.7773 431.8009 -0.08384889 0.1126566
Moved 399.6679 316.5985 446.8832 -0.1004664 0.1514486
Moved 399.6871 312.5 455 -0.1099537 0.172325
Moved 399.6993 306.1096 465.7808 -0.1247463 0.2000535
Moved 399.7136 301.7935 474.4131 -0.1347374 0.2222558
Moved 399.7292 297.483 485.873 -0.1447152 0.2517309
Moved 399.7447 294.0386 492.9229 -0.1526885 0.2698632
Moved 399.7628 291.1556 501.5333 -0.1593621 0.2920094
Moved 399.775 290.1432 507.4274 -0.1617057 0.3071691
Moved 399.7903 288.7106 511.8683 -0.1650218 0.3185912
Moved 399.8065 288 517.2106 -0.1666667 0.3323317
Moved 399.8216 288 521.5015 -0.1666667 0.3433679
Moved 399.8364 288 525.8391 -0.1666667 0.3545244
Moved 399.8524 287.2145 529.3565 -0.168485 0.3635712
Moved 399.8676 287 533.4545 -0.1689815 0.3741114
Moved 399.8822 287 536.7758 -0.1689815 0.3826536
Moved 399.8977 287 541.0867 -0.1689815 0.3937415
Moved 399.9149 287 543.9439 -0.1689815 0.4010902
Moved 399.9295 287 544.9093 -0.1689815 0.4035732
Moved 399.9482 287 546.3481 -0.1689815 0.4072739
Stationary 399.9597 287 546.3481 -0.1689815 0.4072739
Moved 399.9751 286 547 -0.1712963 0.4089505
Moved 399.9901 284.7003 547 -0.1743048 0.4089505
Stationary 400.0055 284.7003 547 -0.1743048 0.4089505
Moved 400.0221 283.6245 547 -0.1767953 0.4089505
Moved 400.0367 281.7511 547 -0.1811317 0.4089505
Moved 400.0542 278.8796 539.5787 -0.1877786 0.3898629
Moved 400.0691 274.5283 531.0566 -0.1978511 0.3679439
Moved 400.0845 270.5498 519.8746 -0.2070606 0.3391835
Moved 400.0998 265.8451 504.4321 -0.2179511 0.2994653
Moved 400.1138 260.0381 487.1143 -0.2313932 0.2549236
Moved 400.1306 258.1368 472.6158 -0.2357943 0.2176333
Moved 400.1446 255.2506 459.6276 -0.2424755 0.1842272
Moved 400.1616 254.1978 447.3846 -0.2449125 0.1527382
Moved 400.1751 252.7637 433.6369 -0.2482322 0.1173788
Moved 400.191 253 427.2955 -0.2476852 0.1010687
Moved 400.2107 252.231 416.6167 -0.2494653 0.07360258
Moved 400.222 252 411.3744 -0.25 0.06011927
Moved 400.237 252 404.0386 -0.25 0.04125155
Moved 400.2534 252 399.707 -0.25 0.03011044
Moved 400.2681 252 394 -0.25 0.01543206
Moved 400.2832 252 391.1008 -0.25 0.007975346
Moved 400.2981 252 387.7767 -0.25 -0.0005743631
Moved 400.3148 252 385.4582 -0.25 -0.006537653
Moved 400.3295 252 383.0444 -0.25 -0.01274588
Moved 400.3449 252 380.1672 -0.25 -0.02014631
Moved 400.3613 252 379.1548 -0.25 -0.02274988
Moved 400.3766 261.0554 379 -0.2290384 -0.02314815
Moved 400.3916 260.729 377.2709 -0.2297939 -0.02759541
Moved 400.4074 261.8746 377 -0.2271422 -0.02829226
Moved 400.4229 263.2711 377 -0.2239094 -0.02829226
Moved 400.4387 267.1202 377 -0.2149995 -0.02829226
Moved 400.4611 281.6763 382.8454 -0.1813049 -0.0132578
Stationary 400.4715 281.6763 382.8454 -0.1813049 -0.0132578
Moved 400.484 294.1834 396.1835 -0.1523532 0.02104798
Moved 400.4993 305.8423 406.362 -0.125365 0.04722729
Moved 400.5153 320 421 -0.09259259 0.08487643
Moved 400.5299 336.6485 440.5983 -0.05405441 0.1352835
Moved 400.5461 347.0092 452.4391 -0.03007134 0.1657383
Moved 400.561 363.4025 471.1121 0.007876159 0.2137655
Moved 400.5766 374.0573 484.6451 0.03253996 0.2485726
Moved 400.5919 382.7202 496.4642 0.05259305 0.2789717
Moved 400.6098 391.114 506.2997 0.07202327 0.3042688
Moved 400.6232 396 514 0.08333336 0.324074
Moved 400.6374 401.6453 518.6453 0.09640107 0.3360217
Moved 400.6561 405.3372 523.5059 0.1049473 0.3485232
Moved 400.6689 408.2169 526.6085 0.1116132 0.3565032
Moved 400.6908 410.0461 529.0922 0.1158475 0.3628914
Ended 400.701 410 529 0.1157407 0.3626543
Candidates 400.8529 12 largest pathway kennedy harvest jeffrey largely latest pkquest payment parody tragedy bureaucracy
Began 401.4513 391 333 0.07175922 -0.141461
Stationary 401.4726 391 333 0.07175922 -0.141461
Stationary 401.4855 391 333 0.07175922 -0.141461
Moved 401.5009 391 349.9814 0.07175922 -0.09778442
Moved 401.5163 396.9349 369.0954 0.0854975 -0.0486231
Ended 401.5327 407.3035 425.0073 0.1094988 0.09518317
Accept 401.6082 0 largest
Began 402.5923 265 239 -0.2199074 -0.3832304
Stationary 402.6141 265 239 -0.2199074 -0.3832304
Stationary 402.6262 265 239 -0.2199074 -0.3832304
Stationary 402.6451 265 239 -0.2199074 -0.3832304
Stationary 402.6639 265 239 -0.2199074 -0.3832304
Stationary 402.6738 265 239 -0.2199074 -0.3832304
Moved 402.6872 278.9534 256.9379 -0.1876078 -0.3370939
Moved 402.7042 289.6222 272.0098 -0.1629116 -0.2983288
Moved 402.7192 304.7549 292.7567 -0.1278822 -0.2449673
Moved 402.7344 313.4681 307.2021 -0.1077128 -0.2078135
Moved 402.7502 323.8143 323.2797 -0.0837631 -0.1664618
Moved 402.766 333.4048 337.5397 -0.061563 -0.1297846
Moved 402.7809 342.9641 350.9488 -0.03943488 -0.09529632
Moved 402.7963 353.0638 363.9391 -0.01605605 -0.06188498
Moved 402.8127 368.2745 381.9358 0.01915395 -0.01559724
Moved 402.8275 395.4719 405.5599 0.08211096 0.04516437
Moved 402.8433 418.5978 425.7731 0.1356431 0.09715292
Moved 402.8586 439.7853 440.3759 0.1846882 0.1347115
Moved 402.8774 458.9771 455.0593 0.2291135 0.1724775
Moved 402.889 469.1985 460.9706 0.2527743 0.1876815
Moved 402.9042 475.7313 465.5485 0.2678966 0.1994559
Moved 402.9191 479.5 468 0.2766204 0.2057612
Moved 402.9347 483.0678 470.3785 0.2848791 0.2118789
Moved 402.95 486.2632 472.1316 0.2922759 0.2163877
Moved 402.9662 489 473.5 0.2986111 0.2199073
Moved 402.9816 489.9949 474.9949 0.3009141 0.2237522
Moved 402.9965 491.45 476.45 0.3042824 0.2274948
Moved 403.0121 492.8837 476.8837 0.3076012 0.2286102
Moved 403.0276 493.5 477.5 0.3090277 0.2301954
Moved 403.0425 494.1819 478.1819 0.3106063 0.2319494
Stationary 403.0586 494.1819 478.1819 0.3106063 0.2319494
Moved 403.0734 495.1009 478 0.3127335 0.2314814
Moved 403.0934 495 479.5 0.3125 0.2353394
Stationary 403.1049 495 479.5 0.3125 0.2353394
Stationary 403.1187 495 479.5 0.3125 0.2353394
Moved 403.1349 495 479 0.3125 0.2340534
Moved 403.1506 495 480.062 0.3125 0.2367848
Stationary 403.1662 495 480.062 0.3125 0.2367848
Moved 403.1811 476.7385 483.0581 0.2702281 0.2444909
Moved 403.1969 462.3643 487.3907 0.2369544 0.2556344
Moved 403.2126 443.0289 493.6259 0.1921965 0.2716714
Moved 403.2287 427.1602 499.3963 0.1554634 0.286513
Moved 403.2421 420.4963 500.5724 0.1400378 0.2895381
Moved 403.2587 414.3036 502.8785 0.1257029 0.2954694
Moved 403.2745 409.8983 503 0.1155053 0.2957818
Moved 403.2899 403.8025 504.7994 0.1013945 0.3004099
Moved 403.3112 395.6315 506.6843 0.08248031 0.3052578
Stationary 403.3221 395.6315 506.6843 0.08248031 0.3052578
Moved 403.3351 392.7539 508.123 0.07581919 0.3089584
Moved 403.3502 390.4354 508.5646 0.0704523 0.3100939
Moved 403.3665 389.2475 509 0.06770243 0.3112139
Moved 403.3821 389 510.1088 0.06712963 0.3140656
Moved 403.3971 387.4496 510.5504 0.06354074 0.3152014
Moved 403.4135 387 511 0.06250004 0.3163579
Moved 403.4294 385.5693 512.4307 0.05918831 0.3200376
Moved 403.443 385 512.8719 0.05787035 0.3211725
Moved 403.4599 383.6889 513 0.05483538 0.321502
Stationary 403.4761 384 513 0.0555556 0.321502
Moved 403.4903 383.1738 514 0.05364299 0.324074
Stationary 403.511 383 514 0.05324075 0.324074
Moved 403.5221 383 515.5 0.05324075 0.327932
Moved 403.536 383 515 0.05324075 0.326646
Stationary 403.5506 383 515 0.05324075 0.326646
Stationary 403.5664 383 515 0.05324075 0.326646
Moved 403.5818 381.7619 515 0.05037486 0.326646
Moved 403.5976 378.2484 482.9876 0.04224182 0.2443096
Moved 403.6139 375.9825 454.6853 0.03699661 0.1715156
Moved 403.629 374.5396 427.252 0.03365646 0.1009567
Moved 403.6443 375 406.2894 0.03472219 0.04704067
Moved 403.6596 375 384.9651 0.03472219 -0.007805922
Moved 403.6753 375 368.4249 0.03472219 -0.05034757
Moved 403.6909 384.7635 356.2365 0.05732298 -0.08169637
Moved 403.7123 389.2322 336.0474 0.06766717 -0.1336229
Stationary 403.7224 389.2322 336.0474 0.06766717 -0.1336229
Moved 403.7354 392.3724 323.3242 0.07493616 -0.1663474
Moved 403.7519 395.269 313.9241 0.08164117 -0.1905246
Moved 403.7669 398.1487 305.6283 0.08830716 -0.2118614
Moved 403.7824 401 298.5 0.09490739 -0.2301955
Moved 403.7986 401.9576 293.1695 0.09712408 -0.2439057
Moved 403.8142 403.0726 289.7822 0.09970515 -0.2526179
Moved 403.8286 405.0723 286.3916 0.1043341 -0.2613386
Moved 403.8439 406.9749 282.0755 0.108738 -0.2724396
Moved 403.8611 409.8113 276.3773 0.115304 -0.2870954
Moved 403.8752 411.8491 269.7545 0.120021 -0.3041296
Moved 403.8911 413.2882 266.4235 0.1233524 -0.3126967
Moved 403.9119 415.8745 261.1254 0.1293392 -0.3263236
Stationary 403.9232 415.8745 261.1254 0.1293392 -0.3263236
Moved 403.9364 416 259.7288 0.1296297 -0.3299156
Moved 403.9514 417 257.2831 0.1319444 -0.336206
Moved 403.9677 417 256.5 0.1319444 -0.3382202
Moved 403.9823 418 255.4053 0.1342593 -0.3410359
Moved 403.9981 418 253.9653 0.1342593 -0.3447394
Moved 404.0149 418 252.5265 0.1342593 -0.3484402
Moved 404.0305 419.5 253 0.1377314 -0.3472223
Stationary 404.0443 419.5 253 0.1377314 -0.3472223
Moved 404.059 419 251.6846 0.1365741 -0.3506056
Stationary 404.0754 419 251.6846 0.1365741 -0.3506056
Moved 404.0902 420.3053 251 0.1395957 -0.3523664
Moved 404.1131 420 249.5 0.1388889 -0.3562243
Stationary 404.1241 420 249.5 0.1388889 -0.3562243
Moved 404.1373 420 250 0.1388889 -0.3549383
Moved 404.1528 420 248.5 0.1388889 -0.3587964
Stationary 404.1682 420 248.5 0.1388889 -0.3587964
Stationary 404.183 420 248.5 0.1388889 -0.3587964
Stationary 404.1996 420 248.5 0.1388889 -0.3587964
Moved 404.2148 420 249 0.1388889 -0.3575103
Stationary 404.2294 420 249 0.1388889 -0.3575103
Stationary 404.2448 420 249 0.1388889 -0.3575103
Moved 404.2616 420 258.2316 0.1388889 -0.3337665
Moved 404.2766 410.1406 269.6251 0.1160662 -0.3044623
Moved 404.292 405.8006 281.1984 0.1060199 -0.2746955
Moved 404.3131 379.9443 330.1113 0.04616747 -0.1488907
Stationary 404.3241 379.9443 330.1113 0.04616747 -0.1488907
Moved 404.3377 369.6712 350.6577 0.02238701 -0.0960452
Moved 404.3531 359.8958 370.2083 -0.0002411008 -0.04576059
Moved 404.368 356.0831 377.8337 -0.00906681 -0.02614779
Moved 404.3834 351.0257 389.2051 -0.02077391 0.003099481
Moved 404.399 346.4786 400.3904 -0.03129954 0.03186822
Moved 404.4152 342.7628 410.9485 -0.03990084 0.05902404
Moved 404.4301 338.8246 424.5847 -0.04901717 0.09409649
Moved 404.4447 336.0056 438.9717 -0.05554249 0.1310999
Moved 404.4622 333.1059 449.6293 -0.06225486 0.1585116
Moved 404.4764 330.9298 456.2106 -0.0672921 0.1754386
Moved 404.4979 325.14 473.65 -0.08069441 0.2202931
Stationary 404.5099 325.14 473.65 -0.08069441 0.2202931
Moved 404.5228 323.631 480.8451 -0.08418754 0.2387991
Moved 404.539 322.1894 486.2423 -0.0875245 0.2526807
Moved 404.5549 322 490.7374 -0.08796295 0.2642421
Moved 404.5745 322 496.0642 -0.08796295 0.2779429
Moved 404.5859 321.1743 498.6514 -0.08987427 0.284597
Moved 404.6025 321 500.2009 -0.09027779 0.2885824
Moved 404.6165 320.3604 502.2793 -0.09175846 0.2939281
Moved 404.6308 318.9185 503 -0.09509603 0.2957818
Moved 404.647 317.9571 504.5214 -0.09732156 0.2996949
Moved 404.6623 315.0769 505.9615 -0.1039886 0.3033989
Moved 404.6809 312.1914 507.4043 -0.110668 0.3071097
Moved 404.6923 307.7302 508 -0.1209949 0.3086419
Moved 404.7086 303.1771 508.9557 -0.1315344 0.3111001
Moved 404.7232 298.8163 509 -0.1416288 0.3112139
Moved 404.7388 294.4698 509.8434 -0.1516902 0.313383
Moved 404.7533 291.4329 511.2836 -0.1587202 0.3170873
Moved 404.7698 290.2871 512 -0.1613725 0.31893
Moved 404.7858 290 513.1491 -0.162037 0.3218855
Moved 404.8011 290 514.5 -0.162037 0.32536
Moved 404.8171 290 517.3533 -0.162037 0.3326988
Moved 404.8313 290 521.3752 -0.162037 0.3430431
Moved 404.8453 306.6111 525.6833 -0.1235854 0.3541238
Moved 404.8677 321.0148 530.0045 -0.09024347 0.3652377
Moved 404.8786 333.9616 532.8804 -0.06027406 0.3726346
Moved 404.8914 345.1972 533.8853 -0.03426582 0.3752193
Moved 404.9088 355.2636 534 -0.01096388 0.3755144
Moved 404.9233 362.4323 534 0.005630255 0.3755144
Moved 404.9387 374.332 535 0.03317584 0.3780863
Ended 404.9576 387 535 0.06250004 0.3780863
Candidates 405.1216 12 country county corner count counter cindy doubt cover former voucher volunteer cheney
Began 405.7087 387 369 0.06250004 -0.04886839
Stationary 405.7261 387 369 0.06250004 -0.04886839
Moved 405.7405 395.9616 404.8975 0.08324444 0.04346066
Moved 405.7632 417.1923 514.5001 0.1323897 0.3253601
Stationary 405.7741 417.1923 514.5001 0.1323897 0.3253601
Ended 405.787 421.5 538.5 0.1423611 0.3870883
Accept 405.8301 0 country
PhraseEnd 406.7729
