he is just like everyone else
Basic
0.4 0.4
288 86.39999
Began 254.4173 392 367 0.1111111 -0.2430552
Stationary 254.437 392 367 0.1111111 -0.2430552
Stationary 254.4512 392 367 0.1111111 -0.2430552
Stationary 254.4676 392 367 0.1111111 -0.2430552
Stationary 254.4815 392 367 0.1111111 -0.2430552
Stationary 254.497 392 367 0.1111111 -0.2430552
Stationary 254.513 392 367 0.1111111 -0.2430552
Stationary 254.5282 392 367 0.1111111 -0.2430552
Stationary 254.5427 392 367 0.1111111 -0.2430552
Stationary 254.5599 392 367 0.1111111 -0.2430552
Stationary 254.5754 392 367 0.1111111 -0.2430552
Stationary 254.5912 392 367 0.1111111 -0.2430552
Stationary 254.6069 392 367 0.1111111 -0.2430552
Stationary 254.6223 392 367 0.1111111 -0.2430552
Stationary 254.6383 392 367 0.1111111 -0.2430552
Stationary 254.6544 392 367 0.1111111 -0.2430552
Stationary 254.6694 392 367 0.1111111 -0.2430552
Stationary 254.6834 392 367 0.1111111 -0.2430552
Stationary 254.7 392 367 0.1111111 -0.2430552
Stationary 254.7199 392 367 0.1111111 -0.2430552
Stationary 254.733 392 367 0.1111111 -0.2430552
Stationary 254.7457 392 367 0.1111111 -0.2430552
Stationary 254.7626 392 367 0.1111111 -0.2430552
Stationary 254.7794 392 367 0.1111111 -0.2430552
Stationary 254.7918 392 367 0.1111111 -0.2430552
Stationary 254.8072 392 367 0.1111111 -0.2430552
Stationary 254.8221 392 367 0.1111111 -0.2430552
Stationary 254.8371 392 367 0.1111111 -0.2430552
Stationary 254.8511 392 367 0.1111111 -0.2430552
Stationary 254.8672 392 367 0.1111111 -0.2430552
Stationary 254.8824 392 367 0.1111111 -0.2430552
Stationary 254.8987 392 367 0.1111111 -0.2430552
Stationary 254.916 392 367 0.1111111 -0.2430552
Stationary 254.9317 392 367 0.1111111 -0.2430552
Stationary 254.9481 392 367 0.1111111 -0.2430552
Stationary 254.9618 392 367 0.1111111 -0.2430552
Stationary 254.9752 392 367 0.1111111 -0.2430552
Stationary 254.9906 392 367 0.1111111 -0.2430552
Stationary 255.0064 392 367 0.1111111 -0.2430552
Stationary 255.0223 392 367 0.1111111 -0.2430552
Stationary 255.0379 392 367 0.1111111 -0.2430552
Stationary 255.0536 392 367 0.1111111 -0.2430552
Stationary 255.0707 392 367 0.1111111 -0.2430552
Stationary 255.0858 392 367 0.1111111 -0.2430552
Stationary 255.101 392 367 0.1111111 -0.2430552
Stationary 255.1171 392 367 0.1111111 -0.2430552
Stationary 255.1326 392 367 0.1111111 -0.2430552
Stationary 255.1457 392 367 0.1111111 -0.2430552
Stationary 255.1615 392 367 0.1111111 -0.2430552
Stationary 255.1772 392 367 0.1111111 -0.2430552
Stationary 255.1945 392 367 0.1111111 -0.2430552
Stationary 255.2109 392 367 0.1111111 -0.2430552
Stationary 255.2248 392 367 0.1111111 -0.2430552
Stationary 255.2388 392 367 0.1111111 -0.2430552
Stationary 255.2543 392 367 0.1111111 -0.2430552
Moved 255.2693 392 376.147 0.1111111 -0.1371878
Stationary 255.2839 392 376.147 0.1111111 -0.1371878
Stationary 255.2996 392 376.147 0.1111111 -0.1371878
Moved 255.3165 392 377.0851 0.1111111 -0.1263293
Stationary 255.3394 392 377.0851 0.1111111 -0.1263293
Stationary 255.3525 392 377.0851 0.1111111 -0.1263293
Stationary 255.3618 392 377.0851 0.1111111 -0.1263293
Moved 255.3763 392 378 0.1111111 -0.1157407
Moved 255.3933 392 378.5629 0.1111111 -0.1092261
Stationary 255.4078 392 379 0.1111111 -0.1041663
Stationary 255.4223 392 379 0.1111111 -0.1041663
Stationary 255.4378 392 379 0.1111111 -0.1041663
Moved 255.453 392 380.3734 0.1111111 -0.08827068
Stationary 255.4697 392 380.3734 0.1111111 -0.08827068
Moved 255.4847 392 381 0.1111111 -0.08101851
Stationary 255.4998 392 381 0.1111111 -0.08101851
Moved 255.5144 392 382.5 0.1111111 -0.06365741
Stationary 255.5305 392 382.5 0.1111111 -0.06365741
Moved 255.5454 392 383.0735 0.1111111 -0.05701948
Stationary 255.561 392 383.0735 0.1111111 -0.05701948
Moved 255.5768 392 384.0413 0.1111111 -0.04581875
Stationary 255.593 392 384 0.1111111 -0.04629594
Stationary 255.6088 392 384 0.1111111 -0.04629594
Stationary 255.6235 392 384 0.1111111 -0.04629594
Moved 255.6398 392 385.5 0.1111111 -0.02893518
Moved 255.6561 392 385 0.1111111 -0.03472222
Stationary 255.6739 392 385 0.1111111 -0.03472222
Stationary 255.684 392 385 0.1111111 -0.03472222
Moved 255.6997 392 386 0.1111111 -0.02314815
Stationary 255.7151 392 386 0.1111111 -0.02314815
Stationary 255.7304 392 386 0.1111111 -0.02314815
Stationary 255.7468 392 386 0.1111111 -0.02314815
Moved 255.762 392 387.14 0.1111111 -0.009953887
Stationary 255.7773 392 387.14 0.1111111 -0.009953887
Moved 255.7925 392 388.6406 0.1111111 0.007414818
Moved 255.8095 392 390.0798 0.1111111 0.02407215
Moved 255.8236 382.9656 391.5172 0.07974163 0.04070847
Moved 255.8399 380.096 392.952 0.06977781 0.05731547
Moved 255.8565 374.4012 395.7994 0.05000427 0.09027057
Moved 255.8719 371.9687 399.0314 0.04155784 0.1276781
Moved 255.8863 365.3693 402.8154 0.01864329 0.1714742
Moved 255.9025 360.9686 407.0314 0.003363341 0.2202705
Moved 255.9178 356.6317 410.5789 -0.01169562 0.2613302
Moved 255.9323 353.5523 412.2238 -0.02238773 0.2803682
Moved 255.9486 349.0042 414.6653 -0.03818005 0.3086261
Moved 255.9635 345.7955 417.2045 -0.0493212 0.3380152
Moved 255.9804 342.5288 418.157 -0.06066389 0.3490399
Moved 255.9963 338.6949 419.6526 -0.07397622 0.3663496
Moved 256.0077 334.7307 421.0898 -0.08774049 0.3829836
Moved 256.0234 330.868 422.533 -0.1011528 0.3996879
Moved 256.0392 327.0648 423.9676 -0.1143581 0.4162916
Moved 256.0564 324.1852 425.4074 -0.1243571 0.4329561
Moved 256.0702 319.4461 425.8513 -0.1408121 0.4380941
Moved 256.0863 318.0463 426.9537 -0.1456725 0.4508527
Moved 256.1047 315.2448 427 -0.1553999 0.4513891
Moved 256.1182 312.3647 428 -0.1654005 0.462963
Moved 256.142 308.3086 429.6914 -0.1794842 0.4825392
Moved 256.1557 306.8707 430 -0.1844767 0.4861111
Stationary 256.1665 306.8707 430 -0.1844767 0.4861111
Moved 256.1826 304.4261 430.5739 -0.1929647 0.4927528
Moved 256.1934 303.2238 431 -0.1971396 0.497685
Moved 256.2082 301.8551 431 -0.2018921 0.497685
Moved 256.2242 300.4145 432 -0.2068941 0.5092595
Moved 256.2397 298.9831 432 -0.2118643 0.5092595
Moved 256.2559 297.5343 432 -0.2168948 0.5092595
Moved 256.2701 296.102 432.898 -0.2218681 0.5196531
Moved 256.285 294.6623 433 -0.2268669 0.5208331
Moved 256.3009 293.5 433 -0.2309028 0.5208331
Moved 256.316 292.1239 433 -0.235681 0.5208331
Moved 256.3314 290.6801 433 -0.2406943 0.5208331
Moved 256.3467 289.2407 433 -0.2456919 0.5208331
Moved 256.3636 287.8286 433 -0.2505953 0.5208331
Moved 256.3783 286.3879 433 -0.2555975 0.5208331
Stationary 256.393 286 433 -0.2569444 0.5208331
Moved 256.4085 284.5103 433 -0.2621169 0.5208331
Moved 256.4263 283.5817 433 -0.2653412 0.5208331
Moved 256.4397 282.996 433 -0.2673751 0.5208331
Stationary 256.4586 282.996 433 -0.2673751 0.5208331
Moved 256.4702 282.1027 433 -0.2704766 0.5208331
Stationary 256.4873 282 433 -0.2708333 0.5208331
Moved 256.5022 281.2192 433 -0.2735444 0.5208331
Moved 256.5196 280.5 433 -0.2760417 0.5208331
Stationary 256.5351 280.5 433 -0.2760417 0.5208331
Stationary 256.5486 280.5 433 -0.2760417 0.5208331
Moved 256.5645 279.8275 433 -0.2783765 0.5208331
Stationary 256.5804 279.8275 433 -0.2783765 0.5208331
Stationary 256.5951 279.8275 433 -0.2783765 0.5208331
Stationary 256.611 280 433 -0.2777778 0.5208331
Ended 256.6274 280 433 -0.2777778 0.5208331
Began 256.8882 402 426 0.1458333 0.4398148
Stationary 256.9041 402 426 0.1458333 0.4398148
Stationary 256.9183 402 426 0.1458333 0.4398148
Stationary 256.9349 402 426 0.1458333 0.4398148
Stationary 256.9498 402 426 0.1458333 0.4398148
Stationary 256.9715 402 426 0.1458333 0.4398148
Stationary 256.9819 402 426 0.1458333 0.4398148
Stationary 256.9968 402 426 0.1458333 0.4398148
Stationary 257.0109 402 426 0.1458333 0.4398148
Stationary 257.0272 402 426 0.1458333 0.4398148
Stationary 257.0415 402 426 0.1458333 0.4398148
Stationary 257.057 402 426 0.1458333 0.4398148
Stationary 257.0736 402 426 0.1458333 0.4398148
Stationary 257.0889 402 426 0.1458333 0.4398148
Stationary 257.1041 402 426 0.1458333 0.4398148
Stationary 257.1194 402 426 0.1458333 0.4398148
Stationary 257.1354 402 426 0.1458333 0.4398148
Stationary 257.151 402 426 0.1458333 0.4398148
Stationary 257.1663 402 426 0.1458333 0.4398148
Stationary 257.1826 402 426 0.1458333 0.4398148
Stationary 257.1975 402 426 0.1458333 0.4398148
Stationary 257.2131 402 426 0.1458333 0.4398148
Stationary 257.2289 402 426 0.1458333 0.4398148
Stationary 257.244 402 426 0.1458333 0.4398148
Stationary 257.2612 402 426 0.1458333 0.4398148
Stationary 257.2748 402 426 0.1458333 0.4398148
Stationary 257.2897 402 426 0.1458333 0.4398148
Stationary 257.3056 402 426 0.1458333 0.4398148
Stationary 257.3196 402 426 0.1458333 0.4398148
Stationary 257.3345 402 426 0.1458333 0.4398148
Stationary 257.3501 402 426 0.1458333 0.4398148
Stationary 257.3655 402 426 0.1458333 0.4398148
Moved 257.381 408.4149 426 0.1681071 0.4398148
Moved 257.3973 413.2965 426 0.1850572 0.4398148
Moved 257.4164 415.1691 426 0.1915595 0.4398148
Moved 257.4283 417.0204 426 0.1979875 0.4398148
Moved 257.4435 418.4509 426 0.2029545 0.4398148
Moved 257.4588 419.4072 426 0.2062748 0.4398148
Moved 257.4784 420.9862 426 0.2117577 0.4398148
Moved 257.4892 422.409 426 0.2166979 0.4398148
Stationary 257.5049 422.409 426 0.2166979 0.4398148
Moved 257.5194 423.3013 426 0.2197963 0.4398148
Stationary 257.5351 423 426 0.2187499 0.4398148
Stationary 257.5511 423 426 0.2187499 0.4398148
Moved 257.5669 424.2411 426 0.2230595 0.4398148
Stationary 257.5821 424.2411 426 0.2230595 0.4398148
Stationary 257.5975 424 426 0.2222222 0.4398148
Stationary 257.6134 424 426 0.2222222 0.4398148
Stationary 257.6283 424 426 0.2222222 0.4398148
Stationary 257.6427 424 426 0.2222222 0.4398148
Moved 257.6614 417.455 419 0.1994964 0.3587967
Moved 257.6768 413.9224 417.9741 0.1872304 0.3469229
Moved 257.6922 411.053 418 0.1772673 0.3472222
Moved 257.7049 406.1757 416.0878 0.1603323 0.3250908
Moved 257.7209 400.5809 416 0.140906 0.3240739
Moved 257.736 395.6224 414.2075 0.1236889 0.3033271
Moved 257.7514 390.0887 414 0.1044749 0.3009261
Moved 257.7675 385.3237 412.3309 0.08792936 0.281608
Moved 257.7827 380.7636 411.1909 0.07209569 0.2684134
Moved 257.7984 375.2915 409.8229 0.05309566 0.2525797
Moved 257.8145 370.5435 407.3859 0.03660917 0.2243734
Moved 257.8303 364.8049 405.9512 0.01668364 0.2077691
Moved 257.8439 359.0495 404.5124 -0.003300235 0.191116
Moved 257.8607 354.2201 403 -0.02006903 0.1736111
Moved 257.8753 348.5548 401.6387 -0.03974035 0.1578553
Moved 257.8916 345.5 400.5 -0.05034722 0.1446761
Moved 257.9061 341.2378 400.0793 -0.06514653 0.1398065
Moved 257.9283 332.6257 398.2086 -0.09504966 0.1181546
Stationary 257.9395 332.6257 398.2086 -0.09504966 0.1181546
Moved 257.9515 329.5362 398 -0.1057771 0.1157407
Moved 257.9678 325.6543 398 -0.1192558 0.1157407
Moved 257.9829 321.6651 396.8884 -0.1331074 0.1028746
Moved 257.9984 319 397 -0.1423611 0.104167
Moved 258.0145 315.734 397 -0.1537012 0.104167
Moved 258.0304 311.7939 395.9313 -0.1673822 0.09179787
Moved 258.0448 309 396 -0.1770833 0.09259259
Moved 258.0607 306.0066 395.0033 -0.1874772 0.08105649
Moved 258.0764 301.71 395 -0.2023958 0.08101869
Moved 258.0915 298.3946 394.1315 -0.2139076 0.07096715
Moved 258.1068 294.0824 394 -0.2288806 0.06944462
Moved 258.1223 292.3224 394 -0.2349917 0.06944462
Moved 258.1377 288.3561 393 -0.2487635 0.05787019
Moved 258.1534 285.3776 393 -0.2591057 0.05787019
Moved 258.1682 281.4895 392 -0.2726058 0.04629647
Moved 258.1837 277.4303 390.8101 -0.2867002 0.03252471
Moved 258.1992 274.7445 391 -0.2960261 0.03472222
Moved 258.2157 270.8048 389.9349 -0.3097055 0.0223951
Moved 258.2308 268.7513 390 -0.3168359 0.02314815
Moved 258.2452 266.3954 389.3953 -0.3250161 0.01614977
Moved 258.2605 263.9183 389 -0.3336169 0.01157443
Moved 258.276 261.0435 389 -0.3435988 0.01157443
Moved 258.2914 259.0873 389 -0.3503913 0.01157443
Moved 258.3078 257.6501 389 -0.3553817 0.01157443
Moved 258.3267 256.215 389 -0.3603646 0.01157443
Moved 258.3393 254.2095 389 -0.3673282 0.01157443
Moved 258.353 252.7093 387.7093 -0.3725373 -0.003364881
Moved 258.3694 251.2703 388 -0.3775336 1.766063E-07
Moved 258.3849 249.8338 388 -0.3825215 1.766063E-07
Moved 258.3997 248.5 388 -0.3871528 1.766063E-07
Moved 258.4154 247.981 388 -0.3889548 1.766063E-07
Moved 258.4312 246.5247 388 -0.3940116 1.766063E-07
Moved 258.4467 245.5 388 -0.3975694 1.766063E-07
Moved 258.4613 244.9904 388 -0.3993387 1.766063E-07
Stationary 258.4777 244.9904 388 -0.3993387 1.766063E-07
Stationary 258.4926 244.9904 388 -0.3993387 1.766063E-07
Ended 258.5075 245 388 -0.3993055 1.766063E-07
Began 258.6437 371 373 0.0381945 -0.1736111
Stationary 258.6647 371 373 0.0381945 -0.1736111
Stationary 258.6815 371 373 0.0381945 -0.1736111
Stationary 258.6964 371 373 0.0381945 -0.1736111
Stationary 258.7088 371 373 0.0381945 -0.1736111
Stationary 258.7238 371 373 0.0381945 -0.1736111
Stationary 258.7384 371 373 0.0381945 -0.1736111
Stationary 258.7533 371 373 0.0381945 -0.1736111
Stationary 258.7688 371 373 0.0381945 -0.1736111
Stationary 258.7944 371 373 0.0381945 -0.1736111
Stationary 258.8044 371 373 0.0381945 -0.1736111
Stationary 258.8153 371 373 0.0381945 -0.1736111
Stationary 258.8294 371 373 0.0381945 -0.1736111
Stationary 258.8456 371 373 0.0381945 -0.1736111
Stationary 258.8608 371 373 0.0381945 -0.1736111
Stationary 258.8763 371 373 0.0381945 -0.1736111
Stationary 258.8911 371 373 0.0381945 -0.1736111
Stationary 258.9088 371 373 0.0381945 -0.1736111
Stationary 258.9232 371 373 0.0381945 -0.1736111
Stationary 258.938 371 373 0.0381945 -0.1736111
Stationary 258.9538 371 373 0.0381945 -0.1736111
Stationary 258.9692 371 373 0.0381945 -0.1736111
Stationary 258.9846 371 373 0.0381945 -0.1736111
Stationary 259.0005 371 373 0.0381945 -0.1736111
Moved 259.0146 381.0872 373 0.07321953 -0.1736111
Moved 259.0338 384.8424 373 0.0862582 -0.1736111
Moved 259.0479 388.0858 373 0.09752005 -0.1736111
Moved 259.066 393.945 383.4037 0.1178646 -0.05319737
Moved 259.0794 399.6942 382.9235 0.1378271 -0.05875552
Moved 259.0933 403.9848 384.9924 0.1527251 -0.03480964
Moved 259.1103 408.3007 387.4335 0.1677106 -0.006555981
Moved 259.1257 412.6094 388.8698 0.1826714 0.01006727
Moved 259.1474 417.4911 391.7455 0.1996219 0.04335103
Stationary 259.1589 417.4911 391.7455 0.1996219 0.04335103
Moved 259.1712 419.1862 392 0.2055079 0.04629647
Moved 259.1857 421 392.6244 0.2118055 0.05352321
Moved 259.2017 421.8026 393 0.2145922 0.05787019
Moved 259.2188 423.1771 393 0.2193651 0.05787019
Moved 259.2329 424.5 394.5 0.2239583 0.07523166
Moved 259.2471 425.0274 394 0.2257896 0.06944462
Stationary 259.2652 425.0274 394 0.2257896 0.06944462
Moved 259.2811 426.3734 394 0.2304633 0.06944462
Moved 259.2932 427.1737 394 0.2332422 0.06944462
Stationary 259.3114 427.1737 394 0.2332422 0.06944462
Stationary 259.3248 427.1737 394 0.2332422 0.06944462
Moved 259.339 428.2239 394 0.2368885 0.06944462
Stationary 259.3556 428.2239 394 0.2368885 0.06944462
Moved 259.372 429.0521 395.0521 0.2397643 0.08162163
Stationary 259.3877 429.0521 395.0521 0.2397643 0.08162163
Stationary 259.4024 429.0521 395.0521 0.2397643 0.08162163
Stationary 259.4183 429.0521 395.0521 0.2397643 0.08162163
Stationary 259.4314 429.0521 395.0521 0.2397643 0.08162163
Moved 259.4478 429 396.1183 0.2395834 0.09396253
Moved 259.4712 429 398.9692 0.2395834 0.1269586
Stationary 259.4818 429 398.9692 0.2395834 0.1269586
Moved 259.4951 429 401.8157 0.2395834 0.1599043
Moved 259.5103 417.2741 404.8173 0.1988685 0.1946446
Moved 259.526 414.3028 406.3486 0.1885514 0.2123686
Moved 259.5415 413.6613 408.6774 0.186324 0.2393216
Moved 259.5565 410.2145 410.8928 0.1743559 0.2649627
Moved 259.5712 408.6671 413.6658 0.168983 0.2970575
Moved 259.5868 406.2292 414.7709 0.1605178 0.3098482
Moved 259.602 404.7897 416.2103 0.1555197 0.3265086
Moved 259.6183 403.3513 416.6487 0.1505253 0.3315828
Moved 259.6333 401.9153 418.0847 0.145539 0.3482027
Stationary 259.6483 401.9153 418.0847 0.145539 0.3482027
Moved 259.6671 400.4033 419 0.1402892 0.3587967
Moved 259.6801 398.9794 419 0.1353453 0.3587967
Moved 259.6946 397.5221 420.4779 0.130285 0.3759017
Moved 259.7117 394.2878 420 0.1190546 0.3703704
Moved 259.7267 389.967 420 0.1040521 0.3703704
Moved 259.7401 383.0919 412.9655 0.08018032 0.2889527
Moved 259.7583 377.3986 407.3188 0.06041169 0.2235976
Moved 259.778 367.6599 400.3285 0.02659678 0.1426909
Moved 259.7894 361.0849 395.6509 0.003767014 0.08855272
Moved 259.8034 355.107 391.3302 -0.01698971 0.03854381
Moved 259.8191 349.3465 387.6733 -0.03699123 -0.003781495
Moved 259.8348 343.6232 384.8116 -0.05686387 -0.03690278
Moved 259.8506 338 382 -0.07638887 -0.06944445
Moved 259.865 333.117 380.5585 -0.09334362 -0.08612809
Moved 259.8801 327.763 377.8815 -0.1119341 -0.1171126
Moved 259.8955 322.0018 376.5004 -0.1319381 -0.1330966
Moved 259.9124 316.1787 375.0596 -0.1521574 -0.1497731
Moved 259.9262 310.4331 375 -0.1721071 -0.150463
Moved 259.942 304.5468 374 -0.1925458 -0.1620367
Moved 259.957 298.9706 374 -0.2119076 -0.1620367
Moved 259.9724 295.5 374 -0.2239583 -0.1620367
Moved 259.9878 291.4797 374 -0.2379178 -0.1620367
Moved 260.0033 287.2093 374 -0.2527454 -0.1620367
Moved 260.0193 282.8736 374 -0.2678001 -0.1620367
Moved 260.0334 278.5653 374 -0.2827592 -0.1620367
Moved 260.0553 274.2228 374 -0.2978376 -0.1620367
Moved 260.0686 270.9384 374 -0.3092418 -0.1620367
Moved 260.0807 266.5992 374 -0.3243083 -0.1620367
Moved 260.0964 264.2748 374 -0.332379 -0.1620367
Moved 260.1121 261.9848 374 -0.3403307 -0.1620367
Moved 260.1284 259.0893 374 -0.3503844 -0.1620367
Moved 260.1425 257.107 374 -0.3572672 -0.1620367
Moved 260.1577 254.3342 374 -0.3668953 -0.1620367
Moved 260.1737 253.2291 381 -0.3707322 -0.08101851
Moved 260.1891 251.7897 382.2103 -0.3757303 -0.06701045
Stationary 260.2045 252 382 -0.375 -0.06944445
Moved 260.2186 250.2768 382.7232 -0.3809834 -0.06107401
Stationary 260.2342 250 383 -0.3819444 -0.05787037
Moved 260.2505 249.3993 384 -0.3840302 -0.04629594
Stationary 260.2659 249 384 -0.3854167 -0.04629594
Moved 260.2809 249 385.4741 -0.3854167 -0.02923453
Stationary 260.2958 249 385 -0.3854167 -0.03472222
Moved 260.3115 249 386.0255 -0.3854167 -0.02285339
Stationary 260.3318 249 386.0255 -0.3854167 -0.02285339
Moved 260.3426 249 387 -0.3854167 -0.0115739
Moved 260.3577 249 388.3457 -0.3854167 0.004001547
Moved 260.3736 259.1641 388 -0.3501248 1.766063E-07
Moved 260.3899 264.927 389.2318 -0.3301146 0.01425672
Moved 260.4043 272.8407 389 -0.3026363 0.01157443
Moved 260.4199 278.9915 389 -0.2812797 0.01157443
Moved 260.4355 288.1701 390.1672 -0.2494092 0.02508305
Moved 260.4508 294.028 390 -0.2290696 0.02314815
Moved 260.4662 299.1429 390 -0.2113092 0.02314815
Moved 260.4808 304.9339 390 -0.1912016 0.02314815
Moved 260.4966 309.7836 390 -0.1743626 0.02314815
Moved 260.5131 315.4719 390 -0.1546114 0.02314815
Moved 260.5274 320 390 -0.1388889 0.02314815
Moved 260.5437 322.8311 391 -0.1290588 0.03472222
Moved 260.5587 327.151 391 -0.1140591 0.03472222
Moved 260.5772 329.6477 392 -0.1053898 0.04629647
Moved 260.5959 336.1127 393.7042 -0.08294209 0.06602129
Stationary 260.6068 336.1127 393.7042 -0.08294209 0.06602129
Moved 260.6198 339.2823 394 -0.0719364 0.06944462
Moved 260.6352 342 395.5 -0.06250001 0.08680555
Moved 260.6514 344.377 396.6885 -0.05424633 0.100562
Moved 260.6659 347.251 398.1255 -0.04426733 0.1171933
Moved 260.683 350.1288 399.5644 -0.03427498 0.1338473
Moved 260.6977 352.0092 401.0092 -0.02774596 0.1505688
Moved 260.7155 353.4492 402.4492 -0.0227458 0.1672365
Moved 260.7291 354.8843 402.8843 -0.01776285 0.1722724
Moved 260.7443 356.3276 403 -0.0127513 0.1736111
Moved 260.7596 357.2893 404.2893 -0.00941202 0.188534
Moved 260.7763 358.5 404 -0.005208328 0.1851855
Moved 260.7912 359.1354 405.1354 -0.003002137 0.1983263
Moved 260.8058 360.5 405 0.001736134 0.1967594
Moved 260.8208 361.0757 406.0757 0.003735274 0.2092102
Stationary 260.8354 361.0757 406.0757 0.003735274 0.2092102
Moved 260.8587 363.062 408.062 0.01063198 0.2321994
Stationary 260.871 363.062 408.062 0.01063198 0.2321994
Moved 260.8836 364 408.5881 0.01388892 0.2382879
Moved 260.8988 365.0247 409 0.01744688 0.2430559
Stationary 260.9148 365.0247 409 0.01744688 0.2430559
Moved 260.9292 365.9025 410 0.02049491 0.2546296
Moved 260.9442 366.5 410 0.02256945 0.2546296
Moved 260.9596 366 411.3734 0.02083331 0.2705258
Stationary 260.9758 366 411.3734 0.02083331 0.2705258
Moved 260.9911 367 412.3209 0.02430558 0.2814924
Stationary 261.0057 367 412 0.02430558 0.2777779
Moved 261.0216 368.0934 412 0.02810225 0.2777779
Moved 261.0372 368 413 0.02777785 0.2893519
Ended 261.0518 368 413 0.02777785 0.2893519
Began 261.6226 416 368 0.1944445 -0.2314815
Stationary 261.638 416 368 0.1944445 -0.2314815
Stationary 261.6575 416 368 0.1944445 -0.2314815
Stationary 261.6707 416 368 0.1944445 -0.2314815
Stationary 261.6876 416 368 0.1944445 -0.2314815
Stationary 261.7002 416 368 0.1944445 -0.2314815
Stationary 261.7159 416 368 0.1944445 -0.2314815
Moved 261.7299 425.3401 368 0.2268752 -0.2314815
Moved 261.7464 426.3074 368 0.230234 -0.2314815
Moved 261.7624 427.8423 368 0.2355637 -0.2314815
Moved 261.7776 430.6077 368 0.2451655 -0.2314815
Moved 261.792 432.4736 368 0.2516444 -0.2314815
Moved 261.8082 435.3524 368 0.2616402 -0.2314815
Moved 261.8234 438.2292 368 0.2716291 -0.2314815
Moved 261.8385 440.0536 368 0.277964 -0.2314815
Moved 261.8555 441.0901 368 0.2815628 -0.2314815
Moved 261.87 443.5621 368 0.290146 -0.2314815
Moved 261.8907 445.001 368 0.2951422 -0.2314815
Moved 261.9021 446.4411 368 0.3001428 -0.2314815
Moved 261.9185 446.8788 368 0.3016624 -0.2314815
Moved 261.9303 448.3149 368 0.3066489 -0.2314815
Stationary 261.9455 448.3149 368 0.3066489 -0.2314815
Moved 261.9631 449.3734 368 0.3103244 -0.2314815
Moved 261.9771 450.1313 368 0.3129556 -0.2314815
Stationary 261.9925 450.1313 368 0.3129556 -0.2314815
Moved 262.0077 452.1862 368 0.3200911 -0.2314815
Stationary 262.0232 452.1862 368 0.3200911 -0.2314815
Moved 262.0387 453.3729 368 0.3242114 -0.2314815
Moved 262.0543 454.2483 368 0.3272511 -0.2314815
Moved 262.0696 455 368 0.329861 -0.2314815
Moved 262.0851 457.0446 368 0.3369606 -0.2314815
Moved 262.1 458.4625 368 0.3418836 -0.2314815
Moved 262.1224 461.3372 368 0.3518651 -0.2314815
Stationary 262.1332 461.3372 368 0.3518651 -0.2314815
Moved 262.1462 463.549 368 0.359545 -0.2314815
Moved 262.1698 466.5 368 0.3697917 -0.2314815
Stationary 262.1807 466.5 368 0.3697917 -0.2314815
Moved 262.1922 467.7902 375.7902 0.3742714 -0.1413176
Moved 262.2118 470.3941 376 0.3833128 -0.1388892
Moved 262.2256 471.6262 377 0.3875909 -0.1273148
Moved 262.2396 473.0722 378.0721 0.3926117 -0.1149061
Moved 262.256 474.4892 378 0.3975319 -0.1157407
Moved 262.2706 475.9385 378.9385 0.4025644 -0.104878
Moved 262.2859 476.5 379.5 0.4045139 -0.09837928
Moved 262.2999 478.4102 380.2051 0.4111464 -0.09021901
Stationary 262.3175 478.4102 380.2051 0.4111464 -0.09021901
Moved 262.3323 481.7056 382.3528 0.422589 -0.06536131
Moved 262.3539 483.2313 385.2313 0.4278865 -0.03204469
Stationary 262.3667 483.2313 385.2313 0.4278865 -0.03204469
Moved 262.3802 483 386.5 0.4270834 -0.01736093
Moved 262.3936 484.0602 387.0602 0.4307645 -0.01087754
Stationary 262.4092 484.0602 387.0602 0.4307645 -0.01087754
Moved 262.4233 484 388.6205 0.4305555 0.007181698
Moved 262.4387 484 389.5 0.4305555 0.01736111
Stationary 262.4546 484 389.5 0.4305555 0.01736111
Moved 262.4701 484 390.9324 0.4305555 0.03393986
Moved 262.486 484 392.3867 0.4305555 0.05077168
Moved 262.5011 477.5416 393.8073 0.4081306 0.06721426
Moved 262.5172 473.1612 394.9463 0.392921 0.08039704
Moved 262.5321 467.5897 397.7051 0.3735754 0.1123284
Moved 262.5475 462.8184 398.7954 0.3570081 0.1249469
Moved 262.5702 453.3052 404.3474 0.3239764 0.1892063
Stationary 262.5813 453.3052 404.3474 0.3239764 0.1892063
Moved 262.5939 447.5137 407.2431 0.3038672 0.2227213
Moved 262.6097 443.3366 408.5544 0.2893632 0.237899
Moved 262.6266 440.5309 410.4691 0.2796213 0.2600587
Moved 262.6411 436.7593 412.0802 0.2665254 0.2787058
Moved 262.6573 433.9648 413.5176 0.2568224 0.2953422
Moved 262.6718 431.0901 414.9549 0.2468408 0.3119783
Moved 262.6874 428.2205 416.3897 0.2368767 0.3285844
Moved 262.7023 425.3456 417.8272 0.2268943 0.3452225
Moved 262.7183 423.7346 418 0.2213005 0.3472222
Moved 262.7331 421 419.5 0.2118055 0.3645835
Moved 262.7478 420.1591 419.8409 0.2088857 0.3685293
Moved 262.7646 418.7202 420 0.2038898 0.3703704
Moved 262.7851 415.8457 421 0.1939085 0.3819443
Stationary 262.7961 415.8457 421 0.1939085 0.3819443
Moved 262.8088 415.4098 421.5902 0.192395 0.3887756
Moved 262.8268 414.5 422.5 0.1892361 0.3993057
Moved 262.8407 413.7661 422 0.1866879 0.3935187
Stationary 262.856 413.7661 422 0.1866879 0.3935187
Stationary 262.8713 413.7661 422 0.1866879 0.3935187
Stationary 262.8878 414 422 0.1875 0.3935187
Stationary 262.9019 414 422 0.1875 0.3935187
Stationary 262.9167 414 422 0.1875 0.3935187
Stationary 262.9332 414 422 0.1875 0.3935187
Moved 262.9488 421.2598 413.7031 0.2127077 0.2974893
Moved 262.9658 422.1854 411.6292 0.2159215 0.2734864
Moved 262.98 423.7042 409.5916 0.2211952 0.2499026
Moved 263.0002 425.1397 407.8603 0.2261796 0.2298647
Moved 263.0119 426 406.4248 0.2291666 0.2132501
Moved 263.0265 427.0178 406 0.2327007 0.2083331
Moved 263.0427 427 404.5437 0.2326389 0.191478
Moved 263.0572 428.5 403.5 0.2378472 0.1793981
Moved 263.0722 428 402.9974 0.2361111 0.1735806
Stationary 263.0871 428 402.9974 0.2361111 0.1735806
Stationary 263.1021 428 402.9974 0.2361111 0.1735806
Moved 263.1174 428 402 0.2361111 0.162037
Stationary 263.1347 428 402 0.2361111 0.162037
Moved 263.149 428 400.7513 0.2361111 0.147585
Moved 263.1661 414.5623 401 0.1894525 0.1504628
Moved 263.1799 408.8367 401 0.1695719 0.1504628
Moved 263.2017 401.9141 401 0.1455349 0.1504628
Moved 263.2135 394.0599 401 0.1182635 0.1504628
Moved 263.2271 386.5313 401 0.09212241 0.1504628
Moved 263.2439 376.5 401 0.05729168 0.1504628
Moved 263.2577 366.1795 401 0.02145648 0.1504628
Moved 263.2724 356.1263 410.8738 -0.01345053 0.2647432
Moved 263.2888 352.7286 408.6543 -0.02524786 0.2390545
Moved 263.3033 346.0355 409 -0.048488 0.2430559
Moved 263.3179 340.2726 409.4318 -0.06849787 0.2480539
Moved 263.3345 335.3889 410 -0.08545532 0.2546296
Moved 263.35 329.7575 410 -0.1050088 0.2546296
Moved 263.3676 323.7478 410 -0.1258755 0.2546296
Moved 263.3802 318.2767 411.1808 -0.1448726 0.2682967
Moved 263.4008 313 411 -0.1631944 0.2662037
Moved 263.4142 308.8096 411 -0.1777443 0.2662037
Moved 263.427 302.1357 411 -0.2009178 0.2662037
Moved 263.4417 298.1742 411 -0.2146728 0.2662037
Moved 263.4594 294.9002 411 -0.226041 0.2662037
Moved 263.4731 290.5508 411 -0.2411432 0.2662037
Moved 263.488 287.1518 411 -0.2529453 0.2662037
Moved 263.504 284.2627 411 -0.2629767 0.2662037
Stationary 263.52 283.6808 411 -0.2649972 0.2662037
Moved 263.5348 281.1249 411 -0.2738717 0.2662037
Moved 263.5504 279.6814 411 -0.2788841 0.2662037
Moved 263.566 278.2443 411 -0.2838741 0.2662037
Stationary 263.5804 278 411 -0.2847222 0.2662037
Moved 263.6001 277 411.6371 -0.2881944 0.2735783
Moved 263.6116 275.9247 412 -0.2919282 0.2777779
Stationary 263.6275 275.9247 412 -0.2919282 0.2777779
Moved 263.643 274.7316 412 -0.2960707 0.2777779
Stationary 263.6588 275 412 -0.2951389 0.2777779
Moved 263.6738 274 412 -0.2986111 0.2777779
Stationary 263.6894 274 412 -0.2986111 0.2777779
Ended 263.7041 274 413.1916 -0.2986111 0.2915695
Began 264.258 288 424 -0.25 0.4166668
Stationary 264.2757 288 424 -0.25 0.4166668
Stationary 264.2901 288 424 -0.25 0.4166668
Stationary 264.3044 288 424 -0.25 0.4166668
Stationary 264.3244 288 424 -0.25 0.4166668
Stationary 264.3354 288 424 -0.25 0.4166668
Stationary 264.3506 288 424 -0.25 0.4166668
Stationary 264.366 288 424 -0.25 0.4166668
Stationary 264.3873 288 424 -0.25 0.4166668
Stationary 264.3985 288 424 -0.25 0.4166668
Stationary 264.4145 288 424 -0.25 0.4166668
Stationary 264.4288 288 424 -0.25 0.4166668
Stationary 264.444 288 424 -0.25 0.4166668
Stationary 264.4615 288 424 -0.25 0.4166668
Stationary 264.4758 288 424 -0.25 0.4166668
Stationary 264.4905 288 424 -0.25 0.4166668
Stationary 264.5093 288 424 -0.25 0.4166668
Stationary 264.5212 288 424 -0.25 0.4166668
Stationary 264.5354 288 424 -0.25 0.4166668
Stationary 264.5506 288 424 -0.25 0.4166668
Stationary 264.5662 288 424 -0.25 0.4166668
Stationary 264.5819 288 424 -0.25 0.4166668
Stationary 264.5981 288 424 -0.25 0.4166668
Stationary 264.6146 288 424 -0.25 0.4166668
Stationary 264.6289 288 424 -0.25 0.4166668
Stationary 264.6447 288 424 -0.25 0.4166668
Stationary 264.6604 288 424 -0.25 0.4166668
Stationary 264.6761 288 424 -0.25 0.4166668
Stationary 264.6938 288 424 -0.25 0.4166668
Stationary 264.7051 288 424 -0.25 0.4166668
Stationary 264.7211 288 424 -0.25 0.4166668
Stationary 264.7369 288 424 -0.25 0.4166668
Stationary 264.7518 288 424 -0.25 0.4166668
Stationary 264.7674 288 424 -0.25 0.4166668
Stationary 264.7832 288 424 -0.25 0.4166668
Stationary 264.7993 288 424 -0.25 0.4166668
Stationary 264.8145 288 424 -0.25 0.4166668
Moved 264.8297 297.4568 406.8418 -0.217164 0.2180765
Moved 264.8467 306.8203 399.4831 -0.1846517 0.1329065
Moved 264.8625 317.8902 391.3186 -0.1462146 0.03840976
Moved 264.8826 338.5972 377.7162 -0.07431515 -0.1190246
Stationary 264.8946 338.5972 377.7162 -0.07431515 -0.1190246
Moved 264.9075 348.6566 371.6248 -0.03938667 -0.1895283
Moved 264.9252 355.5 367.5 -0.01562499 -0.2372682
Moved 264.9388 358.9915 364.6724 -0.003501773 -0.2699958
Moved 264.9545 362.2143 362.8928 0.007688701 -0.290592
Moved 264.9696 365.0883 360.4558 0.01766786 -0.3187981
Moved 264.984 366.9816 359.0184 0.02424151 -0.3354345
Moved 264.9995 368.4216 359 0.02924174 -0.3356478
Moved 265.0156 370.8622 357 0.03771618 -0.3587963
Moved 265.0308 371 355.698 0.0381945 -0.3738654
Moved 265.0462 372.3066 354.6934 0.04273146 -0.3854935
Moved 265.0687 374 352.7209 0.04861116 -0.4083231
Stationary 265.0794 374 352.7209 0.04861116 -0.4083231
Moved 265.0915 375.732 352 0.05462512 -0.4166667
Moved 265.1079 376 350.838 0.05555555 -0.4301156
Moved 265.1234 377.5 349.5 0.06076395 -0.4456015
Moved 265.1391 377 348.9779 0.05902782 -0.4516446
Moved 265.1537 378.0832 349 0.06278872 -0.4513885
Moved 265.1693 378 347.5 0.06249994 -0.46875
Stationary 265.1844 378 347.5 0.06249994 -0.46875
Moved 265.2001 379.3734 346.6266 0.0672689 -0.4788589
Moved 265.2167 379 345.1335 0.06597221 -0.4961402
Moved 265.2325 379 344.5 0.06597221 -0.5034722
Stationary 265.2501 379 344.5 0.06597221 -0.5034722
Moved 265.2613 380.2487 343.7513 0.070308 -0.5121379
Stationary 265.2774 380.2487 343.7513 0.070308 -0.5121379
Moved 265.2921 380 342.7755 0.06944447 -0.5234319
Stationary 265.308 380 342.7755 0.06944447 -0.5234319
Moved 265.324 380 341.7961 0.06944447 -0.5347676
Stationary 265.3388 380 341.7961 0.06944447 -0.5347676
Stationary 265.3544 380 342 0.06944447 -0.532407
Moved 265.369 370.9347 342 0.03796756 -0.532407
Moved 265.3849 364.8633 349.1914 0.01688644 -0.4491735
Moved 265.401 359.1475 353.3894 -0.00296019 -0.4005856
Moved 265.4202 355.2855 356.7145 -0.01636975 -0.362101
Moved 265.4313 349.6512 359.6744 -0.03593325 -0.3278429
Moved 265.4463 345.6689 362.5541 -0.04976078 -0.2945126
Moved 265.4632 340.1753 366.6185 -0.06883577 -0.2474704
Moved 265.478 335 369 -0.08680552 -0.2199074
Moved 265.4925 328.0711 375.1431 -0.1108641 -0.1488071
Moved 265.5095 320.8851 379.6689 -0.1358156 -0.09642424
Moved 265.5247 315.6901 384.6479 -0.153854 -0.03879688
Moved 265.5394 310.6965 389.3035 -0.1711927 0.01508713
Moved 265.5567 305.3845 393.077 -0.1896371 0.05876153
Moved 265.5713 301.0807 396.9193 -0.2045807 0.1032322
Moved 265.5898 298.1657 399.8343 -0.2147025 0.1369709
Moved 265.603 295.4446 401.0369 -0.2241506 0.1508904
Moved 265.6176 293.0427 403.9147 -0.2324907 0.1841978
Moved 265.6328 291.6066 405.3934 -0.2374772 0.201313
Moved 265.6478 290.1667 406.8334 -0.2424769 0.217979
Moved 265.6635 288.7214 408.2786 -0.2474951 0.2347061
Moved 265.6786 287.2869 409.7131 -0.2524762 0.2513094
Moved 265.6942 286.5 410.5 -0.2552083 0.2604167
Moved 265.7095 287 411.0938 -0.2534722 0.2672888
Moved 265.7252 286 412.6624 -0.2569444 0.2854448
Moved 265.7398 286 414.1026 -0.2569444 0.3021134
Stationary 265.7596 286 414.1026 -0.2569444 0.3021134
Moved 265.7709 285.0086 415.9915 -0.2603869 0.323975
Moved 265.7861 285 417.4239 -0.2604166 0.3405544
Moved 265.8006 285 418 -0.2604166 0.3472222
Moved 265.8175 285 418.9796 -0.2604166 0.3585604
Moved 265.8325 285 420.3847 -0.2604166 0.3748232
Moved 265.8486 285 421.5 -0.2604166 0.3877317
Moved 265.8643 285 422.1337 -0.2604166 0.3950661
Moved 265.8786 285 423.7109 -0.2604166 0.4133202
Moved 265.8943 285 424.5 -0.2604166 0.4224539
Moved 265.9092 285 425.2966 -0.2604166 0.431674
Moved 265.9313 294.273 426 -0.2282187 0.4398148
Stationary 265.9425 294.273 426 -0.2282187 0.4398148
Moved 265.9576 298.1412 427 -0.2147873 0.4513891
Moved 265.9714 302.0558 427 -0.2011953 0.4513891
Moved 265.9874 304.9231 427 -0.1912391 0.4513891
Moved 266.0022 310.608 427 -0.1714999 0.4513891
Moved 266.0188 313.6894 427 -0.1608006 0.4513891
Moved 266.0345 319 427 -0.1423611 0.4513891
Moved 266.0492 325.371 427 -0.1202396 0.4513891
Moved 266.0643 332.5716 427 -0.09523741 0.4513891
Moved 266.08 338.7586 427 -0.07375494 0.4513891
Moved 266.0994 344.7787 427 -0.05285181 0.4513891
Moved 266.1118 349.5269 427 -0.03636487 0.4513891
Moved 266.1267 353.144 427 -0.02380542 0.4513891
Moved 266.1404 357.5 427 -0.008680522 0.4513891
Moved 266.158 360.227 427 0.0007882714 0.4513891
Moved 266.1719 363.0955 427 0.01074836 0.4513891
Moved 266.1866 364.4923 427 0.01559839 0.4513891
Moved 266.2023 366.9286 427 0.02405763 0.4513891
Moved 266.2178 368.3685 427 0.02905726 0.4513891
Moved 266.2343 369.8075 427 0.03405392 0.4513891
Moved 266.2552 372.2284 427 0.04245966 0.4513891
Stationary 266.2667 372.2284 427 0.04245966 0.4513891
Moved 266.279 373.7531 427 0.04775375 0.4513891
Moved 266.2961 375.1933 427 0.05275458 0.4513891
Moved 266.3135 376.5 427 0.05729168 0.4513891
Moved 266.3262 377.0339 427 0.05914539 0.4513891
Moved 266.3415 378.5 427 0.06423607 0.4513891
Moved 266.3565 379.5 427 0.06770834 0.4513891
Moved 266.3722 380.0286 427 0.06954387 0.4513891
Moved 266.3878 381.5067 427 0.07467583 0.4513891
Moved 266.4097 385.3841 427 0.08813933 0.4513891
Stationary 266.4203 385.3841 427 0.08813933 0.4513891
Moved 266.434 390.473 427 0.105809 0.4513891
Moved 266.4497 394.7934 427 0.1208104 0.4513891
Moved 266.4651 401.5234 427 0.1441786 0.4513891
Moved 266.4802 406.3839 427 0.1610552 0.4513891
Moved 266.4957 415.5492 427 0.192879 0.4513891
Moved 266.5128 424.3454 420 0.2234214 0.3703704
Moved 266.5267 431.5307 418.8939 0.2483703 0.3575678
Moved 266.5421 438.1862 417.4534 0.2714799 0.3408962
Moved 266.5674 449.7029 415.5743 0.3114682 0.3191466
Moved 266.58 452.5 414.5 0.3211805 0.3067131
Stationary 266.5909 452.5 414.5 0.3211805 0.3067131
Moved 266.6031 459.9554 413.0089 0.3470673 0.2894552
Moved 266.6205 464.3432 413 0.3623027 0.2893519
Moved 266.6353 469.614 411.1287 0.380604 0.2676928
Moved 266.6506 473.9347 409.6884 0.3956066 0.2510233
Moved 266.6659 475.7516 410 0.4019154 0.2546296
Moved 266.6817 477.1919 410 0.4069163 0.2546296
Moved 266.6959 480 408.5 0.4166667 0.2372685
Moved 266.7156 480.5 409 0.4184028 0.2430559
Moved 266.7275 481.0881 407.9119 0.4204448 0.2304619
Stationary 266.7411 481.0881 407.9119 0.4204448 0.2304619
Moved 266.7587 482.3756 408 0.4249152 0.2314815
Moved 266.7758 482 406.7513 0.4236111 0.2170289
Stationary 266.7882 482 406.7513 0.4236111 0.2170289
Moved 266.8033 482 404.614 0.4236111 0.1922913
Moved 266.8194 477.0471 401.199 0.4064135 0.1527659
Moved 266.8359 467.4635 396.3476 0.373137 0.09661551
Moved 266.8515 458.9856 391.9928 0.3437 0.04621294
Moved 266.8706 449.5886 386.9077 0.3110714 -0.01264201
Moved 266.8831 440.7412 381.1608 0.2803513 -0.07915779
Moved 266.897 430.0969 375.0485 0.243392 -0.1499021
Moved 266.9126 421.5113 370.7556 0.2135807 -0.1995878
Moved 266.9268 415.105 367.5525 0.191337 -0.236661
Moved 266.9429 409.4719 364.736 0.1717775 -0.26926
Moved 266.9592 404.7835 361.8557 0.1554984 -0.3025959
Moved 266.9751 400.4543 360.4848 0.1404665 -0.3184626
Moved 266.9896 396.1338 358.0892 0.1254646 -0.3461898
Moved 267.0052 391.9246 356.6415 0.1108491 -0.3629451
Moved 267.024 389.4081 356 0.1021114 -0.3703704
Moved 267.0355 386.2583 354.1722 0.09117468 -0.3915257
Moved 267.0503 383.3551 352.6776 0.0810942 -0.4088247
Moved 267.0659 381.246 352 0.07377073 -0.4166667
Moved 267.0817 378.6104 350.8052 0.06461947 -0.4304956
Moved 267.0967 376.367 350 0.0568299 -0.4398148
Moved 267.1123 374.9283 350 0.05183428 -0.4398148
Moved 267.1281 373.5 348.5 0.04687503 -0.4571759
Moved 267.1436 373 349 0.0451389 -0.4513885
Moved 267.1596 371.9169 349 0.04137799 -0.4513885
Moved 267.1805 369.0395 348 0.03138706 -0.462963
Stationary 267.1916 369.0395 348 0.03138706 -0.462963
Moved 267.2054 367.6046 348 0.02640486 -0.462963
Moved 267.221 366.16 348 0.02138883 -0.462963
Moved 267.2364 363.4405 348 0.01194611 -0.462963
Moved 267.2515 361 348 0.003472269 -0.462963
Moved 267.2671 355.7158 357.4631 -0.0148756 -0.3534356
Moved 267.2838 349.9755 361.7684 -0.03480732 -0.3036068
Moved 267.2991 345.2374 364.3813 -0.05125917 -0.273364
Moved 267.3135 340.6224 368.3776 -0.06728329 -0.2271108
Moved 267.3326 333.7417 373.6937 -0.09117454 -0.1655815
Moved 267.3461 327.9865 378.0101 -0.1111578 -0.1156242
Moved 267.3601 322.2317 382.3262 -0.1311398 -0.06566825
Moved 267.3756 317.123 385.1262 -0.1488784 -0.03326204
Moved 267.3901 310.2025 390.8481 -0.1729079 0.03296499
Moved 267.4055 305.8478 393.7681 -0.1880284 0.06676073
Moved 267.421 302.3569 396.8215 -0.2001496 0.1021011
Moved 267.4366 299.4805 399.5195 -0.2101371 0.1333272
Moved 267.4523 296.6047 401.3953 -0.2201226 0.1550388
Moved 267.4715 294.8659 403.134 -0.2261599 0.1751628
Moved 267.4839 293.8125 404.1875 -0.2298176 0.1873555
Moved 267.4981 291.3129 406.6871 -0.2384969 0.2162861
Moved 267.5139 289.8741 408.1259 -0.2434926 0.2329379
Moved 267.5302 288.4354 409.5646 -0.2484882 0.2495907
Moved 267.545 286.9938 410 -0.2534936 0.2546296
Moved 267.5607 287 411.4327 -0.2534722 0.2712117
Moved 267.5758 285.5 412.5 -0.2586806 0.2835648
Stationary 267.59 285.5 412.5 -0.2586806 0.2835648
Moved 267.6123 283.6266 414.3734 -0.2651854 0.3052477
Stationary 267.6245 283.6266 414.3734 -0.2651854 0.3052477
Moved 267.6366 284 415.1338 -0.2638889 0.3140485
Moved 267.6513 283 415.714 -0.2673611 0.3207639
Moved 267.6674 283 416.5 -0.2673611 0.3298613
Moved 267.6831 282.4183 417 -0.269381 0.3356481
Moved 267.6992 281.5 417 -0.2725694 0.3356481
Moved 267.7159 282 418.0683 -0.2708333 0.3480129
Stationary 267.7313 282 418.0683 -0.2708333 0.3480129
Moved 267.7482 280.9904 418 -0.274339 0.3472222
Stationary 267.7603 280.9904 418 -0.274339 0.3472222
Moved 267.7744 281 419.374 -0.2743056 0.3631247
Stationary 267.7903 281 419.374 -0.2743056 0.3631247
Stationary 267.8064 281 419.374 -0.2743056 0.3631247
Stationary 267.8207 281 419.374 -0.2743056 0.3631247
Ended 267.8365 281 420 -0.2743056 0.3703704
Began 268.2341 277 420 -0.2881944 0.3703704
Stationary 268.2539 277 420 -0.2881944 0.3703704
Stationary 268.2777 277 420 -0.2881944 0.3703704
Stationary 268.2904 277 420 -0.2881944 0.3703704
Stationary 268.3027 277 420 -0.2881944 0.3703704
Stationary 268.3142 277 420 -0.2881944 0.3703704
Stationary 268.3298 277 420 -0.2881944 0.3703704
Stationary 268.3455 277 420 -0.2881944 0.3703704
Stationary 268.3611 277 420 -0.2881944 0.3703704
Stationary 268.3764 277 420 -0.2881944 0.3703704
Stationary 268.3925 277 420 -0.2881944 0.3703704
Stationary 268.4117 277 420 -0.2881944 0.3703704
Stationary 268.4226 277 420 -0.2881944 0.3703704
Stationary 268.4376 277 420 -0.2881944 0.3703704
Stationary 268.4531 277 420 -0.2881944 0.3703704
Stationary 268.4688 277 420 -0.2881944 0.3703704
Stationary 268.4845 277 420 -0.2881944 0.3703704
Stationary 268.4995 277 420 -0.2881944 0.3703704
Stationary 268.5145 277 420 -0.2881944 0.3703704
Stationary 268.5301 277 420 -0.2881944 0.3703704
Stationary 268.5493 277 420 -0.2881944 0.3703704
Stationary 268.5597 277 420 -0.2881944 0.3703704
Stationary 268.5757 277 420 -0.2881944 0.3703704
Stationary 268.5918 277 420 -0.2881944 0.3703704
Stationary 268.6069 277 420 -0.2881944 0.3703704
Stationary 268.6231 277 420 -0.2881944 0.3703704
Stationary 268.6383 277 420 -0.2881944 0.3703704
Stationary 268.6532 277 420 -0.2881944 0.3703704
Stationary 268.67 277 420 -0.2881944 0.3703704
Stationary 268.6891 277 420 -0.2881944 0.3703704
Stationary 268.6989 277 420 -0.2881944 0.3703704
Stationary 268.7143 277 420 -0.2881944 0.3703704
Stationary 268.7306 277 420 -0.2881944 0.3703704
Stationary 268.7458 277 420 -0.2881944 0.3703704
Stationary 268.7633 277 420 -0.2881944 0.3703704
Moved 268.777 291.4135 420 -0.2381476 0.3703704
Moved 268.7932 298.9778 420 -0.2118825 0.3703704
Moved 268.8093 314.2678 411.1197 -0.1587923 0.267589
Moved 268.8316 346 401.5 -0.04861109 0.1562504
Stationary 268.8435 346 401.5 -0.04861109 0.1562504
Moved 268.8555 364.4834 396.1409 0.01556739 0.09422302
Moved 268.8714 377.5385 393.2137 0.06089761 0.06034374
Moved 268.8865 387.6477 390.3381 0.09599909 0.02706104
Moved 268.9017 395.5044 389.0708 0.1232791 0.01239388
Moved 268.9171 407.9536 386.3436 0.1665057 -0.01917115
Moved 268.9336 419.0257 384.4387 0.2049503 -0.04121851
Moved 268.9482 429.5461 381.5582 0.2414796 -0.07455755
Moved 268.9679 438.3049 380.678 0.2718919 -0.08474492
Moved 268.9807 444.3921 380 0.2930282 -0.09259224
Moved 268.9937 449.6154 379.4615 0.3111647 -0.09882539
Moved 269.0096 453.9549 379 0.3262323 -0.1041663
Moved 269.0256 457.1819 379 0.3374371 -0.1041663
Moved 269.0408 463 379 0.3576389 -0.1041663
Moved 269.057 465.8818 378 0.3676453 -0.1157407
Moved 269.0715 468.8328 378 0.3778918 -0.1157407
Moved 269.0865 470.8405 378 0.3848627 -0.1157407
Moved 269.1096 473.5 378 0.3940973 -0.1157407
Stationary 269.1198 473.5 378 0.3940973 -0.1157407
Moved 269.1335 474.8165 378 0.3986683 -0.1157407
Moved 269.148 476.2557 378 0.4036657 -0.1157407
Moved 269.1672 476.6852 378 0.4051569 -0.1157407
Moved 269.1788 478.1222 378 0.4101464 -0.1157407
Stationary 269.1947 478.1222 378 0.4101464 -0.1157407
Stationary 269.21 478 378 0.4097221 -0.1157407
Moved 269.2255 479.2255 378 0.4139774 -0.1157407
Stationary 269.2447 479.2255 378 0.4139774 -0.1157407
Stationary 269.2563 479.2255 378 0.4139774 -0.1157407
Stationary 269.2709 479.2255 378 0.4139774 -0.1157407
Stationary 269.2863 479 378 0.4131944 -0.1157407
Stationary 269.3016 479 378 0.4131944 -0.1157407
Stationary 269.3167 479 378 0.4131944 -0.1157407
Stationary 269.3327 479 378 0.4131944 -0.1157407
Stationary 269.347 479 378 0.4131944 -0.1157407
Stationary 269.365 479 378 0.4131944 -0.1157407
Moved 269.3831 467.3142 378 0.3726187 -0.1157407
Moved 269.3958 459.2593 378 0.3446503 -0.1157407
Moved 269.4122 450.6179 378 0.3146456 -0.1157407
Moved 269.4256 440.5028 378 0.2795236 -0.1157407
Moved 269.4412 425.6403 378 0.2279176 -0.1157407
Moved 269.4575 416.9022 378 0.197577 -0.1157407
Moved 269.4731 403.926 378 0.1525207 -0.1157407
Moved 269.4875 394.7409 378 0.1206282 -0.1157407
Moved 269.5034 384.66 378 0.08562505 -0.1157407
Moved 269.5245 364.4729 377 0.01553088 -0.1273148
Stationary 269.535 364.4729 377 0.01553088 -0.1273148
Moved 269.5475 354.4163 376.3452 -0.01938798 -0.1348941
Moved 269.5654 347.876 376 -0.04209712 -0.1388892
Moved 269.5804 340.9623 374.7925 -0.06610296 -0.1528648
Moved 269.596 334.4091 375 -0.08885711 -0.150463
Moved 269.6107 327.5606 375 -0.1126367 -0.150463
Moved 269.6267 322 375 -0.1319444 -0.150463
Moved 269.6448 317.1271 374 -0.1488642 -0.1620367
Moved 269.6578 312.7627 374 -0.1640184 -0.1620367
Moved 269.6745 309.5 374 -0.1753472 -0.1620367
Moved 269.6887 305.1937 374 -0.1902997 -0.1620367
Moved 269.7046 300.8848 374 -0.2052611 -0.1620367
Moved 269.7197 297.5665 374 -0.2167831 -0.1620367
Moved 269.7338 294.4923 374 -0.2274573 -0.1620367
Moved 269.7495 291.6291 374 -0.2373989 -0.1620367
Moved 269.7713 287.5 374 -0.2517361 -0.1620367
Stationary 269.7829 287.5 374 -0.2517361 -0.1620367
Moved 269.796 285.2914 374 -0.2594048 -0.1620367
Moved 269.8116 283.8472 374 -0.2644194 -0.1620367
Moved 269.8269 282.4124 374 -0.2694014 -0.1620367
Moved 269.842 280.9821 374 -0.2743678 -0.1620367
Moved 269.859 279.5375 374 -0.2793836 -0.1620367
Moved 269.8724 278.1036 374 -0.2843626 -0.1620367
Moved 269.8912 276.6605 374 -0.2893734 -0.1620367
Stationary 269.9041 276.6605 374 -0.2893734 -0.1620367
Moved 269.919 275.1258 374 -0.294702 -0.1620367
Moved 269.9353 274.5 374 -0.296875 -0.1620367
Moved 269.9501 273.2476 374 -0.3012236 -0.1620367
Stationary 269.9654 273 374 -0.3020833 -0.1620367
Moved 269.9799 272.3726 374 -0.3042618 -0.1620367
Moved 269.9959 271.5 374 -0.3072917 -0.1620367
Moved 270.0192 271 382 -0.3090278 -0.06944445
Stationary 270.0301 271 382 -0.3090278 -0.06944445
Moved 270.0423 271 383.0223 -0.3090278 -0.05761182
Moved 270.0583 271 384.4626 -0.3090278 -0.0409423
Moved 270.073 271 385.9001 -0.3090278 -0.02430368
Moved 270.0893 271 387.34 -0.3090278 -0.007639108
Moved 270.1041 271 388.783 -0.3090278 0.009062909
Moved 270.1199 271 389.9233 -0.3090278 0.0222607
Moved 270.1394 271 391.3386 -0.3090278 0.03864094
Moved 270.151 276.4515 393.7788 -0.290099 0.06688436
Moved 270.1664 280.4308 396.4308 -0.2762819 0.09757961
Moved 270.1811 282.6591 398.3181 -0.2685449 0.1194226
Moved 270.1967 285.1986 400.0993 -0.2597272 0.1400382
Moved 270.2117 287.0788 401.5394 -0.2531986 0.1567063
Moved 270.2274 288.6978 403.3957 -0.2475769 0.1781909
Moved 270.2439 291.0579 405.0289 -0.2393823 0.1970941
Moved 270.2645 295.8129 408.8129 -0.2228719 0.2408897
Stationary 270.2752 295.8129 408.8129 -0.2228719 0.2408897
Moved 270.2894 297.3414 410.3414 -0.2175645 0.2585808
Moved 270.305 299.5667 411.7833 -0.2098379 0.2752701
Moved 270.3208 301.2227 413.2228 -0.2040876 0.2919303
Moved 270.3364 302.5 414.5 -0.1996528 0.3067131
Moved 270.3518 303 414.7925 -0.1979167 0.310099
Moved 270.367 304.2383 415 -0.193617 0.3125
Moved 270.3863 304.6739 416 -0.1921046 0.3240739
Moved 270.3984 305 417.1047 -0.1909722 0.3368602
Moved 270.4118 306.5 417 -0.1857639 0.3356481
Stationary 270.4272 306.5 417 -0.1857639 0.3356481
Moved 270.4439 306 418.3724 -0.1875 0.3515323
Moved 270.4609 307.2237 418 -0.1832512 0.3472222
Moved 270.4754 307 418.9551 -0.1840278 0.3582773
Moved 270.4899 308.3976 419 -0.1791748 0.3587967
Stationary 270.5091 308.3976 419 -0.1791748 0.3587967
Stationary 270.5207 308 419 -0.1805556 0.3587967
Ended 270.536 308 419 -0.1805556 0.3587967
PhraseEnd 271.4416
