popularity is desired by all
Basic
0.6 0.6
432 129.6
Began 238.6673 530 491 0.3935185 0.794753
Stationary 238.681 530 491 0.3935185 0.794753
Stationary 238.6954 530 491 0.3935185 0.794753
Stationary 238.7109 530 491 0.3935185 0.794753
Stationary 238.7279 530 491 0.3935185 0.794753
Stationary 238.744 530 491 0.3935185 0.794753
Stationary 238.7581 530 491 0.3935185 0.794753
Stationary 238.773 530 491 0.3935185 0.794753
Stationary 238.7889 530 491 0.3935185 0.794753
Stationary 238.8032 530 491 0.3935185 0.794753
Stationary 238.819 530 491 0.3935185 0.794753
Moved 238.837 516.0809 491 0.3612983 0.794753
Moved 238.8513 515.3456 491 0.3595964 0.794753
Moved 238.8671 511.2035 491 0.3500081 0.794753
Moved 238.8816 506.8704 491 0.3399777 0.794753
Moved 238.8975 504.3201 491 0.3340743 0.794753
Moved 238.9133 501.5603 491 0.327686 0.794753
Moved 238.9285 498.6847 491 0.3210294 0.794753
Moved 238.9436 495.8053 491 0.3143643 0.794753
Moved 238.9591 493.9277 491 0.3100179 0.794753
Moved 238.9732 492.0223 491 0.3056072 0.794753
Moved 238.9965 489.3572 491 0.299438 0.794753
Stationary 239.0075 489.3572 491 0.299438 0.794753
Moved 239.02 488.031 491 0.2963681 0.794753
Moved 239.0389 486.5922 491 0.2930374 0.794753
Stationary 239.0513 486.5922 491 0.2930374 0.794753
Moved 239.0659 484.7138 491 0.2886894 0.794753
Stationary 239.082 484.7138 491 0.2886894 0.794753
Moved 239.0979 483.6266 491 0.2861726 0.794753
Moved 239.1127 482.6992 491 0.2840258 0.794753
Stationary 239.1275 482.6992 491 0.2840258 0.794753
Moved 239.1442 481.9625 491 0.2823205 0.794753
Stationary 239.161 481.9625 491 0.2823205 0.794753
Moved 239.1734 480.9989 491 0.2800899 0.794753
Stationary 239.1915 480.9989 491 0.2800899 0.794753
Stationary 239.2044 480.9989 491 0.2800899 0.794753
Moved 239.2201 479.751 491 0.2772014 0.794753
Stationary 239.2381 479.751 491 0.2772014 0.794753
Moved 239.253 478.7736 491 0.2749389 0.794753
Stationary 239.2681 478.7736 491 0.2749389 0.794753
Stationary 239.2812 478.7736 491 0.2749389 0.794753
Moved 239.2971 477.8134 491 0.2727163 0.794753
Stationary 239.3128 477.8134 491 0.2727163 0.794753
Moved 239.3276 476.7508 491 0.2702565 0.794753
Stationary 239.3433 476.7508 491 0.2702565 0.794753
Stationary 239.3588 476.7508 491 0.2702565 0.794753
Moved 239.3743 475.986 491 0.2684861 0.794753
Stationary 239.3939 475.986 491 0.2684861 0.794753
Stationary 239.408 475.986 491 0.2684861 0.794753
Stationary 239.4242 475.986 491 0.2684861 0.794753
Stationary 239.4357 475.986 491 0.2684861 0.794753
Moved 239.4516 474.8755 491 0.2659156 0.794753
Stationary 239.4696 474.8755 491 0.2659156 0.794753
Stationary 239.482 474.8755 491 0.2659156 0.794753
Stationary 239.4983 474.8755 491 0.2659156 0.794753
Stationary 239.5121 474.8755 491 0.2659156 0.794753
Moved 239.5283 473.8986 491 0.2636542 0.794753
Stationary 239.5447 473.8986 491 0.2636542 0.794753
Stationary 239.5608 473.8986 491 0.2636542 0.794753
Stationary 239.5746 474 491 0.2638889 0.794753
Stationary 239.5905 474 491 0.2638889 0.794753
Stationary 239.6063 474 491 0.2638889 0.794753
Stationary 239.621 474 491 0.2638889 0.794753
Moved 239.6365 472.8134 491 0.2611421 0.794753
Stationary 239.6584 472.8134 491 0.2611421 0.794753
Stationary 239.6693 472.8134 491 0.2611421 0.794753
Stationary 239.6856 472.8134 491 0.2611421 0.794753
Stationary 239.7042 472.8134 491 0.2611421 0.794753
Stationary 239.7208 472.8134 491 0.2611421 0.794753
Stationary 239.7354 472.8134 491 0.2611421 0.794753
Stationary 239.7472 472.8134 491 0.2611421 0.794753
Stationary 239.7594 472.8134 491 0.2611421 0.794753
Stationary 239.7778 472.8134 491 0.2611421 0.794753
Stationary 239.7901 472.8134 491 0.2611421 0.794753
Stationary 239.8065 472.8134 491 0.2611421 0.794753
Stationary 239.8207 472.8134 491 0.2611421 0.794753
Stationary 239.8369 472.8134 491 0.2611421 0.794753
Stationary 239.8517 472.8134 491 0.2611421 0.794753
Moved 239.8668 471.9655 491 0.2591794 0.794753
Stationary 239.8824 471.9655 491 0.2591794 0.794753
Stationary 239.8979 471.9655 491 0.2591794 0.794753
Stationary 239.9124 471.9655 491 0.2591794 0.794753
Stationary 239.9332 471.9655 491 0.2591794 0.794753
Stationary 239.944 471.9655 491 0.2591794 0.794753
Stationary 239.9595 471.9655 491 0.2591794 0.794753
Stationary 239.9747 471.9655 491 0.2591794 0.794753
Stationary 239.9928 471.9655 491 0.2591794 0.794753
Moved 240.0056 470.9983 491 0.2569405 0.794753
Stationary 240.0212 470.9983 491 0.2569405 0.794753
Stationary 240.0393 470.9983 491 0.2569405 0.794753
Stationary 240.0539 470.9983 491 0.2569405 0.794753
Stationary 240.0694 470.9983 491 0.2569405 0.794753
Stationary 240.0857 470.9983 491 0.2569405 0.794753
Stationary 240.1011 470.9983 491 0.2569405 0.794753
Stationary 240.1158 470.9983 491 0.2569405 0.794753
Stationary 240.1318 470.9983 491 0.2569405 0.794753
Stationary 240.1442 470.9983 491 0.2569405 0.794753
Stationary 240.1604 470.9983 491 0.2569405 0.794753
Stationary 240.1773 470.9983 491 0.2569405 0.794753
Stationary 240.1905 470.9983 491 0.2569405 0.794753
Stationary 240.2063 470.9983 491 0.2569405 0.794753
Stationary 240.2216 470.9983 491 0.2569405 0.794753
Stationary 240.2366 470.9983 491 0.2569405 0.794753
Stationary 240.2523 470.9983 491 0.2569405 0.794753
Stationary 240.2684 470.9983 491 0.2569405 0.794753
Stationary 240.285 470.9983 491 0.2569405 0.794753
Stationary 240.3011 470.9983 491 0.2569405 0.794753
Stationary 240.316 470.9983 491 0.2569405 0.794753
Stationary 240.3317 470.9983 491 0.2569405 0.794753
Stationary 240.3447 470.9983 491 0.2569405 0.794753
Moved 240.36 469.9767 491 0.2545756 0.794753
Stationary 240.375 469.9767 491 0.2545756 0.794753
Stationary 240.3917 469.9767 491 0.2545756 0.794753
Stationary 240.4075 469.9767 491 0.2545756 0.794753
Stationary 240.4226 469.9767 491 0.2545756 0.794753
Stationary 240.4478 469.9767 491 0.2545756 0.794753
Stationary 240.4603 469.9767 491 0.2545756 0.794753
Stationary 240.4716 469.9767 491 0.2545756 0.794753
Stationary 240.485 469.9767 491 0.2545756 0.794753
Stationary 240.5003 469.9767 491 0.2545756 0.794753
Stationary 240.5153 469.9767 491 0.2545756 0.794753
Stationary 240.5314 469.9767 491 0.2545756 0.794753
Stationary 240.5475 469.9767 491 0.2545756 0.794753
Stationary 240.5613 470 491 0.2546296 0.794753
Stationary 240.5766 470 491 0.2546296 0.794753
Stationary 240.5911 470 491 0.2546296 0.794753
Stationary 240.6064 470 491 0.2546296 0.794753
Stationary 240.6217 470 491 0.2546296 0.794753
Stationary 240.6371 470 491 0.2546296 0.794753
Stationary 240.6523 470 491 0.2546296 0.794753
Stationary 240.6687 470 491 0.2546296 0.794753
Stationary 240.6864 470 491 0.2546296 0.794753
Stationary 240.6991 470 491 0.2546296 0.794753
Stationary 240.7148 470 491 0.2546296 0.794753
Stationary 240.7303 470 491 0.2546296 0.794753
Stationary 240.7462 470 491 0.2546296 0.794753
Stationary 240.7611 470 491 0.2546296 0.794753
Ended 240.7764 470 491 0.2546296 0.794753
Backspace 241.9005
Began 242.5459 585 427 0.5208333 0.3009261
Stationary 242.5654 585 427 0.5208333 0.3009261
Stationary 242.5809 585 427 0.5208333 0.3009261
Stationary 242.5966 585 427 0.5208333 0.3009261
Stationary 242.6113 585 427 0.5208333 0.3009261
Stationary 242.6264 585 427 0.5208333 0.3009261
Stationary 242.6437 585 427 0.5208333 0.3009261
Stationary 242.659 585 427 0.5208333 0.3009261
Stationary 242.6726 585 427 0.5208333 0.3009261
Moved 242.688 572.3036 427 0.4914437 0.3009261
Moved 242.7049 569.3268 427 0.4845528 0.3009261
Moved 242.7194 566.4409 427 0.4778725 0.3009261
Moved 242.7458 559.0468 427 0.4607564 0.3009261
Moved 242.7588 556.3702 427 0.4545607 0.3009261
Stationary 242.7695 556.3702 427 0.4545607 0.3009261
Moved 242.7814 552.476 427 0.4455462 0.3009261
Moved 242.7967 548.147 427 0.4355256 0.3009261
Moved 242.8125 544.8851 427 0.4279747 0.3009261
Moved 242.827 542.0077 427 0.4213141 0.3009261
Moved 242.8444 538.1946 433.546 0.4124875 0.3514349
Moved 242.8595 535.2527 435.3737 0.4056776 0.3655375
Moved 242.8741 534.5 436.5 0.4039352 0.3742285
Moved 242.8906 531.2326 437.8837 0.3963718 0.3849053
Moved 242.9058 528.3552 438 0.3897111 0.3858025
Moved 242.9211 525.472 440.764 0.383037 0.40713
Moved 242.9365 522.5945 442.2027 0.3763763 0.4182306
Moved 242.9506 519.7133 443 0.3697067 0.4243827
Moved 242.967 517.92 444.08 0.3655556 0.4327158
Moved 242.9822 515 445.5 0.3587963 0.4436727
Moved 242.9971 512.7305 445.6348 0.3535428 0.4447127
Moved 243.0133 509.8569 447.0715 0.3468911 0.4557989
Moved 243.0306 508.5 447 0.34375 0.4552471
Moved 243.0455 506.0506 448 0.3380801 0.462963
Moved 243.0595 504.6121 449.3879 0.3347501 0.4736723
Moved 243.0733 502.1728 449 0.3291036 0.4706791
Moved 243.0913 501.5 449 0.3275463 0.4706791
Moved 243.1053 500.8509 450.1491 0.3260438 0.4795457
Moved 243.1206 499.2075 450 0.3222396 0.4783951
Moved 243.1355 497.7687 450 0.3189091 0.4783951
Stationary 243.1506 497.7687 450 0.3189091 0.4783951
Moved 243.1667 496.6266 451.3734 0.3162652 0.4889924
Moved 243.1827 495.728 451 0.3141852 0.4861111
Stationary 243.1971 495.728 451 0.3141852 0.4861111
Moved 243.2121 494.9053 451 0.3122808 0.4861111
Stationary 243.2321 494.9053 451 0.3122808 0.4861111
Moved 243.2433 493.9998 451 0.3101848 0.4861111
Stationary 243.2595 493.9998 451 0.3101848 0.4861111
Moved 243.2738 494 452.374 0.3101851 0.4967127
Stationary 243.2902 494 452.374 0.3101851 0.4967127
Moved 243.3047 492.7513 452 0.3072946 0.4938273
Stationary 243.3201 492.7513 452 0.3072946 0.4938273
Stationary 243.3342 492.7513 452 0.3072946 0.4938273
Stationary 243.3497 492.7513 452 0.3072946 0.4938273
Stationary 243.3667 492.7513 452 0.3072946 0.4938273
Stationary 243.3835 493 452 0.3078704 0.4938273
Stationary 243.399 493 452 0.3078704 0.4938273
Stationary 243.4126 493 452 0.3078704 0.4938273
Stationary 243.428 493 452 0.3078704 0.4938273
Stationary 243.444 493 452 0.3078704 0.4938273
Stationary 243.4585 493 452 0.3078704 0.4938273
Stationary 243.4729 493 452 0.3078704 0.4938273
Stationary 243.4893 493 452 0.3078704 0.4938273
Stationary 243.5054 493 452 0.3078704 0.4938273
Stationary 243.5202 493 452 0.3078704 0.4938273
Stationary 243.5356 493 452 0.3078704 0.4938273
Moved 243.5511 501.5237 446.6672 0.327601 0.4526789
Moved 243.5671 505.5895 443.8035 0.3370128 0.4305824
Moved 243.5837 510.5359 442.366 0.3484629 0.419491
Moved 243.598 517.3434 439.8627 0.3642209 0.4001749
Moved 243.6131 524.5026 438.4995 0.3807931 0.3896563
Moved 243.6293 530.7627 437.0593 0.395284 0.3785442
Moved 243.6457 535.1381 437 0.4054123 0.3780865
Moved 243.6604 538.0222 435.6593 0.4120884 0.3677416
Moved 243.6751 541.7109 435 0.420627 0.3626544
Moved 243.6964 544.6846 435 0.4275107 0.3626544
Moved 243.7076 546.7811 434 0.4323637 0.3549384
Moved 243.7218 548.2198 434 0.435694 0.3549384
Moved 243.7366 549.6605 433 0.4390289 0.3472221
Moved 243.7517 551.097 433 0.4423543 0.3472221
Stationary 243.7667 551.097 433 0.4423543 0.3472221
Stationary 243.7823 551.097 433 0.4423543 0.3472221
Moved 243.7982 552 433 0.4444444 0.3472221
Stationary 243.8136 552 433 0.4444444 0.3472221
Stationary 243.8288 552 433 0.4444444 0.3472221
Stationary 243.8459 552 433 0.4444444 0.3472221
Stationary 243.862 552 433 0.4444444 0.3472221
Stationary 243.875 552 433 0.4444444 0.3472221
Moved 243.8946 537.519 433 0.4109238 0.3472221
Moved 243.9074 535.3375 433 0.4058737 0.3472221
Moved 243.9241 528.3545 433 0.3897095 0.3472221
Moved 243.9383 520.4157 433 0.3713326 0.3472221
Moved 243.9534 512.9863 433 0.3541348 0.3472221
Moved 243.9688 506.1339 433 0.3382731 0.3472221
Moved 243.9851 501.6239 433 0.3278332 0.3472221
Moved 243.999 495.2117 433 0.3129901 0.3472221
Moved 244.0152 490.2207 433 0.3014368 0.3472221
Moved 244.031 484.8728 433 0.2890573 0.3472221
Moved 244.0468 477.6468 433 0.2723304 0.3472221
Moved 244.0606 473.2721 433 0.2622039 0.3472221
Moved 244.0765 466.2593 433 0.2459707 0.3472221
Moved 244.0987 457.4083 433 0.2254822 0.3472221
Stationary 244.1096 457.4083 433 0.2254822 0.3472221
Moved 244.1219 450.2975 431.6595 0.2090219 0.3368787
Moved 244.1407 445.864 432 0.1987593 0.3395063
Moved 244.1543 440.1228 432 0.1854695 0.3395063
Moved 244.1692 436.0184 432 0.1759685 0.3395063
Moved 244.1846 431.7089 430.903 0.1659928 0.3310412
Moved 244.2004 427.5 431 0.15625 0.33179
Moved 244.2165 425.1418 431 0.1507912 0.33179
Moved 244.231 421.8913 431 0.1432668 0.33179
Moved 244.2481 418.0075 430.5038 0.1342767 0.3279612
Moved 244.2619 415.125 430 0.1276042 0.3240741
Moved 244.2767 412.2703 430 0.1209961 0.3240741
Moved 244.2924 410.1932 429 0.116188 0.3163581
Moved 244.3078 408.7365 429 0.1128159 0.3163581
Moved 244.3224 407.7124 429 0.1104454 0.3163581
Moved 244.3383 406.1719 429 0.1068794 0.3163581
Moved 244.3544 404.7245 427.7245 0.1035289 0.3065162
Stationary 244.3699 404.7245 427.7245 0.1035289 0.3065162
Moved 244.3845 403.6255 428 0.100985 0.308642
Moved 244.4004 404 427.408 0.1018518 0.3040743
Moved 244.4166 404 426.5 0.1018518 0.297068
Moved 244.4304 404 425.9463 0.1018518 0.2927953
Moved 244.4469 413.0082 421.7479 0.1227042 0.2604008
Moved 244.466 427.0435 415.9751 0.1551934 0.2158574
Moved 244.4782 438.5268 411.6774 0.1817751 0.1826963
Moved 244.4935 445.2852 408.2383 0.1974195 0.1561598
Moved 244.5083 452.6165 405.3534 0.21439 0.1338996
Moved 244.5231 459.7809 402.4877 0.2309742 0.1117877
Moved 244.5399 466.2506 399.3747 0.2459504 0.08776783
Moved 244.5583 475.9547 396.4415 0.2684136 0.06513549
Moved 244.5716 481.8248 395.2938 0.2820019 0.05627951
Moved 244.5851 487.583 393.8542 0.2953311 0.04517179
Moved 244.6007 490.7522 393.416 0.3026672 0.04178977
Moved 244.616 493.0352 393 0.307952 0.03858013
Moved 244.6313 495.462 392 0.3135695 0.03086432
Moved 244.6457 496.6859 392 0.3164025 0.03086432
Moved 244.6619 499.0407 390.9797 0.3218535 0.02299156
Moved 244.6777 500.4469 391 0.3251085 0.02314815
Moved 244.6947 501.8897 390 0.3284483 0.0154321
Stationary 244.7086 502 390 0.3287037 0.0154321
Moved 244.7241 503.7697 390 0.3328004 0.0154321
Moved 244.7397 504 388.7916 0.3333333 0.00610799
Moved 244.7543 505.5 389 0.3368056 0.007716286
Stationary 244.7706 505.5 389 0.3368056 0.007716286
Moved 244.7851 506.1677 389 0.338351 0.007716286
Stationary 244.8063 506 389 0.337963 0.007716286
Stationary 244.8178 506 389 0.337963 0.007716286
Stationary 244.8314 506 389 0.337963 0.007716286
Stationary 244.8458 506 389 0.337963 0.007716286
Stationary 244.8619 506 389 0.337963 0.007716286
Moved 244.8778 494.9696 389 0.3124295 0.007716286
Moved 244.8935 487.338 389 0.2947639 0.007716286
Moved 244.909 477.3236 389 0.2715825 0.007716286
Moved 244.9249 462.5895 389 0.2374758 0.007716286
Moved 244.9405 449.6366 389 0.2074921 0.007716286
Moved 244.9554 438.412 389 0.1815093 0.007716286
Moved 244.9704 425.7642 389 0.1522319 0.007716286
Moved 244.9863 416.3846 389 0.1305198 0.007716286
Moved 245.0016 401.8499 387.3167 0.09687483 -0.005272642
Moved 245.0176 388.8927 385.877 0.06688117 -0.01638142
Moved 245.0334 380.0679 386 0.04645348 -0.0154321
Moved 245.0485 371.9974 386 0.02777169 -0.0154321
Moved 245.0643 364.824 384.5648 0.01116663 -0.02650602
Moved 245.0796 356.61 385 -0.007847349 -0.02314815
Moved 245.0943 349.2739 385 -0.02482901 -0.02314815
Moved 245.1093 340.6653 385 -0.04475623 -0.02314815
Moved 245.1288 331.864 385 -0.06512955 -0.02314815
Moved 245.141 324.6547 385 -0.08181786 -0.02314815
Moved 245.1559 318.4791 385 -0.09611328 -0.02314815
Moved 245.171 313.6002 385 -0.1074069 -0.02314815
Moved 245.186 307.1262 385 -0.122393 -0.02314815
Moved 245.2022 301.1535 385 -0.1362187 -0.02314815
Moved 245.2177 292.1041 385 -0.1571664 -0.02314815
Moved 245.2332 285.7286 384 -0.1719245 -0.03086396
Moved 245.2479 278.955 384 -0.1876043 -0.03086396
Moved 245.2636 273.6519 384 -0.1998798 -0.03086396
Moved 245.2796 268.454 383.1135 -0.2119121 -0.03770452
Moved 245.2956 265.3493 383 -0.2190988 -0.03858025
Moved 245.3113 260 383 -0.2314815 -0.03858025
Moved 245.3344 252.1415 381.7139 -0.2496724 -0.04850411
Moved 245.3475 247.8275 382 -0.2596585 -0.04629629
Moved 245.3717 243.5114 380.8372 -0.2696495 -0.05526861
Moved 245.3877 239.1898 381 -0.2796532 -0.05401235
Moved 245.4012 234.8793 379.9598 -0.2896313 -0.06203852
Moved 245.4171 230.5624 380 -0.299624 -0.06172816
Moved 245.4323 228.7704 380 -0.3037721 -0.06172816
Moved 245.4522 224.836 380 -0.3128795 -0.06172816
Moved 245.465 222.0133 380 -0.3194137 -0.06172816
Moved 245.4797 220.1357 380 -0.3237599 -0.06172816
Moved 245.4939 218.6213 380 -0.3272655 -0.06172816
Moved 245.5098 216.187 380 -0.3329005 -0.06172816
Moved 245.5252 214.7487 380 -0.3362298 -0.06172816
Moved 245.5413 213.7326 380 -0.338582 -0.06172816
Moved 245.5561 212.1977 380 -0.3421349 -0.06172816
Moved 245.5709 210.7609 380 -0.3454608 -0.06172816
Moved 245.5868 209.5 380 -0.3483796 -0.06172816
Moved 245.6027 208.9471 380 -0.3496594 -0.06172816
Moved 245.6214 208.4525 380 -0.3508045 -0.06172816
Moved 245.6343 207.011 380 -0.3541413 -0.06172816
Moved 245.6488 206.5 380 -0.3553241 -0.06172816
Moved 245.6638 205.7892 388.4755 -0.3569694 0.003669292
Stationary 245.6794 205.7892 388.4755 -0.3569694 0.003669292
Moved 245.694 204.6273 389.3727 -0.359659 0.01059167
Stationary 245.7103 204.6273 389.3727 -0.359659 0.01059167
Moved 245.7258 205 391.2513 -0.3587963 0.02508729
Moved 245.7473 205 393.852 -0.3587963 0.04515436
Stationary 245.7583 205 393.852 -0.3587963 0.04515436
Moved 245.7713 205 395.2427 -0.3587963 0.05588508
Moved 245.7873 205 397.6814 -0.3587963 0.07470202
Moved 245.8028 205 399.1202 -0.3587963 0.08580384
Moved 245.818 208.8902 402.1115 -0.3497912 0.1088852
Moved 245.8337 215.9905 404.9953 -0.3333552 0.1311366
Moved 245.8485 218.8647 407.8647 -0.3267021 0.153277
Moved 245.8663 221 408.5 -0.3217593 0.158179
Moved 245.8812 224.9156 410.9578 -0.3126954 0.1771438
Moved 245.8955 229.1895 413.793 -0.302802 0.1990203
Moved 245.9112 233.4917 415.6611 -0.2928434 0.2134347
Moved 245.927 239.1023 418.5511 -0.2798558 0.2357342
Moved 245.9425 245.8268 421.4134 -0.2642898 0.2578194
Moved 245.9568 251.6112 423.1528 -0.2508999 0.2712411
Moved 245.973 257 426 -0.2384259 0.2932099
Moved 245.9884 262.181 426.727 -0.2264329 0.2988194
Moved 246.0028 265.3314 428.1657 -0.2191403 0.3099206
Moved 246.0255 272.046 430 -0.2035973 0.3240741
Stationary 246.0368 272.046 430 -0.2035973 0.3240741
Moved 246.0486 274.9696 431.4848 -0.1968297 0.3355308
Moved 246.0654 279.7872 432.9291 -0.1856777 0.346675
Moved 246.0817 282.736 433 -0.1788519 0.3472221
Moved 246.0967 284.7045 434.3522 -0.1742952 0.3576561
Moved 246.1103 287.8141 434.907 -0.167097 0.3619371
Moved 246.1272 290.7058 435 -0.1604032 0.3626544
Moved 246.1429 291.7897 436 -0.1578942 0.3703703
Moved 246.1576 294.4429 436 -0.1517525 0.3703703
Moved 246.1724 296.3305 436.6652 -0.1473831 0.3755034
Moved 246.1895 298.1031 437 -0.1432798 0.3780865
Moved 246.2037 300.2549 437 -0.1382989 0.3780865
Moved 246.2186 303.2261 437 -0.1314211 0.3780865
Moved 246.2352 306.1035 437 -0.1247603 0.3780865
Moved 246.2515 307.981 437 -0.1204142 0.3780865
Moved 246.2709 312.7338 438 -0.1094124 0.3858025
Moved 246.2884 315.6136 438 -0.1027464 0.3858025
Stationary 246.2988 315.6136 438 -0.1027464 0.3858025
Moved 246.3101 316.9401 438 -0.09967566 0.3858025
Moved 246.3272 319.7191 438 -0.09324292 0.3858025
Moved 246.3441 321.5976 438 -0.08889452 0.3858025
Moved 246.3577 323.2334 438 -0.08510778 0.3858025
Moved 246.3731 324.6738 438 -0.0817736 0.3858025
Moved 246.3892 326.1148 438 -0.07843792 0.3858025
Moved 246.4029 328.5532 438 -0.07279351 0.3858025
Stationary 246.4192 329 438 -0.07175927 0.3858025
Moved 246.4369 330.0802 438 -0.0692587 0.3858025
Moved 246.4498 331.5176 438 -0.06593138 0.3858025
Moved 246.4662 332.9577 438 -0.06259784 0.3858025
Moved 246.4805 333.5 438 -0.06134262 0.3858025
Moved 246.4978 334.374 438 -0.05931953 0.3858025
Moved 246.5115 335.1352 438 -0.05755743 0.3858025
Stationary 246.5278 335.1352 438 -0.05755743 0.3858025
Moved 246.5477 336.3248 438 -0.05480364 0.3858025
Moved 246.5577 337.1458 438 -0.0529033 0.3858025
Stationary 246.5727 337.1458 438 -0.0529033 0.3858025
Moved 246.5884 338.3734 438 -0.05006154 0.3858025
Stationary 246.6034 338.3734 438 -0.05006154 0.3858025
Moved 246.618 339.249 438 -0.04803478 0.3858025
Stationary 246.6343 339.249 438 -0.04803478 0.3858025
Moved 246.6507 340.1771 438 -0.04588634 0.3858025
Stationary 246.6661 340.1771 438 -0.04588634 0.3858025
Stationary 246.6811 340.1771 438 -0.04588634 0.3858025
Moved 246.696 341.1867 438 -0.04354929 0.3858025
Stationary 246.7116 341.1867 438 -0.04354929 0.3858025
Stationary 246.726 341.1867 438 -0.04354929 0.3858025
Moved 246.7438 342.1869 438 -0.04123414 0.3858025
Stationary 246.7584 342.1869 438 -0.04123414 0.3858025
Moved 246.7731 343.2218 438 -0.03883848 0.3858025
Stationary 246.7925 343.2218 438 -0.03883848 0.3858025
Stationary 246.8028 343.2218 438 -0.03883848 0.3858025
Moved 246.8194 344.0254 438 -0.03697832 0.3858025
Stationary 246.8346 344.0254 438 -0.03697832 0.3858025
Stationary 246.8497 344.0254 438 -0.03697832 0.3858025
Stationary 246.8648 344.0254 438 -0.03697832 0.3858025
Stationary 246.8819 344.0254 438 -0.03697832 0.3858025
Moved 246.8981 345.1182 438 -0.0344486 0.3858025
Stationary 246.9155 345.1182 438 -0.0344486 0.3858025
Stationary 246.9318 345.1182 438 -0.0344486 0.3858025
Stationary 246.9457 345.1182 438 -0.0344486 0.3858025
Stationary 246.9571 345.1182 438 -0.0344486 0.3858025
Moved 246.9733 346.1067 438 -0.03216043 0.3858025
Stationary 246.989 346.1067 438 -0.03216043 0.3858025
Stationary 247.0039 346.1067 438 -0.03216043 0.3858025
Stationary 247.0233 346.1067 438 -0.03216043 0.3858025
Stationary 247.0348 346.1067 438 -0.03216043 0.3858025
Stationary 247.0499 346.1067 438 -0.03216043 0.3858025
Stationary 247.0662 346.1067 438 -0.03216043 0.3858025
Moved 247.0815 347.0721 438 -0.02992561 0.3858025
Stationary 247.0969 347.0721 438 -0.02992561 0.3858025
Stationary 247.1118 347.0721 438 -0.02992561 0.3858025
Stationary 247.127 347.0721 438 -0.02992561 0.3858025
Stationary 247.1461 347.0721 438 -0.02992561 0.3858025
Stationary 247.1614 347.0721 438 -0.02992561 0.3858025
Moved 247.1742 348.0239 438 -0.02772242 0.3858025
Stationary 247.1894 348.0239 438 -0.02772242 0.3858025
Stationary 247.2044 348.0239 438 -0.02772242 0.3858025
Stationary 247.2202 348.0239 438 -0.02772242 0.3858025
Moved 247.2356 349.1214 438 -0.02518187 0.3858025
Stationary 247.2543 349.1214 438 -0.02518187 0.3858025
Stationary 247.2658 349.1214 438 -0.02518187 0.3858025
Moved 247.2813 350.1866 438 -0.02271622 0.3858025
Stationary 247.2979 350.1866 438 -0.02271622 0.3858025
Moved 247.3127 351.1417 438 -0.02050539 0.3858025
Stationary 247.3281 351.1417 438 -0.02050539 0.3858025
Moved 247.3438 352.374 438 -0.01765286 0.3858025
Stationary 247.3591 352.374 438 -0.01765286 0.3858025
Moved 247.3745 353.2487 438 -0.01562799 0.3858025
Moved 247.3945 354.3312 438 -0.01312221 0.3858025
Stationary 247.4086 354.3312 438 -0.01312221 0.3858025
Moved 247.4202 355.0671 438 -0.01141871 0.3858025
Stationary 247.4362 355.0671 438 -0.01141871 0.3858025
Moved 247.4506 356.0344 438 -0.009179662 0.3858025
Stationary 247.468 356.0344 438 -0.009179662 0.3858025
Moved 247.4873 356.9778 431 -0.006995946 0.33179
Moved 247.5008 357.5 431 -0.005787015 0.33179
Stationary 247.5126 357.5 431 -0.005787015 0.33179
Moved 247.5282 358.249 431 -0.004053315 0.33179
Stationary 247.5444 358.249 431 -0.004053315 0.33179
Moved 247.5601 359.2237 431 -0.00179708 0.33179
Moved 247.5753 359 429.8708 -0.002314796 0.3230774
Moved 247.5912 360.5 430 0.001157423 0.3240741
Moved 247.6063 360 430 0 0.3240741
Moved 247.6209 360.5886 430 0.001362363 0.3240741
Stationary 247.637 361 430 0.002314846 0.3240741
Stationary 247.6528 361 430 0.002314846 0.3240741
Moved 247.667 362.304 430 0.005333324 0.3240741
Moved 247.6833 362 428.9813 0.004629592 0.3162139
Moved 247.7038 363.4763 429 0.008047123 0.3163581
Stationary 247.7156 363.4763 429 0.008047123 0.3163581
Moved 247.7288 364.3702 429 0.0101163 0.3163581
Stationary 247.7444 364.3702 429 0.0101163 0.3163581
Moved 247.7601 365 429 0.01157403 0.3163581
Stationary 247.7753 365 429 0.01157403 0.3163581
Moved 247.7903 366.5 429 0.0150463 0.3163581
Moved 247.8054 367.0993 427.9008 0.0164335 0.3078763
Stationary 247.8209 367.0993 427.9008 0.0164335 0.3078763
Moved 247.8386 368.3755 428 0.0193878 0.308642
Moved 247.8525 369.2549 428 0.0214233 0.308642
Stationary 247.8683 369.2549 428 0.0214233 0.308642
Moved 247.8834 370 426.9683 0.02314816 0.3006811
Moved 247.8999 371.4664 427 0.02654254 0.3009261
Stationary 247.9189 371.4664 427 0.02654254 0.3009261
Moved 247.9302 372.3713 427 0.02863725 0.3009261
Moved 247.9449 373 426.2274 0.0300926 0.2949646
Moved 247.961 374.2078 426 0.03288845 0.2932099
Moved 247.9771 375.2569 426 0.03531684 0.2932099
Stationary 247.9913 375.2569 426 0.03531684 0.2932099
Moved 248.007 376.0673 426 0.0371929 0.2932099
Moved 248.0232 376.6472 426 0.0385353 0.2932099
Moved 248.0385 377 424.9047 0.03935188 0.2847583
Stationary 248.0533 377 425 0.03935188 0.2854938
Moved 248.0687 378.5 425 0.04282405 0.2854938
Moved 248.0856 379.022 425 0.04403254 0.2854938
Stationary 248.1019 379 425 0.04398147 0.2854938
Stationary 248.116 379 425 0.04398147 0.2854938
Moved 248.1344 380.1255 425 0.04658689 0.2854938
Stationary 248.1466 380 425 0.04629632 0.2854938
Moved 248.1616 381.1294 423.8707 0.04891058 0.2767797
Stationary 248.176 381.1294 423.8707 0.04891058 0.2767797
Stationary 248.1923 381 424 0.04861106 0.2777779
Stationary 248.2071 381 424 0.04861106 0.2777779
Moved 248.2225 382 424 0.05092591 0.2777779
Stationary 248.2384 382 424 0.05092591 0.2777779
Stationary 248.2528 382 424 0.05092591 0.2777779
Stationary 248.2685 382 424 0.05092591 0.2777779
Stationary 248.285 382 424 0.05092591 0.2777779
Stationary 248.3006 382 424 0.05092591 0.2777779
Stationary 248.315 382 424 0.05092591 0.2777779
Stationary 248.334 382 424 0.05092591 0.2777779
Stationary 248.3452 382 424 0.05092591 0.2777779
Moved 248.361 383.33 424 0.05400449 0.2777779
Stationary 248.3772 383.33 424 0.05400449 0.2777779
Stationary 248.3931 383 424 0.05324075 0.2777779
Stationary 248.4086 383 424 0.05324075 0.2777779
Stationary 248.424 383 424 0.05324075 0.2777779
Stationary 248.4403 383 424 0.05324075 0.2777779
Stationary 248.4534 383 424 0.05324075 0.2777779
Stationary 248.4684 383 424 0.05324075 0.2777779
Stationary 248.4861 383 424 0.05324075 0.2777779
Stationary 248.4996 383 424 0.05324075 0.2777779
Stationary 248.5143 383 424 0.05324075 0.2777779
Stationary 248.5351 383 424 0.05324075 0.2777779
Stationary 248.5466 383 424 0.05324075 0.2777779
Stationary 248.5618 383 424 0.05324075 0.2777779
Stationary 248.5764 383 424 0.05324075 0.2777779
Stationary 248.5938 383 424 0.05324075 0.2777779
Ended 248.6067 383 424 0.05324075 0.2777779
Began 249.1306 481 440 0.2800926 0.4012346
Stationary 249.1483 481 440 0.2800926 0.4012346
Stationary 249.1635 481 440 0.2800926 0.4012346
Stationary 249.1777 481 440 0.2800926 0.4012346
Stationary 249.1946 481 440 0.2800926 0.4012346
Stationary 249.2099 481 440 0.2800926 0.4012346
Stationary 249.2242 481 440 0.2800926 0.4012346
Moved 249.2445 465.7216 440 0.2447259 0.4012346
Moved 249.2567 460.5288 430.9403 0.2327055 0.3313297
Moved 249.2717 453.612 430.153 0.2166945 0.3252548
Moved 249.2866 447.8563 428.7141 0.203371 0.3141518
Moved 249.302 443.5464 427.2732 0.1933943 0.3030338
Moved 249.3176 438.3218 427 0.1813006 0.3009261
Moved 249.3331 434.1723 425.3907 0.1716951 0.2885089
Moved 249.3493 429.8518 425 0.161694 0.2854938
Moved 249.3645 427.7169 423.8584 0.156752 0.2766854
Moved 249.3797 422.1168 422.3723 0.1437888 0.2652179
Moved 249.3942 416.7161 420.929 0.1312874 0.2540821
Moved 249.4096 414 421 0.125 0.2546295
Moved 249.4319 409.1467 420 0.1137654 0.2469136
Moved 249.4428 406.2175 418.6088 0.106985 0.2361789
Moved 249.4559 401.5056 418.1685 0.09607781 0.2327819
Moved 249.4728 399.0885 418 0.09048273 0.2314815
Moved 249.4869 394.8559 416.6187 0.08068492 0.2208229
Moved 249.5022 391.5356 417 0.0729991 0.2237654
Moved 249.5175 388.4766 415.7383 0.06591807 0.2140301
Moved 249.5333 383.875 415.2916 0.05526612 0.2105837
Moved 249.5481 379.5667 413.8556 0.04529337 0.199503
Moved 249.5659 375.6486 414 0.03622363 0.2006174
Moved 249.5806 370.2492 413.2498 0.02372493 0.1948289
Moved 249.595 365.81 411.9366 0.01344909 0.1846963
Moved 249.6142 357.014 412 -0.006911953 0.1851853
Moved 249.6257 351.3551 411.0592 -0.02001127 0.177926
Moved 249.6418 344.1026 411 -0.03679956 0.1774691
Moved 249.6565 337.8974 409.1795 -0.05116343 0.1634221
Moved 249.6727 331.9464 407.7366 -0.06493887 0.1522886
Moved 249.691 327 406.5 -0.07638887 0.142747
Moved 249.7032 322.7253 405.3627 -0.08628393 0.1339711
Moved 249.718 316.9726 405 -0.09960056 0.131173
Moved 249.7335 310.2174 403.3043 -0.1152375 0.118089
Moved 249.7492 304.4626 401.8657 -0.1285588 0.1069883
Moved 249.7658 299.696 400.424 -0.1395926 0.09586429
Moved 249.7796 293.941 398.9852 -0.1529143 0.08476257
Moved 249.8019 283.3748 396.5937 -0.1773731 0.06630944
Stationary 249.8133 283.3748 396.5937 -0.1773731 0.06630944
Moved 249.8255 276.0662 395.0165 -0.1942912 0.05414021
Moved 249.8432 270.2951 392.1475 -0.2076502 0.0320026
Moved 249.8576 266.4258 391.2838 -0.216607 0.02533807
Moved 249.8732 262.1096 391 -0.2265981 0.02314815
Moved 249.8884 257.7933 389.2645 -0.2365896 0.00975656
Moved 249.9042 254.6514 387.8257 -0.2438625 -0.001344799
Moved 249.9206 251.2914 386.7638 -0.2516403 -0.009538509
Moved 249.936 246.7357 385.4905 -0.2621859 -0.01936336
Moved 249.9491 242.4274 383.8091 -0.2721587 -0.03233686
Moved 249.9648 238.7418 383 -0.2806903 -0.03858025
Moved 249.9863 234.7843 381.9281 -0.289851 -0.04685108
Moved 249.9976 232 380.5 -0.2962963 -0.05787037
Moved 250.0098 229.1016 380.0508 -0.3030055 -0.06133586
Moved 250.0272 227.9612 378.9612 -0.3056453 -0.06974327
Moved 250.0434 225.0103 379 -0.3124761 -0.06944421
Moved 250.0579 223.0652 378 -0.3169788 -0.0771605
Moved 250.0737 221.6263 378 -0.3203095 -0.0771605
Moved 250.0914 220.1875 377 -0.32364 -0.08487654
Moved 250.1033 218.7452 377 -0.3269788 -0.08487654
Moved 250.1203 217.3072 376 -0.3303074 -0.09259283
Moved 250.1339 216.5 376 -0.3321759 -0.09259283
Moved 250.1492 215.913 376 -0.3335347 -0.09259283
Moved 250.1693 214.5 376 -0.3368055 -0.09259283
Moved 250.1813 213.9584 376 -0.3380592 -0.09259283
Moved 250.1954 214 374.5 -0.3379629 -0.1041664
Stationary 250.2118 214 374.5 -0.3379629 -0.1041664
Ended 250.227 213 375 -0.3402778 -0.1003086
Began 251.1769 406 409 0.1064815 0.1620373
Stationary 251.1891 406 409 0.1064815 0.1620373
Stationary 251.1994 406 409 0.1064815 0.1620373
Stationary 251.2121 406 409 0.1064815 0.1620373
Stationary 251.228 406 409 0.1064815 0.1620373
Stationary 251.2436 406 409 0.1064815 0.1620373
Stationary 251.2629 406 409 0.1064815 0.1620373
Stationary 251.274 406 409 0.1064815 0.1620373
Stationary 251.2924 406 409 0.1064815 0.1620373
Stationary 251.3043 406 409 0.1064815 0.1620373
Moved 251.3217 395.9054 409 0.0831143 0.1620373
Moved 251.3369 393.8651 413.5397 0.07839143 0.1970654
Moved 251.3522 390.9934 418.0033 0.07174402 0.231507
Moved 251.368 388.1157 419.4421 0.06508271 0.2426092
Moved 251.3823 386.2333 421.8834 0.06072521 0.2614457
Moved 251.3989 382.0439 424.6374 0.05102754 0.2826959
Moved 251.4129 380.2872 426.7128 0.04696111 0.2987097
Moved 251.4332 378.1934 428.9033 0.04211426 0.315612
Moved 251.4454 375.3152 431.6849 0.03545175 0.3370747
Moved 251.4604 373.439 433.7805 0.03110886 0.3532443
Moved 251.4756 371.7801 436.4398 0.02726873 0.3737641
Moved 251.4913 369.3424 437.6577 0.02162586 0.383161
Moved 251.5063 367.9058 439.0942 0.01830041 0.3942457
Moved 251.5227 365.6951 440.1525 0.01318306 0.4024111
Moved 251.5375 363.7169 442.6415 0.008604029 0.4216167
Moved 251.5533 361.9228 445.1544 0.004450878 0.4410063
Moved 251.5692 359 448 -0.002314796 0.462963
Moved 251.5839 357.0844 448.9578 -0.006749133 0.4703536
Moved 251.6052 352.2272 451.8864 -0.01799251 0.4929508
Stationary 251.6159 352.2272 451.8864 -0.01799251 0.4929508
Moved 251.629 351.0282 452 -0.02076815 0.4938273
Moved 251.6471 349.5942 453.4058 -0.02408743 0.5046741
Moved 251.6618 347.1581 454 -0.02972667 0.5092594
Moved 251.6766 344.4359 455.282 -0.03602792 0.5191517
Moved 251.6923 342.5457 455.7272 -0.0404035 0.5225862
Moved 251.7078 339.6638 456 -0.0470744 0.5246913
Moved 251.7228 336.7799 456 -0.05375028 0.5246913
Moved 251.7385 334.4128 456 -0.05922953 0.5246913
Moved 251.7532 330.4898 456 -0.06831055 0.5246913
Moved 251.773 327.1656 456 -0.0760055 0.5246913
Moved 251.7874 323.9065 456 -0.08354977 0.5246913
Moved 251.801 321.0228 456 -0.09022499 0.5246913
Moved 251.8149 317.2173 456 -0.09903401 0.5246913
Moved 251.8302 315.6285 456 -0.1027117 0.5246913
Moved 251.8457 311.5 456 -0.1122685 0.5246913
Moved 251.8609 310.1025 448.1025 -0.1155035 0.4637542
Moved 251.8761 307.3248 448 -0.1219333 0.462963
Moved 251.8933 303.4557 446.2278 -0.1308895 0.4492888
Moved 251.907 300.5755 446 -0.1375567 0.4475308
Moved 251.9234 297.6896 444.3448 -0.1442371 0.4347592
Moved 251.942 295.9017 444 -0.1483757 0.432099
Moved 251.9541 294.5 444 -0.1516204 0.432099
Moved 251.9689 292.3224 443 -0.1566611 0.4243827
Moved 251.9848 290.8864 441.8864 -0.1599853 0.4157899
Moved 252.0003 288 442 -0.1666667 0.4166667
Moved 252.0154 287.0028 441.0028 -0.168975 0.4089724
Moved 252.0315 285.5614 441 -0.1723116 0.4089505
Moved 252.0471 284.1221 440.1221 -0.1756433 0.4021765
Moved 252.0621 282.7134 440 -0.1789042 0.4012346
Moved 252.0775 281.7082 440 -0.1812311 0.4012346
Moved 252.0981 279.727 439 -0.1858171 0.3935187
Stationary 252.1092 279.727 439 -0.1858171 0.3935187
Moved 252.1231 278.2867 438 -0.1891511 0.3858025
Moved 252.1383 276.8466 436.8466 -0.1924846 0.3769029
Moved 252.1542 276.4036 437 -0.1935102 0.3780865
Moved 252.1694 274.9634 437 -0.196844 0.3780865
Stationary 252.1847 274.9634 437 -0.196844 0.3780865
Moved 252.1997 274.4519 436 -0.1980281 0.3703703
Moved 252.2153 273.5 436 -0.2002315 0.3703703
Stationary 252.2307 273.5 436 -0.2002315 0.3703703
Moved 252.2523 273 434.8438 -0.2013889 0.3614487
Stationary 252.2628 273 434.8438 -0.2013889 0.3614487
Moved 252.275 272.227 435 -0.2031783 0.3626544
Ended 252.2909 272 435 -0.2037037 0.3626544
Backspace 253.0586
Began 253.5523 581 502 0.511574 0.8796298
Stationary 253.5716 581 502 0.511574 0.8796298
Stationary 253.5883 581 502 0.511574 0.8796298
Stationary 253.601 581 502 0.511574 0.8796298
Stationary 253.6173 581 502 0.511574 0.8796298
Stationary 253.641 581 502 0.511574 0.8796298
Stationary 253.6503 581 502 0.511574 0.8796298
Moved 253.6639 570.6572 502 0.4876324 0.8796298
Moved 253.68 567.2648 495 0.4797797 0.8256173
Moved 253.6977 562.9472 493.649 0.4697852 0.8151935
Moved 253.714 557.6291 492.2097 0.4574748 0.8040872
Moved 253.7261 552.0725 490.7681 0.4446123 0.792964
Moved 253.7437 545.9899 489.33 0.4305322 0.781867
Moved 253.7569 541.645 487.8817 0.4204746 0.7706918
Moved 253.7734 537.5 486.5 0.4108796 0.760031
Moved 253.7944 531.7426 486 0.3975522 0.7561727
Stationary 253.8047 531.7426 486 0.3975522 0.7561727
Moved 253.8188 528.8668 485 0.3908954 0.748457
Moved 253.8342 525.982 483.991 0.3842176 0.7406712
Moved 253.8496 523.0962 484 0.3775375 0.7407409
Moved 253.865 521.1116 483.1116 0.3729435 0.7338856
Moved 253.8806 518.3208 483 0.3664834 0.7330246
Moved 253.8956 516.1289 482.5645 0.3614095 0.7296641
Moved 253.9114 514.133 482 0.3567893 0.7253088
Moved 253.9267 511.3667 482 0.3503859 0.7253088
Moved 253.949 507.6173 480.8087 0.3417068 0.7161161
Stationary 253.9612 507.6173 480.8087 0.3417068 0.7161161
Moved 253.9734 506.367 481 0.3388124 0.7175925
Moved 253.9882 504.9344 481 0.3354962 0.7175925
Moved 254.0038 503.8927 481 0.333085 0.7175925
Moved 254.0196 502.4188 481 0.3296731 0.7175925
Moved 254.0348 500.9824 479.9824 0.3263482 0.7097409
Moved 254.0502 499.5338 480 0.3229948 0.7098766
Moved 254.0658 498.0935 480 0.3196609 0.7098766
Moved 254.0818 496.6586 480 0.3163392 0.7098766
Moved 254.0997 495.2154 479 0.3129987 0.7021607
Moved 254.1114 494.5 479 0.3113426 0.7021607
Moved 254.1265 493.8538 479 0.3098467 0.7021607
Stationary 254.1423 493.8538 479 0.3098467 0.7021607
Moved 254.158 492.626 479 0.3070047 0.7021607
Moved 254.1731 492 478.3385 0.3055556 0.6970565
Moved 254.1893 490.906 478 0.3030232 0.6944444
Stationary 254.2048 490.906 478 0.3030232 0.6944444
Stationary 254.2177 490.906 478 0.3030232 0.6944444
Moved 254.233 489.7765 478 0.3004086 0.6944444
Moved 254.2585 488.7515 478 0.2980359 0.6944444
Stationary 254.2694 488.7515 478 0.2980359 0.6944444
Stationary 254.2798 489 478 0.2986111 0.6944444
Stationary 254.2951 489 478 0.2986111 0.6944444
Stationary 254.3109 489 478 0.2986111 0.6944444
Stationary 254.3267 489 478 0.2986111 0.6944444
Ended 254.3445 489 478 0.2986111 0.6944444
Backspace 255.1729
Began 255.6952 598 394 0.550926 0.04629641
Stationary 255.7146 598 394 0.550926 0.04629641
Stationary 255.7359 598 394 0.550926 0.04629641
Stationary 255.7477 598 394 0.550926 0.04629641
Stationary 255.7615 598 394 0.550926 0.04629641
Stationary 255.7758 598 394 0.550926 0.04629641
Stationary 255.791 598 394 0.550926 0.04629641
Stationary 255.8063 598 394 0.550926 0.04629641
Stationary 255.8216 598 394 0.550926 0.04629641
Stationary 255.8371 598 394 0.550926 0.04629641
Stationary 255.852 598 394 0.550926 0.04629641
Stationary 255.8674 598 394 0.550926 0.04629641
Stationary 255.8902 598 394 0.550926 0.04629641
Stationary 255.9 598 394 0.550926 0.04629641
Moved 255.9141 585.6104 394 0.5222464 0.04629641
Moved 255.931 582.0957 394 0.5141104 0.04629641
Moved 255.9475 578.851 394 0.5065995 0.04629641
Moved 255.9614 574.5 394 0.4965277 0.04629641
Moved 255.9764 571.1276 394 0.4887213 0.04629641
Moved 255.9923 568.215 394 0.481979 0.04629641
Moved 256.0069 566.2336 394 0.4773926 0.04629641
Moved 256.0265 564.1018 394 0.4724579 0.04629641
Moved 256.0388 561.2082 394 0.4657598 0.04629641
Moved 256.054 558.3371 394 0.4591137 0.04629641
Moved 256.0694 555.4504 394 0.4524314 0.04629641
Moved 256.0844 553.5745 394 0.4480891 0.04629641
Moved 256.1004 550.7036 394 0.4414434 0.04629641
Moved 256.1158 549.8245 394 0.4394086 0.04629641
Moved 256.1313 547.3214 394 0.4336143 0.04629641
Moved 256.1469 544.7654 401.8209 0.4276977 0.1066428
Moved 256.1687 541.0047 402 0.4189924 0.1080247
Stationary 256.1799 541.0047 402 0.4189924 0.1080247
Moved 256.1927 539.5637 403.4363 0.4156567 0.1191078
Moved 256.2068 538.1248 404 0.412326 0.123457
Moved 256.2236 535.9773 405.0114 0.4073548 0.1312607
Moved 256.2411 534.5506 406.4494 0.4040523 0.1423566
Moved 256.2549 533.1052 407.8948 0.4007065 0.1535093
Moved 256.269 531.6661 408 0.3973753 0.154321
Moved 256.2854 530.2195 410.7805 0.3940266 0.1757757
Moved 256.3055 528.7939 412.2061 0.3907266 0.1867756
Moved 256.3165 527.3471 414.6529 0.3873776 0.2056552
Moved 256.3311 526.183 416.634 0.3846828 0.2209416
Moved 256.3463 524.8024 419.3953 0.381487 0.242248
Moved 256.3616 524.3624 421.2753 0.3804685 0.2567535
Moved 256.3773 522.9256 423.0744 0.3771426 0.2706359
Moved 256.3936 523 424.5 0.3773148 0.2816359
Moved 256.4079 522.0479 425.9521 0.3751109 0.2928401
Moved 256.423 522 427.3948 0.375 0.3039725
Moved 256.4471 521 429.5 0.3726852 0.3202161
Moved 256.4619 521 430.1693 0.3726852 0.3253804
Stationary 256.4727 521 430.1693 0.3726852 0.3253804
Moved 256.4842 520 430.7868 0.3703704 0.3301452
Stationary 256.5006 520 431 0.3703704 0.33179
Moved 256.5168 518.5 432.5 0.3668982 0.3433642
Moved 256.5327 517.918 433.082 0.3655508 0.3478553
Stationary 256.5494 518 433 0.3657407 0.3472221
Stationary 256.5626 518 433 0.3657407 0.3472221
Moved 256.5808 516.8333 434 0.3630399 0.3549384
Stationary 256.592 516.8333 434 0.3630399 0.3549384
Moved 256.6086 515.6271 435.3729 0.360248 0.3655312
Moved 256.6236 514.7504 435 0.3582185 0.3626544
Moved 256.64 514.0612 435.9388 0.3566232 0.3698983
Stationary 256.655 514 436 0.3564815 0.3703703
Moved 256.6707 512.6544 436 0.3533665 0.3703703
Moved 256.6858 512.0894 437 0.3520588 0.3780865
Moved 256.7014 511.5 437 0.3506944 0.3780865
Moved 256.7223 511 438.1875 0.349537 0.3872491
Stationary 256.7332 511 438.1875 0.349537 0.3872491
Moved 256.7471 510.367 438 0.3480718 0.3858025
Moved 256.7635 509.5 438 0.3460647 0.3858025
Stationary 256.7784 509.5 438 0.3460647 0.3858025
Moved 256.7934 509.3481 438.652 0.3457131 0.3908331
Moved 256.8091 508.5 439.5 0.34375 0.3973767
Stationary 256.824 508.5 439.5 0.34375 0.3973767
Stationary 256.8407 508.5 439.5 0.34375 0.3973767
Moved 256.859 509 439 0.3449074 0.3935187
Stationary 256.8714 509 439 0.3449074 0.3935187
Stationary 256.8858 509 439 0.3449074 0.3935187
Stationary 256.9014 509 439 0.3449074 0.3935187
Stationary 256.9167 509 439 0.3449074 0.3935187
Stationary 256.9314 509 439 0.3449074 0.3935187
Stationary 256.9468 509 439 0.3449074 0.3935187
Moved 256.9623 516.5602 439 0.362408 0.3935187
Moved 256.9776 518.6033 439 0.3671374 0.3935187
Moved 256.9977 520.5225 439 0.3715799 0.3935187
Moved 257.0096 523.2233 439 0.3778316 0.3935187
Moved 257.0261 525.1096 439 0.3821981 0.3935187
Moved 257.041 527.0034 439 0.3865818 0.3935187
Moved 257.0553 529.8597 439 0.3931939 0.3935187
Moved 257.0708 531.7502 439 0.39757 0.3935187
Moved 257.0871 533.3252 439 0.4012157 0.3935187
Moved 257.1026 534.5 439 0.4039352 0.3935187
Moved 257.1186 537.7502 439 0.4114589 0.3935187
Moved 257.1393 543.511 439 0.424794 0.3935187
Stationary 257.1499 543.511 439 0.424794 0.3935187
Moved 257.1636 545.1908 439 0.4286823 0.3935187
Moved 257.1791 548.2695 439 0.4358091 0.3935187
Moved 257.1942 550.0746 439 0.4399876 0.3935187
Moved 257.2106 551.5 439 0.443287 0.3935187
Moved 257.2257 553.6033 434.7765 0.4481559 0.3609297
Moved 257.2415 555.0403 432 0.4514822 0.3395063
Moved 257.2566 556.4792 432 0.454813 0.3395063
Stationary 257.2742 556.4792 432 0.454813 0.3395063
Moved 257.2863 558.3594 432 0.4591654 0.3395063
Stationary 257.3017 558.3594 432 0.4591654 0.3395063
Moved 257.3167 558 430.923 0.4583333 0.3311964
Stationary 257.3322 558 430.923 0.4583333 0.3311964
Stationary 257.3476 558 430.923 0.4583333 0.3311964
Stationary 257.363 558 430.923 0.4583333 0.3311964
Moved 257.3784 553.0743 430 0.4469313 0.3240741
Moved 257.3955 545.3032 430 0.4289425 0.3240741
Moved 257.4141 535.5854 430 0.4064476 0.3240741
Moved 257.4265 525.9366 430 0.3841126 0.3240741
Moved 257.4414 518.3989 430 0.3666641 0.3240741
Moved 257.4554 508.1074 430 0.3428412 0.3240741
Moved 257.4717 498.056 430 0.319574 0.3240741
Moved 257.4883 488.0705 430 0.2964595 0.3240741
Moved 257.5039 479.9313 430 0.2776188 0.3240741
Moved 257.519 472.473 430 0.2603541 0.3240741
Moved 257.5333 461.7516 430 0.235536 0.3240741
Moved 257.5533 455.6454 430 0.2214014 0.3240741
Moved 257.5657 448.6867 430 0.2052932 0.3240741
Moved 257.5803 442.8848 430 0.191863 0.3240741
Moved 257.5957 437.4283 430 0.1792321 0.3240741
Moved 257.6111 434.2572 430 0.1718916 0.3240741
Moved 257.6263 430.9649 430 0.1642707 0.3240741
Moved 257.6421 428.0706 430 0.1575709 0.3240741
Moved 257.6572 424.6358 430 0.1496199 0.3240741
Moved 257.6723 421.9649 430 0.1434373 0.3240741
Moved 257.6931 420.5436 430 0.1401472 0.3240741
Moved 257.7049 418.1032 430 0.1344983 0.3240741
Moved 257.7186 416.6709 430 0.1311827 0.3240741
Moved 257.7347 415.2283 430 0.1278433 0.3240741
Moved 257.7497 413.7949 430 0.1245253 0.3240741
Moved 257.7657 412.5 430 0.1215278 0.3240741
Moved 257.7809 412 430 0.1203704 0.3240741
Moved 257.7964 410.8229 430 0.1176457 0.3240741
Moved 257.8168 410 430 0.1157407 0.3240741
Stationary 257.8276 410 430 0.1157407 0.3240741
Stationary 257.8408 410 430 0.1157407 0.3240741
Moved 257.8563 408.5 430 0.1122685 0.3240741
Stationary 257.8721 408.5 430 0.1122685 0.3240741
Moved 257.8902 409 430 0.113426 0.3240741
Stationary 257.9025 409 430 0.113426 0.3240741
Stationary 257.9188 409 430 0.113426 0.3240741
Moved 257.9398 430.2814 425.4687 0.1626885 0.2891102
Moved 257.9514 451.2928 421.1414 0.2113261 0.2557209
Moved 257.967 475.7838 416.8236 0.268018 0.2224045
Moved 257.9814 498.4863 413.6685 0.3205701 0.1980596
Moved 257.9963 510.4095 410.3976 0.3481701 0.1728214
Moved 258.0123 524.9494 408.293 0.3818273 0.1565816
Moved 258.0279 535.0665 405.6953 0.4052464 0.1365378
Moved 258.0436 540.3495 404.4126 0.4174758 0.1266405
Moved 258.0663 547.9351 402 0.4350349 0.1080247
Moved 258.0787 549.9094 402 0.439605 0.1080247
Stationary 258.0903 549.9094 402 0.439605 0.1080247
Moved 258.1036 550.9838 401.0162 0.4420921 0.100434
Moved 258.1197 552.4205 401 0.4454179 0.1003085
Moved 258.1353 553.8609 400.1391 0.448752 0.09366578
Moved 258.1509 554.5 399.5 0.4502314 0.08873469
Moved 258.1654 555.3691 400 0.4522434 0.09259272
Stationary 258.1834 555.3691 400 0.4522434 0.09259272
Stationary 258.1954 555.3691 400 0.4522434 0.09259272
Stationary 258.2119 555 400 0.4513889 0.09259272
Stationary 258.2271 555 400 0.4513889 0.09259272
Moved 258.2426 544.9149 400 0.4280438 0.09259272
Moved 258.2584 535.6175 400 0.4065219 0.09259272
Moved 258.275 525.5162 400 0.3831395 0.09259272
Moved 258.2895 513.4179 400 0.355134 0.09259272
Moved 258.3107 490.5 408.5 0.3020833 0.158179
Stationary 258.3219 490.5 408.5 0.3020833 0.158179
Moved 258.3351 473.1559 408.9037 0.2619351 0.161294
Moved 258.3509 455.8462 409 0.2218661 0.1620373
Moved 258.3667 441.3628 409 0.1883397 0.1620373
Moved 258.3813 423.059 409 0.14597 0.1620373
Moved 258.3969 405.9823 404.323 0.1064405 0.1259492
Moved 258.4124 389.8036 399.7825 0.06898969 0.09091436
Moved 258.4362 359.8228 397.3185 -0.0004102786 0.07190245
Moved 258.4499 344.7342 397 -0.03533761 0.06944469
Stationary 258.4606 344.7342 397 -0.03533761 0.06944469
Moved 258.4735 330.5059 395.4382 -0.06827339 0.05739377
Moved 258.4904 317.0233 394.0023 -0.09948312 0.04631408
Moved 258.5056 305.0211 393.5579 -0.127266 0.04288532
Moved 258.5201 293.7987 393 -0.1532438 0.03858013
Moved 258.5366 283.7232 393 -0.1765666 0.03858013
Moved 258.5575 269.6526 392 -0.2091374 0.03086432
Stationary 258.569 269.6526 392 -0.2091374 0.03086432
Moved 258.5817 262.5148 390.7029 -0.2256603 0.02085603
Moved 258.5981 258.035 390.2587 -0.2360302 0.01742846
Moved 258.6131 253.46 390 -0.2466203 0.0154321
Moved 258.6281 247.5181 388.3795 -0.2603748 0.002928369
Moved 258.6439 241.5575 386.8894 -0.2741724 -0.008569294
Moved 258.6608 238.5979 385.866 -0.2810235 -0.01646619
Moved 258.679 233.1295 384.3765 -0.2936816 -0.02795879
Moved 258.6921 229.8665 382.9333 -0.3012349 -0.039095
Moved 258.7061 225.5 381.5 -0.3113426 -0.05015432
Moved 258.7227 223.0951 381.0475 -0.3169095 -0.05364525
Moved 258.7391 221.6034 381 -0.3203626 -0.05401235
Moved 258.7513 219.1671 380 -0.3260022 -0.06172816
Moved 258.7679 218.0411 379.0411 -0.3286085 -0.06912702
Moved 258.7825 216.6064 379 -0.3319296 -0.06944421
Moved 258.8016 215.1714 379 -0.3352514 -0.06944421
Moved 258.8137 213.7276 379 -0.3385936 -0.06944421
Stationary 258.8279 213.7276 379 -0.3385936 -0.06944421
Moved 258.8446 211.848 379 -0.3429444 -0.06944421
Moved 258.8593 211.409 379 -0.3439606 -0.06944421
Moved 258.8757 210.5 379 -0.3460648 -0.06944421
Moved 258.8903 209.9493 379 -0.3473395 -0.06944421
Stationary 258.9065 210 379 -0.3472222 -0.06944421
Stationary 258.9254 210 379 -0.3472222 -0.06944421
Stationary 258.9378 210 379 -0.3472222 -0.06944421
Moved 258.9517 209 379 -0.349537 -0.06944421
Stationary 258.9682 209 379 -0.349537 -0.06944421
Stationary 258.9822 209 379 -0.349537 -0.06944421
Moved 258.9977 209 385.3869 -0.349537 -0.02016291
Moved 259.0137 209 387.3528 -0.349537 -0.004993839
Moved 259.0292 209 389.5803 -0.349537 0.01219349
Moved 259.0477 209 391.2303 -0.349537 0.02492552
Moved 259.0609 218.3448 394.3448 -0.3279055 0.04895728
Moved 259.076 222.3596 397.2397 -0.3186121 0.07129458
Moved 259.092 226.5 400 -0.3090278 0.09259272
Moved 259.1072 231.6193 402.9645 -0.2971774 0.1154668
Moved 259.1225 237.2413 406.1207 -0.2841635 0.1398202
Moved 259.1383 241.5015 408.001 -0.2743022 0.1543286
Moved 259.152 246.752 410.876 -0.2621481 0.1765126
Moved 259.1737 257.2429 414.8107 -0.2378638 0.2068729
Stationary 259.1836 257.2429 414.8107 -0.2378638 0.2068729
Moved 259.1989 263.0219 416.2555 -0.2244862 0.2180208
Moved 259.2144 266.9515 417.2379 -0.21539 0.2256013
Moved 259.2292 273.0791 419.5396 -0.2012059 0.2433609
Moved 259.2455 276.4033 420 -0.1935109 0.2469136
Moved 259.2608 280.9357 421.6452 -0.1830192 0.2596081
Moved 259.2761 285.258 423.086 -0.173014 0.2707254
Moved 259.2978 291.8898 424.9633 -0.1576625 0.2852105
Stationary 259.3096 291.8898 424.9633 -0.1576625 0.2852105
Moved 259.3222 294.1124 426.0562 -0.1525176 0.2936436
Moved 259.3385 298.5 426 -0.1423611 0.2932099
Moved 259.353 301.8563 426.9521 -0.1345919 0.3005564
Moved 259.3681 306.1724 427 -0.1246009 0.3009261
Moved 259.3841 309.4986 427 -0.1169014 0.3009261
Moved 259.399 315.0702 428.2676 -0.1040041 0.3107067
Moved 259.4203 320.8478 428 -0.09063 0.308642
Moved 259.433 326.2546 428 -0.07811443 0.308642
Moved 259.446 335.7584 428 -0.05611474 0.308642
Moved 259.4609 345.4429 428 -0.03369694 0.308642
Moved 259.4763 355.8663 428 -0.009568831 0.308642
Moved 259.4918 364.8008 428 0.01111309 0.308642
Moved 259.5068 371.9882 428 0.02775053 0.308642
Moved 259.5225 379.1817 428 0.04440218 0.308642
Moved 259.5454 390.0737 428 0.06961504 0.308642
Stationary 259.5567 390.0737 428 0.06961504 0.308642
Moved 259.5681 398.7206 428 0.08963108 0.308642
Moved 259.5839 406.3192 429 0.1072205 0.3163581
Moved 259.5995 413.6642 430.3328 0.1242225 0.3266423
Moved 259.6148 420.0763 430 0.1390654 0.3240741
Moved 259.6302 424.6048 430 0.1495481 0.3240741
Moved 259.6459 428.5 431.5 0.1585648 0.3356484
Moved 259.6654 433.9761 431 0.171241 0.33179
Moved 259.6772 438.5369 432.179 0.1817983 0.340887
Moved 259.6956 442.2496 432 0.1903925 0.3395063
Moved 259.7065 446.1719 433.0573 0.1994721 0.3476646
Moved 259.7232 449.001 433 0.2060209 0.3472221
Moved 259.7388 452.8464 433.9488 0.2149223 0.3545431
Moved 259.7535 455.7523 434 0.2216487 0.3549384
Moved 259.7756 461.7845 435 0.2356122 0.3626544
Stationary 259.786 461.7845 435 0.2356122 0.3626544
Moved 259.7999 463.3311 436.3311 0.2391922 0.372925
Moved 259.8151 466.5381 436 0.246616 0.3703703
Moved 259.8306 468.2119 436 0.2504906 0.3703703
Moved 259.8462 470.3038 436.6519 0.2553329 0.3754006
Moved 259.8616 472.0855 437 0.2594572 0.3780865
Moved 259.8811 473.1559 437 0.2619349 0.3780865
Moved 259.8927 474 437 0.2638889 0.3780865
Moved 259.9074 475.0805 437 0.26639 0.3780865
Moved 259.9232 475 438.5 0.2662037 0.3896605
Moved 259.9385 475.9634 438 0.2684339 0.3858025
Moved 259.9537 476.5 438 0.2696759 0.3858025
Stationary 259.9684 476.5 438 0.2696759 0.3858025
Stationary 259.9881 476.5 438 0.2696759 0.3858025
Moved 259.9998 476 439.0676 0.2685185 0.3940403
Moved 260.0154 461.5734 440 0.2351235 0.4012346
Moved 260.0313 453.7865 441.2427 0.2170984 0.4108231
Moved 260.0468 443.2239 443.6823 0.192648 0.4296476
Moved 260.0625 433.1813 444 0.1694013 0.432099
Moved 260.0768 424.0965 445.5576 0.1483716 0.4441175
Moved 260.0966 415.6363 446 0.1287878 0.4475308
Moved 260.1088 406.0594 447.1344 0.1066189 0.456284
Moved 260.1247 395.9479 447 0.08321285 0.4552471
Moved 260.1407 387.9122 447 0.06461153 0.4552471
Moved 260.1553 382.1912 447 0.05136847 0.4552471
Moved 260.1694 374.5262 447 0.03362546 0.4552471
Moved 260.1861 370.0099 447 0.02317101 0.4552471
Moved 260.2059 364.1197 447 0.009536247 0.4552471
Moved 260.2178 358.5108 447 -0.003447235 0.4552471
Moved 260.232 351.426 447 -0.0198473 0.4552471
Moved 260.2474 346.7441 447 -0.03068502 0.4552471
Moved 260.2631 341.2344 447 -0.04343882 0.4552471
Moved 260.2775 338.1095 447 -0.05067239 0.4552471
Moved 260.2936 333.775 447 -0.06070609 0.4552471
Moved 260.3138 332.5 447 -0.06365741 0.4552471
Moved 260.3243 329.8399 447 -0.06981497 0.4552471
Moved 260.3383 327.9795 447 -0.07412156 0.4552471
Moved 260.3545 326.5408 447 -0.07745186 0.4552471
Moved 260.3709 325.5 447 -0.07986113 0.4552471
Moved 260.3863 324.8317 447 -0.08140817 0.4552471
Stationary 260.4012 324.8317 447 -0.08140817 0.4552471
Stationary 260.4203 325 447 -0.08101851 0.4552471
Stationary 260.4316 325 447 -0.08101851 0.4552471
Stationary 260.4493 325 447 -0.08101851 0.4552471
Moved 260.4634 336.0284 447 -0.05548984 0.4552471
Moved 260.478 344.2312 436.7075 -0.03650183 0.3758298
Moved 260.4948 352.5158 433.8281 -0.01732454 0.3536115
Moved 260.5097 358 432.5 -0.004629641 0.3433642
Moved 260.5277 363.8534 430.0366 0.008919934 0.3243566
Moved 260.5392 367.1151 428.9616 0.01647015 0.3160618
Moved 260.5549 372.4758 427.5081 0.02887915 0.3048461
Moved 260.5712 376.8044 426.0652 0.03889919 0.2937129
Moved 260.5875 379.7397 426 0.04569381 0.2932099
Moved 260.602 382.6332 425 0.05239179 0.2854938
Moved 260.6162 385.4855 425 0.05899419 0.2854938
Moved 260.6365 387.6878 425 0.06409218 0.2854938
Moved 260.6487 389.7213 424.1393 0.06879945 0.2788529
Moved 260.6628 391.2751 424 0.0723961 0.2777779
Moved 260.6777 392.5 424 0.07523149 0.2777779
Moved 260.6933 393.0732 424 0.07655839 0.2777779
Moved 260.709 394 424 0.07870366 0.2777779
Moved 260.7244 395.0291 424 0.08108586 0.2777779
Ended 260.747 395.0291 424 0.08108586 0.2777779
Began 261.0777 463 452 0.2384259 0.4938273
Stationary 261.095 463 452 0.2384259 0.4938273
Stationary 261.1106 463 452 0.2384259 0.4938273
Stationary 261.1254 463 452 0.2384259 0.4938273
Stationary 261.1407 463 452 0.2384259 0.4938273
Stationary 261.1565 463 452 0.2384259 0.4938273
Stationary 261.1759 463 452 0.2384259 0.4938273
Stationary 261.1875 463 452 0.2384259 0.4938273
Stationary 261.2016 463 452 0.2384259 0.4938273
Stationary 261.2182 463 452 0.2384259 0.4938273
Moved 261.2338 448.4156 452 0.2046658 0.4938273
Moved 261.2498 444.0869 444.3623 0.1946457 0.4348944
Moved 261.265 440.8451 442.9225 0.1871415 0.4237852
Moved 261.2857 432.1348 441.0449 0.1669787 0.4092973
Stationary 261.297 432.1348 441.0449 0.1669787 0.4092973
Moved 261.3113 428.9616 439.9872 0.1596334 0.4011357
Moved 261.327 424.5932 438.5311 0.1495213 0.3899004
Moved 261.3421 420.2908 437.0969 0.1395621 0.3788345
Moved 261.3578 414.6607 435.6652 0.1265293 0.3677869
Moved 261.3727 411.6738 434.2246 0.1196153 0.3566715
Moved 261.3966 403.0409 431.3469 0.09963164 0.3344671
Stationary 261.4085 403.0409 431.3469 0.09963164 0.3344671
Moved 261.4186 399.513 430.171 0.0914652 0.3253936
Moved 261.4347 396.5715 430 0.08465628 0.3240741
Moved 261.4493 392.0356 428.3452 0.07415642 0.3113058
Moved 261.4656 387.7069 425.8046 0.06413639 0.2917025
Moved 261.4804 383.9247 424.4623 0.05538126 0.2813453
Moved 261.5017 380.0669 423.0223 0.04645119 0.2702335
Moved 261.5118 375.7508 420.1672 0.03646016 0.2482034
Moved 261.5264 371.4722 418.7361 0.02655596 0.237161
Moved 261.5411 365.3099 415.1859 0.01229137 0.209768
Moved 261.5571 359.4938 412.2469 -0.001171827 0.1870902
Moved 261.5732 351.0911 408.5455 -0.02062246 0.1585303
Moved 261.5889 345.0006 405.5003 -0.0347209 0.1350333
Moved 261.6067 339.2244 403.6122 -0.04809175 0.1204644
Moved 261.6187 332.3118 399.5871 -0.06409312 0.08940662
Moved 261.6341 327 398.5 -0.07638887 0.08101851
Moved 261.6491 320.4363 395.5745 -0.09158268 0.05844541
Moved 261.6645 314.4203 393.855 -0.1055086 0.04517791
Moved 261.6806 309.2513 392 -0.1174739 0.03086432
Moved 261.696 301.8601 390.9767 -0.1345831 0.02296813
Moved 261.7148 295.6831 389.5366 -0.1488818 0.01185665
Moved 261.726 289.3854 388.0964 -0.1634596 0.0007437483
Moved 261.7424 284.973 388 -0.1736737 1.177376E-07
Moved 261.7584 279.7403 386.548 -0.1857863 -0.01120332
Moved 261.7733 273.431 386 -0.2003913 -0.0154321
Moved 261.791 269.0182 384.6727 -0.2106059 -0.02567327
Moved 261.8032 263.6908 384 -0.2229381 -0.03086396
Moved 261.8253 255.0669 383.3557 -0.2429007 -0.03583602
Stationary 261.8363 255.0669 383.3557 -0.2429007 -0.03583602
Moved 261.8496 251.8337 383 -0.250385 -0.03858025
Moved 261.8666 247.5486 381.8871 -0.2603042 -0.04716709
Moved 261.8813 244.2122 381.4041 -0.2680273 -0.05089466
Moved 261.8977 239.8958 381 -0.278019 -0.05401235
Moved 261.9117 237.0616 379.5308 -0.2845795 -0.06534836
Moved 261.9344 230.2961 379 -0.3002405 -0.06944421
Stationary 261.9453 230.2961 379 -0.3002405 -0.06944421
Moved 261.9568 227.4206 378 -0.3068967 -0.0771605
Moved 261.9715 225.1455 378 -0.3121633 -0.0771605
Moved 261.9902 223.6538 376.6537 -0.3156163 -0.08754801
Moved 262.0035 221.2182 377 -0.321254 -0.08487654
Moved 262.0178 219.7802 377 -0.324583 -0.08487654
Moved 262.0382 218.3386 377 -0.32792 -0.08487654
Moved 262.0485 216.9029 375.903 -0.3312432 -0.09334141
Stationary 262.0639 216.9029 375.903 -0.3312432 -0.09334141
Moved 262.0788 215.2754 376 -0.3350106 -0.09259283
Moved 262.0981 214.5 376 -0.3368055 -0.09259283
Stationary 262.1109 214.5 376 -0.3368055 -0.09259283
Ended 262.1263 214 376 -0.3379629 -0.09259283
Began 262.419 363 388 0.006944438 1.177376E-07
Stationary 262.4385 363 388 0.006944438 1.177376E-07
Stationary 262.4502 363 388 0.006944438 1.177376E-07
Stationary 262.4654 363 388 0.006944438 1.177376E-07
Stationary 262.481 363 388 0.006944438 1.177376E-07
Stationary 262.4965 363 388 0.006944438 1.177376E-07
Stationary 262.511 363 388 0.006944438 1.177376E-07
Stationary 262.5307 363 388 0.006944438 1.177376E-07
Stationary 262.5422 363 388 0.006944438 1.177376E-07
Stationary 262.5573 363 388 0.006944438 1.177376E-07
Stationary 262.5723 363 388 0.006944438 1.177376E-07
Stationary 262.5879 363 388 0.006944438 1.177376E-07
Stationary 262.6041 363 388 0.006944438 1.177376E-07
Moved 262.6204 363 398.2714 0.006944438 0.07925469
Moved 262.6397 356.8491 403.3066 -0.007293821 0.1181064
Moved 262.6516 353.1837 405.8162 -0.01577834 0.1374709
Moved 262.6668 349.0722 411.2371 -0.02529591 0.1792987
Moved 262.682 346.4875 414.5125 -0.03127883 0.2045713
Moved 262.6973 343.6057 417.3943 -0.03794973 0.2268079
Moved 262.7125 341.3623 419.6377 -0.04314274 0.2441179
Moved 262.7287 338.8452 421.0774 -0.04896953 0.2552268
Moved 262.7501 334.6022 424.6989 -0.05879119 0.2831706
Stationary 262.7616 334.6022 424.6989 -0.05879119 0.2831706
Moved 262.7744 331.9419 427.0581 -0.06494939 0.3013743
Moved 262.7931 327.597 431.4031 -0.07500704 0.3349004
Moved 262.8066 325.1818 434.8182 -0.0805977 0.3612518
Moved 262.8218 320.9558 436.3481 -0.09038016 0.3730562
Moved 262.8369 319.2103 438.7897 -0.09442056 0.3918957
Moved 262.8557 316.5501 440.2249 -0.1005785 0.40297
Moved 262.8682 315.5 441.5 -0.1030092 0.4128088
Moved 262.8835 313.4378 443.5622 -0.1077829 0.4287208
Moved 262.8981 310.5533 445.2233 -0.1144599 0.4415379
Moved 262.9135 307.5878 447.4122 -0.1213246 0.4584278
Moved 262.9291 303.5741 449.142 -0.1306155 0.4717745
Moved 262.9456 299.8409 450.5795 -0.1392572 0.4828667
Moved 262.9658 292.6425 452.4525 -0.1559202 0.4973188
Stationary 262.9764 292.6425 452.4525 -0.1559202 0.4973188
Moved 262.99 291.4648 452.5352 -0.1586463 0.4979566
Moved 263.0059 289.0579 453 -0.1642179 0.5015432
Moved 263.0213 286.178 453 -0.1708843 0.5015432
Moved 263.0373 282.3087 453 -0.1798411 0.5015432
Moved 263.0524 279.4295 453 -0.1865058 0.5015432
Moved 263.0735 276.5552 453 -0.1931592 0.5015432
Moved 263.086 273.6949 453 -0.1997804 0.5015432
Moved 263.0988 271.5533 453 -0.2047378 0.5015432
Moved 263.1137 268.5396 453 -0.2117138 0.5015432
Moved 263.1302 266.8357 453 -0.2156581 0.5015432
Moved 263.1459 263.8134 453 -0.2226542 0.5015432
Moved 263.1614 260.9438 453 -0.2292966 0.5015432
Moved 263.1792 259.5318 453 -0.2325652 0.5015432
Moved 263.1921 258.0973 453 -0.2358858 0.5015432
Moved 263.2072 256.9982 445.9877 -0.23843 0.4474358
Moved 263.2233 255.5 446 -0.2418981 0.4475308
Moved 263.2377 253.1145 445.0573 -0.2474201 0.4402567
Moved 263.2535 252 444.5 -0.25 0.4359569
Moved 263.2687 251.181 444 -0.2518959 0.432099
Moved 263.2902 249.7476 444 -0.2552139 0.432099
Stationary 263.3007 249.7476 444 -0.2552139 0.432099
Moved 263.3141 248.1757 443 -0.2588526 0.4243827
Stationary 263.33 248 443 -0.2592593 0.4243827
Moved 263.3452 247 443 -0.2615741 0.4243827
Moved 263.3611 247 441.9232 -0.2615741 0.4160737
Moved 263.3815 245.5 442 -0.2650463 0.4166667
Stationary 263.3943 245.5 442 -0.2650463 0.4166667
Moved 263.4078 244.6261 442 -0.2670693 0.4166667
Moved 263.4235 245 440.626 -0.2662037 0.4060651
Moved 263.4372 244 440.0688 -0.2685185 0.4017654
Moved 263.4529 244 439.5 -0.2685185 0.3973767
Moved 263.4723 243.188 438.188 -0.2703982 0.3872529
Moved 263.4848 243 436.7561 -0.2708333 0.3762045
Moved 263.4987 243 435.3214 -0.2708333 0.3651339
Moved 263.5147 243 433.8868 -0.2708333 0.3540648
Moved 263.531 243 431 -0.2708333 0.33179
Moved 263.5471 243 429.6146 -0.2708333 0.3211
Moved 263.5677 243 425.8848 -0.2708333 0.292321
Stationary 263.5783 243 425.8848 -0.2708333 0.292321
Moved 263.5934 243 425 -0.2708333 0.2854938
Moved 263.608 243 422.1567 -0.2708333 0.2635547
Moved 263.6229 243 421.14 -0.2708333 0.2557101
Moved 263.64 243 420.5 -0.2708333 0.2507715
Moved 263.6579 243 419.8134 -0.2708333 0.2454733
Moved 263.67 243 417.2573 -0.2708333 0.2257508
Moved 263.6857 243 415.6928 -0.2708333 0.2136792
Moved 263.7 243 414.2568 -0.2708333 0.202599
Moved 263.7153 243 412.821 -0.2708333 0.1915199
Moved 263.7314 243 411.3804 -0.2708333 0.1804046
Moved 263.7536 250 408.8852 -0.2546296 0.1611513
Stationary 263.764 250 408.8852 -0.2546296 0.1611513
Stationary 263.7762 250 408.8852 -0.2546296 0.1611513
Moved 263.7922 251.0309 406.9691 -0.2522434 0.1463666
Moved 263.8086 251 405.5333 -0.2523148 0.1352875
Moved 263.8239 251 405 -0.2523148 0.131173
Moved 263.8461 252.3385 403.6615 -0.2492163 0.1208449
Stationary 263.8568 252.3385 403.6615 -0.2492163 0.1208449
Moved 263.8704 253 402.0595 -0.2476852 0.1084839
Moved 263.8876 255.7096 400.6452 -0.241413 0.09757113
Moved 263.9007 257.5824 400.2088 -0.2370778 0.09420384
Moved 263.9167 261.6797 398.7734 -0.2275932 0.08312826
Moved 263.937 270.4035 399 -0.2073993 0.08487666
Stationary 263.9487 270.4035 399 -0.2073993 0.08487666
Moved 263.9614 278.2488 399 -0.1892388 0.08487666
Moved 263.9777 284.6859 399 -0.1743383 0.08487666
Moved 263.9933 291.4346 399 -0.1587161 0.08487666
Moved 264.0092 301.6215 406.5243 -0.1351354 0.1429344
Moved 264.0277 310.7119 408.9177 -0.1140928 0.1614017
Moved 264.0429 319.3918 411.7972 -0.0940005 0.1836208
Moved 264.0558 328.8011 415.4862 -0.07221957 0.2120851
Moved 264.0709 339.0047 418.5728 -0.04860024 0.2359011
Moved 264.0873 344.5 419.5 -0.03587961 0.2430557
Moved 264.1009 352.7779 422.5927 -0.01671776 0.2669187
Moved 264.1228 369.9404 427.3135 0.02301017 0.3033446
Stationary 264.1345 369.9404 427.3135 0.02301017 0.3033446
Moved 264.146 378.5555 430.1852 0.0429526 0.3255028
Moved 264.1615 385.6644 432.5329 0.05940825 0.3436179
Moved 264.1773 394.7716 434.9348 0.08048971 0.3621511
Moved 264.1937 406.8215 439.433 0.108383 0.3968602
Moved 264.2129 414.8752 440.8282 0.1270258 0.4076248
Moved 264.2255 423.2256 444.0902 0.1463554 0.4327947
Moved 264.2394 430.4311 445.4862 0.1630349 0.4435667
Moved 264.2557 436.6971 448.8486 0.1775397 0.4695106
Moved 264.2704 442.4457 450.3615 0.1908466 0.4811839
Moved 264.2859 445.5975 452.5975 0.1981424 0.4984379
Moved 264.3053 449.7158 453 0.2076754 0.5015432
Moved 264.3172 451.5067 455.5067 0.2118211 0.5208851
Moved 264.3318 454.5521 456.7761 0.2188707 0.5306794
Moved 264.348 456.2122 458.2122 0.2227135 0.5417609
Moved 264.3631 457.6595 459 0.2260637 0.5478396
Moved 264.3788 459.0878 460.0878 0.22937 0.5562332
Moved 264.399 460.5 461.5 0.2326389 0.5671298
Stationary 264.4109 460.5 461.5 0.2326389 0.5671298
Moved 264.4234 460 462 0.2314815 0.5709878
Moved 264.4405 460 463.4715 0.2314815 0.5823418
Stationary 264.4554 460 463.4715 0.2314815 0.5823418
Moved 264.4732 449.1686 464 0.2064087 0.5864199
Moved 264.4923 433.4324 464 0.1699825 0.5864199
Stationary 264.5029 433.4324 464 0.1699825 0.5864199
Moved 264.516 422.7234 464 0.1451931 0.5864199
Moved 264.5339 412.5578 464 0.1216616 0.5864199
Moved 264.5479 398.8899 454.3119 0.09002277 0.5116661
Moved 264.564 388.1751 452.7056 0.0652202 0.4992714
Moved 264.5853 368.3337 447.9525 0.01929105 0.4625965
Stationary 264.5968 368.3337 447.9525 0.01929105 0.4625965
Moved 264.6096 355.678 444.9285 -0.01000454 0.439263
Moved 264.6252 345.6495 443.5214 -0.03321881 0.4284055
Moved 264.6464 339.2075 441.6307 -0.0481309 0.413817
Moved 264.6582 332.9773 439.9943 -0.06255265 0.4011908
Moved 264.676 325.7354 438.5471 -0.0793163 0.3900236
Moved 264.6887 321.4089 438.1022 -0.08933122 0.3865913
Moved 264.7015 316.9898 436.6633 -0.09956057 0.3754883
Moved 264.717 312.6581 435.2194 -0.1095878 0.3643469
Moved 264.7336 309.5526 435 -0.1167765 0.3626544
Moved 264.7488 305.5 433.5 -0.1261574 0.3510801
Moved 264.7675 301.5716 432.1906 -0.1352509 0.3409765
Moved 264.7794 296.2139 429.6069 -0.147653 0.3210412
Moved 264.7938 292.07 427.7133 -0.1572454 0.3064299
Moved 264.8099 287.7599 425.92 -0.1672225 0.2925926
Moved 264.8252 283.5 424.5 -0.1770833 0.2816359
Moved 264.8407 280.0787 422.0394 -0.185003 0.2626496
Moved 264.8607 277.2013 420.6006 -0.1916636 0.2515484
Moved 264.8731 275.237 419.6185 -0.1962108 0.2439696
Moved 264.8864 272.1072 416.1072 -0.2034555 0.216877
Moved 264.9024 267.8447 414.6149 -0.2133224 0.2053622
Moved 264.9181 265.3513 411.3513 -0.2190943 0.1801793
Moved 264.9335 262.4675 408.4675 -0.2257697 0.1579285
Moved 264.9526 260.5916 406.5916 -0.2301119 0.1434538
Moved 264.9646 258.8635 404.8635 -0.2341123 0.1301194
Moved 264.9797 257.8476 403.8476 -0.236464 0.1222808
Moved 264.9948 256.3443 402.3442 -0.2399438 0.110681
Moved 265.011 254.9055 400.9055 -0.2432744 0.09957915
Stationary 265.0255 254.9055 400.9055 -0.2432744 0.09957915
Moved 265.0469 253.6261 399.626 -0.246236 0.08970732
Moved 265.0577 252.7932 398.7932 -0.2481639 0.0832805
Stationary 265.0711 252.7932 398.7932 -0.2481639 0.0832805
Moved 265.0877 251.6266 397.6266 -0.2508644 0.07427922
Moved 265.1022 250.8258 396.8257 -0.2527181 0.06809989
Stationary 265.119 250.8258 396.8257 -0.2527181 0.06809989
Moved 265.1405 250 395.2759 -0.2546296 0.05614116
Stationary 265.1514 250 395.2759 -0.2546296 0.05614116
Moved 265.1638 250 394.5 -0.2546296 0.05015444
Moved 265.1797 249 394.3989 -0.2569445 0.04937443
Moved 265.1957 249 393.5 -0.2569445 0.04243815
Stationary 265.2113 249 393.5 -0.2569445 0.04243815
Stationary 265.2295 249 393.5 -0.2569445 0.04243815
Moved 265.2418 247.8281 392.8281 -0.2596572 0.03725417
Stationary 265.2581 247.8281 392.8281 -0.2596572 0.03725417
Moved 265.2712 248 391.7513 -0.2592593 0.02894519
Moved 265.2886 246.8388 392 -0.2619472 0.03086432
Stationary 265.3072 246.8388 392 -0.2619472 0.03086432
Stationary 265.3227 246.8388 392 -0.2619472 0.03086432
Moved 265.3339 247 390.774 -0.2615741 0.02140434
Stationary 265.3493 247 390.774 -0.2615741 0.02140434
Stationary 265.3647 247 390.774 -0.2615741 0.02140434
Moved 265.3803 247 389.87 -0.2615741 0.01442909
Moved 265.3958 245.9496 390 -0.2640055 0.0154321
Stationary 265.4149 245.9496 390 -0.2640055 0.0154321
Stationary 265.4261 245.9496 390 -0.2640055 0.0154321
Moved 265.4414 246 388.9828 -0.2638889 0.007583242
Stationary 265.4568 246 388.9828 -0.2638889 0.007583242
Stationary 265.4719 246 388.9828 -0.2638889 0.007583242
Stationary 265.487 246 388.9828 -0.2638889 0.007583242
Stationary 265.5062 246 388.9828 -0.2638889 0.007583242
Moved 265.5185 246 387.8755 -0.2638889 -0.0009607386
Stationary 265.534 246 387.8755 -0.2638889 -0.0009607386
Moved 265.5494 244.7782 388 -0.2667171 1.177376E-07
Stationary 265.5648 244.7782 388 -0.2667171 1.177376E-07
Stationary 265.5806 244.7782 388 -0.2667171 1.177376E-07
Moved 265.5996 245 386.9805 -0.2662037 -0.007866283
Stationary 265.6106 245 386.9805 -0.2662037 -0.007866283
Stationary 265.6259 245 386.9805 -0.2662037 -0.007866283
Stationary 265.6413 245 386.9805 -0.2662037 -0.007866283
Stationary 265.6565 245 386.9805 -0.2662037 -0.007866283
Stationary 265.6724 245 386.9805 -0.2662037 -0.007866283
Moved 265.6988 245 385.9506 -0.2662037 -0.0158131
Stationary 265.7146 245 385.9506 -0.2662037 -0.0158131
Stationary 265.7303 245 385.9506 -0.2662037 -0.0158131
Stationary 265.7411 245 385.9506 -0.2662037 -0.0158131
Stationary 265.7512 245 385.9506 -0.2662037 -0.0158131
Stationary 265.7645 245 385.9506 -0.2662037 -0.0158131
Stationary 265.7839 245 385.9506 -0.2662037 -0.0158131
Stationary 265.7953 245 385.9506 -0.2662037 -0.0158131
Stationary 265.8107 245 385.9506 -0.2662037 -0.0158131
Moved 265.8268 245 384.9995 -0.2662037 -0.02315192
Stationary 265.8421 245 384.9995 -0.2662037 -0.02315192
Stationary 265.857 245 384.9995 -0.2662037 -0.02315192
Stationary 265.8762 245 384.9995 -0.2662037 -0.02315192
Stationary 265.8873 245 384.9995 -0.2662037 -0.02315192
Stationary 265.9027 245 384.9995 -0.2662037 -0.02315192
Stationary 265.918 245 384.9995 -0.2662037 -0.02315192
Stationary 265.9339 245 384.9995 -0.2662037 -0.02315192
Stationary 265.9496 245 385 -0.2662037 -0.02314815
Ended 265.9699 245 385 -0.2662037 -0.02314815
Began 266.6662 424 287 0.1481481 -0.7793208
Stationary 266.6765 424 287 0.1481481 -0.7793208
Stationary 266.6899 424 287 0.1481481 -0.7793208
Stationary 266.7057 424 287 0.1481481 -0.7793208
Stationary 266.7199 424 287 0.1481481 -0.7793208
Stationary 266.7405 424 287 0.1481481 -0.7793208
Stationary 266.7538 424 287 0.1481481 -0.7793208
Stationary 266.7685 424 287 0.1481481 -0.7793208
Stationary 266.7832 424 287 0.1481481 -0.7793208
Moved 266.7978 424 300.6211 0.1481481 -0.6742198
Moved 266.8144 414.7159 304.9789 0.1266573 -0.640595
Moved 266.8362 414.7298 320.6211 0.1266894 -0.5198988
Stationary 266.8477 414.7298 320.6211 0.1266894 -0.5198988
Moved 266.8604 413.5 325 0.1238426 -0.4861111
Moved 266.8759 413.1781 334.1094 0.1230975 -0.4158223
Moved 266.8918 411.7448 341.2762 0.1197795 -0.3605233
Moved 266.9071 411.3138 347.7447 0.1187819 -0.310612
Moved 266.9288 408.4405 359.6786 0.1121307 -0.2185294
Stationary 266.9402 408.4405 359.6786 0.1121307 -0.2185294
Moved 266.9529 407.0061 363.9816 0.1088105 -0.1853269
Moved 266.9682 405.5703 369.7188 0.1054868 -0.1410583
Moved 266.9855 404.6214 373.5143 0.1032904 -0.1117723
Moved 266.9989 403.0487 379.8539 0.09964982 -0.06285562
Moved 267.0199 398.3485 390.303 0.0887696 0.01777049
Stationary 267.0309 398.3485 390.303 0.0887696 0.01777049
Moved 267.0441 396.7384 396.0464 0.08504261 0.06208691
Moved 267.0599 395.2968 399.1097 0.08170545 0.08572331
Moved 267.0753 392.7281 403.4078 0.07575959 0.1188873
Moved 267.092 391.7925 405.415 0.07359375 0.1343748
Moved 267.1129 388.858 411.2839 0.066801 0.1796602
Stationary 267.1233 388.858 411.2839 0.066801 0.1796602
Moved 267.1371 387.4204 413.5796 0.06347319 0.1973735
Moved 267.1536 385.9017 416.1967 0.0599576 0.2175669
Moved 267.1683 384.5 419 0.05671293 0.2391978
Moved 267.1841 384.0157 421.9686 0.05559186 0.2621036
Moved 267.2055 382.9305 424.1389 0.05307992 0.2788497
Moved 267.2165 381.5 427 0.04976849 0.3009261
Moved 267.2301 380.0242 431.9274 0.04635235 0.3389459
Moved 267.2458 378.5825 433.4175 0.04301508 0.3504435
Moved 267.2613 378 435.8615 0.04166663 0.3693012
Moved 267.2777 376.7002 438.5996 0.03865788 0.3904292
Moved 267.2955 376 439 0.03703703 0.3935187
Moved 267.3076 375.1323 440.7354 0.03502846 0.406909
Moved 267.3228 375 442.2607 0.03472219 0.4186786
Stationary 267.3381 375 442 0.03472219 0.4166667
Moved 267.3529 375 443.1501 0.03472219 0.425541
Ended 267.3691 375 443 0.03472219 0.4243827
Began 267.8887 161 401 -0.4606481 0.1003085
Stationary 267.9091 161 401 -0.4606481 0.1003085
Stationary 267.924 161 401 -0.4606481 0.1003085
Stationary 267.9395 161 401 -0.4606481 0.1003085
Moved 267.9551 178.6572 401 -0.4197749 0.1003085
Moved 267.9722 194.781 411.3562 -0.3824513 0.1802176
Moved 267.994 211.4514 414.2419 -0.3438624 0.2024835
Moved 268.0069 225.2691 414 -0.311877 0.2006174
Moved 268.0197 252.0998 415 -0.2497689 0.2083334
Moved 268.0349 273.7288 415 -0.1997019 0.2083334
Moved 268.048 300.8913 411.1534 -0.1368258 0.1786525
Moved 268.0642 313.8772 406.1033 -0.1067658 0.1396862
Moved 268.0847 363.265 397.547 0.007557869 0.0736651
Moved 268.0987 383.5 395 0.05439818 0.05401247
Stationary 268.1105 383.5 395 0.05439818 0.05401247
Moved 268.1246 419.8253 388.8262 0.1384846 0.006374901
Moved 268.1403 428.7547 388.883 0.1591543 0.006813121
Moved 268.1563 455.4599 385.7117 0.220972 -0.01765675
Moved 268.1768 476.8674 385 0.2705264 -0.02314815
Moved 268.1893 481.0903 385 0.2803016 -0.02314815
Moved 268.202 489.9561 385 0.3008243 -0.02314815
Moved 268.2173 493.5735 385 0.3091979 -0.02314815
Moved 268.2328 503.8452 385 0.3329751 -0.02314815
Moved 268.2525 512.0476 385 0.351962 -0.02314815
Moved 268.2656 519.2175 385 0.3685591 -0.02314815
Moved 268.2783 525.9637 385 0.3841754 -0.02314815
Moved 268.2942 528.8577 385 0.3908742 -0.02314815
Moved 268.3102 536.114 383.6287 0.4076714 -0.03372946
Moved 268.3297 538.2816 384 0.4126888 -0.03086396
Moved 268.3414 541.4403 384 0.4200007 -0.03086396
Moved 268.3577 547.0712 383 0.4330353 -0.03858025
Stationary 268.3721 547.0765 383 0.4330475 -0.03858025
Moved 268.3884 550.2375 382 0.4403646 -0.04629629
Moved 268.4075 552.3876 382 0.4453418 -0.04629629
Ended 268.4214 554.2505 382 0.4496539 -0.04629629
PhraseEnd 269.5719
