stay away from strangers
Basic
0.6 0.6
432 129.6
Began 339.898 347 409 -0.0300926 0.1620373
Stationary 339.9187 347 409 -0.0300926 0.1620373
Stationary 339.9336 347 409 -0.0300926 0.1620373
Stationary 339.9489 347 409 -0.0300926 0.1620373
Stationary 339.9638 347 409 -0.0300926 0.1620373
Stationary 339.9791 347 409 -0.0300926 0.1620373
Stationary 339.9933 347 409 -0.0300926 0.1620373
Stationary 340.0101 347 409 -0.0300926 0.1620373
Stationary 340.0251 347 409 -0.0300926 0.1620373
Stationary 340.04 347 409 -0.0300926 0.1620373
Stationary 340.0558 347 409 -0.0300926 0.1620373
Stationary 340.0724 347 409 -0.0300926 0.1620373
Stationary 340.0869 347 409 -0.0300926 0.1620373
Moved 340.1017 337.3709 409 -0.0523822 0.1620373
Moved 340.1197 336.1772 409 -0.05514532 0.1620373
Moved 340.1335 334.7881 409 -0.05836085 0.1620373
Stationary 340.1475 334.7881 409 -0.05836085 0.1620373
Moved 340.1628 332.9145 409 -0.06269792 0.1620373
Stationary 340.1789 332.9145 409 -0.06269792 0.1620373
Moved 340.1952 331.0281 409 -0.06706456 0.1620373
Stationary 340.2108 331 409 -0.06712963 0.1620373
Moved 340.2261 329.3643 409 -0.07091606 0.1620373
Moved 340.2415 328.5 409 -0.07291664 0.1620373
Moved 340.2568 327.8012 409 -0.07453431 0.1620373
Stationary 340.2739 327.8012 409 -0.07453431 0.1620373
Moved 340.2882 326.6266 409 -0.07725333 0.1620373
Moved 340.3032 325.2831 409 -0.0803631 0.1620373
Moved 340.3192 324.5 409 -0.08217593 0.1620373
Moved 340.3343 323.7021 409 -0.08402303 0.1620373
Moved 340.3496 322.5121 409 -0.08677751 0.1620373
Moved 340.3655 321.9456 409 -0.088089 0.1620373
Moved 340.3807 320.4525 409 -0.09154519 0.1620373
Moved 340.3963 319.5 409 -0.09375001 0.1620373
Moved 340.4128 318.7858 409 -0.0954033 0.1620373
Moved 340.4278 317.1334 409 -0.09922832 0.1620373
Moved 340.4425 315.6984 409 -0.1025499 0.1620373
Moved 340.4676 312.2783 409 -0.1104669 0.1620373
Moved 340.4811 310.7003 409 -0.1141196 0.1620373
Stationary 340.4916 310.7003 409 -0.1141196 0.1620373
Moved 340.5034 308.5133 409 -0.1191821 0.1620373
Moved 340.5197 305.6343 409 -0.1258465 0.1620373
Moved 340.5354 303.7533 409 -0.1302007 0.1620373
Moved 340.5501 299.8105 409 -0.1393274 0.1620373
Moved 340.5663 297.7756 409 -0.1440379 0.1620373
Moved 340.5809 293.2327 409 -0.1545539 0.1620373
Moved 340.5959 288.9044 409 -0.1645732 0.1620373
Moved 340.611 283.1175 409 -0.1779688 0.1620373
Moved 340.627 276.3523 409 -0.193629 0.1620373
Moved 340.6425 270.5965 409 -0.2069526 0.1620373
Moved 340.6576 265.6328 409 -0.2184426 0.1620373
Moved 340.6738 261.2177 409 -0.2286626 0.1620373
Moved 340.6891 256.8961 409 -0.2386665 0.1620373
Moved 340.7044 252.3772 409 -0.2491269 0.1620373
Moved 340.7208 249.5046 409 -0.2557763 0.1620373
Moved 340.7356 246.6372 409 -0.2624138 0.1620373
Moved 340.7509 243.7533 409 -0.2690895 0.1620373
Moved 340.7652 242.4374 409 -0.2721357 0.1620373
Moved 340.7812 241.2518 409 -0.2748801 0.1620373
Moved 340.7974 239.9001 409 -0.2780091 0.1620373
Stationary 340.8123 240 409 -0.2777777 0.1620373
Stationary 340.8278 240 409 -0.2777777 0.1620373
Moved 340.8419 239 409 -0.2800926 0.1620373
Stationary 340.8582 239 409 -0.2800926 0.1620373
Stationary 340.8753 239 409 -0.2800926 0.1620373
Stationary 340.8889 239 409 -0.2800926 0.1620373
Stationary 340.9037 239 409 -0.2800926 0.1620373
Stationary 340.9203 239 409 -0.2800926 0.1620373
Stationary 340.9362 239 409 -0.2800926 0.1620373
Stationary 340.9502 239 409 -0.2800926 0.1620373
Stationary 340.9661 239 409 -0.2800926 0.1620373
Stationary 340.9811 239 409 -0.2800926 0.1620373
Stationary 340.9983 239 409 -0.2800926 0.1620373
Moved 341.0111 247.6784 409 -0.2600036 0.1620373
Moved 341.0286 251.993 409 -0.2500162 0.1620373
Moved 341.0437 256.3091 409 -0.2400251 0.1620373
Moved 341.0591 260.4891 415.9782 -0.2303493 0.2158813
Moved 341.0758 266.2439 418.311 -0.217028 0.233881
Moved 341.0894 276.2783 419.754 -0.1938002 0.2450157
Moved 341.1052 286.4118 422.4034 -0.170343 0.2654582
Moved 341.1213 293.4764 423.2109 -0.1539898 0.2716895
Moved 341.1359 300.6519 424 -0.1373798 0.2777779
Moved 341.1509 309.0284 425.1714 -0.1179897 0.2868164
Moved 341.1681 316.0286 426 -0.1017857 0.2932099
Moved 341.1822 325.2805 427.04 -0.08036926 0.3012348
Moved 341.1984 336.8329 428.4791 -0.05362759 0.3123389
Moved 341.2114 344.5907 429 -0.03566975 0.3163581
Moved 341.2285 350.2557 429 -0.02255628 0.3163581
Moved 341.244 356 429 -0.009259283 0.3163581
Moved 341.2594 360.798 430 0.001847347 0.3240741
Moved 341.2751 365.148 430 0.01191676 0.3240741
Moved 341.29 367.6364 430.8182 0.01767675 0.3303872
Moved 341.3053 370.5138 431 0.02433747 0.33179
Moved 341.3214 371.6862 431 0.02705137 0.33179
Moved 341.3369 372.8426 431 0.02972812 0.33179
Moved 341.3574 374.2285 431 0.03293623 0.33179
Stationary 341.3673 374.2285 431 0.03293623 0.33179
Moved 341.3826 375.3729 431 0.03558536 0.33179
Stationary 341.3987 375 431 0.03472219 0.33179
Stationary 341.4129 375 431 0.03472219 0.33179
Stationary 341.4285 375 431 0.03472219 0.33179
Stationary 341.4443 375 431 0.03472219 0.33179
Moved 341.4597 367.5172 431 0.01740088 0.33179
Moved 341.4742 361.4576 431 0.003374219 0.33179
Moved 341.4896 353.8977 431 -0.01412575 0.33179
Moved 341.5059 346.6833 431 -0.03082573 0.33179
Moved 341.5212 338.0906 425.3892 -0.05071625 0.2884971
Moved 341.5356 330.2996 423 -0.06875088 0.2700617
Moved 341.5511 320.5 420 -0.09143516 0.2469136
Moved 341.567 310.1364 418.6104 -0.1154251 0.2361916
Moved 341.583 298.9248 416.8656 -0.1413777 0.2227285
Moved 341.5986 288.9879 414.8537 -0.1643798 0.2072046
Moved 341.6136 280.9406 412.9881 -0.183008 0.1928093
Moved 341.6302 273.7468 411.5494 -0.1996601 0.1817082
Moved 341.6451 266.5276 410.1055 -0.2163713 0.1705674
Moved 341.6602 260.6649 408.6662 -0.2299425 0.1594613
Moved 341.6763 255.3277 406.5819 -0.2422969 0.143379
Moved 341.6907 248.7239 405.1448 -0.2575836 0.1322901
Moved 341.7061 242.7646 403.6912 -0.2713782 0.121074
Moved 341.7216 237.7763 402.2588 -0.2829252 0.1100216
Moved 341.7366 232.2935 400.8234 -0.295617 0.09894571
Moved 341.7516 228.1694 400 -0.3051634 0.09259272
Moved 341.7678 223.8532 398.951 -0.3151546 0.08449885
Moved 341.7835 219.4395 397.8599 -0.3253715 0.07607943
Moved 341.7989 213.495 396.3738 -0.3391319 0.06461261
Moved 341.8141 208.8019 394.934 -0.3499956 0.05350301
Moved 341.8303 203.9581 392.4895 -0.3612081 0.03464146
Moved 341.845 198.2031 390.1016 -0.3745298 0.01621576
Moved 341.8598 192.4951 388.6238 -0.3877429 0.004812995
Moved 341.8763 186.7295 386.1824 -0.401089 -0.01402502
Moved 341.8923 182.2293 384.1147 -0.4115061 -0.02997928
Moved 341.9084 176.5351 382.6338 -0.4246872 -0.04140595
Moved 341.9236 170.7843 380.196 -0.4379993 -0.06021571
Moved 341.9379 164.8429 378.7108 -0.4517524 -0.07167628
Moved 341.9538 161.5365 377 -0.4594063 -0.08487654
Moved 341.9695 157.4885 375.8295 -0.4687766 -0.09390773
Moved 341.9832 155.3879 375.3879 -0.473639 -0.09731506
Moved 342.0032 153.4631 375 -0.4780946 -0.1003086
Moved 342.0155 150.7494 373.8747 -0.4843764 -0.1089916
Moved 342.0304 147.8694 374 -0.491043 -0.1080245
Moved 342.0452 145.9948 374 -0.4953826 -0.1080245
Moved 342.0605 144.556 374 -0.498713 -0.1080245
Moved 342.0774 143.5 374 -0.5011575 -0.1080245
Moved 342.0912 142.8393 374 -0.5026869 -0.1080245
Stationary 342.1064 142.8393 374 -0.5026869 -0.1080245
Stationary 342.1215 142.8393 374 -0.5026869 -0.1080245
Stationary 342.137 143 374 -0.5023148 -0.1080245
Stationary 342.1522 143 374 -0.5023148 -0.1080245
Stationary 342.168 143 374 -0.5023148 -0.1080245
Stationary 342.1845 143 374 -0.5023148 -0.1080245
Stationary 342.1986 143 374 -0.5023148 -0.1080245
Moved 342.2144 143 382.2 -0.5023148 -0.044753
Moved 342.2309 155.0007 384.8004 -0.4745355 -0.02468804
Moved 342.2462 160.1098 387.0366 -0.4627088 -0.007433362
Moved 342.2601 167.8692 391.4346 -0.4447472 0.02650131
Moved 342.2787 175.5845 394.8338 -0.4268877 0.05272995
Moved 342.2923 184.1572 399.0786 -0.4070435 0.08548301
Moved 342.3069 192.7767 402.5922 -0.387091 0.1125944
Moved 342.3243 201.374 405.458 -0.3671898 0.1347069
Moved 342.3373 207.6918 407.564 -0.3525653 0.1509566
Moved 342.3533 217.4833 410.4313 -0.3298997 0.1730811
Moved 342.3698 225.2162 412.2432 -0.3119996 0.1870621
Moved 342.3863 235.7823 414.3664 -0.287541 0.2034443
Moved 342.399 244.7537 417.2512 -0.2667739 0.2257037
Moved 342.4154 251.2269 418.5567 -0.2517897 0.2357772
Moved 342.43 258.0267 420.0053 -0.2360494 0.2469546
Moved 342.4454 261.2283 420 -0.2286381 0.2469136
Moved 342.4607 269.2453 421.5409 -0.2100804 0.2588033
Moved 342.4765 280.8414 422 -0.1832375 0.2623458
Moved 342.492 288.1672 423.4334 -0.1662796 0.2734061
Moved 342.5071 297.33 424.866 -0.1450694 0.2844601
Moved 342.5293 309.2106 426 -0.1175681 0.2932099
Stationary 342.5393 309.2106 426 -0.1175681 0.2932099
Moved 342.553 312.6011 426 -0.1097196 0.2932099
Moved 342.5705 316.7338 427.2446 -0.1001532 0.3028136
Moved 342.5843 320.7559 427.689 -0.0908428 0.3062421
Moved 342.5998 326.5238 428 -0.0774911 0.308642
Moved 342.6154 332.2887 428.5722 -0.06414652 0.3130572
Moved 342.6308 337.0329 430.011 -0.05316451 0.3241588
Moved 342.6452 341.3369 430 -0.04320165 0.3240741
Moved 342.66 345.3413 431 -0.03393223 0.33179
Moved 342.6801 350.0212 431 -0.02309904 0.33179
Moved 342.6924 355.8091 431 -0.009701251 0.33179
Moved 342.7085 363.3727 432 0.007807314 0.3395063
Moved 342.7237 369.2668 433.3167 0.02145102 0.3496661
Moved 342.739 374.0296 433.7574 0.03247589 0.3530664
Moved 342.7544 377.3922 434 0.04025966 0.3549384
Moved 342.7704 381.5 434 0.04976849 0.3549384
Moved 342.7849 385.1696 434.7232 0.05826304 0.3605186
Moved 342.8011 388.3306 435 0.06558011 0.3626544
Moved 342.8167 392.2106 436 0.07456154 0.3703703
Moved 342.8315 396.1354 436 0.08364668 0.3703703
Moved 342.8484 398.9677 436 0.09020289 0.3703703
Moved 342.8638 400.8562 436 0.09457459 0.3703703
Moved 342.878 402.367 436 0.09807178 0.3703703
Moved 342.8927 403.387 436 0.1004328 0.3703703
Moved 342.9085 404.9428 436 0.1040342 0.3703703
Moved 342.9247 406.3852 437.3852 0.1073731 0.3810585
Moved 342.9393 407.8258 437 0.1107079 0.3780865
Moved 342.9547 408.5 437 0.1122685 0.3780865
Moved 342.9737 409.7122 437 0.1150746 0.3780865
Ended 342.986 410.5 437 0.1168981 0.3780865
Began 343.9379 207 351 -0.3541667 -0.2854941
Stationary 343.9586 207 351 -0.3541667 -0.2854941
Stationary 343.9742 207 351 -0.3541667 -0.2854941
Stationary 343.9868 207 351 -0.3541667 -0.2854941
Stationary 344.0022 207 351 -0.3541667 -0.2854941
Stationary 344.021 207 351 -0.3541667 -0.2854941
Stationary 344.035 207 351 -0.3541667 -0.2854941
Stationary 344.0508 207 351 -0.3541667 -0.2854941
Stationary 344.0628 207 351 -0.3541667 -0.2854941
Stationary 344.0795 207 351 -0.3541667 -0.2854941
Stationary 344.0951 207 351 -0.3541667 -0.2854941
Stationary 344.109 207 351 -0.3541667 -0.2854941
Stationary 344.1258 207 351 -0.3541667 -0.2854941
Stationary 344.1424 207 351 -0.3541667 -0.2854941
Stationary 344.1566 207 351 -0.3541667 -0.2854941
Stationary 344.1731 207 351 -0.3541667 -0.2854941
Moved 344.1878 207 361.3042 -0.3541667 -0.2059859
Moved 344.2038 207 363.4882 -0.3541667 -0.1891346
Moved 344.219 207 366.3658 -0.3541667 -0.1669307
Moved 344.2343 211.3509 369.2431 -0.3440951 -0.1447292
Moved 344.2501 216.1207 372.1207 -0.3330539 -0.122525
Moved 344.2663 217.5 375 -0.3298611 -0.1003086
Moved 344.2814 220.1748 378.7622 -0.3236694 -0.07127927
Moved 344.3031 224.9381 386.4072 -0.3126432 -0.01229027
Stationary 344.3137 224.9381 386.4072 -0.3126432 -0.01229027
Moved 344.3264 227.8186 390.7279 -0.3059755 0.02104889
Moved 344.3425 230.6963 393.6963 -0.2993142 0.04395297
Moved 344.358 232.5794 395.7897 -0.2949551 0.06010551
Moved 344.3726 234.2354 398.4709 -0.2911217 0.08079387
Moved 344.3879 235.2765 399.2765 -0.2887119 0.08701006
Moved 344.4043 236.8073 401.8073 -0.2851682 0.1065381
Moved 344.4251 239.6738 406.3476 -0.2785329 0.141571
Stationary 344.4356 239.6738 406.3476 -0.2785329 0.141571
Moved 344.4499 241.1148 408.1148 -0.2751972 0.155207
Moved 344.4666 242.5532 409.5532 -0.2718676 0.1663059
Moved 344.481 243.992 410.992 -0.268537 0.1774074
Moved 344.4964 244.5 411.5 -0.2673611 0.1813273
Moved 344.5112 245.2343 412.2343 -0.2656614 0.1869929
Stationary 344.5287 245.2343 412.2343 -0.2656614 0.1869929
Moved 344.5422 246.4258 413 -0.2629033 0.1929012
Stationary 344.5578 246.4258 413 -0.2629033 0.1929012
Moved 344.5729 246 414.0978 -0.2638889 0.2013718
Stationary 344.5883 246 414.0978 -0.2638889 0.2013718
Stationary 344.6042 246 414 -0.2638889 0.2006174
Stationary 344.62 246 414 -0.2638889 0.2006174
Stationary 344.6339 246 414 -0.2638889 0.2006174
Stationary 344.6503 246 414 -0.2638889 0.2006174
Moved 344.6723 230.0318 405.0159 -0.3008523 0.131296
Stationary 344.6842 230.0318 405.0159 -0.3008523 0.131296
Moved 344.6971 224.2773 403.5693 -0.314173 0.1201339
Moved 344.7126 221.0247 401.3416 -0.3217021 0.1029442
Moved 344.729 216.0437 399.0219 -0.3332321 0.08504514
Moved 344.745 210.3369 396.1685 -0.3464423 0.06302822
Moved 344.7589 205.4126 394.2751 -0.3578412 0.04841899
Moved 344.7739 199.8016 391.4008 -0.3708297 0.02624111
Moved 344.789 196.7762 389.5175 -0.3778329 0.01170865
Moved 344.8055 192.46 387.82 -0.3878241 -0.001388832
Moved 344.8236 190 385 -0.3935185 -0.02314815
Moved 344.8361 186.5876 383.5876 -0.4014176 -0.03404641
Moved 344.8513 181.3638 380.6819 -0.4135098 -0.05646694
Moved 344.8675 177.2122 377.8081 -0.4231199 -0.07864093
Moved 344.8818 172.8958 374.9305 -0.4331116 -0.1008446
Moved 344.8975 169.5883 373.0588 -0.4407679 -0.1152867
Moved 344.9139 166.1864 370.1864 -0.4486426 -0.1374508
Moved 344.9288 161.9759 367.3173 -0.458389 -0.1595886
Moved 344.9445 160.2639 365.2639 -0.462352 -0.175433
Moved 344.959 157.1694 363.0847 -0.4695152 -0.1922476
Moved 344.9744 155.6539 360.3079 -0.4730233 -0.2136742
Moved 344.9905 153.2097 359.2098 -0.4786811 -0.2221468
Moved 345.0123 149.3347 354.6694 -0.4876511 -0.2571803
Stationary 345.023 149.3347 354.6694 -0.4876511 -0.2571803
Moved 345.0451 146.8461 351.8461 -0.4934117 -0.2789651
Stationary 345.055 146.8461 351.8461 -0.4934117 -0.2789651
Moved 345.067 146 349.7133 -0.4953704 -0.2954217
Moved 345.0829 144.92 349 -0.4978704 -0.3009257
Moved 345.0978 145 347.5 -0.4976852 -0.3125
Stationary 345.112 145 347.5 -0.4976852 -0.3125
Moved 345.1346 143.6271 346.6271 -0.5008632 -0.3192351
Stationary 345.1563 143.6271 346.6271 -0.5008632 -0.3192351
Stationary 345.1716 143.6271 346.6271 -0.5008632 -0.3192351
Moved 345.1834 144 347 -0.5000001 -0.3163578
Stationary 345.194 144 347 -0.5000001 -0.3163578
Stationary 345.2052 144 347 -0.5000001 -0.3163578
Stationary 345.2212 144 347 -0.5000001 -0.3163578
Moved 345.2357 155.2578 347 -0.4739402 -0.3163578
Moved 345.2517 159.5612 350.6428 -0.4639787 -0.2882501
Moved 345.2684 163.1736 354.7245 -0.4556166 -0.256755
Moved 345.2829 168.2863 356.0716 -0.4437817 -0.2463612
Moved 345.2979 178.9945 360.4973 -0.4189942 -0.2122126
Moved 345.3131 189.5673 364.8377 -0.3945202 -0.1787212
Moved 345.3351 203.3047 370.6523 -0.3627205 -0.1338554
Stationary 345.3458 203.3047 370.6523 -0.3627205 -0.1338554
Moved 345.3593 209.0474 372.2618 -0.3494274 -0.1214364
Moved 345.3756 212.5 375 -0.3414352 -0.1003086
Moved 345.3907 219.748 377.374 -0.3246575 -0.0819908
Moved 345.4067 230.8498 382.9249 -0.2989589 -0.03915975
Moved 345.4216 238.3644 386.3458 -0.2815639 -0.01276417
Moved 345.4371 245.542 389.2168 -0.264949 0.009388983
Moved 345.4523 250.6425 391.5475 -0.2531423 0.02737257
Moved 345.4691 255.9449 392.9862 -0.2408684 0.03847405
Moved 345.4843 263.1453 395.8581 -0.2242008 0.06063344
Moved 345.4988 271.9463 399.1275 -0.203828 0.08586048
Moved 345.5144 281.0542 402.0181 -0.1827449 0.1081641
Moved 345.5304 286.7912 403.4478 -0.1694648 0.1191961
Moved 345.5448 290.773 404.8865 -0.1602477 0.1302969
Moved 345.5599 294.976 406.3253 -0.1505186 0.1413989
Moved 345.5768 298.292 407 -0.1428426 0.1466051
Moved 345.5905 301.4056 408.2028 -0.1356351 0.1558861
Moved 345.6058 303.4676 409.2338 -0.1308621 0.163841
Moved 345.6234 307.2557 409.7519 -0.1220933 0.1678388
Moved 345.6427 311.564 411.188 -0.1121204 0.1789195
Moved 345.6532 314.2603 412 -0.1058791 0.1851853
Moved 345.6694 318.2068 413.0689 -0.09674359 0.1934332
Moved 345.6835 322.5 414.5 -0.08680557 0.2044754
Moved 345.6972 326.8477 414.9492 -0.07674153 0.2079415
Moved 345.7136 330.0449 416.015 -0.06934047 0.2161647
Moved 345.7292 334.8367 416.4592 -0.05824829 0.2195924
Moved 345.7444 338.7907 417.8954 -0.0490955 0.2306744
Moved 345.7596 343.0713 419.3571 -0.03918683 0.241953
Moved 345.7756 350.1382 420.8276 -0.02282813 0.2532998
Moved 345.791 357.3225 423.529 -0.00619789 0.2741433
Moved 345.8052 362.7561 425.3781 0.006379882 0.2884108
Moved 345.8216 367.4112 426.8528 0.01715551 0.2997901
Moved 345.8378 371.7146 429.4764 0.02711723 0.3200343
Moved 345.853 376.3553 430.6776 0.03785938 0.3293025
Moved 345.8686 380.3405 432.1135 0.04708439 0.3403816
Moved 345.8839 385.2039 434.1019 0.05834232 0.3557249
Moved 345.8994 389.9645 435.9882 0.06936232 0.370279
Moved 345.9155 392.8481 437.424 0.07603715 0.3813581
Moved 345.9367 398.8904 439.9453 0.09002417 0.4008123
Stationary 345.9474 398.8904 439.9453 0.09002417 0.4008123
Moved 345.9606 401.7627 441.3813 0.09667297 0.4118931
Moved 345.9763 403.8201 442 0.1014354 0.4166667
Moved 345.9918 406.5118 443.2559 0.1076663 0.4263574
Moved 346.0068 407.6938 443.6938 0.1104023 0.4297359
Moved 346.0225 408.5 444.5 0.1122685 0.4359569
Moved 346.0378 409.2796 444 0.1140732 0.432099
Moved 346.0529 410.7032 445 0.1173686 0.4398148
Stationary 346.0688 411 445 0.1180555 0.4398148
Moved 346.0833 412.5 445 0.1215278 0.4398148
Stationary 346.0991 412.5 445 0.1215278 0.4398148
Moved 346.1143 413.5138 446 0.1238745 0.4475308
Stationary 346.131 414 446 0.125 0.4475308
Moved 346.1459 415.4083 446 0.12826 0.4475308
Ended 346.1609 415.4083 446 0.12826 0.4475308
Began 347.1447 309 360 -0.1180555 -0.2160494
Stationary 347.1728 309 360 -0.1180555 -0.2160494
Stationary 347.1856 309 360 -0.1180555 -0.2160494
Stationary 347.1967 309 360 -0.1180555 -0.2160494
Stationary 347.2085 309 360 -0.1180555 -0.2160494
Stationary 347.224 309 360 -0.1180555 -0.2160494
Stationary 347.2411 309 360 -0.1180555 -0.2160494
Stationary 347.2559 309 360 -0.1180555 -0.2160494
Stationary 347.2713 309 360 -0.1180555 -0.2160494
Stationary 347.2861 309 360 -0.1180555 -0.2160494
Stationary 347.301 309 360 -0.1180555 -0.2160494
Stationary 347.3167 309 360 -0.1180555 -0.2160494
Stationary 347.3318 309 360 -0.1180555 -0.2160494
Stationary 347.3478 309 360 -0.1180555 -0.2160494
Stationary 347.363 309 360 -0.1180555 -0.2160494
Stationary 347.3777 309 360 -0.1180555 -0.2160494
Stationary 347.3933 309 360 -0.1180555 -0.2160494
Stationary 347.4098 309 360 -0.1180555 -0.2160494
Moved 347.433 320.1454 372.2908 -0.09225607 -0.1212132
Stationary 347.4442 320.1454 372.2908 -0.09225607 -0.1212132
Moved 347.4566 321.5846 373.5846 -0.08892462 -0.11123
Moved 347.4728 323.0262 375.0262 -0.0855874 -0.1001061
Moved 347.487 324.0825 376.0825 -0.08314237 -0.09195634
Moved 347.5027 325.5504 378.5504 -0.07974446 -0.07291394
Moved 347.5181 326.9891 379.9891 -0.07641409 -0.06181223
Moved 347.5334 328.4295 382.4294 -0.07307991 -0.04298269
Moved 347.5489 329.869 384.7381 -0.06974757 -0.025169
Moved 347.5649 331.3119 387.6238 -0.06640758 -0.002902584
Moved 347.5784 332.7498 390.4996 -0.06307915 0.01928742
Moved 347.5948 333.9128 392.8257 -0.06038696 0.03723545
Moved 347.6105 335.3253 394.3253 -0.05711725 0.0488067
Moved 347.6269 335.7647 397.5294 -0.05610029 0.07352912
Moved 347.6416 336 400.4056 -0.05555556 0.09572265
Moved 347.6571 337 403.2867 -0.05324075 0.1179534
Moved 347.6801 337 408 -0.05324075 0.154321
Stationary 347.6902 337 408 -0.05324075 0.154321
Moved 347.7041 337.7212 409.7212 -0.05157133 0.1676018
Moved 347.7179 338 412.1193 -0.05092591 0.186106
Moved 347.7343 338 413.499 -0.05092591 0.1967519
Moved 347.7493 338 415.8809 -0.05092591 0.2151307
Moved 347.7651 338 417.3795 -0.05092591 0.2266933
Moved 347.7796 338 419.6363 -0.05092591 0.2441074
Moved 347.7953 338 421.2605 -0.05092591 0.2566397
Moved 347.8109 338 422.5 -0.05092591 0.2662038
Moved 347.8267 338 424.764 -0.05092591 0.2836728
Moved 347.8422 338 426.2028 -0.05092591 0.2947749
Moved 347.8568 338 428.6415 -0.05092591 0.3135917
Moved 347.8735 330.4379 430.0803 -0.0684308 0.3246939
Moved 347.8885 329.5 431.5 -0.07060184 0.3356484
Moved 347.9035 329 433.921 -0.07175927 0.3543285
Moved 347.9274 326.6125 435 -0.07728581 0.3626544
Stationary 347.9381 326.6125 435 -0.07728581 0.3626544
Moved 347.9499 326.048 436.952 -0.07859249 0.377716
Moved 347.9671 326 438.3908 -0.07870371 0.388818
Moved 347.9805 325 438.8272 -0.08101851 0.3921853
Moved 347.9959 325 440.2726 -0.08101851 0.4033383
Moved 348.0118 324 441.7152 -0.08333336 0.4144692
Moved 348.0274 324 443.1409 -0.08333336 0.4254697
Moved 348.0413 322.8312 443 -0.08603881 0.4243827
Moved 348.0569 323 444.671 -0.08564815 0.4372758
Stationary 348.0735 323 445 -0.08564815 0.4398148
Moved 348.0881 322 446.5494 -0.08796295 0.45177
Moved 348.1028 322 447.5 -0.08796295 0.4591051
Moved 348.1198 320.7864 448.2136 -0.09077226 0.4646113
Moved 348.1347 321 449.8694 -0.09027779 0.4773878
Moved 348.1562 319.8067 451.1933 -0.09304001 0.4876028
Stationary 348.1674 319.8067 451.1933 -0.09304001 0.4876028
Moved 348.1815 320 452.5 -0.09259259 0.4976852
Moved 348.1959 320 453.1613 -0.09259259 0.5027874
Stationary 348.2111 320 453.1613 -0.09259259 0.5027874
Moved 348.2266 320 454.2 -0.09259259 0.5108021
Stationary 348.2417 320 454.2 -0.09259259 0.5108021
Stationary 348.2579 320 454 -0.09259259 0.5092594
Moved 348.2737 320 455.0771 -0.09259259 0.5175706
Stationary 348.289 320 455.0771 -0.09259259 0.5175706
Moved 348.3043 329.1267 455 -0.07146598 0.5169753
Moved 348.3205 332.9981 455 -0.06250431 0.5169753
Moved 348.3353 336.8136 455 -0.05367229 0.5169753
Moved 348.35 342.5063 455 -0.0404948 0.5169753
Moved 348.3651 345.5 455 -0.03356482 0.5169753
Moved 348.3844 354.2012 455 -0.01342321 0.5169753
Moved 348.3977 361.6262 455 0.003764232 0.5169753
Moved 348.4149 369.8095 449.6667 0.02270708 0.4758238
Moved 348.4276 375.7997 446.8 0.03657341 0.453704
Moved 348.4421 381.5547 445.3613 0.04989525 0.4426029
Moved 348.4571 387.3097 443.9225 0.06321689 0.4315012
Moved 348.4747 396 441 0.08333336 0.4089505
Moved 348.4887 404.4215 438.7367 0.1028277 0.3914869
Moved 348.5047 412.3423 435.8631 0.1211627 0.3693142
Moved 348.5217 421 434.5 0.1412037 0.3587964
Moved 348.5352 426.7975 433.0506 0.154624 0.3476128
Moved 348.5504 432.4893 430.2554 0.1677992 0.3260444
Moved 348.5669 436.446 429.3693 0.1769583 0.3192078
Moved 348.5817 440.7621 427.746 0.1869494 0.306682
Moved 348.5971 442.5018 426.7491 0.1909764 0.2989905
Moved 348.6176 447.3281 426.2239 0.2021483 0.2949378
Moved 348.6289 450.4284 424.7858 0.209325 0.2838409
Moved 348.6436 454.3058 424 0.2183005 0.2777779
Moved 348.6589 457.1834 422.9083 0.2249616 0.2693538
Moved 348.6765 461.0554 421.4723 0.2339246 0.2582738
Moved 348.6891 463.9274 421 0.2405727 0.2546295
Moved 348.7052 467.2309 419.923 0.2482197 0.2463196
Moved 348.7223 470.6169 419 0.2560576 0.2391978
Moved 348.7356 473.9609 418.0195 0.2637984 0.2316322
Moved 348.751 478.258 418 0.2737454 0.2314815
Moved 348.7666 481.7112 417.1444 0.2817389 0.2248796
Moved 348.7819 485.893 417 0.2914189 0.2237654
Moved 348.7962 489.1981 416 0.2990697 0.2160493
Moved 348.812 492.6358 416 0.3070273 0.2160493
Moved 348.8332 496.8305 416 0.3167373 0.2160493
Moved 348.8441 501.4312 416 0.327387 0.2160493
Moved 348.8587 505.463 416 0.3367198 0.2160493
Moved 348.875 509.7998 416 0.3467588 0.2160493
Moved 348.8891 513.075 416 0.3543403 0.2160493
Moved 348.905 515.9377 416 0.360967 0.2160493
Moved 348.9227 518.41 416 0.3666897 0.2160493
Moved 348.936 521.0682 416 0.3728432 0.2160493
Moved 348.9516 523.4858 419.4004 0.3784393 0.2422871
Moved 348.9674 525.8419 423 0.3838932 0.2700617
Moved 348.9823 527.3594 424.3594 0.3874062 0.2805512
Moved 348.9977 528.8052 424 0.3907528 0.2777779
Moved 349.014 530.2536 424 0.3941055 0.2777779
Stationary 349.028 530 424 0.3935185 0.2777779
Moved 349.0479 531 424.8083 0.3958333 0.2840146
Moved 349.0594 531 425.5 0.3958333 0.2893519
Stationary 349.0764 531 425.5 0.3958333 0.2893519
Moved 349.0917 532.2477 425 0.3987216 0.2854938
Stationary 349.1071 532.2477 425 0.3987216 0.2854938
Stationary 349.1212 532.2477 425 0.3987216 0.2854938
Stationary 349.1368 532 425 0.3981481 0.2854938
Stationary 349.154 532 425 0.3981481 0.2854938
Stationary 349.1664 532 425 0.3981481 0.2854938
Moved 349.1829 522.4804 425 0.3761121 0.2854938
Moved 349.1994 519.6065 414.6065 0.3694595 0.2052972
Moved 349.2139 514.0361 410.277 0.3565651 0.1718906
Moved 349.2286 507.2781 405.9586 0.3409216 0.1385692
Moved 349.2442 500.3806 400.5045 0.3249551 0.096485
Moved 349.266 495.0085 396.2068 0.3125196 0.06332398
Moved 349.2776 485.5009 389.2007 0.2905113 0.009264534
Moved 349.2905 478.2879 384.5728 0.2738147 -0.0264448
Moved 349.3059 472.6713 379.2535 0.2608131 -0.06748859
Moved 349.3224 465.9172 373.9338 0.2451787 -0.1085354
Moved 349.338 461.617 371.078 0.2352245 -0.130571
Moved 349.353 455.3914 366.2936 0.2208135 -0.1674878
Moved 349.3683 451.9914 362.9913 0.212943 -0.1929681
Moved 349.3831 446.2277 359.1138 0.1996013 -0.2228871
Moved 349.3992 441.3494 356.233 0.1883088 -0.245116
Moved 349.4131 438.3513 353.3513 0.1813689 -0.2673507
Moved 349.429 433.7064 350.4709 0.1706167 -0.2895758
Moved 349.4446 429.3964 347.5976 0.1606398 -0.311747
Moved 349.4604 425.7103 343.7103 0.1521071 -0.3417418
Moved 349.4826 420.6886 339.6886 0.1404829 -0.372773
Stationary 349.4925 420.6886 339.6886 0.1404829 -0.372773
Moved 349.5067 417.8167 337.8168 0.1338351 -0.3872163
Moved 349.5224 415.9646 335.9647 0.1295477 -0.401507
Moved 349.5386 414.5233 335.5233 0.1262114 -0.4049127
Moved 349.552 413.0843 334.0842 0.1228802 -0.4160165
Moved 349.5692 411.6404 334 0.1195381 -0.4166664
Stationary 349.5848 411.6404 334 0.1195381 -0.4166664
Moved 349.5985 412 333 0.1203704 -0.4243827
Stationary 349.6141 412 333 0.1203704 -0.4243827
Ended 349.6287 412 333 0.1203704 -0.4243827
Began 350.2142 332 383 -0.06481484 -0.03858025
Stationary 350.2314 332 383 -0.06481484 -0.03858025
Stationary 350.2501 332 383 -0.06481484 -0.03858025
Stationary 350.2619 332 383 -0.06481484 -0.03858025
Stationary 350.2778 332 383 -0.06481484 -0.03858025
Stationary 350.2933 332 383 -0.06481484 -0.03858025
Stationary 350.307 332 383 -0.06481484 -0.03858025
Stationary 350.3238 332 383 -0.06481484 -0.03858025
Stationary 350.3384 332 383 -0.06481484 -0.03858025
Moved 350.3544 325.7319 383 -0.07932429 -0.03858025
Moved 350.3709 319.8721 383 -0.09288868 -0.03858025
Moved 350.3851 315.5 383 -0.1030092 -0.03858025
Moved 350.4005 308.2636 383 -0.1197602 -0.03858025
Moved 350.4172 301.0428 383 -0.136475 -0.03858025
Moved 350.4316 293.8759 383 -0.1530652 -0.03858025
Moved 350.4508 288.1422 383 -0.1663374 -0.03858025
Moved 350.4629 280.9839 383 -0.1829076 -0.03858025
Moved 350.4783 273.6362 383 -0.1999162 -0.03858025
Moved 350.4933 266.5783 383 -0.216254 -0.03858025
Moved 350.5089 261.8351 383 -0.2272335 -0.03858025
Moved 350.525 256.369 383 -0.2398864 -0.03858025
Moved 350.5395 251.2136 383 -0.2518203 -0.03858025
Moved 350.5547 247.6896 383 -0.2599777 -0.03858025
Moved 350.5709 243.5872 383 -0.269474 -0.03858025
Moved 350.5868 239.8551 383 -0.2781132 -0.03858025
Moved 350.6017 235.9657 383 -0.2871165 -0.03858025
Moved 350.6171 233.0969 383 -0.2937573 -0.03858025
Moved 350.6357 231.2216 383 -0.2980981 -0.03858025
Moved 350.6482 229.6709 383 -0.3016878 -0.03858025
Moved 350.6634 228.5 383 -0.3043981 -0.03858025
Moved 350.6779 227.2041 383 -0.307398 -0.03858025
Moved 350.6941 226.5 383 -0.3090278 -0.03858025
Moved 350.7087 226.3376 383 -0.3094037 -0.03858025
Stationary 350.726 226 383 -0.3101852 -0.03858025
Stationary 350.7404 226 383 -0.3101852 -0.03858025
Stationary 350.7552 226 383 -0.3101852 -0.03858025
Moved 350.7706 226 391.4576 -0.3101852 0.02667945
Moved 350.787 226 390.5305 -0.3101852 0.01952536
Moved 350.8024 226 391.9692 -0.3101852 0.0306266
Moved 350.8237 232.7733 395.6933 -0.2945063 0.05936187
Stationary 350.8344 232.7733 395.6933 -0.2945063 0.05936187
Moved 350.8483 239.1272 397.2818 -0.2797982 0.07161883
Moved 350.8648 243.1638 399.7213 -0.2704541 0.09044188
Moved 350.8786 248.627 402.3135 -0.2578079 0.1104434
Moved 350.8942 251.5379 403.1793 -0.2510697 0.1171244
Moved 350.9099 257.05 404.6833 -0.2383102 0.1287296
Moved 350.925 263.6152 406.123 -0.223113 0.1398384
Moved 350.9401 272.3704 407.5617 -0.2028464 0.1509392
Moved 350.9563 281.0031 409.0005 -0.1828631 0.1620413
Moved 350.9722 288.176 410.4352 -0.1662592 0.1731111
Moved 350.9869 293.4922 411.873 -0.1539533 0.1842056
Moved 351.0063 297.0208 412 -0.1457852 0.1851853
Moved 351.0186 302.3473 413.4491 -0.1334554 0.1963665
Moved 351.032 309.3211 414.8868 -0.1173123 0.2074603
Moved 351.0476 319.2775 416.3254 -0.09426514 0.21856
Moved 351.0636 325.8234 418.7647 -0.07911246 0.2373821
Moved 351.0788 331.7975 420.1993 -0.06528357 0.248452
Moved 351.094 336.2871 421 -0.05489096 0.2546295
Moved 351.1097 339.4357 421.8119 -0.04760246 0.2608943
Moved 351.1251 343.5255 422 -0.0381353 0.2623458
Moved 351.1406 346.8691 423 -0.03039549 0.2700617
Moved 351.156 351.1544 424.0515 -0.02047588 0.2781748
Moved 351.1785 354.9297 425 -0.0117369 0.2854938
Stationary 351.1897 354.9297 425 -0.0117369 0.2854938
Moved 351.2019 357.7283 425 -0.00525862 0.2854938
Moved 351.218 358.5 426.5 -0.003472219 0.297068
Stationary 351.233 358.5 426.5 -0.003472219 0.297068
Moved 351.2493 360.3195 426 0.000739495 0.2932099
Stationary 351.2641 360 426 0 0.2932099
Moved 351.2805 361.1942 426 0.002764364 0.2932099
Moved 351.2945 361 427.5 0.002314846 0.304784
Stationary 351.3097 361 427.5 0.002314846 0.304784
Moved 351.3256 361 427 0.002314846 0.3009261
Stationary 351.3407 361 427 0.002314846 0.3009261
Stationary 351.3605 361 427 0.002314846 0.3009261
Stationary 351.372 361 427 0.002314846 0.3009261
Stationary 351.3865 361 427 0.002314846 0.3009261
Moved 351.4024 361 428.1868 0.002314846 0.3100837
Stationary 351.4181 361 428.1868 0.002314846 0.3100837
Stationary 351.4323 361 428.1868 0.002314846 0.3100837
Stationary 351.4476 361 428.1868 0.002314846 0.3100837
Stationary 351.463 361 428.1868 0.002314846 0.3100837
Moved 351.4791 361 429.1016 0.002314846 0.3171417
Stationary 351.4947 361 429.1016 0.002314846 0.3171417
Moved 351.5097 353.8446 429 -0.01424859 0.3163581
Stationary 351.5303 353.8446 429 -0.01424859 0.3163581
Moved 351.5428 352.0422 429 -0.01842082 0.3163581
Moved 351.5575 350.9297 430.0703 -0.02099604 0.3246164
Moved 351.5735 349.4696 430 -0.02437592 0.3240741
Moved 351.588 348.0281 430 -0.02771278 0.3240741
Moved 351.6035 346.5893 430 -0.03104329 0.3240741
Moved 351.6191 345.1533 430 -0.03436729 0.3240741
Moved 351.6342 343.7146 430 -0.03769771 0.3240741
Moved 351.6494 342.273 430 -0.04103472 0.3240741
Moved 351.6655 341.1294 430 -0.04368196 0.3240741
Moved 351.6806 339.7309 430 -0.04691924 0.3240741
Moved 351.7015 335.7092 430 -0.05622879 0.3240741
Stationary 351.7121 335.7092 430 -0.05622879 0.3240741
Moved 351.7265 334.4171 430 -0.05921965 0.3240741
Moved 351.7423 332.9766 430 -0.06255413 0.3240741
Moved 351.7579 331.5422 430 -0.06587451 0.3240741
Moved 351.7738 330.5 430 -0.06828706 0.3240741
Moved 351.7882 328.0337 430 -0.07399604 0.3240741
Moved 351.8039 325.1898 430 -0.08057927 0.3240741
Moved 351.8188 324.1562 430 -0.0829717 0.3240741
Moved 351.8346 321.4348 430 -0.08927131 0.3240741
Moved 351.85 319.5574 430 -0.09361704 0.3240741
Moved 351.8692 317.8399 430 -0.09759282 0.3240741
Moved 351.8819 316.5 430 -0.1006944 0.3240741
Moved 351.896 313.5746 430 -0.1074662 0.3240741
Moved 351.9113 310.697 430 -0.1141274 0.3240741
Moved 351.9261 308.8172 430 -0.1184786 0.3240741
Moved 351.9417 305.942 430 -0.1251343 0.3240741
Moved 351.9583 304.5323 430 -0.1283975 0.3240741
Moved 351.9733 302.171 430 -0.1338634 0.3240741
Moved 351.9883 300.6501 420.5506 -0.137384 0.2511622
Moved 352.0037 299.6776 423 -0.1396353 0.2700617
Moved 352.0202 297.249 422 -0.1452569 0.2623458
Moved 352.0401 295.6862 422 -0.1488746 0.2623458
Moved 352.051 294.2473 421 -0.1522052 0.2546295
Moved 352.0654 292.8018 421 -0.1555513 0.2546295
Moved 352.0811 291.5 419.5 -0.1585648 0.2430557
Moved 352.0965 290.9699 420 -0.1597919 0.2469136
Moved 352.112 289.8461 420 -0.1623933 0.2469136
Moved 352.1272 289 419.36 -0.1643519 0.2419757
Moved 352.1428 287.9254 419 -0.1668393 0.2391978
Moved 352.1579 286.4867 419 -0.1701698 0.2391978
Moved 352.1746 285.5 419 -0.1724537 0.2391978
Moved 352.1879 284.8063 417.8063 -0.1740595 0.2299868
Moved 352.2089 283.5 418 -0.1770833 0.2314815
Stationary 352.2196 283.5 418 -0.1770833 0.2314815
Moved 352.2354 282.6803 418 -0.1789807 0.2314815
Moved 352.2502 281.1875 417.1875 -0.1824363 0.2252122
Moved 352.2659 280.5 416.5 -0.1840278 0.2199075
Moved 352.2817 279.655 417 -0.1859838 0.2237654
Moved 352.2969 278.9372 417 -0.1876455 0.2237654
Stationary 352.3111 278.9372 417 -0.1876455 0.2237654
Moved 352.3277 278 416.2657 -0.1898148 0.2181
Moved 352.3426 276.9255 416 -0.1923021 0.2160493
Stationary 352.3616 276.9255 416 -0.1923021 0.2160493
Stationary 352.372 276.9255 416 -0.1923021 0.2160493
Moved 352.3875 274.6148 414.6148 -0.1976508 0.2053611
Stationary 352.4041 274.6148 414.6148 -0.1976508 0.2053611
Moved 352.4191 273.9145 415 -0.1992719 0.2083334
Stationary 352.4352 273.9145 415 -0.1992719 0.2083334
Moved 352.4508 273 414.1938 -0.2013889 0.2021127
Moved 352.4669 271.7545 414 -0.2042719 0.2006174
Moved 352.4825 271.2637 413.2637 -0.205408 0.1949363
Moved 352.4973 269.8257 413 -0.2087368 0.1929012
Moved 352.5179 269.3852 413 -0.2097564 0.1929012
Moved 352.5309 267.9483 411.9484 -0.2130826 0.1847868
Stationary 352.5437 267.9483 411.9484 -0.2130826 0.1847868
Moved 352.5579 265.8438 411 -0.2179542 0.1774691
Moved 352.5742 262.9765 408.9765 -0.2245915 0.1618558
Moved 352.5896 260.0986 407.5493 -0.2312533 0.1508436
Moved 352.6053 255.3319 405.1107 -0.2422872 0.1320268
Moved 352.6219 251.0155 402.3436 -0.252279 0.1106764
Moved 352.6362 244.915 399.4575 -0.2664004 0.08840667
Moved 352.6507 240.3764 396.5843 -0.2769065 0.06623668
Moved 352.6743 230.9299 392.2325 -0.2987733 0.03265793
Stationary 352.6846 230.9299 392.2325 -0.2987733 0.03265793
Moved 352.6971 225.1637 389.5818 -0.312121 0.0122055
Moved 352.7126 221.0669 387.3557 -0.3216043 -0.004971822
Moved 352.7297 216.7505 384.8337 -0.331596 -0.02443149
Moved 352.7438 212.5 383.5 -0.3414352 -0.03472222
Moved 352.7587 208.118 380.0787 -0.3515786 -0.06112158
Moved 352.7755 204.8581 377.9054 -0.3591247 -0.07789046
Moved 352.8059 198.1133 375.0567 -0.3747376 -0.09987113
Moved 352.8237 196.6058 373.6058 -0.3782272 -0.1110659
Moved 352.8405 193.3512 372.1756 -0.3857611 -0.1221019
Moved 352.8531 191.7516 372 -0.3894638 -0.1234566
Moved 352.8669 191.3021 371 -0.3905044 -0.1311728
Moved 352.882 190.1749 371 -0.3931137 -0.1311728
Moved 352.8983 189.5 371 -0.3946759 -0.1311728
Moved 352.9128 189 371 -0.3958333 -0.1311728
Stationary 352.9288 189 371 -0.3958333 -0.1311728
Stationary 352.9442 189 371 -0.3958333 -0.1311728
Stationary 352.96 189 371 -0.3958333 -0.1311728
Moved 352.9756 189 369.923 -0.3958333 -0.1394828
Stationary 352.9959 189 369.923 -0.3958333 -0.1394828
Moved 353.0067 196.5453 370 -0.3783674 -0.1388889
Moved 353.0221 199.749 370 -0.3709515 -0.1388889
Moved 353.037 205.2563 369 -0.3582031 -0.1466049
Moved 353.0523 211.0047 369 -0.3448964 -0.1466049
Moved 353.0682 219.4939 368.3012 -0.3252456 -0.1519969
Moved 353.084 226.6844 368 -0.3086008 -0.154321
Moved 353.0984 233.5 368 -0.2928241 -0.154321
Moved 353.1146 238.2552 367.3489 -0.2818166 -0.1593444
Moved 353.1307 243.2665 367 -0.2702164 -0.1620368
Moved 353.1502 252 367 -0.25 -0.1620368
Moved 353.1613 260.7643 366 -0.2297122 -0.1697531
Moved 353.1761 268.0056 364.5989 -0.2129501 -0.1805642
Moved 353.1909 275.2069 364.1586 -0.1962803 -0.1839612
Moved 353.2066 281.1042 364 -0.1826291 -0.185185
Moved 353.2245 285.294 364 -0.1729306 -0.185185
Moved 353.237 290.4225 363 -0.1610589 -0.1929012
Moved 353.2519 296.1321 363 -0.1478423 -0.1929012
Moved 353.2686 301.9193 362 -0.134446 -0.2006171
Moved 353.2836 306.506 362 -0.1238288 -0.2006171
Moved 353.3042 312.4364 361 -0.110101 -0.2083334
Moved 353.3154 317.138 361 -0.09921759 -0.2083334
Moved 353.3295 321.445 359.8887 -0.08924758 -0.2169079
Moved 353.3453 325.7572 359.4142 -0.07926579 -0.2205691
Moved 353.3601 330.0612 359 -0.06930267 -0.2237652
Moved 353.3758 334.8543 358 -0.05820771 -0.2314815
Moved 353.3914 338.8068 358 -0.0490584 -0.2314815
Moved 353.4076 343.0158 356.6614 -0.03931517 -0.2418104
Moved 353.4258 347.3301 356 -0.02932836 -0.2469136
Moved 353.4378 349.7757 356 -0.02366737 -0.2469136
Moved 353.4571 355.1418 356 -0.01124581 -0.2469136
Moved 353.4697 358.8933 354.2767 -0.002561758 -0.2602109
Moved 353.4846 363.4888 354 0.008076032 -0.2623455
Moved 353.4996 367.8049 353 0.01806686 -0.2700617
Moved 353.5168 372.1123 351.9626 0.02803763 -0.2780665
Moved 353.5311 374.9525 350.5237 0.03461212 -0.2891684
Moved 353.5463 380.7628 350 0.04806211 -0.2932099
Moved 353.5616 385.0869 348.9711 0.05807142 -0.3011492
Moved 353.5774 390.8712 349 0.0714611 -0.3009257
Moved 353.5974 393.8129 348 0.07827063 -0.308642
Moved 353.6089 399.3811 346.6547 0.09116003 -0.319022
Moved 353.6235 404.3453 346.2183 0.1026511 -0.32239
Moved 353.6381 409.8794 346 0.1154616 -0.3240741
Moved 353.6536 415 344.5 0.1273148 -0.3356481
Moved 353.6698 418.985 344.2537 0.1365394 -0.3375482
Moved 353.6858 424.7291 342.8177 0.1498358 -0.3486283
Moved 353.7 429.2453 342.3773 0.16029 -0.3520269
Moved 353.7168 433.1809 342 0.1694003 -0.3549381
Moved 353.7373 438.935 340.065 0.1827199 -0.3698688
Stationary 353.7482 438.935 340.065 0.1827199 -0.3698688
Moved 353.7607 441.7474 340 0.1892301 -0.3703704
Moved 353.7775 443.7842 340 0.193945 -0.3703704
Moved 353.7921 445.8984 340 0.1988389 -0.3703704
Moved 353.8079 446 338.6081 0.199074 -0.3811104
Moved 353.8248 447.8296 339 0.2033092 -0.3780862
Moved 353.8385 448.5 339 0.2048611 -0.3780862
Moved 353.8542 448 337.6484 0.2037037 -0.3885154
Moved 353.8771 449 336.8138 0.2060185 -0.3949554
Stationary 353.8881 449 336.8138 0.2060185 -0.3949554
Stationary 353.8997 449 337 0.2060185 -0.3935183
Stationary 353.9161 449 337 0.2060185 -0.3935183
Stationary 353.9304 449 337 0.2060185 -0.3935183
Stationary 353.9465 449 337 0.2060185 -0.3935183
Moved 353.961 438.9254 337 0.1826978 -0.3935183
Moved 353.9775 435.4767 344.0466 0.1747146 -0.3391471
Moved 353.9925 431.1483 347.8887 0.1646952 -0.3095008
Moved 354.0141 418.7191 356.4607 0.1359237 -0.2433589
Stationary 354.0247 418.7191 356.4607 0.1359237 -0.2433589
Moved 354.0379 414.2293 359.5138 0.1255308 -0.219801
Moved 354.0542 408.2254 363.0809 0.1116328 -0.1922768
Moved 354.0718 403.5956 366.2696 0.1009158 -0.1676727
Moved 354.0844 399.2757 369.1495 0.09091605 -0.1454511
Moved 354.0999 395.702 370.766 0.08264363 -0.1329785
Moved 354.1163 391.6139 373.2574 0.0731802 -0.1137543
Moved 354.1321 387.3062 376.1292 0.06320864 -0.09159536
Moved 354.1503 382.9901 378.0033 0.05321771 -0.07713483
Moved 354.1621 380.1157 379.4421 0.04656414 -0.06603288
Moved 354.1788 376.239 380.8805 0.03759036 -0.05493447
Moved 354.1936 372.0525 383.6317 0.02789935 -0.03370639
Moved 354.2086 370 384.5 0.02314816 -0.02700594
Moved 354.2242 365.4685 385.8438 0.01265854 -0.01663726
Moved 354.2388 362.4349 387.2825 0.005636314 -0.005536139
Moved 354.2565 358.5589 388 -0.003335873 1.177376E-07
Moved 354.2701 356.8433 389.1567 -0.007307183 0.00892498
Moved 354.2916 351.971 391 -0.01858557 0.02314815
Stationary 354.3022 351.971 391 -0.01858557 0.02314815
Moved 354.316 349.0476 392.4762 -0.02535284 0.03453867
Moved 354.3315 347.7888 393.6056 -0.02826671 0.0432529
Moved 354.3473 345.9538 395.0462 -0.03251438 0.05436874
Moved 354.3618 344.5194 395 -0.03583476 0.05401247
Moved 354.3794 342.0795 396.9205 -0.0414827 0.06883138
Moved 354.3934 340.6443 397 -0.04480476 0.06944469
Moved 354.4084 339.2052 398.7947 -0.04813602 0.08329286
Moved 354.4312 336.7475 401.2525 -0.05382533 0.1022571
Stationary 354.4421 336.7475 401.2525 -0.05382533 0.1022571
Moved 354.4551 334.2246 401.7754 -0.05966524 0.1062917
Moved 354.4706 332.7893 403.2107 -0.0629877 0.1173664
Moved 354.4859 331.3499 404 -0.06631966 0.123457
Moved 354.501 329.9112 405.0888 -0.06965002 0.1318582
Moved 354.5174 329.4696 405 -0.07067224 0.131173
Moved 354.5314 328.0336 405.9664 -0.07399628 0.1386295
Moved 354.5481 327.5 406.5 -0.07523149 0.142747
Moved 354.5692 325.0852 407 -0.08082127 0.1466051
Stationary 354.5801 325.0852 407 -0.08082127 0.1466051
Moved 354.5934 325 408.35 -0.08101851 0.1570217
Moved 354.6079 323.2075 408 -0.08516793 0.154321
Moved 354.6251 322.5 408 -0.08680557 0.154321
Moved 354.6393 321.3309 409 -0.08951182 0.1620373
Moved 354.6544 320.1631 409 -0.09221514 0.1620373
Moved 354.6702 319.5 409 -0.09375001 0.1620373
Moved 354.6855 318.3423 410 -0.09642988 0.1697531
Moved 354.7056 316.8538 410 -0.09987558 0.1697531
Moved 354.7171 313.8285 410.5858 -0.1068785 0.1742727
Moved 354.7328 310.9534 411 -0.1135338 0.1774691
Moved 354.7483 308.076 411 -0.1201945 0.1774691
Moved 354.7632 305.6646 411 -0.1257765 0.1774691
Moved 354.7805 303.0274 411.9863 -0.131881 0.1850794
Moved 354.7957 298.7251 412 -0.14184 0.1851853
Moved 354.8099 295.416 413 -0.1495 0.1929012
Moved 354.8253 292.3784 413 -0.1565314 0.1929012
Moved 354.8466 285.4686 415.1771 -0.1725265 0.2097
Stationary 354.8579 285.4686 415.1771 -0.1725265 0.2097
Moved 354.8714 284.5 415 -0.1747685 0.2083334
Moved 354.887 281.5018 415 -0.1817087 0.2083334
Moved 354.9026 278.6353 415 -0.1883442 0.2083334
Moved 354.9184 275.7561 416 -0.1950091 0.2160493
Moved 354.9337 271.8456 416 -0.2040612 0.2160493
Moved 354.9491 269.0188 416 -0.2106046 0.2160493
Moved 354.9703 262.2524 417 -0.2262675 0.2237654
Stationary 354.9812 262.2524 417 -0.2262675 0.2237654
Stationary 354.9938 261.6493 417 -0.2276637 0.2237654
Moved 355.0095 258.1819 418 -0.23569 0.2314815
Moved 355.0259 256.6558 418 -0.2392228 0.2314815
Moved 355.0407 255.216 418.784 -0.2425555 0.2375308
Moved 355.0583 254.5 419.5 -0.244213 0.2430557
Moved 355.0731 254 419.6615 -0.2453704 0.2443017
Moved 355.0911 252.9029 420 -0.24791 0.2469136
Stationary 355.1033 252.9029 420 -0.24791 0.2469136
Moved 355.1181 252 420.6074 -0.25 0.2516001
Moved 355.1326 252 422.0461 -0.25 0.2627013
Stationary 355.1481 252 422.0461 -0.25 0.2627013
Moved 355.1631 251 422.921 -0.2523148 0.2694519
Moved 355.1799 251 423.5 -0.2523148 0.2739196
Moved 355.1943 251 423.7982 -0.2523148 0.2762208
Moved 355.2145 251 424.9337 -0.2523148 0.2849823
Stationary 355.2262 251 425 -0.2523148 0.2854938
Stationary 355.2415 251 425 -0.2523148 0.2854938
Moved 355.2557 251 426.2256 -0.2523148 0.2949505
Stationary 355.2715 251 426.2256 -0.2523148 0.2949505
Moved 355.2863 251 427.0324 -0.2523148 0.3011759
Stationary 355.3015 251 427.0324 -0.2523148 0.3011759
Stationary 355.3188 251 427.0324 -0.2523148 0.3011759
Moved 355.333 258.4223 428 -0.2351336 0.308642
Moved 355.3535 259.499 428 -0.2326411 0.308642
Moved 355.3663 262.8757 429 -0.2248248 0.3163581
Moved 355.3803 264.3727 429 -0.2213595 0.3163581
Moved 355.3958 267.6306 429 -0.213818 0.3163581
Moved 355.4106 270.5081 429 -0.2071573 0.3163581
Moved 355.4281 273 429 -0.2013889 0.3163581
Moved 355.4419 276.6524 429 -0.1929342 0.3163581
Moved 355.4576 280.7963 429 -0.1833419 0.3163581
Moved 355.4792 287.2972 429 -0.1682934 0.3163581
Stationary 355.4896 287.2972 429 -0.1682934 0.3163581
Moved 355.5033 291.1748 429 -0.1593175 0.3163581
Moved 355.5186 294.0522 429 -0.1526568 0.3163581
Moved 355.5348 296.9299 429 -0.1459956 0.3163581
Moved 355.5491 300.6902 421.4366 -0.1372913 0.2579983
Moved 355.5666 304.0067 421 -0.1296141 0.2546295
Moved 355.5814 307.8817 419.5592 -0.1206443 0.2435125
Moved 355.6019 313.641 416.6795 -0.1073126 0.2212925
Stationary 355.6115 313.641 416.6795 -0.1073126 0.2212925
Moved 355.6271 316.5167 416.2416 -0.1006558 0.2179139
Moved 355.642 319.3941 414.803 -0.09399514 0.2068131
Moved 355.6581 320.1962 413.8038 -0.09213834 0.1991033
Moved 355.6753 323.4124 413.2938 -0.08469352 0.1951685
Moved 355.6883 325.1425 411.8575 -0.0806886 0.1840856
Moved 355.7043 326.5833 411.4166 -0.07735337 0.180684
Moved 355.7256 329.4633 410 -0.07068669 0.1697531
Stationary 355.7375 329.4633 410 -0.07068669 0.1697531
Moved 355.7501 330.8979 408.1021 -0.06736591 0.155109
Moved 355.7654 332.009 408 -0.06479397 0.154321
Moved 355.7804 332 406.5535 -0.06481484 0.1431602
Moved 355.7961 333 405.1138 -0.06249999 0.1320506
Moved 355.8114 333 404.5 -0.06249999 0.1273149
Moved 355.829 333 403.2331 -0.06249999 0.1175394
Moved 355.8482 333 401.7979 -0.06249999 0.1064651
Stationary 355.8593 333 401.7979 -0.06249999 0.1064651
Moved 355.8728 321.807 398.4035 -0.08840968 0.08027395
Moved 355.8884 313.9856 395.6619 -0.1065148 0.05911934
Moved 355.9047 306.9633 394.3926 -0.1227701 0.04932581
Moved 355.9206 299.7696 392.9539 -0.1394222 0.03822468
Moved 355.9344 292.5969 391.5193 -0.1560258 0.02715558
Moved 355.9503 284.4612 391 -0.1748584 0.02314815
Moved 355.9724 271.5685 388.3922 -0.2047025 0.003025973
Stationary 355.9838 271.5685 388.3922 -0.2047025 0.003025973
Moved 355.9958 265.3536 387.0707 -0.2190889 -0.0071701
Moved 356.0113 260.9075 385.6359 -0.2293807 -0.01824167
Moved 356.0291 256.5884 385.1961 -0.2393787 -0.02163487
Moved 356.0429 253.5274 383.7637 -0.2464645 -0.03268795
Moved 356.0579 249.6468 383.3234 -0.2554473 -0.03608492
Moved 356.0754 246.771 383 -0.2621041 -0.03858025
Moved 356.0947 240.3695 381 -0.2769224 -0.05401235
Stationary 356.1057 240.3695 381 -0.2769224 -0.05401235
Moved 356.1201 234.6107 378.8054 -0.2902529 -0.07094631
Moved 356.1359 232 379 -0.2962963 -0.06944421
Moved 356.1507 227.084 377.028 -0.307676 -0.08466038
Moved 356.167 224.1786 375.5893 -0.3144014 -0.09576163
Moved 356.1821 221.3059 375.153 -0.3210512 -0.09912821
Moved 356.1971 219.711 375 -0.3247432 -0.1003086
Moved 356.2169 217.4847 373.7424 -0.3298965 -0.1100123
Moved 356.2283 216.2041 374 -0.332861 -0.1080245
Moved 356.2436 214.7659 374 -0.33619 -0.1080245
Moved 356.2585 213.3291 373.329 -0.339516 -0.1132016
Moved 356.2741 211.8912 373 -0.3428444 -0.1157407
Moved 356.2903 211.4509 373 -0.3438636 -0.1157407
Stationary 356.3056 211 373 -0.3449074 -0.1157407
Moved 356.32 209.9244 373 -0.3473973 -0.1157407
Stationary 356.3392 210 373 -0.3472222 -0.1157407
Ended 356.3518 210 373 -0.3472222 -0.1157407
PhraseEnd 357.6903
