the force is with you
Basic
0.4 0.4
288 86.39999
Began 504.7138 278 542 -0.2847222 1.782408
Stationary 504.7326 278 542 -0.2847222 1.782408
Stationary 504.747 278 542 -0.2847222 1.782408
Stationary 504.7613 278 542 -0.2847222 1.782408
Stationary 504.7769 278 542 -0.2847222 1.782408
Stationary 504.7919 278 542 -0.2847222 1.782408
Stationary 504.8084 278 542 -0.2847222 1.782408
Stationary 504.8243 278 542 -0.2847222 1.782408
Stationary 504.8384 278 542 -0.2847222 1.782408
Stationary 504.8572 278 542 -0.2847222 1.782408
Stationary 504.8705 278 542 -0.2847222 1.782408
Stationary 504.8855 278 542 -0.2847222 1.782408
Stationary 504.8998 278 542 -0.2847222 1.782408
Stationary 504.9155 278 542 -0.2847222 1.782408
Stationary 504.9303 278 542 -0.2847222 1.782408
Stationary 504.9477 278 542 -0.2847222 1.782408
Stationary 504.9624 278 542 -0.2847222 1.782408
Stationary 504.9772 278 542 -0.2847222 1.782408
Stationary 504.9929 278 542 -0.2847222 1.782408
Stationary 505.009 278 542 -0.2847222 1.782408
Stationary 505.0238 278 542 -0.2847222 1.782408
Stationary 505.0382 278 542 -0.2847222 1.782408
Stationary 505.0532 278 542 -0.2847222 1.782408
Stationary 505.0694 278 542 -0.2847222 1.782408
Moved 505.0845 286.5365 531.3905 -0.2550816 1.659612
Moved 505.103 287.9655 528.0689 -0.2501196 1.621168
Moved 505.1187 290.9553 523.567 -0.2397384 1.569063
Moved 505.1325 293.8301 519.2548 -0.2297564 1.519153
Moved 505.1512 295.3538 514.9387 -0.224466 1.469198
Moved 505.1641 298.1812 511.6377 -0.2146488 1.430992
Moved 505.1782 301.6757 507.3243 -0.2025148 1.381068
Moved 505.194 304.647 504.353 -0.1921979 1.346678
Moved 505.21 307.5407 498.6889 -0.1821503 1.281121
Moved 505.2249 311.6256 493.1659 -0.1679667 1.217198
Moved 505.2401 314.2982 490.0527 -0.1586868 1.181166
Moved 505.2576 317.1715 485.7427 -0.1487099 1.131281
Moved 505.2712 321.5 481.5 -0.1336806 1.082176
Moved 505.2862 323.1862 478.2208 -0.1278258 1.044222
Moved 505.3026 326.0578 472.8844 -0.1178548 0.9824585
Moved 505.3178 330.403 468.597 -0.1027672 0.9328356
Moved 505.3327 332.8079 463.3842 -0.09441703 0.8725025
Moved 505.3488 335.6923 458.9615 -0.08440174 0.8213143
Moved 505.3649 337.784 455.4321 -0.07713898 0.7804636
Moved 505.3875 340 451.7539 -0.06944447 0.7378926
Stationary 505.3987 340 451.7539 -0.06944447 0.7378926
Moved 505.4096 341.7726 449.2274 -0.06328962 0.7086506
Moved 505.425 342 447.7955 -0.06250001 0.6920779
Moved 505.4408 343.6425 445.3575 -0.05679674 0.6638598
Moved 505.457 344 443.9197 -0.05555555 0.6472185
Moved 505.472 345.5 442.5 -0.05034722 0.630787
Moved 505.4872 345.955 441.045 -0.04876732 0.6139467
Moved 505.5013 346 438.9404 -0.04861109 0.5895875
Moved 505.5177 346.4849 437.5151 -0.04692755 0.573092
Moved 505.5339 347 436.079 -0.0451389 0.5564702
Moved 505.5497 347 434.6406 -0.0451389 0.5398215
Moved 505.5653 348 432.2018 -0.0416667 0.5115945
Moved 505.5805 349.2369 430.7631 -0.03737174 0.4949427
Moved 505.5975 349 429.3252 -0.03819443 0.4783007
Moved 505.6114 349.8541 428.1459 -0.03522873 0.4646513
Moved 505.6264 350 425.5033 -0.03472224 0.4340663
Moved 505.6418 350 424.3157 -0.03472224 0.4203208
Moved 505.658 350 423.5 -0.03472224 0.4108795
Moved 505.6733 350.5602 422.4398 -0.03277711 0.3986088
Moved 505.6879 351 421.0023 -0.03124997 0.3819713
Moved 505.7032 351 419.5718 -0.03124997 0.3654139
Stationary 505.7188 351 419.5718 -0.03124997 0.3654139
Moved 505.7332 351 418.0251 -0.03124997 0.3475131
Moved 505.7498 351 417.5 -0.03124997 0.3414352
Moved 505.7637 351 416.1476 -0.03124997 0.3257831
Moved 505.7806 351 415.5 -0.03124997 0.318287
Moved 505.7957 351 414.637 -0.03124997 0.3082991
Moved 505.8114 351 413.9202 -0.03124997 0.3000021
Stationary 505.8264 351 413.9202 -0.03124997 0.3000021
Moved 505.8412 351 412.717 -0.03124997 0.2860771
Moved 505.8568 351 411.9441 -0.03124997 0.2771307
Stationary 505.8721 351 411.9441 -0.03124997 0.2771307
Moved 505.8872 351 410.6266 -0.03124997 0.2618822
Stationary 505.904 351 410.6266 -0.03124997 0.2618822
Moved 505.9181 351 409.7513 -0.03124997 0.2517509
Stationary 505.9338 351 409.7513 -0.03124997 0.2517509
Stationary 505.9511 351 409.7513 -0.03124997 0.2517509
Moved 505.9652 351 408.8274 -0.03124997 0.241058
Stationary 505.9799 351 408.8274 -0.03124997 0.241058
Stationary 505.9948 351 408.8274 -0.03124997 0.241058
Moved 506.0142 351 407.8135 -0.03124997 0.2293235
Stationary 506.0281 351 407.8135 -0.03124997 0.2293235
Stationary 506.045 351 407.8135 -0.03124997 0.2293235
Moved 506.0571 352.0348 408 -0.02765685 0.2314815
Stationary 506.0726 352.0348 408 -0.02765685 0.2314815
Stationary 506.0885 352.0348 408 -0.02765685 0.2314815
Moved 506.1078 353.1268 408 -0.02386525 0.2314815
Moved 506.1194 353.9418 407 -0.02103552 0.2199076
Moved 506.1353 354.5 407 -0.01909725 0.2199076
Moved 506.15 355.8243 406 -0.01449883 0.2083331
Moved 506.1661 356.9716 406 -0.01051545 0.2083331
Moved 506.1807 358.4031 406 -0.005544796 0.2083331
Moved 506.1973 359.8405 405 -0.0005538017 0.1967594
Moved 506.2131 361.2769 405 0.00443384 0.1967594
Moved 506.2289 361.7201 404 0.005972385 0.1851855
Moved 506.2444 363.161 404 0.01097575 0.1851855
Moved 506.2587 364.5983 403 0.01596645 0.1736111
Stationary 506.2745 365 403 0.01736104 0.1736111
Moved 506.2892 366.1392 401.8608 0.02131671 0.1604255
Moved 506.3049 367.5781 401.4219 0.02631292 0.1553459
Moved 506.3203 368.5 400.5 0.02951383 0.1446761
Moved 506.3364 369.2304 399.7697 0.03204986 0.1362232
Moved 506.352 370.8978 399.1022 0.03783956 0.1284983
Moved 506.3664 372.3453 399 0.04286557 0.127315
Moved 506.3829 373.5 399 0.04687503 0.127315
Moved 506.3983 373.85 398 0.04809036 0.1157407
Moved 506.4125 375.2833 396.7167 0.05306691 0.1008881
Moved 506.4289 376.5 395.5 0.05729168 0.08680555
Moved 506.4444 377.084 394.9161 0.05931928 0.08004736
Moved 506.4601 378 394.3906 0.06249994 0.07396504
Moved 506.4739 379.0485 392.9515 0.06614044 0.05730947
Moved 506.4905 380.4844 393 0.07112652 0.05787019
Moved 506.5067 380.6 391.4 0.0715278 0.03935143
Moved 506.5205 382.0414 391 0.07653251 0.03472222
Moved 506.5359 382 389.5185 0.07638887 0.01757533
Moved 506.5562 383 389.0837 0.07986113 0.01254364
Moved 506.568 384.3561 389 0.0845699 0.01157443
Moved 506.5819 385 387.2009 0.08680552 -0.009249228
Moved 506.5983 386.2394 387 0.09110913 -0.0115739
Moved 506.6132 387.2411 385.7589 0.09458705 -0.02593853
Moved 506.6298 388.7662 384.2338 0.09988277 -0.04359033
Moved 506.6447 389 382.7859 0.1006944 -0.06034851
Moved 506.66 390.6421 381.3579 0.1063961 -0.07687604
Moved 506.6746 392.0813 381 0.1113933 -0.08101851
Moved 506.6891 393.5 379.5 0.1163195 -0.09837928
Stationary 506.7083 393.5 379.5 0.1163195 -0.09837928
Moved 506.7227 394.3734 378.6266 0.1193522 -0.1084886
Moved 506.738 395 378 0.1215278 -0.1157407
Stationary 506.7522 395 378 0.1215278 -0.1157407
Moved 506.7671 395 376.5855 0.1215278 -0.1321121
Moved 506.7829 396 377 0.125 -0.1273148
Stationary 506.8002 396 377 0.125 -0.1273148
Moved 506.8142 396 375.6271 0.125 -0.1432044
Stationary 506.8299 396 375.6271 0.125 -0.1432044
Stationary 506.8469 396 375.6271 0.125 -0.1432044
Stationary 506.8597 396 375.6271 0.125 -0.1432044
Stationary 506.8745 396 376 0.125 -0.1388892
Moved 506.8899 387.406 376 0.0951597 -0.1388892
Moved 506.9079 384.9374 376 0.08658826 -0.1388892
Moved 506.9219 380.5979 376 0.07152036 -0.1388892
Moved 506.937 378.004 380.6572 0.06251394 -0.0849858
Moved 506.9528 374.0555 384.963 0.04880369 -0.03515049
Moved 506.968 369.7351 387.8433 0.03380239 -0.0018141
Moved 506.984 366.2771 389.8615 0.02179548 0.02154456
Moved 507.0016 362.1852 392.5432 0.007587671 0.05258277
Moved 507.0148 359.5804 393.7098 -0.00145711 0.06608628
Moved 507.0302 356.6953 396.3047 -0.01147471 0.09611978
Moved 507.0463 354 397.5 -0.02083331 0.1099537
Moved 507.06 351.5825 399.7087 -0.02922736 0.135518
Moved 507.076 348.7249 402.2751 -0.03914982 0.165222
Moved 507.092 344.8414 404.1586 -0.0526341 0.1870212
Moved 507.1076 342.9776 406.0225 -0.05910567 0.2085933
Moved 507.1218 340.075 407.4625 -0.06918401 0.2252609
Moved 507.1376 338.1951 408.9025 -0.07571138 0.2419269
Moved 507.1533 335.3143 410.3428 -0.08571424 0.2585976
Moved 507.1689 334.6852 411.3148 -0.08789866 0.2698475
Moved 507.1843 332.1326 412 -0.09676187 0.2777779
Moved 507.1989 329.3929 414.6071 -0.1062745 0.3079519
Moved 507.2151 326.5052 414.7474 -0.1163013 0.3095765
Moved 507.2308 324.8257 415 -0.1221328 0.3125
Moved 507.246 322.7551 416.6224 -0.1293226 0.3312782
Moved 507.2612 319.8691 417 -0.1393434 0.3356481
Moved 507.2756 318.8514 418.1486 -0.1428769 0.348942
Moved 507.2915 316.7152 418.6424 -0.1502943 0.3546574
Moved 507.3078 314.9195 419 -0.1565295 0.3587967
Moved 507.323 313.5 419 -0.1614583 0.3587967
Moved 507.3382 311.0391 419 -0.170003 0.3587967
Moved 507.3615 307.3229 420 -0.1829065 0.3703704
Stationary 507.3715 307.3229 420 -0.1829065 0.3703704
Moved 507.3845 306.041 420 -0.1873578 0.3703704
Moved 507.4036 304.6143 420 -0.1923112 0.3703704
Moved 507.4145 302.1766 420 -0.2007758 0.3703704
Moved 507.4309 300.7369 420 -0.2057745 0.3703704
Moved 507.4473 299.2988 420 -0.2107681 0.3703704
Moved 507.4601 297.8594 420 -0.215766 0.3703704
Moved 507.4764 296.4193 420 -0.2207665 0.3703704
Moved 507.494 295.2534 420 -0.2248144 0.3703704
Moved 507.5096 293.9064 420 -0.2294915 0.3703704
Moved 507.5224 292.5 420 -0.234375 0.3703704
Stationary 507.5386 292.5 420 -0.234375 0.3703704
Moved 507.5545 290.5848 420 -0.241025 0.3703704
Stationary 507.5683 290.5848 420 -0.241025 0.3703704
Moved 507.5832 288.7113 420 -0.2475302 0.3703704
Stationary 507.6003 288.7113 420 -0.2475302 0.3703704
Stationary 507.6137 288.7113 420 -0.2475302 0.3703704
Moved 507.6295 287.7754 420 -0.25078 0.3703704
Stationary 507.6451 287.7754 420 -0.25078 0.3703704
Moved 507.6603 286.751 420 -0.2543367 0.3703704
Stationary 507.6758 286.751 420 -0.2543367 0.3703704
Moved 507.6914 285.7515 420 -0.2578072 0.3703704
Stationary 507.7075 285.7515 420 -0.2578072 0.3703704
Moved 507.7236 284.832 420 -0.2609999 0.3703704
Stationary 507.7372 284.832 420 -0.2609999 0.3703704
Stationary 507.7551 284.832 420 -0.2609999 0.3703704
Stationary 507.7686 284.832 420 -0.2609999 0.3703704
Moved 507.7831 283.8508 420 -0.2644069 0.3703704
Stationary 507.8003 283.8508 420 -0.2644069 0.3703704
Stationary 507.8165 283.8508 420 -0.2644069 0.3703704
Stationary 507.8319 283.8508 420 -0.2644069 0.3703704
Moved 507.846 282.8816 420 -0.2677722 0.3703704
Stationary 507.8619 282.8816 420 -0.2677722 0.3703704
Stationary 507.8767 282.8816 420 -0.2677722 0.3703704
Stationary 507.8926 282.8816 420 -0.2677722 0.3703704
Stationary 507.9078 282.8816 420 -0.2677722 0.3703704
Stationary 507.9227 282.8816 420 -0.2677722 0.3703704
Ended 507.9389 283 420 -0.2673611 0.3703704
Began 508.1369 322 365 -0.1319444 -0.2662037
Stationary 508.155 322 365 -0.1319444 -0.2662037
Stationary 508.1693 322 365 -0.1319444 -0.2662037
Stationary 508.1859 322 365 -0.1319444 -0.2662037
Stationary 508.2119 322 365 -0.1319444 -0.2662037
Stationary 508.2273 322 365 -0.1319444 -0.2662037
Stationary 508.2413 322 365 -0.1319444 -0.2662037
Stationary 508.2512 322 365 -0.1319444 -0.2662037
Stationary 508.2614 322 365 -0.1319444 -0.2662037
Stationary 508.2773 322 365 -0.1319444 -0.2662037
Stationary 508.2933 322 365 -0.1319444 -0.2662037
Stationary 508.309 322 365 -0.1319444 -0.2662037
Stationary 508.3235 322 365 -0.1319444 -0.2662037
Stationary 508.3393 322 365 -0.1319444 -0.2662037
Stationary 508.3549 322 365 -0.1319444 -0.2662037
Stationary 508.3703 322 365 -0.1319444 -0.2662037
Stationary 508.3866 322 365 -0.1319444 -0.2662037
Stationary 508.4037 322 365 -0.1319444 -0.2662037
Stationary 508.4181 322 365 -0.1319444 -0.2662037
Stationary 508.4351 322 365 -0.1319444 -0.2662037
Stationary 508.4512 322 365 -0.1319444 -0.2662037
Stationary 508.4658 322 365 -0.1319444 -0.2662037
Stationary 508.4799 322 365 -0.1319444 -0.2662037
Stationary 508.4959 322 365 -0.1319444 -0.2662037
Stationary 508.5121 322 365 -0.1319444 -0.2662037
Stationary 508.5271 322 365 -0.1319444 -0.2662037
Stationary 508.5418 322 365 -0.1319444 -0.2662037
Stationary 508.5568 322 365 -0.1319444 -0.2662037
Stationary 508.5708 322 365 -0.1319444 -0.2662037
Stationary 508.5858 322 365 -0.1319444 -0.2662037
Stationary 508.6006 322 365 -0.1319444 -0.2662037
Stationary 508.6169 322 365 -0.1319444 -0.2662037
Stationary 508.6319 322 365 -0.1319444 -0.2662037
Stationary 508.6476 322 365 -0.1319444 -0.2662037
Stationary 508.6637 322 365 -0.1319444 -0.2662037
Stationary 508.6789 322 365 -0.1319444 -0.2662037
Stationary 508.6943 322 365 -0.1319444 -0.2662037
Stationary 508.7111 322 365 -0.1319444 -0.2662037
Stationary 508.7243 322 365 -0.1319444 -0.2662037
Moved 508.7398 322 374.4295 -0.1319444 -0.1570656
Stationary 508.7568 322 374.4295 -0.1319444 -0.1570656
Moved 508.7713 322 375.2497 -0.1319444 -0.1475726
Stationary 508.7917 322 375.2497 -0.1319444 -0.1475726
Moved 508.8026 322 376.249 -0.1319444 -0.1360074
Stationary 508.8179 322 376.249 -0.1319444 -0.1360074
Moved 508.8335 322 377.3147 -0.1319444 -0.1236725
Moved 508.8499 322 378.374 -0.1319444 -0.1114125
Moved 508.8643 322 379.1475 -0.1319444 -0.1024599
Stationary 508.8795 322 379.1475 -0.1319444 -0.1024599
Moved 508.8956 322 380.3734 -0.1319444 -0.08827068
Moved 508.9124 331.1408 380 -0.1002056 -0.09259224
Moved 508.9267 329.728 381 -0.1051112 -0.08101851
Moved 508.9423 330 382.1681 -0.1041666 -0.06749895
Moved 508.9572 331 382.6083 -0.1006944 -0.06240421
Stationary 508.9726 331 383 -0.1006944 -0.05787037
Moved 508.9878 332.4887 384.4887 -0.09552546 -0.04063977
Moved 509.0044 332.9288 385 -0.09399734 -0.03472222
Moved 509.0194 333 386.3651 -0.09374998 -0.01892284
Moved 509.0349 334.3347 387.3347 -0.08911542 -0.00769986
Moved 509.0509 334.8932 387.8932 -0.0871764 -0.001236068
Moved 509.0663 335.5 388.5 -0.08506946 0.00578686
Moved 509.0806 335.7707 389 -0.08412965 0.01157443
Moved 509.0963 336.5 389 -0.08159719 0.01157443
Moved 509.1111 336.6539 390 -0.08106284 0.02314815
Moved 509.1271 337.5 390 -0.07812499 0.02314815
Moved 509.1425 337 390 -0.07986113 0.02314815
Moved 509.1582 338 391 -0.07638887 0.03472222
Stationary 509.1727 338 391 -0.07638887 0.03472222
Moved 509.1874 339.5 392.5 -0.07118054 0.05208351
Stationary 509.2048 339.5 392.5 -0.07118054 0.05208351
Moved 509.2188 340.4222 392 -0.06797843 0.04629647
Stationary 509.2343 340.4222 392 -0.06797843 0.04629647
Moved 509.2499 341.3745 393.3745 -0.06467193 0.06220429
Moved 509.2659 342.1628 393 -0.06193459 0.05787019
Moved 509.2821 343.5 394.5 -0.05729168 0.07523166
Moved 509.3036 345.6989 395 -0.04965663 0.08101869
Stationary 509.3149 345.6989 395 -0.04965663 0.08101869
Moved 509.3271 346.5 395 -0.04687503 0.08101869
Moved 509.343 347.5796 396 -0.04312649 0.09259259
Moved 509.3584 348.7448 396 -0.0390806 0.09259259
Moved 509.3737 350.0881 397.0881 -0.03441639 0.1051862
Moved 509.3887 353 397 -0.02430558 0.104167
Moved 509.4062 353.9632 398 -0.02096124 0.1157407
Moved 509.4195 355.4032 398 -0.01596101 0.1157407
Moved 509.4348 358.6924 398.8462 -0.004540309 0.1255348
Moved 509.4512 360.2791 399 0.0009688734 0.127315
Moved 509.4662 363 400.5 0.01041666 0.1446761
Moved 509.4815 366.5072 400 0.02259448 0.1388891
Moved 509.4971 369.5601 400 0.03319472 0.1388891
Moved 509.5116 373.4347 401 0.04664823 0.1504628
Moved 509.5277 376.3069 401 0.05662128 0.1504628
Moved 509.545 380.188 401 0.07009729 0.1504628
Moved 509.5594 384.0938 401 0.08365883 0.1504628
Moved 509.5737 386.9432 401 0.09355277 0.1504628
Moved 509.5889 389.1226 401 0.10112 0.1504628
Moved 509.6064 391.9971 401 0.1111011 0.1504628
Moved 509.6204 394.8777 401 0.1211029 0.1504628
Moved 509.6357 397.7479 401 0.131069 0.1504628
Moved 509.6511 399.321 401 0.1365311 0.1504628
Moved 509.6669 401.7592 401 0.1449974 0.1504628
Moved 509.683 404.399 401 0.1541631 0.1504628
Moved 509.7004 406.5242 401 0.1615423 0.1504628
Moved 509.7135 408.7749 401 0.1693574 0.1504628
Moved 509.729 411.4372 401 0.1786013 0.1504628
Moved 509.7438 414.3086 401 0.1885717 0.1504628
Moved 509.7662 419.0712 401 0.2051083 0.1504628
Stationary 509.7764 419.0712 401 0.2051083 0.1504628
Moved 509.7883 421.9517 401 0.2151099 0.1504628
Moved 509.8065 424.1194 402.0598 0.2226369 0.1627286
Moved 509.8207 427 403.5 0.2326389 0.1793981
Moved 509.8361 429.9148 403.9574 0.2427596 0.1846923
Moved 509.8521 432.795 404 0.2527605 0.1851855
Moved 509.8677 436.5058 405 0.2656451 0.1967594
Moved 509.8827 439.5573 406.2786 0.2762404 0.2115582
Moved 509.8972 442.4359 407 0.2862356 0.2199076
Moved 509.9134 444.6938 407.8469 0.2940756 0.2297092
Moved 509.9294 447.4547 409.2273 0.303662 0.2456865
Moved 509.9446 449.3419 409.671 0.310215 0.2508213
Moved 509.9591 452.2222 410 0.3202161 0.2546296
Moved 509.976 453.5551 411 0.3248441 0.2662037
Moved 509.9906 454.9887 411.9887 0.3298218 0.2776473
Moved 510.0071 456.4288 412 0.3348221 0.2777779
Moved 510.021 457.6559 412.6559 0.339083 0.2853697
Moved 510.0377 458.9816 413 0.343686 0.2893519
Moved 510.0527 460.438 414.438 0.3487432 0.3059959
Moved 510.0671 461.8619 414 0.3536871 0.3009261
Moved 510.0833 463.302 415.302 0.3586876 0.3159956
Moved 510.1032 463.7536 415 0.3602555 0.3125
Moved 510.1149 465.1803 415 0.3652094 0.3125
Moved 510.1296 466.5 416.5 0.3697917 0.3298613
Stationary 510.1453 466.5 416.5 0.3697917 0.3298613
Moved 510.1609 467 416 0.3715278 0.3240739
Moved 510.1747 468 416.5937 0.3749999 0.3309458
Moved 510.2003 469.2375 417 0.379297 0.3356481
Stationary 510.213 469.2375 417 0.379297 0.3356481
Stationary 510.2235 469.2375 417 0.379297 0.3356481
Moved 510.237 470.3381 417 0.3831182 0.3356481
Stationary 510.2517 470 417 0.3819444 0.3356481
Stationary 510.2673 470 417 0.3819444 0.3356481
Stationary 510.2832 470 417 0.3819444 0.3356481
Moved 510.298 470 418.1867 0.3819444 0.3493835
Stationary 510.3138 470 418.1867 0.3819444 0.3493835
Stationary 510.3295 470 418.1867 0.3819444 0.3493835
Stationary 510.3457 470 418.1867 0.3819444 0.3493835
Stationary 510.3605 470 418 0.3819444 0.3472222
Stationary 510.3756 470 418 0.3819444 0.3472222
Moved 510.3906 462.8274 418 0.3570394 0.3472222
Moved 510.408 460 418 0.3472222 0.3472222
Moved 510.4217 457.1368 418 0.3372805 0.3472222
Moved 510.4378 454.2029 418 0.3270933 0.3472222
Moved 510.4534 449.4943 418 0.3107442 0.3472222
Moved 510.4686 446.2031 418 0.2993162 0.3472222
Moved 510.4842 441.9573 418 0.284574 0.3472222
Moved 510.4997 437.6366 418 0.2695717 0.3472222
Moved 510.5143 434.5442 418 0.2588339 0.3472222
Moved 510.5301 430.66 418 0.2453472 0.3472222
Moved 510.5465 426.6761 418 0.2315142 0.3472222
Moved 510.5613 424 418 0.2222222 0.3472222
Moved 510.5766 420.5075 412.7763 0.2100955 0.2867628
Moved 510.5919 416.6878 411 0.1968327 0.2662037
Moved 510.6129 410.0312 411 0.1737195 0.2662037
Stationary 510.6235 410.0312 411 0.1737195 0.2662037
Moved 510.637 406.1533 411 0.1602545 0.2662037
Moved 510.6535 403.2713 411 0.1502475 0.2662037
Moved 510.6689 400.3903 411 0.1402439 0.2662037
Moved 510.6841 396.5 411 0.1267362 0.2662037
Moved 510.7 393.5027 411 0.1163287 0.2662037
Moved 510.7147 390.4558 411 0.1057494 0.2662037
Moved 510.7306 386.8631 411 0.09327471 0.2662037
Moved 510.7479 383.6951 411 0.08227482 0.2662037
Moved 510.7618 381.4074 411 0.07433116 0.2662037
Moved 510.7765 378.9344 411 0.06574451 0.2662037
Moved 510.7931 377.5271 411 0.06085798 0.2662037
Moved 510.8078 375.3889 411 0.05343348 0.2662037
Moved 510.823 373.9487 411 0.04843309 0.2662037
Moved 510.8394 372.5128 421.4106 0.04344716 0.3866968
Moved 510.8551 371.0716 418 0.03844306 0.3472222
Moved 510.8692 369.6311 419.369 0.03344118 0.3630668
Moved 510.8854 368.1983 419 0.02846628 0.3587967
Moved 510.902 366.7521 419 0.02344474 0.3587967
Moved 510.9152 365.7377 419 0.0199227 0.3587967
Moved 510.9318 364.5 420.5 0.01562506 0.3761572
Moved 510.9484 363.8846 420 0.01348823 0.3703704
Moved 510.9621 362.3347 420 0.008106828 0.3703704
Moved 510.9838 360.8911 420 0.003094226 0.3703704
Moved 510.9946 359.4561 420.5438 -0.00188835 0.3766648
Moved 511.0098 359 421 -0.003472194 0.3819443
Moved 511.0242 357.9573 421 -0.007092581 0.3819443
Moved 511.0396 356.5 421 -0.01215279 0.3819443
Moved 511.0549 355.0589 421.9411 -0.01715668 0.392837
Moved 511.0703 353.6183 422 -0.02215885 0.3935187
Moved 511.0854 352.1804 422 -0.0271514 0.3935187
Moved 511.1025 350.7478 422 -0.03212571 0.3935187
Stationary 511.116 350.7478 422 -0.03212571 0.3935187
Moved 511.1307 349.1456 422.8544 -0.03768891 0.4034074
Moved 511.1485 348.5 423.5 -0.03993057 0.4108795
Moved 511.1619 347.3096 423 -0.04406385 0.4050926
Moved 511.1782 346.5 423 -0.04687503 0.4050926
Moved 511.1938 345.4334 423 -0.05057842 0.4050926
Moved 511.2086 343.9841 423 -0.05561068 0.4050926
Stationary 511.2233 343.9841 423 -0.05561068 0.4050926
Moved 511.2387 342.3476 423 -0.06129317 0.4050926
Moved 511.256 341.5 423 -0.06423607 0.4050926
Moved 511.2705 340.7935 423 -0.06668917 0.4050926
Moved 511.2859 339.5 423 -0.07118054 0.4050926
Moved 511.3023 338.8539 423 -0.07342383 0.4050926
Moved 511.3173 337.5 423 -0.07812499 0.4050926
Moved 511.3326 336.9152 423 -0.08015551 0.4050926
Moved 511.3545 334.2556 423 -0.08939013 0.4050926
Stationary 511.3654 334.2556 423 -0.08939013 0.4050926
Moved 511.3777 332.8182 423 -0.0943812 0.4050926
Moved 511.3949 331.4145 423 -0.09925537 0.4050926
Moved 511.4122 330.5 423 -0.1024306 0.4050926
Moved 511.4249 329.7746 423 -0.1049493 0.4050926
Moved 511.441 328.1056 423 -0.1107445 0.4050926
Moved 511.4562 326.6656 423 -0.1157444 0.4050926
Moved 511.4712 325.5617 423 -0.1195774 0.4050926
Moved 511.487 324.1215 423 -0.1245782 0.4050926
Moved 511.5027 322.6852 423 -0.1295654 0.4050926
Moved 511.5185 320.244 423 -0.1380416 0.4050926
Moved 511.5335 318.8073 423 -0.1430304 0.4050926
Moved 511.5484 317.3666 423 -0.1480327 0.4050926
Moved 511.5638 315.9294 423 -0.1530228 0.4050926
Stationary 511.5796 316 423 -0.1527778 0.4050926
Moved 511.5953 314.4209 423 -0.1582607 0.4050926
Moved 511.6101 312.9791 423 -0.1632671 0.4050926
Moved 511.6252 311.5388 423 -0.1682678 0.4050926
Moved 511.6408 310.5 423 -0.171875 0.4050926
Moved 511.6564 309.831 423 -0.1741981 0.4050926
Moved 511.6709 308.2213 416 -0.1797873 0.3240739
Stationary 511.6915 308 416 -0.1805556 0.3240739
Moved 511.7029 306.6657 416 -0.1851884 0.3240739
Stationary 511.7177 306.6657 416 -0.1851884 0.3240739
Moved 511.7321 306 415 -0.1875 0.3125
Stationary 511.7487 306 415 -0.1875 0.3125
Moved 511.7656 304.6266 415 -0.1922689 0.3125
Stationary 511.7801 304.6266 415 -0.1922689 0.3125
Moved 511.7945 304 415 -0.1944444 0.3125
Stationary 511.8102 304 415 -0.1944444 0.3125
Stationary 511.8253 304 415 -0.1944444 0.3125
Moved 511.8409 303 414.066 -0.1979167 0.3016896
Stationary 511.8574 303 414 -0.1979167 0.3009261
Stationary 511.873 303 414 -0.1979167 0.3009261
Moved 511.8862 301.8727 414 -0.2018308 0.3009261
Stationary 511.9038 301.8727 414 -0.2018308 0.3009261
Moved 511.9177 302 412.6764 -0.2013889 0.2856066
Moved 511.934 302 411.8647 -0.2013889 0.2762123
Moved 511.9492 302 410.5 -0.2013889 0.2604167
Moved 511.9644 302 409.9277 -0.2013889 0.2537927
Moved 511.9805 302 408.415 -0.2013889 0.2362846
Moved 511.9963 302 406.9777 -0.2013889 0.2196489
Moved 512.0112 302 404.075 -0.2013889 0.1860534
Moved 512.0326 302 401.9933 -0.2013889 0.1619599
Stationary 512.0441 302 401.9933 -0.2013889 0.1619599
Moved 512.0573 302 400.5573 -0.2013889 0.1453387
Moved 512.0731 302 399.1187 -0.2013889 0.1286881
Moved 512.0881 302 396.3644 -0.2013889 0.09681066
Moved 512.1051 302 395.2369 -0.2013889 0.08376051
Moved 512.1186 302 393.8055 -0.2013889 0.06719378
Moved 512.1334 310.376 392.8034 -0.1723055 0.05559515
Moved 512.1493 309.7069 390.5861 -0.1746286 0.02993213
Moved 512.1657 311.1528 388.8472 -0.1696082 0.009805185
Moved 512.1808 311.5865 387.4135 -0.1681025 -0.006787865
Moved 512.1956 313.0266 384.9468 -0.1631021 -0.03533823
Stationary 512.2114 313.0266 384.9468 -0.1631021 -0.03533823
Moved 512.2257 314 382.0899 -0.1597222 -0.06840353
Moved 512.242 315.0169 380.9832 -0.1561914 -0.08121314
Moved 512.2574 316.4583 379.5417 -0.1511865 -0.09789678
Moved 512.2728 316.8978 378.1022 -0.1496603 -0.1145578
Moved 512.2886 317 376.6591 -0.1493055 -0.1312609
Moved 512.3055 318 375.2176 -0.1458333 -0.1479446
Moved 512.319 319.2197 373.7803 -0.1415983 -0.1645798
Moved 512.3344 319 372.3395 -0.1423611 -0.181256
Moved 512.3548 319.8099 371.1901 -0.1395488 -0.1945591
Moved 512.3668 320 368.6295 -0.1388889 -0.2241961
Moved 512.3807 321 366.3751 -0.1354167 -0.2502886
Moved 512.3967 322.0651 364.9349 -0.1317184 -0.2669567
Moved 512.4113 322 363.5 -0.1319444 -0.2835652
Moved 512.4272 322.9319 361.0681 -0.1287086 -0.3117123
Moved 512.4429 323 359.6128 -0.1284722 -0.3285556
Moved 512.4581 323 357.3715 -0.1284722 -0.3544963
Moved 512.4731 323.9554 356.0446 -0.1251548 -0.369854
Moved 512.4882 324 354.6044 -0.125 -0.3865228
Moved 512.5044 324 353.1619 -0.125 -0.4032184
Moved 512.5198 324 351.7581 -0.125 -0.4194669
Moved 512.5352 325 350.3186 -0.1215278 -0.4361269
Moved 512.551 325 348.883 -0.1215278 -0.4527431
Moved 512.5654 325 347.5 -0.1215278 -0.46875
Stationary 512.5809 325 347.5 -0.1215278 -0.46875
Moved 512.5959 325 345.9001 -0.1215278 -0.4872675
Stationary 512.6124 325 345.9001 -0.1215278 -0.4872675
Moved 512.6276 325 344.626 -0.1215278 -0.5020131
Moved 512.6431 325 343.7921 -0.1215278 -0.5116661
Stationary 512.6628 325 343.7921 -0.1215278 -0.5116661
Moved 512.6737 325 342.7052 -0.1215278 -0.5242454
Stationary 512.6888 325 342.7052 -0.1215278 -0.5242454
Stationary 512.7073 325 343 -0.1215278 -0.5208333
Moved 512.7196 325 341.7637 -0.1215278 -0.535142
Stationary 512.7346 325 342 -0.1215278 -0.532407
Stationary 512.7493 325 342 -0.1215278 -0.532407
Stationary 512.765 325 342 -0.1215278 -0.532407
Stationary 512.7825 325 342 -0.1215278 -0.532407
Stationary 512.7968 325 342 -0.1215278 -0.532407
Stationary 512.812 325 342 -0.1215278 -0.532407
Stationary 512.8278 325 342 -0.1215278 -0.532407
Stationary 512.8428 325 342 -0.1215278 -0.532407
Stationary 512.8584 325 342 -0.1215278 -0.532407
Stationary 512.8738 325 342 -0.1215278 -0.532407
Stationary 512.8885 325 342 -0.1215278 -0.532407
Stationary 512.9059 325 342 -0.1215278 -0.532407
Stationary 512.9211 325 342 -0.1215278 -0.532407
Stationary 512.9355 325 342 -0.1215278 -0.532407
Moved 512.9551 325 350.1258 -0.1215278 -0.4383585
Moved 512.9678 318 351.5646 -0.1458333 -0.4217056
Moved 512.9824 316.9967 353.0033 -0.1493171 -0.4050541
Moved 512.9979 317 354.4421 -0.1493055 -0.3884012
Moved 513.0131 316 355.6765 -0.1527778 -0.3741144
Moved 513.0287 314.9911 358.0179 -0.1562811 -0.3470152
Moved 513.046 313.5521 359.4479 -0.1612774 -0.3304644
Moved 513.061 313.1109 361.7782 -0.1628093 -0.3034931
Moved 513.074 311.6719 363.3281 -0.167806 -0.2855541
Moved 513.0903 311.2331 365.7669 -0.1693296 -0.2573275
Moved 513.1061 311 367.2056 -0.1701389 -0.2406756
Moved 513.1216 309.5 370 -0.1753472 -0.2083333
Moved 513.136 309.256 371.4881 -0.1761946 -0.1911096
Moved 513.1519 309 374.3589 -0.1770833 -0.1578833
Moved 513.1681 308 376.2375 -0.1805556 -0.1361402
Moved 513.1835 306.9425 379.1149 -0.1842273 -0.1028365
Moved 513.2001 307 380.4963 -0.1840278 -0.0868483
Moved 513.2136 306 382.9349 -0.1875 -0.05862307
Moved 513.2294 306 384.3698 -0.1875 -0.04201606
Moved 513.2487 304.6767 385.3233 -0.1920948 -0.03098046
Moved 513.2599 304.1192 387.8808 -0.1940306 -0.001379649
Moved 513.2758 304 390.6393 -0.1944444 0.03054707
Moved 513.2912 303 391.7512 -0.1979167 0.04341691
Moved 513.3065 301.8047 393.1953 -0.2020672 0.06013076
Moved 513.3218 301.3196 394.6804 -0.2037513 0.07731967
Moved 513.3381 301 396.1155 -0.2048611 0.0939295
Moved 513.3533 299.8316 397.1685 -0.2089181 0.1061166
Moved 513.3675 299.3423 399.6577 -0.2106172 0.1349274
Moved 513.3833 299 401.0927 -0.2118055 0.1515353
Moved 513.4008 297.5 402.5 -0.2170139 0.1678241
Moved 513.4156 298 403.9617 -0.2152777 0.1847417
Moved 513.4298 296.6025 405.3975 -0.2201303 0.2013604
Moved 513.4451 295.5 406.5 -0.2239583 0.2141206
Stationary 513.4593 295.5 406.5 -0.2239583 0.2141206
Moved 513.4743 294.6596 408.3404 -0.2268763 0.2354212
Moved 513.4911 295 409 -0.2256945 0.2430559
Moved 513.5078 295 410.2208 -0.2256945 0.2571848
Moved 513.5279 294 412.0404 -0.2291667 0.2782454
Stationary 513.5393 294 412.0404 -0.2291667 0.2782454
Moved 513.5524 294 413.5 -0.2291667 0.2951389
Moved 513.5685 292.5 414.5 -0.234375 0.3067131
Moved 513.5833 293 415.0365 -0.2326389 0.3129226
Moved 513.5989 292 416.5939 -0.2361111 0.3309474
Moved 513.6149 292 417.5 -0.2361111 0.3414352
Moved 513.6302 290.7641 418.2359 -0.2404024 0.3499525
Stationary 513.6468 290.7641 418.2359 -0.2404024 0.3499525
Moved 513.6609 291 419 -0.2395833 0.3587967
Moved 513.6767 291 420.5 -0.2395833 0.3761572
Stationary 513.6917 291 420.5 -0.2395833 0.3761572
Moved 513.7079 290 421.3344 -0.2430555 0.3858142
Stationary 513.7231 290 421 -0.2430555 0.3819443
Moved 513.7379 290 422.1059 -0.2430555 0.3947443
Stationary 513.7551 290 422.1059 -0.2430555 0.3947443
Stationary 513.7681 290 422 -0.2430555 0.3935187
Stationary 513.7839 290 422 -0.2430555 0.3935187
Moved 513.8064 290 423.4373 -0.2430555 0.410154
Stationary 513.8184 290 423.4373 -0.2430555 0.410154
Stationary 513.8305 290 423.4373 -0.2430555 0.410154
Ended 513.8452 289 423 -0.2465278 0.4050926
Began 513.9987 409 361 0.1701389 -0.3125
Stationary 514.0157 409 361 0.1701389 -0.3125
Stationary 514.0308 409 361 0.1701389 -0.3125
Stationary 514.0455 409 361 0.1701389 -0.3125
Stationary 514.0611 409 361 0.1701389 -0.3125
Stationary 514.0765 409 361 0.1701389 -0.3125
Stationary 514.0918 409 361 0.1701389 -0.3125
Stationary 514.1066 409 361 0.1701389 -0.3125
Stationary 514.1245 409 361 0.1701389 -0.3125
Stationary 514.1385 409 361 0.1701389 -0.3125
Stationary 514.1552 409 361 0.1701389 -0.3125
Stationary 514.1711 409 361 0.1701389 -0.3125
Stationary 514.1863 409 361 0.1701389 -0.3125
Stationary 514.2079 409 361 0.1701389 -0.3125
Stationary 514.2201 409 361 0.1701389 -0.3125
Stationary 514.2332 409 361 0.1701389 -0.3125
Stationary 514.2466 409 361 0.1701389 -0.3125
Stationary 514.2609 409 361 0.1701389 -0.3125
Stationary 514.2776 409 361 0.1701389 -0.3125
Stationary 514.2919 409 361 0.1701389 -0.3125
Stationary 514.3094 409 361 0.1701389 -0.3125
Stationary 514.3243 409 361 0.1701389 -0.3125
Stationary 514.3416 409 361 0.1701389 -0.3125
Stationary 514.3546 409 361 0.1701389 -0.3125
Stationary 514.3709 409 361 0.1701389 -0.3125
Stationary 514.3857 409 361 0.1701389 -0.3125
Stationary 514.4009 409 361 0.1701389 -0.3125
Stationary 514.4157 409 361 0.1701389 -0.3125
Stationary 514.4307 409 361 0.1701389 -0.3125
Stationary 514.4474 409 361 0.1701389 -0.3125
Stationary 514.4689 409 361 0.1701389 -0.3125
Stationary 514.4793 409 361 0.1701389 -0.3125
Moved 514.4941 409 370.7098 0.1701389 -0.2001176
Moved 514.5099 409 372.1491 0.1701389 -0.183459
Moved 514.525 409 373.5881 0.1701389 -0.166804
Moved 514.5403 409 376.053 0.1701389 -0.1382757
Moved 514.5573 409 377.4669 0.1701389 -0.1219114
Moved 514.5707 409 378.3916 0.1701389 -0.1112083
Moved 514.5863 409 380.9536 0.1701389 -0.08155611
Moved 514.6021 409 382.417 0.1701389 -0.06461779
Moved 514.6177 409 385.6524 0.1701389 -0.02717142
Moved 514.6334 409 387.2664 0.1701389 -0.008490174
Moved 514.6481 409 390.4131 0.1701389 0.02792941
Moved 514.6639 409 392.1435 0.1701389 0.04795692
Moved 514.6796 409 394.3915 0.1701389 0.07397652
Moved 514.6952 413.8824 396.395 0.1870918 0.09716387
Moved 514.7169 417.5713 400.5712 0.1999003 0.1455002
Stationary 514.7286 417.5713 400.5712 0.1999003 0.1455002
Moved 514.7408 419.0114 403.0228 0.2049008 0.1738757
Moved 514.756 421.9197 405.9197 0.214999 0.2074044
Moved 514.7717 422.8975 407.8975 0.2183939 0.2302949
Moved 514.7878 423.9864 408.9864 0.222175 0.2428982
Moved 514.8057 425.4136 411.8272 0.2271305 0.2757779
Moved 514.818 426 412.8668 0.2291666 0.2878104
Moved 514.8326 427.3003 413 0.2336815 0.2893519
Moved 514.8488 427.7351 414.7352 0.2351914 0.3094352
Moved 514.8643 428 416.1772 0.2361111 0.3261246
Moved 514.8788 429.6088 416.6088 0.2416973 0.3311205
Moved 514.8956 430 417.8031 0.2430555 0.3449435
Moved 514.9108 431.1837 418 0.2471658 0.3472222
Moved 514.9258 431 419.5 0.2465278 0.3645835
Moved 514.9412 432.0262 420.0262 0.2500911 0.3706741
Stationary 514.96 432.0262 420.0262 0.2500911 0.3706741
Moved 514.9708 433.3745 421.3745 0.2547726 0.3862791
Moved 514.9867 434.1912 422.1912 0.2576081 0.395731
Stationary 515.0032 434.1912 422.1912 0.2576081 0.395731
Moved 515.0182 435 422.9202 0.2604167 0.4041693
Moved 515.0332 436.3527 423 0.2651136 0.4050926
Stationary 515.0499 436.3527 423 0.2651136 0.4050926
Moved 515.0649 437.3734 424.3734 0.2686578 0.4209886
Moved 515.0797 438 424 0.2708333 0.4166668
Moved 515.095 439.1126 424 0.2746965 0.4166668
Moved 515.1105 439 425.5 0.2743055 0.4340278
Stationary 515.1258 439 425.5 0.2743055 0.4340278
Moved 515.1404 440.06 425 0.277986 0.4282407
Stationary 515.1564 440.06 425 0.277986 0.4282407
Stationary 515.1708 440.06 425 0.277986 0.4282407
Moved 515.1874 440 426.2473 0.2777778 0.4426774
Moved 515.2106 441.3745 426 0.2825503 0.4398148
Stationary 515.223 441.3745 426 0.2825503 0.4398148
Stationary 515.2354 441.3745 426 0.2825503 0.4398148
Stationary 515.2482 441.3745 426 0.2825503 0.4398148
Stationary 515.2643 441.3745 426 0.2825503 0.4398148
Moved 515.2807 441 427.0919 0.28125 0.4524522
Moved 515.2957 442.0495 427 0.2848941 0.4513891
Stationary 515.3103 442.0495 427 0.2848941 0.4513891
Stationary 515.3254 442.0495 427 0.2848941 0.4513891
Stationary 515.3414 442.0495 427 0.2848941 0.4513891
Stationary 515.356 442.0495 427 0.2848941 0.4513891
Stationary 515.3712 442.0495 427 0.2848941 0.4513891
Stationary 515.3904 442.0495 427 0.2848941 0.4513891
Stationary 515.4027 442.0495 427 0.2848941 0.4513891
Stationary 515.418 442.0495 427 0.2848941 0.4513891
Stationary 515.438 442.0495 427 0.2848941 0.4513891
Stationary 515.4486 442.0495 427 0.2848941 0.4513891
Stationary 515.4644 442.0495 427 0.2848941 0.4513891
Stationary 515.4795 442.0495 427 0.2848941 0.4513891
Stationary 515.4948 442.0495 427 0.2848941 0.4513891
Stationary 515.5108 442.0495 427 0.2848941 0.4513891
Stationary 515.5273 442.0495 427 0.2848941 0.4513891
Stationary 515.5409 442.0495 427 0.2848941 0.4513891
Stationary 515.5562 442.0495 427 0.2848941 0.4513891
Stationary 515.5715 442.0495 427 0.2848941 0.4513891
Stationary 515.5873 442.0495 427 0.2848941 0.4513891
Stationary 515.6039 442.0495 427 0.2848941 0.4513891
Stationary 515.6235 442.0495 427 0.2848941 0.4513891
Stationary 515.6387 442.0495 427 0.2848941 0.4513891
Stationary 515.6535 442.0495 427 0.2848941 0.4513891
Stationary 515.676 442.0495 427 0.2848941 0.4513891
Stationary 515.6926 442.0495 427 0.2848941 0.4513891
Stationary 515.7042 442 427 0.2847221 0.4513891
Stationary 515.7147 442 427 0.2847221 0.4513891
Stationary 515.7274 442 427 0.2847221 0.4513891
Stationary 515.7433 442 427 0.2847221 0.4513891
Stationary 515.7576 442 427 0.2847221 0.4513891
Stationary 515.7726 442 427 0.2847221 0.4513891
Stationary 515.7888 442 427 0.2847221 0.4513891
Moved 515.8047 434.1443 427 0.2574457 0.4513891
Moved 515.821 433.5 427 0.2552083 0.4513891
Moved 515.8365 432.2673 427 0.2509281 0.4513891
Moved 515.8516 430.8286 427 0.2459325 0.4513891
Moved 515.8666 429.3898 420 0.2409369 0.3703704
Moved 515.8835 427.9541 418.9541 0.2359517 0.3582649
Moved 515.9044 425.5 418 0.2274306 0.3472222
Stationary 515.9147 425.5 418 0.2274306 0.3472222
Moved 515.9268 423.9938 417 0.2222007 0.3356481
Moved 515.9454 422.5551 415.5551 0.2172053 0.3189249
Moved 515.9589 420.1163 415 0.2087371 0.3125
Moved 515.9736 418.6776 413.6776 0.2037416 0.2971944
Moved 515.9892 416.2395 413 0.195276 0.2893519
Moved 516.0052 414.1688 412.0844 0.188086 0.2787549
Moved 516.0202 411.3286 412 0.1782243 0.2777779
Moved 516.0356 409.4593 410.2296 0.1717336 0.2572872
Moved 516.0513 406.59 410 0.1617707 0.2546296
Moved 516.0674 403.7092 408.3546 0.1517682 0.2355858
Moved 516.0833 400.8399 408 0.1418051 0.2314815
Moved 516.0979 398 406.5 0.1319444 0.2141206
Moved 516.1194 391.82 404.94 0.1104863 0.1960647
Stationary 516.1305 391.82 404.94 0.1104863 0.1960647
Moved 516.1435 389.002 405 0.1007011 0.1967594
Moved 516.1583 386.1298 404 0.0907284 0.1851855
Moved 516.1742 383.2448 402.6224 0.08071095 0.1692405
Moved 516.1902 380.3694 402 0.07072686 0.162037
Moved 516.2059 377.499 400.7495 0.06076023 0.1475629
Moved 516.2208 375 399.5 0.05208329 0.133102
Moved 516.2363 372.4776 399.2388 0.04332512 0.1300789
Moved 516.2516 369.6002 397.8001 0.03333405 0.1134272
Moved 516.2668 366.7226 397.3613 0.02334252 0.1083487
Moved 516.2821 363.8452 395.9226 0.01335144 0.09169702
Moved 516.2999 361 396 0.003472269 0.09259259
Moved 516.3135 359.0956 395 -0.00314042 0.08101869
Moved 516.3329 356.2184 393.6092 -0.01313053 0.0649212
Moved 516.347 353.4857 393.4952 -0.02261907 0.06360266
Moved 516.3605 350.1075 393 -0.03434889 0.05787019
Moved 516.3753 345.8326 393 -0.04919223 0.05787019
Moved 516.3911 344.3512 392 -0.05433604 0.04629647
Moved 516.4079 341.4748 392 -0.06432362 0.04629647
Moved 516.4214 338.5973 392 -0.07431506 0.04629647
Moved 516.4363 336.8599 392 -0.08034758 0.04629647
Moved 516.453 334.6715 392 -0.08794628 0.04629647
Moved 516.4678 332.3386 391 -0.09604662 0.03472222
Moved 516.4825 329.8058 391 -0.1048408 0.03472222
Moved 516.4982 327 391 -0.1145833 0.03472222
Moved 516.5135 325.0503 391 -0.1213531 0.03472222
Moved 516.5294 322.1729 391 -0.1313441 0.03472222
Moved 516.549 318.2967 391 -0.1448032 0.03472222
Moved 516.5601 316.9712 391 -0.1494057 0.03472222
Moved 516.576 314.0475 391 -0.1595572 0.03472222
Moved 516.5921 311.1699 390 -0.1695489 0.02314815
Moved 516.607 308.2925 390 -0.1795399 0.02314815
Moved 516.6212 306.4149 389.2075 -0.1860591 0.01397539
Moved 516.6385 303.5375 389 -0.1960502 0.01157443
Moved 516.653 302.3319 388.3319 -0.2002364 0.003841718
Moved 516.6693 300.3446 388 -0.2071367 1.766063E-07
Moved 516.684 298.7915 388 -0.2125294 1.766063E-07
Moved 516.6991 296.3528 388 -0.2209973 1.766063E-07
Moved 516.7146 294.9171 386.9171 -0.2259824 -0.01253411
Moved 516.7313 293.4726 387 -0.2309979 -0.0115739
Moved 516.7461 291.0785 387 -0.2393109 -0.0115739
Moved 516.7653 289.6006 385.6006 -0.2444422 -0.02776994
Moved 516.7775 288.3913 386 -0.2486413 -0.02314815
Moved 516.7925 287.0964 386 -0.2531376 -0.02314815
Moved 516.8074 285.646 384.6461 -0.2581735 -0.03881861
Moved 516.8224 284.2154 385 -0.2631411 -0.03472222
Moved 516.8391 282.7808 385 -0.2681223 -0.03472222
Moved 516.855 281.3461 385 -0.2731037 -0.03472222
Moved 516.8691 279.9114 383.9114 -0.2780854 -0.04732132
Moved 516.8842 278.5 384 -0.2829861 -0.04629594
Moved 516.9014 278.367 384 -0.2834478 -0.04629594
Moved 516.9149 276.9313 384 -0.288433 -0.04629594
Stationary 516.9314 276.9313 384 -0.288433 -0.04629594
Moved 516.9456 275.6271 384 -0.2929614 -0.04629594
Moved 516.9622 274.8139 384 -0.2957849 -0.04629594
Stationary 516.9821 274.8139 384 -0.2957849 -0.04629594
Moved 516.9919 273.9214 384 -0.2988841 -0.04629594
Stationary 517.0059 273.9214 384 -0.2988841 -0.04629594
Stationary 517.0213 273.9214 384 -0.2988841 -0.04629594
Moved 517.0372 272.9541 384 -0.3022428 -0.04629594
Stationary 517.0541 272.9541 384 -0.3022428 -0.04629594
Stationary 517.071 272.9541 384 -0.3022428 -0.04629594
Stationary 517.0834 272.9541 384 -0.3022428 -0.04629594
Moved 517.0989 271.8511 384 -0.3060724 -0.04629594
Stationary 517.1151 271.8511 384 -0.3060724 -0.04629594
Stationary 517.1312 272 384 -0.3055555 -0.04629594
Stationary 517.1463 272 384 -0.3055555 -0.04629594
Moved 517.1608 270.8123 384 -0.3096797 -0.04629594
Stationary 517.182 270.8123 384 -0.3096797 -0.04629594
Stationary 517.1932 270.8123 384 -0.3096797 -0.04629594
Stationary 517.2062 271 384 -0.3090278 -0.04629594
Ended 517.2228 271 384 -0.3090278 -0.04629594
Began 517.7173 276 437 -0.2916667 0.5671298
Stationary 517.7319 276 437 -0.2916667 0.5671298
Stationary 517.7467 276 437 -0.2916667 0.5671298
Stationary 517.7634 276 437 -0.2916667 0.5671298
Stationary 517.7772 276 437 -0.2916667 0.5671298
Stationary 517.7929 276 437 -0.2916667 0.5671298
Stationary 517.8097 276 437 -0.2916667 0.5671298
Stationary 517.8245 276 437 -0.2916667 0.5671298
Stationary 517.8389 276 437 -0.2916667 0.5671298
Stationary 517.8668 276 437 -0.2916667 0.5671298
Stationary 517.8824 276 437 -0.2916667 0.5671298
Stationary 517.8959 276 437 -0.2916667 0.5671298
Stationary 517.9056 276 437 -0.2916667 0.5671298
Stationary 517.9164 276 437 -0.2916667 0.5671298
Stationary 517.9314 276 437 -0.2916667 0.5671298
Stationary 517.9473 276 437 -0.2916667 0.5671298
Stationary 517.9634 276 437 -0.2916667 0.5671298
Stationary 517.9783 276 437 -0.2916667 0.5671298
Stationary 517.9929 276 437 -0.2916667 0.5671298
Stationary 518.0084 276 437 -0.2916667 0.5671298
Stationary 518.0239 276 437 -0.2916667 0.5671298
Stationary 518.0393 276 437 -0.2916667 0.5671298
Stationary 518.0585 276 437 -0.2916667 0.5671298
Stationary 518.0698 276 437 -0.2916667 0.5671298
Stationary 518.0858 276 437 -0.2916667 0.5671298
Stationary 518.1011 276 437 -0.2916667 0.5671298
Stationary 518.1169 276 437 -0.2916667 0.5671298
Stationary 518.1317 276 437 -0.2916667 0.5671298
Stationary 518.1472 276 437 -0.2916667 0.5671298
Stationary 518.1626 276 437 -0.2916667 0.5671298
Stationary 518.1783 276 437 -0.2916667 0.5671298
Stationary 518.1951 276 437 -0.2916667 0.5671298
Stationary 518.2109 276 437 -0.2916667 0.5671298
Stationary 518.225 276 437 -0.2916667 0.5671298
Stationary 518.2404 276 437 -0.2916667 0.5671298
Moved 518.2629 276 426.711 -0.2916667 0.4480442
Stationary 518.2734 276 426.711 -0.2916667 0.4480442
Moved 518.2878 266.9498 428 -0.3230908 0.462963
Moved 518.3037 268.1686 426.1686 -0.3188591 0.4417663
Moved 518.3199 267.5 425.5 -0.3211805 0.4340278
Moved 518.3339 266.6441 424.6441 -0.3241524 0.4241214
Moved 518.35 265.9255 423.9255 -0.3266474 0.4158052
Moved 518.3657 265.4079 423 -0.3284449 0.4050926
Moved 518.3794 265 421.9677 -0.3298611 0.3931443
Stationary 518.3976 265 421.9677 -0.3298611 0.3931443
Moved 518.4102 263.7712 420.7712 -0.3341276 0.3792969
Moved 518.4268 263 419.0204 -0.3368056 0.3590322
Moved 518.4427 261.5803 419 -0.3417351 0.3587967
Moved 518.4613 261.1458 417.1458 -0.3432439 0.3373353
Moved 518.4738 260.5 416.5 -0.3454861 0.3298613
Moved 518.4883 260 415.2597 -0.3472222 0.315506
Moved 518.5044 259.109 414.1089 -0.350316 0.3021871
Moved 518.519 257.7115 414 -0.3551686 0.3009261
Moved 518.5333 257.2674 412.2674 -0.3567103 0.2808725
Moved 518.5516 256.5 411.5 -0.359375 0.2719909
Moved 518.5655 256 410.3922 -0.3611111 0.2591684
Moved 518.5811 254.946 410 -0.3647707 0.2546296
Moved 518.5955 255 408.5188 -0.3645834 0.2374861
Stationary 518.6107 255 408.5188 -0.3645834 0.2374861
Moved 518.6263 253.9955 407.9955 -0.3680713 0.2314296
Stationary 518.6414 253.9955 407.9955 -0.3680713 0.2314296
Stationary 518.6605 253.9955 407.9955 -0.3680713 0.2314296
Moved 518.6718 252.7518 406.7518 -0.3723897 0.2170345
Stationary 518.6886 252.7518 406.7518 -0.3723897 0.2170345
Stationary 518.7046 252.7518 406.7518 -0.3723897 0.2170345
Moved 518.7193 253 405.8698 -0.3715277 0.2068267
Stationary 518.7335 253 405.8698 -0.3715277 0.2068267
Stationary 518.7503 253 405.8698 -0.3715277 0.2068267
Stationary 518.7666 253 405.8698 -0.3715277 0.2068267
Stationary 518.7797 253 406 -0.3715277 0.2083331
Stationary 518.795 253 406 -0.3715277 0.2083331
Stationary 518.8101 253 406 -0.3715277 0.2083331
Stationary 518.8254 253 406 -0.3715277 0.2083331
Stationary 518.8459 253 406 -0.3715277 0.2083331
Stationary 518.8569 253 406 -0.3715277 0.2083331
Stationary 518.8729 253 406 -0.3715277 0.2083331
Stationary 518.8885 253 406 -0.3715277 0.2083331
Stationary 518.9036 253 406 -0.3715277 0.2083331
Stationary 518.9181 253 406 -0.3715277 0.2083331
Stationary 518.9334 253 406 -0.3715277 0.2083331
Moved 518.9526 260.4603 406 -0.3456239 0.2083331
Moved 518.9656 263.2593 406 -0.3359052 0.2083331
Moved 518.9818 267.2096 406 -0.3221888 0.2083331
Moved 518.9971 270 406 -0.3125 0.2083331
Moved 519.0124 275.8424 406 -0.2922139 0.2083331
Moved 519.0339 286.4758 406 -0.2552923 0.2083331
Stationary 519.0454 286.4758 406 -0.2552923 0.2083331
Moved 519.0581 289.8646 406 -0.2435256 0.2083331
Moved 519.074 295.5214 406 -0.2238841 0.2083331
Moved 519.0898 301.2615 406 -0.203953 0.2083331
Moved 519.1057 308.2932 406 -0.1795375 0.2083331
Moved 519.1208 312.7921 406 -0.1639165 0.2083331
Moved 519.1361 318.5399 406 -0.1439588 0.2083331
Moved 519.1512 324.3021 406 -0.1239511 0.2083331
Moved 519.1659 328.2469 405.251 -0.110254 0.199665
Moved 519.1816 333.3991 405 -0.09236418 0.1967594
Moved 519.1998 338.0798 405 -0.07611193 0.1967594
Moved 519.2169 341.9237 405 -0.06276502 0.1967594
Moved 519.2297 346.2436 403.5854 -0.04776522 0.1803871
Moved 519.2448 349.563 404 -0.03623955 0.1851855
Moved 519.2586 353.8735 404 -0.02127267 0.1851855
Moved 519.2741 356 404 -0.01388892 0.1851855
Moved 519.2904 358.7351 403 -0.004392117 0.1736111
Moved 519.3068 361.608 403 0.005583465 0.1736111
Moved 519.3211 363.7451 403 0.01300365 0.1736111
Moved 519.3371 366.3704 401.8148 0.02211958 0.1598932
Moved 519.3529 368.6282 402 0.02995908 0.162037
Moved 519.367 371.1308 402 0.03864855 0.162037
Moved 519.3818 374 402 0.04861116 0.162037
Moved 519.4017 374.6068 401 0.05071818 0.1504628
Moved 519.4139 376.0441 401 0.05570858 0.1504628
Moved 519.4288 377.4843 401 0.06070941 0.1504628
Moved 519.4446 378.9219 401 0.06570116 0.1504628
Moved 519.4608 380.3618 401 0.07070079 0.1504628
Moved 519.4753 381.7992 400 0.07569149 0.1388891
Moved 519.4908 383.2393 400 0.08069202 0.1388891
Moved 519.5065 384.2281 400 0.08412555 0.1388891
Moved 519.5222 385.7493 400 0.08940741 0.1388891
Moved 519.5371 388.3723 400 0.09851469 0.1388891
Moved 519.5524 389.6268 400 0.1028709 0.1388891
Moved 519.568 391.0639 400 0.1078607 0.1388891
Moved 519.5893 393.9418 400 0.1178534 0.1388891
Stationary 519.6014 393.9418 400 0.1178534 0.1388891
Moved 519.6144 395.0408 400 0.1216696 0.1388891
Moved 519.629 397.9886 400 0.1319049 0.1388891
Moved 519.6448 398.9345 400 0.1351894 0.1388891
Moved 519.66 400.3707 400 0.140176 0.1388891
Moved 519.6756 401.812 400 0.1451805 0.1388891
Moved 519.6912 403.2486 400 0.1501688 0.1388891
Moved 519.7066 404.5 400 0.1545139 0.1388891
Stationary 519.7218 404.5 400 0.1545139 0.1388891
Moved 519.738 406.2097 400 0.1604502 0.1388891
Moved 519.7538 407 400 0.1631944 0.1388891
Moved 519.7748 408.0941 400 0.1669933 0.1388891
Moved 519.7867 409.5 400 0.1718751 0.1388891
Moved 519.7985 410.9715 400 0.1769845 0.1388891
Moved 519.8143 411.5 400 0.1788194 0.1388891
Moved 519.8308 412.6507 400 0.1828147 0.1388891
Moved 519.8454 414.9743 400 0.1908831 0.1388891
Moved 519.8609 416.4193 409.9348 0.1959002 0.2538746
Moved 519.8771 417.857 407.857 0.2008924 0.2298262
Moved 519.8915 419.3 409.3 0.2059029 0.2465283
Moved 519.9071 420.738 409 0.2108958 0.2430559
Moved 519.9225 422.1766 410.1766 0.2158911 0.2566738
Stationary 519.9384 422.1766 410.1766 0.2158911 0.2566738
Moved 519.9577 423.3086 411.3085 0.2198213 0.2697745
Moved 519.9692 424.082 411 0.2225071 0.2662037
Moved 519.9835 425 411.5983 0.2256945 0.2731288
Moved 519.9995 425 412.5 0.2256945 0.2835648
Moved 520.0148 426.2393 412 0.2299976 0.2777779
Stationary 520.0306 426.2393 412 0.2299976 0.2777779
Moved 520.0457 427.1186 412 0.2330507 0.2777779
Moved 520.0613 427 413.3135 0.2326389 0.2929806
Stationary 520.0762 427 413.3135 0.2326389 0.2929806
Moved 520.0907 428.3729 413 0.2374059 0.2893519
Stationary 520.1069 428.3729 413 0.2374059 0.2893519
Moved 520.1257 429 414.181 0.2395834 0.3030207
Stationary 520.1382 429 414.181 0.2395834 0.3030207
Moved 520.1532 430.3729 414 0.2443503 0.3009261
Stationary 520.1686 430.3729 414 0.2443503 0.3009261
Moved 520.1836 431.1826 415.1827 0.247162 0.3146143
Moved 520.2007 432.0043 415 0.2500148 0.3125
Moved 520.2163 432 416.457 0.25 0.3293638
Moved 520.2307 433.5 416 0.2552083 0.3240739
Stationary 520.2468 433.5 416 0.2552083 0.3240739
Stationary 520.261 433.5 416 0.2552083 0.3240739
Moved 520.2764 434.1864 417.1865 0.2575917 0.3378065
Stationary 520.298 434.1864 417.1865 0.2575917 0.3378065
Stationary 520.3102 434.1864 417.1865 0.2575917 0.3378065
Moved 520.3221 435.0319 417 0.2605274 0.3356481
Stationary 520.3385 435.0319 417 0.2605274 0.3356481
Stationary 520.3542 435.0319 417 0.2605274 0.3356481
Moved 520.3691 435 418.1229 0.2604167 0.3486443
Stationary 520.3846 435 418.1229 0.2604167 0.3486443
Moved 520.4001 436.324 418 0.265014 0.3472222
Stationary 520.4163 436.324 418 0.265014 0.3472222
Stationary 520.4304 436.324 418 0.265014 0.3472222
Stationary 520.4465 436.324 418 0.265014 0.3472222
Stationary 520.4667 436.324 418 0.265014 0.3472222
Moved 520.4787 436 419.0328 0.2638888 0.3591758
Moved 520.4919 437.5 419 0.2690972 0.3587967
Stationary 520.5118 437.5 419 0.2690972 0.3587967
Stationary 520.5244 437.5 419 0.2690972 0.3587967
Stationary 520.54 437.5 419 0.2690972 0.3587967
Stationary 520.5555 437.5 419 0.2690972 0.3587967
Stationary 520.5703 437.5 419 0.2690972 0.3587967
Stationary 520.5858 437.5 419 0.2690972 0.3587967
Stationary 520.602 437.5 419 0.2690972 0.3587967
Stationary 520.6175 437.5 419 0.2690972 0.3587967
Stationary 520.6383 437.5 419 0.2690972 0.3587967
Stationary 520.6498 437.5 419 0.2690972 0.3587967
Stationary 520.6634 437.5 419 0.2690972 0.3587967
Stationary 520.679 437.5 419 0.2690972 0.3587967
Stationary 520.694 437.5 419 0.2690972 0.3587967
Stationary 520.7098 437.5 419 0.2690972 0.3587967
Moved 520.7237 437 419 0.2673611 0.3587967
Stationary 520.7388 437 419 0.2673611 0.3587967
Stationary 520.7532 437 419 0.2673611 0.3587967
Stationary 520.7687 437 419 0.2673611 0.3587967
Stationary 520.7851 437 419 0.2673611 0.3587967
Stationary 520.8055 437 419 0.2673611 0.3587967
Moved 520.8163 427.2051 419 0.2333511 0.3587967
Moved 520.8328 425.0232 419 0.225775 0.3587967
Moved 520.8477 422.1508 419 0.2158016 0.3587967
Moved 520.8629 419.2763 419 0.2058203 0.3587967
Moved 520.8787 417.7017 419 0.2003529 0.3587967
Moved 520.8942 414.5255 419 0.1893247 0.3587967
Moved 520.9104 411.6467 419 0.1793289 0.3587967
Moved 520.9247 409.7743 419 0.1728275 0.3587967
Moved 520.9407 407.3807 419 0.1645162 0.3587967
Moved 520.9563 404.622 419 0.1549377 0.3587967
Moved 520.9745 402.7543 419 0.1484524 0.3587967
Moved 520.9864 399.8778 419 0.1384646 0.3587967
Moved 521.0021 398.5 419 0.1336806 0.3587967
Moved 521.0176 395.1332 412.4661 0.1219901 0.2831728
Moved 521.0322 392.2457 412 0.1119643 0.2777779
Moved 521.0479 389.774 411.387 0.1033819 0.2706831
Moved 521.0635 387.1537 411 0.09428381 0.2662037
Moved 521.0797 384.2811 411 0.08430942 0.2662037
Moved 521.0945 381.3988 410 0.07430151 0.2546296
Moved 521.11 379.7628 408.7628 0.06862074 0.2403097
Moved 521.1266 376.6438 409 0.05779102 0.2430559
Moved 521.145 373.7697 407.8849 0.04781157 0.2301495
Moved 521.1567 372.5 408 0.04340276 0.2314815
Moved 521.1705 369.7435 407 0.03383175 0.2199076
Moved 521.1877 367.9346 405.9346 0.02755076 0.2075761
Moved 521.2046 365.9886 405.4943 0.02079353 0.2024799
Moved 521.2166 364.0568 405 0.01408607 0.1967594
Moved 521.2329 362.6207 405 0.009099692 0.1967594
Moved 521.2498 361.179 405 0.004093647 0.1967594
Moved 521.2646 359.7393 403.7393 -0.00090532 0.1821673
Moved 521.2822 358.7188 404 -0.004448443 0.1851855
Moved 521.2962 357.1866 404 -0.00976868 0.1851855
Moved 521.3179 355.3414 404 -0.01617581 0.1851855
Stationary 521.3289 355.3414 404 -0.01617581 0.1851855
Moved 521.3405 353.9026 404 -0.02117134 0.1851855
Moved 521.3591 352.5 404 -0.02604164 0.1851855
Stationary 521.3713 352.5 404 -0.02604164 0.1851855
Moved 521.3871 350.9574 403 -0.03139779 0.1736111
Stationary 521.4037 350.9574 403 -0.03139779 0.1736111
Moved 521.4186 349.6277 403 -0.03601506 0.1736111
Moved 521.4336 348.816 403 -0.03883339 0.1736111
Stationary 521.4498 348.816 403 -0.03883339 0.1736111
Moved 521.4698 347.9192 403 -0.04194729 0.1736111
Stationary 521.481 347.9192 403 -0.04194729 0.1736111
Moved 521.4954 347.1393 403 -0.04465513 0.1736111
Moved 521.5112 346.5 403 -0.04687503 0.1736111
Moved 521.5256 347 403 -0.0451389 0.1736111
Stationary 521.5418 347 403 -0.0451389 0.1736111
Moved 521.5556 346 403 -0.04861109 0.1736111
Stationary 521.5724 346 403 -0.04861109 0.1736111
Moved 521.5878 346 413.066 -0.04861109 0.2901157
Stationary 521.6046 346 413.066 -0.04861109 0.2901157
Moved 521.6247 346 413.4108 -0.04861109 0.2941059
Stationary 521.6349 346 413.4108 -0.04861109 0.2941059
Stationary 521.6492 346 413.4108 -0.04861109 0.2941059
Moved 521.665 346 415.2853 -0.04861109 0.3158025
Moved 521.6807 346 416.5 -0.04861109 0.3298613
Moved 521.6962 346 417.0799 -0.04861109 0.3365729
Moved 521.7109 346 418.5 -0.04861109 0.3530091
Stationary 521.7258 346 418.5 -0.04861109 0.3530091
Moved 521.7408 346 419.3151 -0.04861109 0.362443
Moved 521.7576 346 420.2705 -0.04861109 0.3735012
Stationary 521.7764 346 420.2705 -0.04861109 0.3735012
Moved 521.7885 346 421.1387 -0.04861109 0.3835496
Stationary 521.8041 346 421.1387 -0.04861109 0.3835496
Moved 521.8179 346 422.097 -0.04861109 0.394641
Stationary 521.8333 346 422.097 -0.04861109 0.394641
Stationary 521.851 346 422.097 -0.04861109 0.394641
Stationary 521.8671 346 422.097 -0.04861109 0.394641
Stationary 521.8837 346 422.097 -0.04861109 0.394641
Moved 521.8959 353.153 422 -0.02377443 0.3935187
Moved 521.9126 354.5 422 -0.01909725 0.3935187
Moved 521.9328 356.0863 422 -0.01358911 0.3935187
Stationary 521.9435 356.0863 422 -0.01358911 0.3935187
Moved 521.9582 356.5548 422 -0.0119625 0.3935187
Moved 521.9733 357.9948 422 -0.006962493 0.3935187
Moved 521.9886 358.5 422 -0.005208328 0.3935187
Moved 522.0065 359.867 422 -0.0004618615 0.3935187
Moved 522.0194 361.3017 422 0.004519671 0.3935187
Moved 522.0342 362.5 422 0.008680522 0.3935187
Stationary 522.0501 362.5 422 0.008680522 0.3935187
Moved 522.0657 364.3122 412.8149 0.01497283 0.2872093
Moved 522.0878 366 411.8086 0.02083331 0.2755623
Stationary 522.0978 366 411.8086 0.02083331 0.2755623
Moved 522.1104 367.6273 410.3727 0.02648368 0.2589432
Moved 522.1281 368 408.8808 0.02777785 0.2416761
Moved 522.1436 369 408.4435 0.03124997 0.2366145
Moved 522.1588 369.7459 407.254 0.03384009 0.2228477
Moved 522.174 371.1007 405.8993 0.03854408 0.2071676
Moved 522.1908 371.5409 404.4591 0.0400725 0.1904991
Moved 522.2072 372.981 403.019 0.04507303 0.173831
Moved 522.2206 373 401.5828 0.0451389 0.1572088
Moved 522.2402 374 400.1415 0.04861116 0.1405264
Moved 522.2524 375.295 398.705 0.05310759 0.1239008
Moved 522.2669 376.5 397.5 0.05729168 0.1099537
Moved 522.2822 376 396.1919 0.05555555 0.09481377
Moved 522.2976 377.2383 394.7618 0.05985498 0.07826134
Moved 522.3134 377.6805 393.3195 0.06139055 0.06156851
Moved 522.3273 378 390.765 0.06249994 0.03200248
Stationary 522.3435 378 390.765 0.06249994 0.03200248
Moved 522.3585 378 388.0047 0.06249994 5.439476E-05
Moved 522.3737 379.4354 386.5646 0.06748407 -0.01661371
Moved 522.3963 379 385.0118 0.06597221 -0.03458571
Stationary 522.4067 379 385.0118 0.06597221 -0.03458571
Moved 522.4203 379 383.5593 0.06597221 -0.05139634
Moved 522.4364 379 382.5 0.06597221 -0.06365741
Moved 522.4518 380.1541 381.8459 0.06997957 -0.07122817
Moved 522.4672 380 380.5 0.06944447 -0.08680555
Moved 522.4818 380 379.9009 0.06944447 -0.09373912
Stationary 522.498 380 379.9009 0.06944447 -0.09373912
Moved 522.5129 381.3063 378.6937 0.07398038 -0.1077122
Stationary 522.5293 381.3063 378.6937 0.07398038 -0.1077122
Moved 522.551 382.0197 378 0.07645726 -0.1157407
Stationary 522.562 382.0197 378 0.07645726 -0.1157407
Moved 522.5749 382 376.5245 0.07638887 -0.1328175
Stationary 522.591 382 376.5245 0.07638887 -0.1328175
Moved 522.6072 382 375.9842 0.07638887 -0.1390719
Moved 522.6218 383.4967 376 0.08158565 -0.1388892
Stationary 522.6375 383.4967 376 0.08158565 -0.1388892
Stationary 522.652 383.4967 376 0.08158565 -0.1388892
Moved 522.6672 383.8055 375 0.08265808 -0.150463
Moved 522.6828 384.5 375 0.08506939 -0.150463
Stationary 522.7044 384.5 375 0.08506939 -0.150463
Stationary 522.7162 384.5 375 0.08506939 -0.150463
Ended 522.7285 384 375 0.0833334 -0.150463
Began 523.0195 368 474 0.02777785 0.9953705
Stationary 523.038 368 474 0.02777785 0.9953705
Stationary 523.0536 368 474 0.02777785 0.9953705
Stationary 523.0685 368 474 0.02777785 0.9953705
Stationary 523.0836 368 474 0.02777785 0.9953705
Stationary 523.0994 368 474 0.02777785 0.9953705
Stationary 523.1147 368 474 0.02777785 0.9953705
Stationary 523.136 368 474 0.02777785 0.9953705
Stationary 523.1469 368 474 0.02777785 0.9953705
Stationary 523.1609 368 474 0.02777785 0.9953705
Stationary 523.1767 368 474 0.02777785 0.9953705
Stationary 523.1912 368 474 0.02777785 0.9953705
Stationary 523.2066 368 474 0.02777785 0.9953705
Stationary 523.2217 368 474 0.02777785 0.9953705
Stationary 523.2383 368 474 0.02777785 0.9953705
Stationary 523.254 368 474 0.02777785 0.9953705
Stationary 523.2687 368 474 0.02777785 0.9953705
Stationary 523.2905 368 474 0.02777785 0.9953705
Stationary 523.3021 368 474 0.02777785 0.9953705
Stationary 523.3166 368 474 0.02777785 0.9953705
Stationary 523.3306 368 474 0.02777785 0.9953705
Stationary 523.3459 368 474 0.02777785 0.9953705
Stationary 523.3615 368 474 0.02777785 0.9953705
Stationary 523.3768 368 474 0.02777785 0.9953705
Stationary 523.3903 368 474 0.02777785 0.9953705
Stationary 523.4066 368 474 0.02777785 0.9953705
Stationary 523.4223 368 474 0.02777785 0.9953705
Stationary 523.4421 368 474 0.02777785 0.9953705
Stationary 523.4536 368 474 0.02777785 0.9953705
Stationary 523.4686 368 474 0.02777785 0.9953705
Stationary 523.484 368 474 0.02777785 0.9953705
Stationary 523.499 368 474 0.02777785 0.9953705
Stationary 523.5142 368 474 0.02777785 0.9953705
Moved 523.53 359.6502 464.6064 -0.001214594 0.8866487
Moved 523.5486 360 462.2831 0 0.8597584
Moved 523.563 360 459.6874 0 0.8297156
Moved 523.5774 360 458.5 0 0.8159721
Moved 523.5988 359 453.731 -0.003472194 0.7607755
Stationary 523.6107 359 453.731 -0.003472194 0.7607755
Moved 523.6239 359 452.4249 -0.003472194 0.7456589
Moved 523.6392 359 449.9695 -0.003472194 0.7172402
Moved 523.6547 359 448.5447 -0.003472194 0.7007487
Moved 523.67 359 447.1044 -0.003472194 0.6840791
Moved 523.6863 359 445.668 -0.003472194 0.6674541
Moved 523.7047 359 444.7035 -0.003472194 0.6562903
Moved 523.7168 359 442.3182 -0.003472194 0.6286827
Moved 523.7364 359 440.7161 -0.003472194 0.6101405
Moved 523.749 359 439.2789 -0.003472194 0.5935054
Moved 523.7623 359 437.8395 -0.003472194 0.5768467
Moved 523.7783 359 436.397 -0.003472194 0.5601507
Moved 523.7938 359 433.9064 -0.003472194 0.5313246
Moved 523.8093 359 432.8777 -0.003472194 0.5194182
Moved 523.8248 359 431.5 -0.003472194 0.5034726
Moved 523.8403 359 430.9803 -0.003472194 0.4974572
Moved 523.8558 359 429.5246 -0.003472194 0.4806089
Moved 523.8748 359 428.5 -0.003472194 0.4687498
Moved 523.8865 359 427.8215 -0.003472194 0.4608967
Moved 523.9022 359 426.205 -0.003472194 0.4421879
Moved 523.9186 359 425.5 -0.003472194 0.4340278
Moved 523.9314 359 424.8647 -0.003472194 0.4266753
Stationary 523.9485 359 424.8647 -0.003472194 0.4266753
Moved 523.9631 359 423.9347 -0.003472194 0.4159111
Stationary 523.9786 359 423.9347 -0.003472194 0.4159111
Moved 523.9934 359 422.626 -0.003472194 0.4007643
Moved 524.0154 366 422 0.02083331 0.3935187
Stationary 524.0278 366 422 0.02083331 0.3935187
Moved 524.0413 367.0918 420.9081 0.02462447 0.3808813
Moved 524.057 367.5308 420 0.02614871 0.3703704
Moved 524.0715 368 419.0331 0.02777785 0.3591797
Moved 524.0865 369.407 419 0.03266319 0.3587967
Moved 524.1047 370.5 417.5 0.03645837 0.3414352
Moved 524.1162 371.142 416.858 0.03868743 0.3340045
Stationary 524.1321 371.142 416.858 0.03868743 0.3340045
Moved 524.1536 372.3197 415.6803 0.04277676 0.320374
Moved 524.1644 373.1328 416 0.04559994 0.3240739
Moved 524.1782 374.7073 415 0.05106687 0.3125
Moved 524.1941 375.5 415 0.05381941 0.3125
Moved 524.2101 376.5824 414 0.05757778 0.3009261
Moved 524.225 377.5 414 0.06076395 0.3009261
Moved 524.2407 378.232 414 0.0633055 0.3009261
Stationary 524.2565 378.232 414 0.0633055 0.3009261
Moved 524.2706 379.9711 413 0.06934404 0.2893519
Moved 524.2926 380.5 413 0.07118061 0.2893519
Moved 524.3045 381 413 0.07291659 0.2893519
Moved 524.3179 382.2888 413 0.07739156 0.2893519
Moved 524.3321 382.726 413 0.07890983 0.2893519
Moved 524.3492 383.5 413 0.08159726 0.2893519
Stationary 524.3643 383.5 413 0.08159726 0.2893519
Moved 524.3789 384.216 413 0.08408337 0.2893519
Moved 524.3945 385.078 413 0.08707642 0.2893519
Moved 524.413 385 411.5 0.08680552 0.2719909
Moved 524.4291 386.0168 412 0.0903362 0.2777779
Stationary 524.4413 386.0168 412 0.0903362 0.2777779
Moved 524.4561 387.9143 412 0.09692474 0.2777779
Moved 524.4728 388.5 412 0.09895831 0.2777779
Moved 524.4868 389.186 412 0.1013404 0.2777779
Stationary 524.5029 389.186 412 0.1013404 0.2777779
Moved 524.517 391.3148 412 0.1087321 0.2777779
Moved 524.5329 392 412 0.1111111 0.2777779
Moved 524.5513 393.1961 412 0.1152642 0.2777779
Moved 524.568 394.6334 412 0.1202549 0.2777779
Moved 524.5803 395.8246 412 0.1243909 0.2777779
Moved 524.5966 398.4235 412 0.133415 0.2777779
Moved 524.6111 400.6501 412 0.1411462 0.2777779
Moved 524.6259 403.1103 412 0.1496886 0.2777779
Moved 524.6412 405.9905 412 0.1596893 0.2777779
Moved 524.6579 407.9298 412 0.1664229 0.2777779
Moved 524.6725 410.7478 412 0.1762076 0.2777779
Moved 524.6892 411.5 412 0.1788194 0.2777779
Moved 524.7115 416.6991 412 0.1968718 0.2777779
Stationary 524.7232 416.6991 412 0.1968718 0.2777779
Moved 524.7336 420.3662 412 0.2096049 0.2777779
Moved 524.7516 423.4509 412 0.2203154 0.2777779
Moved 524.7643 426.34 412 0.2303473 0.2777779
Moved 524.7803 430.3277 412 0.2441932 0.2777779
Moved 524.7964 433 412 0.2534721 0.2777779
Moved 524.811 436.2385 412 0.2647169 0.2777779
Moved 524.8262 439.1187 412 0.2747178 0.2777779
Moved 524.848 444.8742 412 0.294702 0.2777779
Stationary 524.8586 444.8742 412 0.294702 0.2777779
Moved 524.8727 447.7541 421.6392 0.3047016 0.3893428
Moved 524.8887 449.8144 419 0.3118553 0.3587967
Moved 524.9042 452.509 419 0.3212117 0.3587967
Moved 524.9189 454.5529 419 0.3283088 0.3587967
Moved 524.9352 456.8073 419 0.3361362 0.3587967
Moved 524.9526 458.2474 419 0.3411367 0.3587967
Moved 524.9655 459.6856 420 0.3461305 0.3703704
Moved 524.9844 462.2499 420 0.3550343 0.3703704
Moved 524.996 463.5635 420 0.3595954 0.3703704
Moved 525.0107 465.0024 420 0.3645916 0.3703704
Moved 525.0272 466.0659 420 0.3682846 0.3703704
Moved 525.0441 467.5295 420 0.3733662 0.3703704
Moved 525.0583 468.978 420 0.3783958 0.3703704
Moved 525.0734 470.4023 420 0.3833414 0.3703704
Moved 525.0884 472.679 420.8395 0.3912463 0.3800865
Moved 525.1046 474 421.5 0.3958334 0.3877317
Moved 525.1231 474.728 421 0.3983609 0.3819443
Moved 525.1341 475.8951 421 0.4024134 0.3819443
Moved 525.1509 476.5 421 0.4045139 0.3819443
Moved 525.1653 477.3619 421 0.4075065 0.3819443
Moved 525.1806 478.0861 421 0.4100211 0.3819443
Stationary 525.1954 478.0861 421 0.4100211 0.3819443
Stationary 525.2113 478.0861 421 0.4100211 0.3819443
Moved 525.2278 479 421 0.4131944 0.3819443
Stationary 525.2438 479 421 0.4131944 0.3819443
Stationary 525.2627 479 421 0.4131944 0.3819443
Stationary 525.2731 479 421 0.4131944 0.3819443
Stationary 525.2881 479 421 0.4131944 0.3819443
Stationary 525.3041 479 421 0.4131944 0.3819443
Stationary 525.3189 479 421 0.4131944 0.3819443
Stationary 525.3352 479 421 0.4131944 0.3819443
Stationary 525.3511 479 421 0.4131944 0.3819443
Stationary 525.3659 479 421 0.4131944 0.3819443
Stationary 525.382 479 421 0.4131944 0.3819443
Moved 525.403 468.9408 421 0.3782667 0.3819443
Stationary 525.4144 468.9408 421 0.3782667 0.3819443
Moved 525.4269 466.0094 410.5328 0.368088 0.2607969
Moved 525.4431 464.1258 413.0629 0.3615481 0.2900803
Moved 525.4604 462.623 413 0.3563297 0.2893519
Moved 525.4746 460.5132 412 0.3490041 0.2777779
Moved 525.4898 458.1571 411.0786 0.3408232 0.2671132
Moved 525.5049 455.2694 411 0.3307965 0.2662037
Moved 525.5203 453.3924 410 0.3242792 0.2546296
Moved 525.5404 451.7624 410 0.3186194 0.2546296
Moved 525.5536 449.6383 409 0.3112441 0.2430559
Moved 525.5667 446.7552 409 0.3012333 0.2430559
Moved 525.5828 445.848 409 0.2980832 0.2430559
Moved 525.5989 443.7111 408 0.2906635 0.2314815
Moved 525.6132 441.9164 408 0.284432 0.2314815
Moved 525.6282 440.4762 408 0.2794312 0.2314815
Moved 525.6454 439.0388 408 0.2744402 0.2314815
Moved 525.6589 437.5999 408 0.269444 0.2314815
Moved 525.6738 436.1614 407.1614 0.2644494 0.2217761
Moved 525.6938 434.04 407 0.2570833 0.2199076
Moved 525.7067 432.586 407 0.2520346 0.2199076
Moved 525.7209 431.1481 407 0.2470421 0.2199076
Moved 525.7368 429.7434 407 0.2421646 0.2199076
Moved 525.7523 428.3024 407 0.2371612 0.2199076
Moved 525.7675 426.8623 407 0.2321608 0.2199076
Moved 525.7827 425.4249 407 0.2271698 0.2199076
Moved 525.7986 424.2386 407 0.2230507 0.2199076
Moved 525.8141 422.8811 407 0.2183373 0.2199076
Moved 525.8334 421.4406 407 0.2133354 0.2199076
Moved 525.8453 420.5 407 0.2100694 0.2199076
Moved 525.86 419.7819 407 0.2075759 0.2199076
Moved 525.8752 418.1229 407 0.2018156 0.2199076
Moved 525.8914 417.5 407 0.1996528 0.2199076
Moved 525.9092 416.6266 407 0.1966201 0.2199076
Stationary 525.921 416.6266 407 0.1966201 0.2199076
Moved 525.9377 415.6849 407 0.1933503 0.2199076
Moved 525.9527 414.6463 407 0.1897439 0.2199076
Moved 525.9739 413.9277 407 0.187249 0.2199076
Stationary 525.986 413.9277 407 0.187249 0.2199076
Moved 525.9977 412.9935 407 0.1840053 0.2199076
Stationary 526.0137 412.9935 407 0.1840053 0.2199076
Moved 526.0287 411.7526 407 0.1796967 0.2199076
Stationary 526.0453 412 407 0.1805556 0.2199076
Moved 526.0604 410.5449 407 0.1755032 0.2199076
Stationary 526.0767 410.5449 407 0.1755032 0.2199076
Moved 526.0904 409.8911 407 0.1732331 0.2199076
Stationary 526.1099 409.8911 407 0.1732331 0.2199076
Moved 526.1216 408.6266 416.614 0.1688422 0.3311805
Stationary 526.1377 408.6266 416.614 0.1688422 0.3311805
Moved 526.1528 407.782 415.218 0.1659097 0.3150234
Stationary 526.168 407.782 415.218 0.1659097 0.3150234
Moved 526.1832 408 416.2006 0.1666667 0.3263963
Moved 526.1994 406.9752 416 0.1631083 0.3240739
Moved 526.2141 407 417.4853 0.1631944 0.3412648
Stationary 526.2333 407 417.4853 0.1631944 0.3412648
Moved 526.2455 407 418.0179 0.1631944 0.3474301
Moved 526.2626 405.5132 418 0.1580317 0.3472222
Stationary 526.2755 405.5132 418 0.1580317 0.3472222
Moved 526.2908 406 419.374 0.1597223 0.3631247
Stationary 526.307 406 419.374 0.1597223 0.3631247
Moved 526.3219 404.7447 420 0.1553635 0.3703704
Moved 526.3375 405 421.5 0.15625 0.3877317
Stationary 526.3572 405 421.5 0.15625 0.3877317
Moved 526.3682 405 422.0716 0.15625 0.3943475
Stationary 526.3835 405 422.0716 0.15625 0.3943475
Moved 526.3995 405 423.0388 0.15625 0.4055412
Stationary 526.4156 405 423.0388 0.15625 0.4055412
Moved 526.4299 404 423.9939 0.1527777 0.4165962
Moved 526.4467 404 424.5 0.1527777 0.4224539
Stationary 526.4627 404 424.5 0.1527777 0.4224539
Moved 526.48 403.0475 424 0.1494704 0.4166668
Ended 526.4921 403 424 0.1493056 0.4166668
PhraseEnd 532.9362
