popularity is desired by all
Basic
0.4 0.4
288 259.2
Began 376.6615 522 490 0.5625001 0.3935184
Stationary 376.6774 522 490 0.5625001 0.3935184
Stationary 376.6922 522 490 0.5625001 0.3935184
Stationary 376.709 522 490 0.5625001 0.3935184
Stationary 376.723 522 490 0.5625001 0.3935184
Stationary 376.7377 522 490 0.5625001 0.3935184
Moved 376.7538 513.9528 490 0.5345584 0.3935184
Moved 376.7693 508.2785 490 0.514856 0.3935184
Moved 376.7905 505.2785 490 0.5044391 0.3935184
Moved 376.8003 498.1845 490 0.4798072 0.3935184
Moved 376.816 492.2111 490 0.4590664 0.3935184
Moved 376.831 487.0936 485.5518 0.4412973 0.3763573
Moved 376.8468 481.6955 483 0.4225537 0.3665121
Moved 376.8622 476 481.5 0.4027778 0.3607253
Moved 376.8773 471.2083 481 0.3861397 0.3587961
Moved 376.8933 467.8276 481 0.3744014 0.3587961
Moved 376.9083 464.4568 480 0.3626972 0.3549381
Moved 376.9234 461.0822 480 0.35098 0.3549381
Moved 376.939 458.2457 480 0.3411309 0.3549381
Moved 376.9546 456.3362 480 0.3345005 0.3549381
Moved 376.9707 453.4618 480 0.32452 0.3549381
Moved 376.9851 452.3036 480 0.3204986 0.3549381
Moved 377.0008 451.15 480 0.3164932 0.3549381
Moved 377.0163 449.7663 480 0.3116886 0.3549381
Moved 377.0322 449.3158 480 0.3101242 0.3549381
Moved 377.0468 447.8791 480 0.3051357 0.3549381
Stationary 377.0615 447.8791 480 0.3051357 0.3549381
Moved 377.0772 447 480 0.3020833 0.3549381
Moved 377.0929 445.5864 480 0.2971749 0.3549381
Stationary 377.1098 445.5864 480 0.2971749 0.3549381
Moved 377.1234 445.0591 480 0.2953441 0.3549381
Moved 377.1392 444.5 480 0.2934028 0.3549381
Stationary 377.1553 444.5 480 0.2934028 0.3549381
Moved 377.1696 445 478.9395 0.2951389 0.3508464
Stationary 377.1848 445 478.9395 0.2951389 0.3508464
Stationary 377.1997 445 478.9395 0.2951389 0.3508464
Stationary 377.2149 445 478.9395 0.2951389 0.3508464
Stationary 377.2306 445 478.9395 0.2951389 0.3508464
Moved 377.2484 445 477.8818 0.2951389 0.3467663
Moved 377.2654 445 476.6947 0.2951389 0.3421863
Moved 377.2784 445 475.976 0.2951389 0.3394136
Moved 377.2945 456.9387 476 0.3365926 0.339506
Moved 377.3103 456.8391 474.0804 0.3362469 0.3321003
Moved 377.3255 459.7198 472.6401 0.3462493 0.3265434
Moved 377.3398 461.6603 473 0.3529873 0.3279319
Moved 377.3566 463.774 472 0.3603265 0.324074
Moved 377.3711 466.6469 470.6766 0.3703016 0.3189682
Moved 377.3875 468.7674 471 0.3776644 0.3202158
Moved 377.4027 471.4013 469.7994 0.3868101 0.3155839
Moved 377.4177 473.2918 470 0.3933742 0.3163579
Moved 377.4333 475.0819 470 0.39959 0.3163579
Moved 377.4495 476.1718 468.8282 0.4033742 0.3118372
Moved 377.4655 477.5 469 0.407986 0.3125
Moved 377.4784 478.0458 469 0.4098813 0.3125
Moved 377.4946 479.5424 469 0.4150778 0.3125
Moved 377.5099 480.5 469 0.4184028 0.3125
Moved 377.5245 481.2172 469 0.4208931 0.3125
Moved 377.54 482.5 469 0.4253472 0.3125
Stationary 377.5576 482.5 469 0.4253472 0.3125
Moved 377.571 483.1226 469 0.427509 0.3125
Stationary 377.587 483.1226 469 0.427509 0.3125
Moved 377.602 485.2887 469 0.4350303 0.3125
Moved 377.6169 486.7336 469 0.4400474 0.3125
Moved 377.6319 488.1611 469 0.4450038 0.3125
Stationary 377.6488 488.1611 469 0.4450038 0.3125
Moved 377.6626 489.7706 469 0.4505923 0.3125
Moved 377.6785 491.1213 469 0.4552825 0.3125
Stationary 377.695 491.1213 469 0.4552825 0.3125
Moved 377.7113 492.3745 469 0.4596337 0.3125
Moved 377.7251 493.2207 469 0.4625718 0.3125
Stationary 377.7414 493.2207 469 0.4625718 0.3125
Moved 377.7562 494.1056 469 0.4656442 0.3125
Stationary 377.7711 494.1056 469 0.4656442 0.3125
Stationary 377.787 494.1056 469 0.4656442 0.3125
Moved 377.8023 495.0626 469 0.4689674 0.3125
Stationary 377.818 495.0626 469 0.4689674 0.3125
Stationary 377.8329 495.0626 469 0.4689674 0.3125
Stationary 377.8476 495 469 0.46875 0.3125
Stationary 377.864 495 469 0.46875 0.3125
Stationary 377.8783 495 469 0.46875 0.3125
Stationary 377.8939 495 469 0.46875 0.3125
Moved 377.9118 488.0559 469 0.4446385 0.3125
Moved 377.9251 483.7079 469 0.4295413 0.3125
Moved 377.9411 479.5162 469 0.4149868 0.3125
Moved 377.9566 476.3836 469 0.4041098 0.3125
Moved 377.9762 470.7677 469 0.3846101 0.3125
Moved 377.988 466.4516 469 0.3696237 0.3125
Moved 378.0028 463.2471 469 0.358497 0.3125
Moved 378.0184 455.183 469 0.3304966 0.3125
Moved 378.0342 449.1889 469 0.3096835 0.3125
Moved 378.0497 443.0784 469 0.2884665 0.3125
Moved 378.0653 437.6789 469 0.2697183 0.3125
Moved 378.0807 434.4514 469 0.2585119 0.3125
Moved 378.096 430.127 469 0.2434967 0.3125
Moved 378.1108 426.8646 469 0.2321686 0.3125
Moved 378.1265 422.5028 469 0.2170236 0.3125
Moved 378.1423 419.1244 469 0.2052929 0.3125
Moved 378.1575 414.8705 469 0.1905224 0.3125
Moved 378.1735 411.5557 468 0.1790127 0.3086418
Moved 378.1883 409.7495 468 0.1727412 0.3086418
Moved 378.2039 406.6218 468 0.1618813 0.3086418
Moved 378.2197 404.3527 468 0.1540023 0.3086418
Moved 378.2344 402.8029 468 0.1486212 0.3086418
Moved 378.2503 401.3624 468 0.1436193 0.3086418
Moved 378.2657 399.9195 468 0.1386094 0.3086418
Moved 378.2807 398.5 468 0.1336806 0.3086418
Stationary 378.2965 398.5 468 0.1336806 0.3086418
Moved 378.311 396.6052 468 0.1271014 0.3086418
Stationary 378.3267 396.6052 468 0.1271014 0.3086418
Moved 378.3416 395.6791 468 0.1238859 0.3086418
Stationary 378.3582 395.6791 468 0.1238859 0.3086418
Moved 378.3734 394.7508 468 0.1206626 0.3086418
Stationary 378.3884 394.7508 468 0.1206626 0.3086418
Moved 378.4052 393.7662 468 0.1172438 0.3086418
Stationary 378.4198 393.7662 468 0.1172438 0.3086418
Moved 378.4335 392.8082 468 0.1139173 0.3086418
Stationary 378.4492 392.8082 468 0.1139173 0.3086418
Stationary 378.4643 392.8082 468 0.1139173 0.3086418
Stationary 378.4803 392.8082 468 0.1139173 0.3086418
Moved 378.4956 391.8605 468 0.1106267 0.3086418
Stationary 378.5106 391.8605 468 0.1106267 0.3086418
Stationary 378.5268 391.8605 468 0.1106267 0.3086418
Moved 378.5418 390.9418 468 0.1074368 0.3086418
Stationary 378.5578 390.9418 468 0.1074368 0.3086418
Stationary 378.5726 390.9418 468 0.1074368 0.3086418
Stationary 378.5887 390.9418 468 0.1074368 0.3086418
Stationary 378.6048 390.9418 468 0.1074368 0.3086418
Stationary 378.6234 390.9418 468 0.1074368 0.3086418
Stationary 378.6409 390.9418 468 0.1074368 0.3086418
Stationary 378.655 390.9418 468 0.1074368 0.3086418
Stationary 378.6665 390.9418 468 0.1074368 0.3086418
Stationary 378.6845 391 468 0.1076388 0.3086418
Stationary 378.697 391 468 0.1076388 0.3086418
Moved 378.7117 400.4415 467.5195 0.140422 0.3067878
Moved 378.7278 404.7543 466.0819 0.1553967 0.3012418
Moved 378.7438 410.442 461.9185 0.1751459 0.285179
Moved 378.7584 416.9657 457.6205 0.1977977 0.2685976
Moved 378.7739 422.5206 452.4794 0.2170855 0.2487628
Moved 378.7904 430.8495 445.4587 0.2460052 0.2216772
Moved 378.8053 437.022 438.978 0.2674374 0.1966744
Moved 378.8208 443.9038 433.2769 0.2913328 0.1746793
Moved 378.8357 450.1221 426.2535 0.3129241 0.1475827
Moved 378.8504 455.217 419.7106 0.3306146 0.1223402
Moved 378.8666 459.527 414.473 0.3455798 0.1021335
Moved 378.8827 462.4166 411.5834 0.3556131 0.09098541
Moved 378.8987 465.1221 408.8779 0.3650072 0.08054756
Moved 378.9142 467.9561 406.0439 0.3748478 0.06961375
Moved 378.9286 470.8684 404.1316 0.3849595 0.06223601
Moved 378.944 473.7166 401.2834 0.3948493 0.05124751
Moved 378.9589 477.4049 398.3967 0.4076558 0.04011071
Moved 378.9737 479.2399 396.7601 0.4140272 0.03379668
Moved 378.9899 480.5 395.5 0.4184028 0.02893507
Moved 379.0058 482.764 394.236 0.4262639 0.02405867
Moved 379.0205 484.2028 392.7972 0.4312597 0.01850752
Moved 379.0354 485 392 0.4340277 0.01543204
Moved 379.0509 486.0801 390.9199 0.4377781 0.01126501
Stationary 379.0674 486.0801 390.9199 0.4377781 0.01126501
Moved 379.0815 487 390 0.4409721 0.007715931
Moved 379.0989 487 388.6024 0.4409721 0.002323904
Moved 379.1133 488 388.4681 0.4444444 0.001805859
Moved 379.1283 488 387.5 0.4444444 -0.001929071
Moved 379.1444 488 388 0.4444444 -5.886878E-08
Stationary 379.161 488 388 0.4444444 -5.886878E-08
Stationary 379.1745 488 388 0.4444444 -5.886878E-08
Moved 379.1883 472.9309 395.2416 0.392121 0.0279383
Moved 379.2068 462.766 403.8814 0.3568263 0.06127074
Moved 379.2206 453.1119 409.049 0.3233051 0.08120731
Moved 379.2426 420.0273 424.8455 0.2084279 0.1421506
Stationary 379.2539 420.0273 424.8455 0.2084279 0.1421506
Moved 379.2671 411.3196 429.3402 0.178193 0.1594914
Moved 379.2827 399.7911 435.1045 0.1381634 0.1817302
Moved 379.299 386.886 441.3246 0.09335398 0.2057274
Moved 379.3143 375.2535 446.8732 0.05296364 0.2271343
Moved 379.3291 366.8303 451.0848 0.02371624 0.2433826
Moved 379.3446 358.1938 455.4031 -0.006271675 0.2600428
Moved 379.3623 348.561 459.813 -0.03971859 0.2770562
Moved 379.3753 339.9288 464.0356 -0.06969176 0.2933472
Moved 379.3909 333.8756 464.7811 -0.09070977 0.2962233
Moved 379.4077 326.9004 467.4398 -0.1149292 0.3064806
Moved 379.4213 322.3467 468.6633 -0.1307405 0.311201
Moved 379.4366 317.6694 469 -0.1469813 0.3125
Moved 379.4517 314.5797 470.2101 -0.1577092 0.3171687
Moved 379.4676 309.7092 470 -0.174621 0.3163579
Moved 379.4833 305.76 470 -0.1883334 0.3163579
Moved 379.5004 303 470 -0.1979167 0.3163579
Moved 379.5142 299.1073 470 -0.211433 0.3163579
Moved 379.5303 297.6069 470 -0.2166427 0.3163579
Moved 379.546 295 470 -0.2256945 0.3163579
Moved 379.5604 293.0956 470 -0.232307 0.3163579
Moved 379.5754 291.6576 470 -0.2373001 0.3163579
Moved 379.5909 289.2126 470 -0.2457896 0.3163579
Moved 379.608 287.7848 470 -0.2507471 0.3163579
Moved 379.6216 286.3404 470 -0.2557624 0.3163579
Moved 379.6371 284.9026 470 -0.2607549 0.3163579
Moved 379.6541 283.5 470 -0.265625 0.3163579
Moved 379.6674 282.3319 470 -0.269681 0.3163579
Moved 379.6828 281.5 470 -0.2725694 0.3163579
Moved 379.7071 279.5 470 -0.2795139 0.3163579
Stationary 379.7184 279.5 470 -0.2795139 0.3163579
Moved 379.7292 278.7935 470 -0.281967 0.3163579
Stationary 379.7456 279 470 -0.28125 0.3163579
Moved 379.7604 277.7154 470 -0.2857105 0.3163579
Stationary 379.7755 277.7154 470 -0.2857105 0.3163579
Stationary 379.7913 278 470 -0.2847222 0.3163579
Moved 379.8068 276.7366 470 -0.2891091 0.3163579
Stationary 379.8218 276.7366 470 -0.2891091 0.3163579
Stationary 379.8368 276.7366 470 -0.2891091 0.3163579
Moved 379.8534 275.8569 470 -0.2921635 0.3163579
Stationary 379.8698 276 470 -0.2916667 0.3163579
Stationary 379.8844 276 470 -0.2916667 0.3163579
Stationary 379.899 276 470 -0.2916667 0.3163579
Moved 379.9144 274.6271 470 -0.2964336 0.3163579
Stationary 379.9303 274.6271 470 -0.2964336 0.3163579
Stationary 379.9453 274.6271 470 -0.2964336 0.3163579
Stationary 379.9598 274.6271 470 -0.2964336 0.3163579
Stationary 379.9752 275 470 -0.2951389 0.3163579
Stationary 379.9906 275 470 -0.2951389 0.3163579
Stationary 380.0077 275 470 -0.2951389 0.3163579
Moved 380.0224 274.3244 470 -0.2974848 0.3163579
Stationary 380.0381 274 470 -0.2986111 0.3163579
Stationary 380.0533 274 470 -0.2986111 0.3163579
Stationary 380.0677 274 470 -0.2986111 0.3163579
Stationary 380.0826 274 470 -0.2986111 0.3163579
Stationary 380.0981 274 470 -0.2986111 0.3163579
Stationary 380.1145 274 470 -0.2986111 0.3163579
Stationary 380.1344 274 470 -0.2986111 0.3163579
Stationary 380.1456 274 470 -0.2986111 0.3163579
Stationary 380.1607 274 470 -0.2986111 0.3163579
Stationary 380.176 274 470 -0.2986111 0.3163579
Stationary 380.1918 274 470 -0.2986111 0.3163579
Stationary 380.2069 274 470 -0.2986111 0.3163579
Stationary 380.2214 274 470 -0.2986111 0.3163579
Stationary 380.2372 274 470 -0.2986111 0.3163579
Stationary 380.2531 274 470 -0.2986111 0.3163579
Stationary 380.2687 274 470 -0.2986111 0.3163579
Stationary 380.2829 274 470 -0.2986111 0.3163579
Stationary 380.2989 274 470 -0.2986111 0.3163579
Stationary 380.3165 274 470 -0.2986111 0.3163579
Stationary 380.3302 274 470 -0.2986111 0.3163579
Ended 380.3447 274 470 -0.2986111 0.3163579
Backspace 381.2813
Began 381.6243 503 483 0.4965278 0.3665121
Stationary 381.6422 503 483 0.4965278 0.3665121
Stationary 381.6579 503 483 0.4965278 0.3665121
Stationary 381.6706 503 483 0.4965278 0.3665121
Stationary 381.6858 503 483 0.4965278 0.3665121
Stationary 381.7042 503 483 0.4965278 0.3665121
Moved 381.717 495.7014 483 0.4711853 0.3665121
Moved 381.7337 489.5889 483 0.4499614 0.3665121
Moved 381.7486 482.8152 483 0.4264416 0.3665121
Moved 381.7692 476.9985 483 0.4062448 0.3665121
Moved 381.7807 471.6138 483 0.3875477 0.3665121
Moved 381.795 465.3745 479.2073 0.3658839 0.3518798
Moved 381.8107 459.0834 476 0.3440396 0.339506
Moved 381.8269 454.7335 475 0.3289358 0.335648
Moved 381.8426 451.0547 475 0.3161619 0.335648
Moved 381.8578 447.0756 474.0252 0.3023458 0.3318872
Moved 381.8721 442.7592 474 0.2873584 0.3317901
Moved 381.8887 439.2953 474 0.2753307 0.3317901
Moved 381.9051 435.1267 474 0.2608567 0.3317901
Moved 381.9189 433.5445 473 0.2553628 0.3279319
Moved 381.9341 430.6619 473 0.2453537 0.3279319
Moved 381.9494 429.5 473 0.2413194 0.3279319
Moved 381.9652 428.3092 473 0.2371846 0.3279319
Moved 381.9803 426.8712 473 0.2321918 0.3279319
Stationary 381.9955 426.8712 473 0.2321918 0.3279319
Moved 382.0121 426 473 0.2291666 0.3279319
Moved 382.0265 424.5563 473 0.2241538 0.3279319
Stationary 382.0411 424.5563 473 0.2241538 0.3279319
Moved 382.0592 423.626 473 0.2209237 0.3279319
Stationary 382.0749 423.626 473 0.2209237 0.3279319
Stationary 382.0881 423.626 473 0.2209237 0.3279319
Moved 382.1035 423 473 0.2187499 0.3279319
Stationary 382.1234 423 473 0.2187499 0.3279319
Stationary 382.1344 423 473 0.2187499 0.3279319
Stationary 382.1495 423 473 0.2187499 0.3279319
Stationary 382.165 423 473 0.2187499 0.3279319
Stationary 382.1801 423 473 0.2187499 0.3279319
Stationary 382.1952 423 473 0.2187499 0.3279319
Moved 382.2112 423 471.6271 0.2187499 0.3226353
Moved 382.2276 433.5608 471 0.2554195 0.3202158
Moved 382.2433 437.8894 470.0369 0.2704492 0.3165001
Moved 382.2581 443.5613 468.6097 0.2901435 0.3109941
Moved 382.2729 448.5001 468.1666 0.307292 0.3092847
Moved 382.2893 452.7105 468 0.3219114 0.3086418
Moved 382.3064 459.6976 466.6605 0.3461722 0.3034739
Moved 382.3196 465.0955 466.2261 0.364915 0.3017981
Moved 382.3353 469.634 466 0.3806736 0.3009257
Moved 382.3512 474.3116 466 0.396915 0.3009257
Moved 382.3658 478.2835 466 0.4107067 0.3009257
Moved 382.3817 481 466 0.4201388 0.3009257
Moved 382.3964 483.4588 466 0.4286764 0.3009257
Moved 382.4128 486.1729 466 0.4381002 0.3009257
Moved 382.4276 487.5189 466 0.4427739 0.3009257
Moved 382.4433 488.9549 466 0.4477602 0.3009257
Moved 382.4581 490.3977 466 0.4527696 0.3009257
Moved 382.4798 492.2784 466 0.4592999 0.3009257
Stationary 382.4898 492.2784 466 0.4592999 0.3009257
Stationary 382.5081 492.2784 466 0.4592999 0.3009257
Moved 382.524 493.3166 466 0.4629049 0.3009257
Stationary 382.537 493.3166 466 0.4629049 0.3009257
Moved 382.5508 494 465.3271 0.4652777 0.2983296
Moved 382.5663 494 464.5 0.4652777 0.2951388
Stationary 382.5821 494 464.5 0.4652777 0.2951388
Stationary 382.5959 494 464.5 0.4652777 0.2951388
Stationary 382.6147 494 464.5 0.4652777 0.2951388
Stationary 382.6294 494 464.5 0.4652777 0.2951388
Moved 382.6435 494 463.9993 0.4652777 0.2932068
Stationary 382.6589 494 464 0.4652777 0.2932098
Moved 382.6735 494 462.111 0.4652777 0.2859218
Moved 382.689 484.7553 462 0.4331781 0.2854938
Moved 382.7064 481.7098 460.2366 0.4226036 0.2786906
Moved 382.7201 477.4018 460 0.4076449 0.2777777
Moved 382.7354 474.3288 458.7762 0.3969748 0.2730564
Moved 382.7523 466.0435 457 0.3682065 0.2662036
Moved 382.7664 459.0807 454.6323 0.3440304 0.2570691
Moved 382.782 452.8833 453.7533 0.3225113 0.2536776
Moved 382.8054 439.5043 452 0.2760565 0.2469135
Stationary 382.8157 439.5043 452 0.2760565 0.2469135
Moved 382.8268 432.311 450.0622 0.2510799 0.2394373
Moved 382.8437 427.9735 450 0.236019 0.2391974
Moved 382.8586 419.3134 450 0.2059494 0.2391974
Moved 382.8752 412.5817 449 0.1825753 0.2353394
Moved 382.891 406.7253 449 0.1622406 0.2353394
Moved 382.9075 402.7119 448.2373 0.1483053 0.2323969
Moved 382.921 398.3917 448 0.1333046 0.2314813
Moved 382.9362 394.719 448 0.1205519 0.2314813
Moved 382.9522 392.3726 448 0.1124048 0.2314813
Moved 382.9673 389.6105 448 0.1028143 0.2314813
Moved 382.9824 387.734 448 0.09629875 0.2314813
Moved 382.9983 385.9313 448 0.09003922 0.2314813
Moved 383.0134 384.5 448 0.08506939 0.2314813
Moved 383.0287 383.0508 448 0.08003756 0.2314813
Moved 383.044 382.5 448 0.07812499 0.2314813
Moved 383.0612 381.6271 448 0.0750941 0.2314813
Stationary 383.0763 381.6271 448 0.0750941 0.2314813
Stationary 383.0919 381.6271 448 0.0750941 0.2314813
Stationary 383.1128 381.6271 448 0.0750941 0.2314813
Stationary 383.1241 381.6271 448 0.0750941 0.2314813
Moved 383.1366 382 444.53 0.07638887 0.2180941
Moved 383.1534 394.9428 440.4702 0.1213291 0.2024311
Moved 383.1676 402 435 0.1458333 0.1813271
Moved 383.1837 413.6995 429.2781 0.1864564 0.1592517
Moved 383.1993 426.5938 422.1145 0.2312286 0.1316144
Moved 383.2144 439.4476 412.4585 0.2758597 0.09436136
Moved 383.2303 450.4831 406.7584 0.3141774 0.0723704
Moved 383.2449 461.0001 400.9999 0.3506948 0.05015402
Moved 383.2614 468.6948 396.1831 0.3774125 0.0315705
Moved 383.2763 473.1368 393.2421 0.392836 0.02022407
Moved 383.2928 477.4456 389.9158 0.4077972 0.007391328
Moved 383.3074 481.7693 385.2307 0.4228101 -0.01068404
Moved 383.3233 484.7265 382.2736 0.4330779 -0.02209275
Moved 383.339 486.8034 380.1965 0.4402896 -0.03010608
Moved 383.353 488.2436 377.5128 0.4452901 -0.0404598
Moved 383.369 490.6829 375.3171 0.45376 -0.04893091
Moved 383.383 491.5 374.5 0.4565972 -0.05208333
Moved 383.4026 492.083 373.9169 0.4586217 -0.05433294
Moved 383.415 492.6349 372.3651 0.4605379 -0.06032013
Moved 383.4298 493 370.926 0.4618056 -0.06587204
Moved 383.4445 494.5 369.5 0.4670138 -0.07137357
Moved 383.4613 494 369.0457 0.4652777 -0.07312609
Moved 383.4762 495.3868 367.6132 0.470093 -0.07865281
Moved 383.4915 495 367.168 0.46875 -0.08037025
Stationary 383.5066 495 367 0.46875 -0.08101851
Moved 383.5226 496.3876 367 0.473568 -0.08101851
Moved 383.5369 496 365.5 0.4722222 -0.08680566
Stationary 383.5533 496 365.5 0.4722222 -0.08680566
Stationary 383.5679 496 365.5 0.4722222 -0.08680566
Stationary 383.5842 496 365.5 0.4722222 -0.08680566
Moved 383.5995 488.347 366 0.4456495 -0.08487666
Moved 383.6149 482.3344 366 0.4247721 -0.08487666
Moved 383.6304 471.3285 373.5223 0.3865571 -0.05585529
Moved 383.6449 459.8248 375.0438 0.3466138 -0.04998536
Moved 383.663 447.3546 376.9606 0.3033144 -0.0425905
Moved 383.6822 434.5481 378.3835 0.2588476 -0.03710052
Moved 383.6938 419.5804 380.6488 0.2068764 -0.02836121
Moved 383.7078 406.6046 382.2662 0.1618215 -0.02212136
Moved 383.7227 394 385 0.1180555 -0.01157419
Moved 383.7393 380.7491 385.841 0.07204548 -0.008329579
Moved 383.7552 364.9638 388.552 0.01723558 0.002129637
Moved 383.7675 353.9965 388 -0.02084538 -5.886878E-08
Moved 383.7844 343.8964 388 -0.05591542 -5.886878E-08
Moved 383.7995 333.8565 388 -0.09077594 -5.886878E-08
Moved 383.8142 323.7773 388 -0.1257731 -5.886878E-08
Moved 383.8293 312.2688 388 -0.1657335 -5.886878E-08
Moved 383.8446 304.988 383.988 -0.1910139 -0.01547837
Moved 383.8612 296.9261 381 -0.2190065 -0.02700629
Moved 383.8756 286.8259 379.5466 -0.2540766 -0.03261354
Moved 383.8911 280.5529 379 -0.275858 -0.03472222
Moved 383.9064 273.4529 376.3812 -0.3005109 -0.04482587
Moved 383.9219 266.9639 375.241 -0.3230419 -0.04922466
Moved 383.9417 260.0487 373.8098 -0.3470532 -0.05474643
Moved 383.9533 256.2616 372.8154 -0.3602028 -0.05858279
Moved 383.9689 249.2287 371.3072 -0.3846225 -0.06440139
Moved 383.9834 243.4866 371 -0.4045606 -0.06558653
Moved 384.0013 238.7963 370 -0.420846 -0.06944455
Moved 384.0155 232.9383 370 -0.4411864 -0.06944455
Moved 384.0298 230.1013 368.5507 -0.4510372 -0.07503626
Moved 384.0453 226.2257 369 -0.4644941 -0.07330258
Moved 384.0623 222.9924 369 -0.4757207 -0.07330258
Moved 384.0771 220.124 369 -0.4856806 -0.07330258
Moved 384.0912 218.244 369 -0.4922085 -0.07330258
Moved 384.1085 216.6833 369 -0.4976275 -0.07330258
Moved 384.1222 215.2459 369 -0.5026184 -0.07330258
Moved 384.1378 214.5 369 -0.5052083 -0.07330258
Stationary 384.153 214.5 369 -0.5052083 -0.07330258
Stationary 384.1677 214.5 369 -0.5052083 -0.07330258
Moved 384.1834 215 369 -0.5034722 -0.07330258
Moved 384.2039 215 378.3448 -0.5034722 -0.03725005
Moved 384.2156 225.2323 386.1393 -0.4679435 -0.007178577
Moved 384.2306 230.8316 393.2896 -0.4485013 0.02040721
Moved 384.2462 238.4755 400.4755 -0.4219601 0.04813053
Moved 384.2618 245.669 407.669 -0.3969827 0.07588339
Moved 384.2769 250 412 -0.3819444 0.09259252
Moved 384.2923 256.3688 419.3688 -0.3598306 0.1210216
Moved 384.3082 263.6884 425.3507 -0.3344153 0.1440999
Moved 384.3231 270.0903 431.0903 -0.3121863 0.1662434
Moved 384.3388 277.0741 436.8593 -0.2879371 0.1885003
Moved 384.3559 282.2595 441.6076 -0.2699324 0.2068193
Moved 384.369 287.2657 446.2657 -0.2525498 0.2247903
Moved 384.3852 294.5 452 -0.2274305 0.2469135
Moved 384.4012 297.535 455.535 -0.2168924 0.2605515
Moved 384.4168 303.2981 460.2236 -0.1968815 0.2786402
Moved 384.4305 307.5143 464.5143 -0.1822419 0.2951941
Moved 384.4518 311.8306 467.8871 -0.1672549 0.3082062
Moved 384.4635 314.7645 470.7645 -0.1570678 0.3193072
Moved 384.4772 317.6363 472.8181 -0.1470963 0.3272302
Moved 384.4926 320.5139 475.5139 -0.1371045 0.3376307
Moved 384.5091 321.2399 476.2399 -0.1345836 0.3404317
Moved 384.5228 323.7662 477.7662 -0.1258117 0.3463201
Moved 384.5399 325.2056 479.2056 -0.1208139 0.3518734
Moved 384.556 327 480.6434 -0.1145833 0.3574203
Moved 384.5699 328.0801 481 -0.110833 0.3587961
Moved 384.5853 329.5 482.5 -0.1059028 0.3645832
Stationary 384.6002 329.5 482.5 -0.1059028 0.3645832
Moved 384.6168 331.0541 483 -0.1005065 0.3665121
Moved 384.6328 331 484.5 -0.1006944 0.3722993
Stationary 384.6477 331 484.5 -0.1006944 0.3722993
Moved 384.6619 332 485.3851 -0.09722225 0.3757141
Stationary 384.6815 332 485.3851 -0.09722225 0.3757141
Moved 384.6928 333.3734 485 -0.09245344 0.3742283
Stationary 384.7131 333.3734 485 -0.09245344 0.3742283
Moved 384.7242 333.8428 486 -0.09082347 0.3780862
Moved 384.7395 334.5 486 -0.08854166 0.3780862
Stationary 384.7574 334.5 486 -0.08854166 0.3780862
Moved 384.7705 335.025 486 -0.08671864 0.3780862
Moved 384.7855 335 487.5 -0.08680552 0.3838733
Stationary 384.8024 335 487.5 -0.08680552 0.3838733
Stationary 384.8167 335 487.5 -0.08680552 0.3838733
Moved 384.8308 336.1865 487 -0.08268587 0.3819444
Stationary 384.8467 336.1865 487 -0.08268587 0.3819444
Stationary 384.8634 336.1865 487 -0.08268587 0.3819444
Moved 384.8771 336 488.1736 -0.08333333 0.3864721
Stationary 384.8929 336 488.1736 -0.08333333 0.3864721
Stationary 384.9107 336 488.1736 -0.08333333 0.3864721
Moved 384.9321 337.1866 488 -0.07921322 0.3858023
Stationary 384.9447 337.1866 488 -0.07921322 0.3858023
Stationary 384.9558 337.1866 488 -0.07921322 0.3858023
Stationary 384.9699 337.1866 488 -0.07921322 0.3858023
Stationary 384.9857 337.1866 488 -0.07921322 0.3858023
Stationary 385.0009 337.1866 488 -0.07921322 0.3858023
Stationary 385.0158 337.1866 488 -0.07921322 0.3858023
Stationary 385.0315 337.1866 488 -0.07921322 0.3858023
Stationary 385.0473 337.1866 488 -0.07921322 0.3858023
Stationary 385.0624 337.1866 488 -0.07921322 0.3858023
Stationary 385.0776 337.1866 488 -0.07921322 0.3858023
Stationary 385.0936 337.1866 488 -0.07921322 0.3858023
Moved 385.1092 338.0422 488 -0.07624245 0.3858023
Stationary 385.1251 338.0422 488 -0.07624245 0.3858023
Moved 385.144 338 489.2163 -0.07638887 0.3904949
Stationary 385.1548 338 489.2163 -0.07638887 0.3904949
Stationary 385.1707 338 489.2163 -0.07638887 0.3904949
Moved 385.1869 339.6339 489 -0.07071547 0.3896604
Moved 385.2035 342.1425 489 -0.06200514 0.3896604
Moved 385.219 346.0342 489 -0.04849225 0.3896604
Moved 385.2335 350.8176 489 -0.03188334 0.3896604
Moved 385.2495 356.5357 489 -0.01202881 0.3896604
Moved 385.2648 361.2585 489 0.004369616 0.3896604
Moved 385.2798 364.7754 489 0.01658112 0.3896604
Moved 385.2951 371.7387 489 0.04075944 0.3896604
Moved 385.3119 377.9105 489 0.06218925 0.3896604
Moved 385.3256 385.0794 489 0.08708134 0.3896604
Moved 385.3412 391.9616 489 0.1109779 0.3896604
Moved 385.36 398.4406 489 0.1334742 0.3896604
Moved 385.3717 404 489 0.1527777 0.3896604
Moved 385.3883 407.2237 489 0.1639712 0.3896604
Moved 385.403 410.2024 489 0.1743138 0.3896604
Moved 385.419 414.0682 489 0.1877369 0.3896604
Moved 385.4336 416.9347 489 0.1976898 0.3896604
Moved 385.4499 419.8093 489 0.2076712 0.3896604
Moved 385.4651 422.6772 489 0.2176293 0.3896604
Moved 385.48 425.5312 489 0.2275389 0.3896604
Moved 385.4951 426.5 489 0.2309027 0.3896604
Moved 385.5112 428.6125 489 0.238238 0.3896604
Moved 385.5259 430.2401 489 0.2438891 0.3896604
Moved 385.5418 431.6868 484.1924 0.2489124 0.3711125
Moved 385.5581 433.1723 482 0.2540705 0.3626542
Moved 385.5763 434.5 482 0.2586806 0.3626542
Moved 385.5891 435.0288 482 0.2605167 0.3626542
Moved 385.604 436.4963 480.5037 0.2656121 0.3568816
Moved 385.6182 437.4149 481 0.2688017 0.3587961
Stationary 385.6342 437.4149 481 0.2688017 0.3587961
Moved 385.6501 438.3718 481 0.2721244 0.3587961
Moved 385.6656 439 480.1238 0.2743055 0.3554158
Moved 385.6804 440.3252 480 0.2789069 0.3549381
Stationary 385.6962 440.3252 480 0.2789069 0.3549381
Stationary 385.7114 440.3252 480 0.2789069 0.3549381
Moved 385.7267 441.0698 480 0.2814921 0.3549381
Stationary 385.7422 441.0698 480 0.2814921 0.3549381
Moved 385.7576 441 478.6266 0.28125 0.3496395
Stationary 385.7765 441 478.6266 0.28125 0.3496395
Stationary 385.7885 441 478.6266 0.28125 0.3496395
Moved 385.8043 441 477.9026 0.28125 0.3468465
Stationary 385.8196 441 478 0.28125 0.3472221
Moved 385.8346 441 476.9938 0.28125 0.3433401
Moved 385.8502 441 475.5464 0.28125 0.3377562
Moved 385.8666 433.8823 472.2206 0.2565358 0.3249249
Moved 385.8836 430.3438 470.6719 0.2442492 0.3189501
Moved 385.8971 426.6909 467.4606 0.2315657 0.3065609
Moved 385.913 423.583 464.5829 0.2207742 0.2954588
Moved 385.9277 420.0638 463.3546 0.208555 0.2907198
Moved 385.9435 416.5044 462.1682 0.1961957 0.2861425
Moved 385.9586 411.148 459.574 0.1775971 0.276134
Moved 385.9736 405.3734 457.3434 0.1575467 0.2675283
Moved 385.9935 399.6104 455.9026 0.1375361 0.2619698
Moved 386.0048 395.5 454.5 0.1232639 0.2565585
Moved 386.0188 390.0838 453.028 0.1044576 0.2508793
Moved 386.0345 384.3567 453 0.08457184 0.2507715
Moved 386.0512 380.0863 453 0.06974398 0.2507715
Moved 386.0664 375.1913 452.0479 0.05274757 0.2470981
Moved 386.0829 369.4366 452 0.03276587 0.2469135
Moved 386.0974 364.6819 452 0.01625657 0.2469135
Moved 386.1118 361.4706 452 0.005106329 0.2469135
Moved 386.1281 357.5916 451 -0.00836268 0.2430554
Moved 386.1435 353.5808 451 -0.02228893 0.2430554
Moved 386.1593 351 451 -0.03124997 0.2430554
Moved 386.1732 348.7018 451 -0.03922969 0.2430554
Moved 386.1959 344 451 -0.05555555 0.2430554
Stationary 386.2086 344 451 -0.05555555 0.2430554
Moved 386.22 343.0364 451 -0.05890138 0.2430554
Moved 386.2355 341.6017 451 -0.06388291 0.2430554
Moved 386.2514 341 451 -0.06597221 0.2430554
Moved 386.2663 339.7166 451 -0.07042854 0.2430554
Stationary 386.2817 339.7166 451 -0.07042854 0.2430554
Moved 386.2984 338.6799 451 -0.07402799 0.2430554
Stationary 386.3141 339 451 -0.07291666 0.2430554
Stationary 386.327 339 451 -0.07291666 0.2430554
Stationary 386.3463 339 451 -0.07291666 0.2430554
Stationary 386.3608 339 451 -0.07291666 0.2430554
Stationary 386.3752 339 451 -0.07291666 0.2430554
Moved 386.3961 351.5 451 -0.02951391 0.2430554
Stationary 386.4074 351.5 451 -0.02951391 0.2430554
Moved 386.4199 356.9332 451 -0.01064859 0.2430554
Moved 386.4354 362.6497 460.887 0.009200275 0.2811995
Moved 386.4514 366.5558 458.8519 0.02276331 0.2733484
Moved 386.4667 369.5896 459 0.03329739 0.2739197
Moved 386.4812 371.4597 459.7299 0.03979072 0.2767353
Moved 386.4993 372.8975 460 0.04478305 0.2777777
Moved 386.5134 374.3054 460 0.04967153 0.2777777
Moved 386.5294 376.7391 460.7391 0.05812183 0.2806292
Moved 386.5438 377.5 461.5 0.06076395 0.2835647
Moved 386.5579 378.6152 461 0.06463617 0.2816356
Moved 386.5735 380.0518 461 0.06962433 0.2816356
Stationary 386.5934 380.0518 461 0.06962433 0.2816356
Moved 386.6135 381.3734 461 0.0742133 0.2816356
Stationary 386.6237 381.3734 461 0.0742133 0.2816356
Moved 386.6352 382.1411 461 0.07687866 0.2816356
Stationary 386.6508 382.1411 461 0.07687866 0.2816356
Ended 386.6665 383.3713 461 0.08115038 0.2816356
Began 386.9876 470 489 0.3819444 0.3896604
Stationary 387.0085 470 489 0.3819444 0.3896604
Stationary 387.0247 470 489 0.3819444 0.3896604
Stationary 387.037 470 489 0.3819444 0.3896604
Stationary 387.0509 470 489 0.3819444 0.3896604
Stationary 387.0669 470 489 0.3819444 0.3896604
Stationary 387.0825 470 489 0.3819444 0.3896604
Stationary 387.1033 470 489 0.3819444 0.3896604
Moved 387.1146 453.147 489 0.323427 0.3896604
Moved 387.1295 444.1595 481.7392 0.2922204 0.3616481
Moved 387.1455 433.0354 473.7722 0.2535952 0.330911
Moved 387.161 423.5269 467.5793 0.2205796 0.3070189
Moved 387.1774 413.2033 460.431 0.1847339 0.2794404
Moved 387.1928 403.6466 454.7644 0.1515506 0.2575786
Moved 387.2091 397.2184 450.731 0.1292305 0.2420177
Moved 387.2227 389.2964 444.4136 0.1017235 0.2176451
Moved 387.2391 381.7224 439.8149 0.0754252 0.1999032
Moved 387.2536 373.0994 434.0663 0.04548415 0.1777247
Moved 387.27 363.0445 426.8889 0.01057118 0.1500343
Moved 387.2911 343.2018 410.5015 -0.05832702 0.08681132
Stationary 387.3028 343.2018 410.5015 -0.05832702 0.08681132
Moved 387.3145 336 406 -0.08333333 0.06944426
Moved 387.3298 330.718 400.718 -0.1016737 0.04906613
Moved 387.3458 322.4416 393.7014 -0.130411 0.02199591
Moved 387.3614 317.9163 389.9163 -0.146124 0.007393095
Moved 387.3782 312.4479 385.5859 -0.1651113 -0.00931363
Moved 387.3932 309.2719 382.848 -0.1761391 -0.01987669
Moved 387.4077 304.9558 380.9853 -0.1911256 -0.02706304
Moved 387.4232 302.1093 378.1093 -0.2010092 -0.03815863
Moved 387.4399 299.8318 376.4159 -0.2089173 -0.04469176
Moved 387.4535 297.9796 374.9796 -0.2153487 -0.05023332
Moved 387.4751 293.1049 372.1049 -0.2322747 -0.06132384
Stationary 387.4863 293.1049 372.1049 -0.2322747 -0.06132384
Moved 387.5002 290.3092 369.3092 -0.2419818 -0.07210966
Moved 387.5153 287.4593 368.2296 -0.2518776 -0.07627475
Moved 387.5308 284.5831 366.7916 -0.2618641 -0.08182278
Moved 387.5463 282.5344 364.5344 -0.2689779 -0.090531
Moved 387.5626 280.2523 364.2523 -0.2769017 -0.09161925
Moved 387.5763 278.8143 362.8143 -0.2818947 -0.09716704
Moved 387.5925 276.3756 361.3755 -0.2903625 -0.1027179
Moved 387.6079 274.9337 361 -0.2953689 -0.1041668
Moved 387.6233 273.5038 359.5038 -0.3003342 -0.1099392
Moved 387.6392 273 359.0649 -0.3020833 -0.1116325
Moved 387.6596 271.9955 359 -0.3055713 -0.1118827
Moved 387.6701 270.5592 357.5593 -0.3105582 -0.1174411
Stationary 387.6848 270.5592 357.5593 -0.3105582 -0.1174411
Moved 387.7001 268.6728 357 -0.3171083 -0.1195989
Moved 387.7153 268.2431 356 -0.3186003 -0.1234569
Moved 387.7307 268 354.8092 -0.3194444 -0.128051
Ended 387.746 267 354 -0.3229167 -0.1311728
Began 388.1738 302 342 -0.2013889 -0.1774691
Stationary 388.1941 302 342 -0.2013889 -0.1774691
Stationary 388.2098 302 342 -0.2013889 -0.1774691
Stationary 388.2241 302 342 -0.2013889 -0.1774691
Stationary 388.2436 302 342 -0.2013889 -0.1774691
Stationary 388.2553 302 342 -0.2013889 -0.1774691
Stationary 388.269 302 342 -0.2013889 -0.1774691
Stationary 388.2844 302 342 -0.2013889 -0.1774691
Stationary 388.3026 302 342 -0.2013889 -0.1774691
Moved 388.3151 302 354.1202 -0.2013889 -0.1307089
Moved 388.3318 302 358.4485 -0.2013889 -0.1140105
Moved 388.3475 297.8882 364.937 -0.2156661 -0.08897757
Moved 388.3631 292.9536 371.0928 -0.2327999 -0.06522873
Moved 388.3793 293 375.3986 -0.2326389 -0.04861643
Moved 388.3938 291.3103 382.069 -0.2385057 -0.02288194
Moved 388.4093 289.9712 387.1152 -0.2431556 -0.003413742
Moved 388.4312 287.0421 397.8737 -0.253326 0.03809299
Stationary 388.4423 287.0421 397.8737 -0.253326 0.03809299
Moved 388.4555 285.5955 402.2134 -0.2583489 0.05483568
Moved 388.4712 285 405.6573 -0.2604166 0.06812213
Moved 388.4875 283.7309 408.5381 -0.2648231 0.07923655
Moved 388.5046 284 411 -0.2638889 0.08873444
Moved 388.5183 283 413.6147 -0.2673611 0.09882214
Moved 388.5327 281.7545 416.491 -0.2716858 0.1099189
Moved 388.5496 282 418.6843 -0.2708333 0.1183806
Moved 388.5657 280.877 421.246 -0.2747327 0.1282639
Moved 388.5782 281 423.5605 -0.2743056 0.1371934
Moved 388.5943 280.008 425.984 -0.27775 0.1465431
Moved 388.6176 280 429.7368 -0.2777778 0.1610213
Stationary 388.6281 280 429.7368 -0.2777778 0.1610213
Moved 388.6404 280 433.8304 -0.2777778 0.1768149
Moved 388.6561 280 436.7646 -0.2777778 0.1881351
Moved 388.6715 280 439.6374 -0.2777778 0.1992181
Moved 388.687 280 441.2569 -0.2777778 0.2054663
Moved 388.7019 280 443.6937 -0.2777778 0.2148674
Moved 388.7177 278.8684 445.1316 -0.2817069 0.220415
Moved 388.7332 279 446.1853 -0.28125 0.2244802
Moved 388.7487 279 447.6768 -0.28125 0.2302343
Moved 388.764 279 448.5 -0.28125 0.2334103
Moved 388.7841 279 449.2726 -0.28125 0.236391
Moved 388.7952 279 450.9807 -0.28125 0.2429808
Moved 388.8105 279 451.5 -0.28125 0.2449845
Moved 388.8246 279 452.3724 -0.28125 0.24835
Stationary 388.8405 279 452.3724 -0.28125 0.24835
Stationary 388.8563 279 452 -0.28125 0.2469135
Stationary 388.8716 279 452 -0.28125 0.2469135
Stationary 388.8878 279 452 -0.28125 0.2469135
Moved 388.9031 278 446.5948 -0.2847222 0.22606
Moved 388.9191 275.7894 436.2629 -0.2923979 0.1861993
Moved 388.9345 273.8967 425.0352 -0.2989698 0.1428825
Moved 388.9547 270.8801 405.0411 -0.309444 0.06574477
Stationary 388.9663 270.8801 405.0411 -0.309444 0.06574477
Moved 388.9803 268.4456 395.1188 -0.3178973 0.02746452
Moved 388.9955 268 386.0987 -0.3194444 -0.007335344
Moved 389.0106 266.5779 378.8894 -0.3243823 -0.03514902
Moved 389.0255 266 371.5467 -0.3263889 -0.06347738
Moved 389.041 266 367.1037 -0.3263889 -0.08061855
Moved 389.0567 264.5 363.5 -0.3315972 -0.09452183
Moved 389.0724 265 360.4915 -0.3298611 -0.1061288
Moved 389.0876 265 357.4592 -0.3298611 -0.1178272
Moved 389.1032 265 355.2949 -0.3298611 -0.1261771
Moved 389.1227 265 353.8604 -0.3298611 -0.1317116
Moved 389.1346 265 352.5 -0.3298611 -0.13696
Moved 389.1492 265 351.9955 -0.3298611 -0.1389064
Stationary 389.164 265 351.9955 -0.3298611 -0.1389064
Stationary 389.1796 265 351.9955 -0.3298611 -0.1389064
Stationary 389.1959 265 352 -0.3298611 -0.138889
Stationary 389.211 265 352 -0.3298611 -0.138889
Stationary 389.2254 265 352 -0.3298611 -0.138889
Stationary 389.2408 265 352 -0.3298611 -0.138889
Stationary 389.2587 265 352 -0.3298611 -0.138889
Moved 389.2732 280.6843 365.8211 -0.2754018 -0.08556683
Moved 389.2949 299.8297 387.5197 -0.2089246 -0.001853307
Stationary 389.3067 299.8297 387.5197 -0.2089246 -0.001853307
Moved 389.3188 312.2161 400.2161 -0.1659162 0.04713005
Moved 389.3345 320.9523 408.3877 -0.1355823 0.07865611
Moved 389.3506 331.0235 416.0168 -0.1006129 0.1080893
Moved 389.3644 341.0662 423.1902 -0.06574228 0.1357645
Moved 389.3795 352.0872 431.3154 -0.02747506 0.1671117
Moved 389.3963 359.8124 435.8928 -0.0006513297 0.1847716
Moved 389.4121 369.8155 443.011 0.03408149 0.2122339
Moved 389.4263 377.0142 448.3428 0.05907699 0.2328038
Moved 389.4487 390.1725 456.4484 0.1047657 0.2640753
Stationary 389.4598 390.1725 456.4484 0.1047657 0.2640753
Moved 389.4728 395.6382 460.4786 0.1237437 0.2796242
Moved 389.4882 399.7964 463.1976 0.1381819 0.2901139
Moved 389.5041 403.3854 464.7952 0.1506439 0.2962774
Moved 389.5197 407.5142 467.3428 0.16498 0.3061065
Moved 389.535 410.2204 469.2204 0.1743764 0.3133501
Moved 389.5507 413.0978 471.0489 0.1843674 0.3204046
Moved 389.5671 415.9755 472.4877 0.1943594 0.3259555
Moved 389.5821 416.9236 473.9236 0.1976514 0.3314951
Moved 389.6026 419.5 476.5 0.2065971 0.3414351
Stationary 389.614 419.5 476.5 0.2065971 0.3414351
Moved 389.626 420.8903 476.8903 0.2114247 0.342941
Moved 389.6426 421.5 477.5 0.2135417 0.345293
Moved 389.6588 422.375 478.3751 0.21658 0.348669
Moved 389.6741 423.1055 478 0.2191163 0.3472221
Moved 389.6888 423 479.5 0.2187499 0.3530091
Moved 389.7044 424.0444 479 0.2223764 0.3510802
Stationary 389.7193 424.0444 479 0.2223764 0.3510802
Stationary 389.7353 424.0444 479 0.2223764 0.3510802
Moved 389.7545 425.0347 480 0.2258149 0.3549381
Stationary 389.7662 425.0347 480 0.2258149 0.3549381
Stationary 389.7805 425.0347 480 0.2258149 0.3549381
Stationary 389.7955 425.0347 480 0.2258149 0.3549381
Stationary 389.8109 425.0347 480 0.2258149 0.3549381
Stationary 389.8266 425 480 0.2256945 0.3549381
Stationary 389.8427 425 480 0.2256945 0.3549381
Stationary 389.8589 425 480 0.2256945 0.3549381
Moved 389.873 416.2047 480 0.1951553 0.3549381
Moved 389.8887 409.7975 480 0.172908 0.3549381
Moved 389.9087 402.3724 480 0.1471263 0.3549381
Moved 389.9205 392.0565 480 0.1113073 0.3549381
Moved 389.9358 379.9696 480 0.06933898 0.3549381
Moved 389.9513 372.5405 480 0.04354342 0.3549381
Moved 389.9665 360.8345 480 0.00289768 0.3549381
Moved 389.9823 353.1684 480 -0.02372093 0.3549381
Moved 389.9994 345.9945 480 -0.0486303 0.3549381
Moved 390.0137 338.7953 473 -0.07362723 0.3279319
Moved 390.0289 332.881 473 -0.09416311 0.3279319
Moved 390.0448 326.8447 472 -0.1151225 0.324074
Moved 390.0653 319.1291 470.7097 -0.141913 0.3190961
Stationary 390.0763 319.1291 470.7097 -0.141913 0.3190961
Moved 390.0896 315.5361 470 -0.1543885 0.3163579
Moved 390.1054 311.4955 470 -0.1684182 0.3163579
Moved 390.1208 308.7876 469 -0.1778208 0.3125
Moved 390.1364 305.9256 467.9628 -0.1877584 0.3084982
Moved 390.1517 303.0475 468 -0.1977516 0.3086418
Moved 390.1676 302.3152 467.3152 -0.2002945 0.3059998
Moved 390.1834 300.9824 467 -0.2049221 0.3047838
Moved 390.1996 299.5436 467 -0.209918 0.3047838
Moved 390.2192 297.5 467 -0.2170139 0.3047838
Stationary 390.2302 297.5 467 -0.2170139 0.3047838
Moved 390.2443 296.6287 467 -0.2200392 0.3047838
Moved 390.2603 295.9016 465.9016 -0.2225638 0.3005462
Stationary 390.2746 295.9016 465.9016 -0.2225638 0.3005462
Stationary 390.2903 295.9016 465.9016 -0.2225638 0.3005462
Moved 390.3061 294.7788 466 -0.2264626 0.3009257
Stationary 390.3215 294.7788 466 -0.2264626 0.3009257
Moved 390.3366 293.7513 466 -0.2300303 0.3009257
Stationary 390.3518 293.7513 466 -0.2300303 0.3009257
Stationary 390.371 293.7513 466 -0.2300303 0.3009257
Moved 390.3817 292.8136 466 -0.2332862 0.3009257
Stationary 390.3982 292.8136 466 -0.2332862 0.3009257
Stationary 390.4127 292.8136 466 -0.2332862 0.3009257
Moved 390.4283 291.8274 466 -0.2367103 0.3009257
Stationary 390.4435 291.8274 466 -0.2367103 0.3009257
Stationary 390.4602 291.8274 466 -0.2367103 0.3009257
Moved 390.4738 290.8777 466 -0.2400078 0.3009257
Moved 390.4894 291 464.9756 -0.2395833 0.2969736
Stationary 390.507 291 464.9756 -0.2395833 0.2969736
Moved 390.5284 289.9992 465 -0.2430582 0.2970678
Stationary 390.5392 289.9992 465 -0.2430582 0.2970678
Stationary 390.5514 289.9992 465 -0.2430582 0.2970678
Stationary 390.5674 289.9992 465 -0.2430582 0.2970678
Stationary 390.5831 289.9992 465 -0.2430582 0.2970678
Stationary 390.5989 289.9992 465 -0.2430582 0.2970678
Stationary 390.615 289.9992 465 -0.2430582 0.2970678
Moved 390.6292 288.9609 465 -0.2466636 0.2970678
Stationary 390.6444 288.9609 465 -0.2466636 0.2970678
Moved 390.6637 287.9334 465 -0.2502312 0.2970678
Stationary 390.6752 287.9334 465 -0.2502312 0.2970678
Moved 390.6905 286.9771 465 -0.2535517 0.2970678
Stationary 390.7088 286.5023 465 -0.2552003 0.2970678
Moved 390.722 286 465 -0.2569444 0.2970678
Stationary 390.7377 286 465 -0.2569444 0.2970678
Moved 390.7523 284.5319 465 -0.2620419 0.2970678
Stationary 390.7679 285 465 -0.2604166 0.2970678
Stationary 390.7835 285 465 -0.2604166 0.2970678
Moved 390.8045 283.7508 465 -0.2647541 0.2970678
Stationary 390.8159 284 465 -0.2638889 0.2970678
Stationary 390.8304 284 465 -0.2638889 0.2970678
Stationary 390.8452 284 465 -0.2638889 0.2970678
Stationary 390.8611 284 465 -0.2638889 0.2970678
Stationary 390.8764 284 465 -0.2638889 0.2970678
Moved 390.8907 284 462.9914 -0.2638889 0.2893186
Moved 390.9079 284 458.601 -0.2638889 0.2723801
Moved 390.9229 290.3454 452.4676 -0.2418563 0.2487173
Moved 390.942 293.6982 446.6036 -0.2302147 0.2260941
Moved 390.9531 295.6918 441.2705 -0.2232923 0.2055189
Moved 390.9683 298.7953 435.4095 -0.2125165 0.1829068
Moved 390.9846 301.6657 427.0027 -0.2025495 0.1504735
Moved 390.9989 305.3178 420.3644 -0.1898687 0.1248624
Moved 391.0143 307.2113 414.1548 -0.1832941 0.1009057
Moved 391.0303 309.6547 408.3813 -0.1748102 0.07863168
Moved 391.0463 311.0912 403.7264 -0.1698223 0.06067281
Moved 391.0609 312.1309 400.6073 -0.1662121 0.04863921
Moved 391.0799 313.6067 397.1799 -0.1610878 0.0354161
Moved 391.0917 315.0374 393.9253 -0.1561203 0.02285981
Moved 391.1075 316.4806 391.0389 -0.1511092 0.01172407
Moved 391.1227 316.9179 389.0822 -0.1495907 0.004174856
Moved 391.1382 317 386.2711 -0.1493055 -0.006670421
Moved 391.1531 317.7892 385.2108 -0.1465651 -0.0107611
Moved 391.1691 318 383.1174 -0.1458333 -0.01883719
Moved 391.1867 319.3546 381.6454 -0.14113 -0.02451614
Moved 391.2001 319 380.2012 -0.1423611 -0.03008807
Moved 391.2189 319 378.7559 -0.1423611 -0.035664
Moved 391.23 319.6729 378 -0.1400247 -0.03858036
Moved 391.2463 320 376.8978 -0.1388889 -0.04283281
Moved 391.261 320 375.5 -0.1388889 -0.04822542
Ended 391.276 320 375.5 -0.1388889 -0.04822542
Began 391.765 369 294 0.03124997 -0.3626544
Stationary 391.7769 369 294 0.03124997 -0.3626544
Stationary 391.801 369 294 0.03124997 -0.3626544
Stationary 391.8163 369 294 0.03124997 -0.3626544
Stationary 391.836 369 294 0.03124997 -0.3626544
Stationary 391.8465 369 294 0.03124997 -0.3626544
Stationary 391.8625 369 294 0.03124997 -0.3626544
Stationary 391.8771 369 294 0.03124997 -0.3626544
Stationary 391.8926 369 294 0.03124997 -0.3626544
Moved 391.9085 357.9641 310.3572 -0.007069037 -0.2995478
Moved 391.9247 357.007 318.6502 -0.01039222 -0.2675533
Moved 391.94 354.9 328.6998 -0.01770824 -0.2287816
Moved 391.9614 351.2597 343.7013 -0.03034815 -0.1709056
Stationary 391.9727 351.2597 343.7013 -0.03034815 -0.1709056
Moved 391.9936 346.4696 363.7739 -0.04698068 -0.09346513
Stationary 392.0058 346.4696 363.7739 -0.04698068 -0.09346513
Moved 392.0183 345.0336 374.7646 -0.05196653 -0.05106243
Moved 392.032 343.5989 382.0053 -0.05694814 -0.02312778
Moved 392.0477 343 388.3769 -0.05902775 0.001454
Moved 392.0629 341.7174 394.1304 -0.06348125 0.023651
Moved 392.0784 342 397.5 -0.06250001 0.03665111
Moved 392.094 341 401.4531 -0.06597221 0.05190213
Moved 392.1101 339.7572 406.971 -0.07028736 0.07319055
Moved 392.1286 339.3158 411.7369 -0.07182024 0.09157728
Moved 392.1406 339 415.246 -0.07291666 0.1051158
Moved 392.1559 338 421.6852 -0.07638887 0.1299582
Moved 392.1709 337.0024 425.9929 -0.07985286 0.1465776
Moved 392.1885 337 430.3215 -0.07986113 0.1632771
Moved 392.2037 336.4257 436.8718 -0.08185536 0.1885483
Moved 392.2185 336 443.0477 -0.08333333 0.2123752
Moved 392.2333 336 445.9012 -0.08333333 0.2233844
Moved 392.2489 335.1132 450.7737 -0.08641265 0.2421823
Moved 392.2701 335 457.5469 -0.08680552 0.2683136
Stationary 392.2815 335 457.5469 -0.08680552 0.2683136
Moved 392.2948 335 460.4285 -0.08680552 0.2794307
Moved 392.3104 333.7708 463.6874 -0.09107344 0.2920039
Moved 392.3257 334 466.4881 -0.09027779 0.3028089
Moved 392.3413 334 469.3657 -0.09027779 0.3139109
Moved 392.3561 334 471.2431 -0.09027779 0.3211537
Moved 392.372 334 473.0604 -0.09027779 0.328165
Moved 392.3929 334 474.9351 -0.09027779 0.3353977
Stationary 392.4033 334 474.9351 -0.09027779 0.3353977
Moved 392.4174 334 476.0024 -0.09027779 0.3395154
Moved 392.4333 334 477.4421 -0.09027779 0.3450698
Moved 392.4482 334 477.8784 -0.09027779 0.3467528
Moved 392.4641 334 479.3206 -0.09027779 0.3523169
Moved 392.4806 334 479.7555 -0.09027779 0.3539947
Moved 392.4962 334 481.1942 -0.09027779 0.3595455
Stationary 392.516 334 481 -0.09027779 0.3587961
Stationary 392.526 334 481 -0.09027779 0.3587961
Moved 392.5412 334 482.3209 -0.09027779 0.363892
Stationary 392.5567 334 482 -0.09027779 0.3626542
Ended 392.5725 334 482 -0.09027779 0.3626542
Began 393.1685 173 385 -0.6493056 -0.01157419
Stationary 393.188 173 385 -0.6493056 -0.01157419
Stationary 393.2035 173 385 -0.6493056 -0.01157419
Moved 393.2253 196.2761 402.3756 -0.5684857 0.05546134
Stationary 393.2361 196.2761 402.3756 -0.5684857 0.05546134
Moved 393.2499 208.2381 406.6953 -0.5269509 0.07212668
Moved 393.2657 221.2137 412.4283 -0.4818969 0.09424479
Moved 393.2809 231.5 415.5 -0.4461806 0.1060956
Moved 393.2971 244.886 417.8762 -0.3997013 0.1152631
Moved 393.3123 255.197 419.3138 -0.3638992 0.1208095
Moved 393.3283 265.1994 420.7428 -0.3291687 0.1263224
Moved 393.3499 283.7104 423.6184 -0.2648945 0.1374165
Stationary 393.3614 283.7104 423.6184 -0.2648945 0.1374165
Moved 393.3739 291.214 424 -0.2388404 0.1388888
Moved 393.39 298.4452 425.489 -0.213732 0.1446334
Moved 393.4051 304.0861 425 -0.1941454 0.1427468
Moved 393.4203 310.2356 425 -0.172793 0.1427468
Moved 393.4352 315.9847 425 -0.1528309 0.1427468
Moved 393.4508 320.993 425 -0.1354411 0.1427468
Moved 393.4726 331.4893 425 -0.09899541 0.1427468
Stationary 393.4838 331.4893 425 -0.09899541 0.1427468
Moved 393.4954 335.9218 425 -0.08360489 0.1427468
Moved 393.5112 340.2076 425 -0.06872356 0.1427468
Moved 393.5278 345.3804 425 -0.05076237 0.1427468
Moved 393.5438 352.4869 425 -0.02608701 0.1427468
Moved 393.5593 359.3838 425 -0.002139658 0.1427468
Moved 393.5738 366.8429 425 0.02376005 0.1427468
Moved 393.5957 380.2164 425 0.07019579 0.1427468
Stationary 393.6077 380.2164 425 0.07019579 0.1427468
Moved 393.6207 384.3259 425 0.08446484 0.1427468
Moved 393.6364 391.7258 425 0.1101591 0.1427468
Moved 393.6519 399.9348 425 0.1386626 0.1427468
Moved 393.6669 404.2471 425 0.1536356 0.1427468
Moved 393.6827 410.5499 425 0.1755206 0.1427468
Moved 393.6967 416.153 415.9822 0.1949759 0.1079558
Moved 393.716 420.1872 416.2709 0.2089833 0.1090699
Moved 393.728 423.6407 415.1198 0.2209745 0.1046288
Moved 393.7433 426.5668 415 0.2311347 0.1041665
Moved 393.7583 428.7164 413.2836 0.2385984 0.09754469
Moved 393.7739 431.3088 411.8456 0.2475999 0.09199671
Moved 393.7905 433.5919 411.4081 0.2555273 0.09030883
Moved 393.8065 435.0289 411 0.260517 0.08873444
Moved 393.8211 436.4761 411 0.2655419 0.08873444
Moved 393.8402 438.3438 409.3281 0.2720273 0.08228419
Moved 393.8522 439.9919 409 0.2777497 0.08101851
Moved 393.868 441.4308 407.5692 0.2827457 0.07549839
Moved 393.8822 442.8777 408 0.2877696 0.07716037
Moved 393.8999 444.3093 406.6907 0.2927405 0.07210925
Moved 393.9131 445.7498 406.2502 0.2977423 0.07040959
Moved 393.9291 448.377 404.8115 0.3068646 0.06485903
Moved 393.9447 449.5 403.5 0.3107639 0.05979926
Moved 393.9665 452.2029 402 0.3201488 0.05401222
Stationary 393.9767 452.2029 402 0.3201488 0.05401222
Moved 393.9896 454.6461 400.3539 0.3286321 0.0476617
Moved 394.0057 456.0888 397.8224 0.3336416 0.03789489
Moved 394.0226 457.5 396.5 0.3385417 0.03279321
Moved 394.037 459.9554 396.0446 0.3470674 0.03103597
Moved 394.055 461.4097 396 0.3521169 0.03086408
Moved 394.0688 462.3799 394.6201 0.3554859 0.02554028
Moved 394.0884 463 394.0536 0.3576389 0.02335507
Moved 394.1008 464.3812 392.6188 0.3624345 0.01781952
Moved 394.1142 465 393 0.3645833 0.01928994
Moved 394.1298 466.259 391.741 0.368955 0.01443256
Moved 394.1457 467 391.3006 0.3715278 0.01273367
Moved 394.1601 468.1244 391 0.3754321 0.01157396
Stationary 394.176 468.1244 391 0.3754321 0.01157396
Moved 394.1911 469.2747 389.7253 0.379426 0.006655999
Moved 394.2123 470 389 0.3819444 0.003858024
Stationary 394.2227 470 389 0.3819444 0.003858024
Moved 394.236 470.9607 389 0.3852802 0.003858024
Moved 394.2522 471 387.6007 0.3854166 -0.001540537
Stationary 394.2682 471 387.6007 0.3854166 -0.001540537
Moved 394.2829 472 388 0.3888888 -5.886878E-08
Moved 394.2981 472 386.6121 0.3888888 -0.005354822
Stationary 394.3139 472 386.6121 0.3888888 -0.005354822
Ended 394.3344 473.2691 387 0.3932954 -0.003858083
PhraseEnd 395.467
