parking lot is full of trucks
Basic
0.6 0.6
432 129.6
Began 417.4342 575 475 0.4976852 0.6712963
Stationary 417.4581 575 475 0.4976852 0.6712963
Stationary 417.4686 575 475 0.4976852 0.6712963
Stationary 417.4823 575 475 0.4976852 0.6712963
Stationary 417.4981 575 475 0.4976852 0.6712963
Stationary 417.5128 575 475 0.4976852 0.6712963
Stationary 417.5286 575 475 0.4976852 0.6712963
Moved 417.545 559.4383 475 0.4616627 0.6712963
Moved 417.5607 557.41 475 0.4569675 0.6712963
Moved 417.5765 552.9641 475 0.446676 0.6712963
Moved 417.5914 546.1134 475 0.4308181 0.6712963
Moved 417.607 542.0479 475 0.4214072 0.6712963
Moved 417.6222 535.5159 475 0.4062867 0.6712963
Moved 417.6392 530.1332 475 0.393827 0.6712963
Moved 417.6528 523.6768 475 0.3788814 0.6712963
Moved 417.6686 519.4236 475 0.3690362 0.6712963
Moved 417.6842 512.865 475 0.3538541 0.6712963
Moved 417.6988 508.6328 475 0.3440575 0.6712963
Moved 417.7146 503.1711 475 0.3314146 0.6712963
Moved 417.7301 499.0324 475 0.3218342 0.6712963
Moved 417.7459 492.5466 475 0.3068209 0.6712963
Moved 417.7609 485.7338 467.6273 0.2910505 0.6144085
Moved 417.7773 478.8869 465.1548 0.2752012 0.5953304
Moved 417.7935 473.5066 463.5028 0.2627468 0.5825834
Moved 417.8074 465.6962 461.1392 0.244667 0.5643458
Moved 417.8222 457.6457 458.5485 0.2260316 0.5443559
Moved 417.8387 448.843 456.4061 0.2056552 0.5278252
Moved 417.8552 437.3671 453.1224 0.1790905 0.5024875
Moved 417.869 427.7274 450.3507 0.1567763 0.4811014
Moved 417.8837 415.157 447.6163 0.1276783 0.4600021
Moved 417.8999 405.7946 443.7976 0.1060062 0.4305371
Moved 417.9154 391.8802 439.6946 0.0737967 0.3988781
Moved 417.9306 379.8656 437.0812 0.04598518 0.3787132
Moved 417.948 364.5711 431.5237 0.01058122 0.3358309
Moved 417.9633 352.2622 428.6138 -0.01791164 0.3133783
Moved 417.9782 340.5145 425.8786 -0.04510527 0.2922732
Moved 417.9921 330.5176 423.1479 -0.06824623 0.2712028
Moved 418.0079 320.9843 420.4241 -0.09031416 0.2501858
Moved 418.0237 314.4312 418.5518 -0.1054834 0.2357389
Moved 418.0391 308.3344 417.3336 -0.1195962 0.2263395
Moved 418.0562 301.8174 415.9635 -0.1346819 0.215768
Moved 418.0689 294.9918 414.5983 -0.1504821 0.2052339
Moved 418.0847 289.9208 414 -0.1622203 0.2006174
Moved 418.1003 285.6129 412.871 -0.1721924 0.1919057
Moved 418.1161 281.5144 411.5048 -0.1816796 0.1813644
Moved 418.1309 278.6843 411.3422 -0.1882308 0.1801094
Moved 418.1468 274.3385 411 -0.1982904 0.1774691
Moved 418.1617 268.864 408.432 -0.2109629 0.1576545
Moved 418.1776 264.6993 408 -0.2206034 0.154321
Moved 418.1923 259.9443 406.9861 -0.2316104 0.1464976
Moved 418.208 255.884 405.628 -0.2410093 0.1360183
Moved 418.2239 251.784 404.2614 -0.2504999 0.1254734
Moved 418.2392 246.6049 402.9012 -0.2624888 0.1149786
Moved 418.256 244.797 403 -0.2666736 0.1157407
Moved 418.2792 237.2732 401.1366 -0.2840898 0.1013626
Moved 418.292 233.3247 401 -0.2932299 0.1003085
Stationary 418.303 233.3247 401 -0.2932299 0.1003085
Moved 418.3163 230.2313 400 -0.3003904 0.09259272
Moved 418.3318 227.0924 399.0462 -0.3076564 0.08523329
Moved 418.3466 224.3688 399 -0.3139612 0.08487666
Moved 418.3619 222 397.5 -0.3194444 0.07330247
Moved 418.3775 219.4826 397.2413 -0.3252718 0.07130635
Moved 418.3928 215.6205 397 -0.3342117 0.06944469
Moved 418.4089 214.5205 395.5204 -0.3367582 0.05802814
Moved 418.4247 210.3024 395 -0.3465224 0.05401247
Moved 418.4406 207.5781 393.7891 -0.3528284 0.04466869
Moved 418.4539 204.8439 392.422 -0.3591576 0.03412047
Moved 418.4692 201.1808 391.0602 -0.3676371 0.02361321
Moved 418.4863 199.0171 391 -0.3726456 0.02314815
Moved 418.5039 197.6458 389.6458 -0.37582 0.01269917
Moved 418.516 194.5648 389 -0.3829519 0.007716286
Moved 418.5316 192.9177 387.9177 -0.3867645 -0.000634841
Moved 418.5483 190.1047 387.5524 -0.393276 -0.003453832
Moved 418.5637 188.1891 387 -0.3977103 -0.007715932
Moved 418.5782 186.8243 387 -0.4008696 -0.007715932
Moved 418.594 184 385.5 -0.4074074 -0.01929012
Moved 418.6098 182.8927 386 -0.4099706 -0.0154321
Moved 418.6251 181.0747 385.0747 -0.414179 -0.02257171
Moved 418.6393 178.4314 385 -0.4202978 -0.02314815
Stationary 418.6563 178.4314 385 -0.4202978 -0.02314815
Moved 418.6693 176.9862 385 -0.4236431 -0.02314815
Moved 418.6855 175.6244 385 -0.4267954 -0.02314815
Moved 418.7005 174.2585 385 -0.4299571 -0.02314815
Stationary 418.716 174 385 -0.4305556 -0.02314815
Stationary 418.7317 174 385 -0.4305556 -0.02314815
Moved 418.7476 172.5 385 -0.4340278 -0.02314815
Moved 418.7627 172.1067 385 -0.4349383 -0.02314815
Moved 418.778 171.5 385 -0.4363426 -0.02314815
Stationary 418.7929 171.5 385 -0.4363426 -0.02314815
Moved 418.8103 172 385 -0.4351852 -0.02314815
Stationary 418.8249 172 385 -0.4351852 -0.02314815
Stationary 418.8405 172 385 -0.4351852 -0.02314815
Moved 418.8576 181.2499 393.4999 -0.4137734 0.04243792
Moved 418.8713 185.3371 396.2247 -0.4043123 0.06346256
Moved 418.8878 189.4339 400.434 -0.3948288 0.09594106
Moved 418.9028 195.3845 403.5384 -0.3810543 0.1198952
Moved 418.9168 202.0089 407.6053 -0.3657201 0.1512761
Moved 418.9319 207.8555 409.5711 -0.3521862 0.1664438
Moved 418.9493 212.9047 411.4524 -0.3404983 0.18096
Moved 418.9639 220.0459 415.0229 -0.3239679 0.2085105
Moved 418.9789 225.4921 417.746 -0.311361 0.229522
Moved 418.9944 231.6886 420.7377 -0.2970172 0.252606
Moved 419.0106 237.4033 423.2017 -0.2837886 0.2716179
Moved 419.0256 242.8981 425.949 -0.2710692 0.2928165
Moved 419.0409 248.3401 426.835 -0.258472 0.2996531
Moved 419.056 253.8001 428.2 -0.2458331 0.3101852
Moved 419.0714 260.1211 430.3737 -0.2312011 0.3269579
Moved 419.0926 267.0644 432.2258 -0.2151287 0.3412482
Moved 419.1051 272.9091 433 -0.2015993 0.3472221
Moved 419.1183 278.3562 434.3391 -0.1889903 0.3575546
Moved 419.1343 283.1241 435.708 -0.1779536 0.3681175
Moved 419.1486 287.2203 437.0734 -0.1684715 0.3786531
Moved 419.1641 291.3048 438.4349 -0.1590165 0.3891586
Moved 419.1794 294.5 439.5 -0.1516204 0.3973767
Moved 419.1952 298.4548 439.8182 -0.1424657 0.3998321
Moved 419.2109 302.5508 441.1836 -0.1329842 0.4103673
Moved 419.2253 306.0877 441.5439 -0.1247969 0.4131473
Moved 419.241 308.8333 442 -0.1184414 0.4166667
Moved 419.2562 310.2757 442 -0.1151026 0.4166667
Moved 419.2721 313.2884 443 -0.1081286 0.4243827
Moved 419.287 314 443 -0.1064815 0.4243827
Moved 419.3034 316.0953 443 -0.1016313 0.4243827
Moved 419.3185 317.4317 444.4317 -0.0985377 0.4354297
Moved 419.3351 318 444 -0.09722222 0.432099
Moved 419.35 319.1613 444 -0.0945341 0.432099
Moved 419.3643 320.5267 444 -0.09137342 0.432099
Moved 419.3794 321.5 444 -0.08912037 0.432099
Moved 419.3949 321 444 -0.09027779 0.432099
Moved 419.4102 322.5 444 -0.08680557 0.432099
Stationary 419.4252 322.5 444 -0.08680557 0.432099
Moved 419.4407 323.3041 444 -0.08494422 0.432099
Moved 419.4572 324.192 444 -0.082889 0.432099
Moved 419.4725 328.2499 444 -0.0734956 0.432099
Moved 419.4881 334.6034 444 -0.05878836 0.432099
Moved 419.5032 345.8839 433.6016 -0.03267606 0.3518639
Moved 419.5182 359.2105 427.9761 -0.001827528 0.3084574
Moved 419.5342 367.5578 423.2527 0.01749496 0.2720113
Moved 419.5498 380.8083 414.0342 0.04816741 0.2008811
Moved 419.5652 389.5101 407.7785 0.0683105 0.1526119
Moved 419.58 396.0498 402.9626 0.08344859 0.1154525
Moved 419.596 402.8887 398.8668 0.09927938 0.08384858
Moved 419.6113 407.2356 397.2548 0.1093416 0.0714109
Moved 419.6264 411.3249 393.6752 0.1188075 0.0437899
Moved 419.6419 415.41 392.53 0.1282638 0.03495381
Moved 419.6575 418.1775 390.215 0.1346701 0.01709079
Moved 419.6726 421.6493 389.1169 0.1427066 0.008618037
Moved 419.688 424.497 387.7515 0.1492987 -0.001917592
Moved 419.7107 430.9376 386.0208 0.1642073 -0.01527151
Stationary 419.7214 430.9376 386.0208 0.1642073 -0.01527151
Moved 419.7335 433.682 384.659 0.1705603 -0.02577923
Moved 419.7488 437.1302 384.2899 0.178542 -0.02862695
Moved 419.7648 440.3922 383.2026 0.1860931 -0.03701693
Moved 419.7802 443.1844 383 0.1925564 -0.03858025
Moved 419.7953 447.3725 381.5425 0.2022512 -0.04982654
Moved 419.8116 450.4702 382 0.2094216 -0.04629629
Moved 419.8268 453.3767 380.8116 0.2161498 -0.0554657
Moved 419.8434 456 381 0.2222222 -0.05401235
Moved 419.858 457.9218 381 0.2266709 -0.05401235
Moved 419.8732 460.5537 381 0.2327632 -0.05401235
Moved 419.8885 462.53 381 0.2373379 -0.05401235
Moved 419.9049 468.1052 381 0.2502435 -0.05401235
Moved 419.9194 472.1927 381 0.2597054 -0.05401235
Moved 419.9357 476.2896 381 0.2691889 -0.05401235
Moved 419.9517 478.5861 380 0.2745048 -0.06172816
Moved 419.9656 481.3159 380 0.2808237 -0.06172816
Moved 419.9802 483.5247 380 0.2859368 -0.06172816
Moved 419.9962 485.3326 380 0.2901216 -0.06172816
Moved 420.0114 486.919 380 0.2937939 -0.06172816
Moved 420.0266 489.5686 380 0.2999273 -0.06172816
Moved 420.0428 490.6497 380 0.3024299 -0.06172816
Moved 420.0599 492.0151 380 0.3055907 -0.06172816
Moved 420.0742 493.3805 380 0.308751 -0.06172816
Moved 420.0884 493.7338 380 0.3095689 -0.06172816
Moved 420.1062 494.5 380 0.3113426 -0.06172816
Moved 420.1201 495.0735 380 0.3126701 -0.06172816
Stationary 420.1366 495.0735 380 0.3126701 -0.06172816
Moved 420.1508 495 390.7938 0.3125 0.02155681
Moved 420.1656 495 396.0344 0.3125 0.06199413
Moved 420.1801 495 400.8984 0.3125 0.09952511
Moved 420.1966 488.0127 404.9946 0.2963258 0.1311312
Moved 420.2164 486.6365 407.727 0.29314 0.1522144
Moved 420.2287 484 410 0.287037 0.1697531
Moved 420.2441 483.2267 412.5466 0.2852471 0.1894027
Moved 420.2585 481.8619 415.2762 0.2820877 0.210465
Moved 420.2744 480.4992 416.5008 0.2789334 0.2199134
Moved 420.2899 479.1346 417.8655 0.2757744 0.2304436
Moved 420.3044 477.7651 419.2349 0.2726043 0.2410102
Moved 420.3202 477.3976 421 0.2717538 0.2546295
Moved 420.3358 477 421.9651 0.2708333 0.2620764
Moved 420.3527 476.0135 422.9865 0.2685498 0.2699578
Moved 420.3673 475.5 423.5 0.2673611 0.2739196
Moved 420.3821 475 423.7145 0.2662037 0.2755748
Moved 420.3968 473.9193 424 0.2637021 0.2777779
Stationary 420.4125 473.9193 424 0.2637021 0.2777779
Moved 420.4268 473.1913 424 0.2620167 0.2777779
Moved 420.4424 472.5 424 0.2604167 0.2777779
Stationary 420.4594 472.5 424 0.2604167 0.2777779
Moved 420.475 471.4086 424 0.2578903 0.2777779
Moved 420.4913 469.0865 424 0.252515 0.2777779
Moved 420.5064 467.6383 410.3832 0.2491628 0.1727102
Moved 420.5219 464.5404 404.351 0.2419916 0.126165
Moved 420.5377 462.9088 399.7263 0.2382147 0.09048098
Moved 420.5526 460.0849 392.7122 0.2316779 0.03635937
Moved 420.5668 458.1918 388.5754 0.2272959 0.004439648
Moved 420.583 456.2476 384.4952 0.2227954 -0.02704279
Moved 420.5992 451.2255 376.8383 0.2111701 -0.08612456
Moved 420.6147 447.5 372 0.2025463 -0.1234566
Moved 420.6291 445.168 367.336 0.1971481 -0.1594442
Moved 420.6448 442.444 363.166 0.1908426 -0.1916203
Moved 420.6607 439.7163 359.4327 0.1845285 -0.2204266
Moved 420.6805 436.9791 353.9581 0.1781922 -0.2626688
Moved 420.691 434.2623 349.8934 0.1719034 -0.2940324
Moved 420.7054 430.9525 346.9526 0.164242 -0.316724
Moved 420.7213 428.3792 342.5688 0.1582852 -0.3505488
Moved 420.7375 425.655 339.655 0.1519791 -0.3730327
Moved 420.7518 424.5 337 0.1493056 -0.3935183
Moved 420.7677 422.1031 335.2062 0.1437573 -0.4073593
Moved 420.7844 419.3468 332.3468 0.1373769 -0.4294226
Moved 420.7987 418.3056 330.6112 0.1349667 -0.442815
Moved 420.8147 417.1911 329.1911 0.1323868 -0.4537724
Moved 420.8293 415.8928 326.7855 0.1293814 -0.4723339
Moved 420.8449 413.0512 324.0512 0.1228038 -0.493432
Moved 420.861 413 324.1581 0.1226852 -0.4926069
Moved 420.8759 411.7932 322.7933 0.1198918 -0.5031381
Moved 420.8909 410.4254 322 0.1167255 -0.509259
Moved 420.9063 410 321.0632 0.1157407 -0.5164879
Moved 420.9216 408.6938 321 0.1127171 -0.5169753
Moved 420.9379 409 319.7654 0.113426 -0.5265012
Moved 420.9524 408 319.3128 0.1111111 -0.5299938
Moved 420.9684 408 318.5 0.1111111 -0.5362654
Moved 420.9838 406.7935 319 0.1083183 -0.5324075
Moved 421.0009 405.2203 319 0.1046766 -0.5324075
Moved 421.0148 403.851 319 0.1015068 -0.5324075
Moved 421.0294 399.5 319 0.09143522 -0.5324075
Moved 421.0453 396.9752 319 0.08559068 -0.5324075
Moved 421.0692 389.1023 319 0.06736646 -0.5324075
Moved 421.0835 384.012 329.988 0.05558332 -0.4476234
Moved 421.1 379.9104 335.1194 0.04608899 -0.408029
Stationary 421.1108 379.9104 335.1194 0.04608899 -0.408029
Moved 421.1223 374.4311 339.1767 0.03340523 -0.3767231
Moved 421.1375 371.4865 344.0271 0.02658904 -0.3392971
Moved 421.1537 367.649 348.351 0.01770606 -0.3059333
Moved 421.1692 364.6591 351.3409 0.01078487 -0.2828629
Moved 421.1854 360.4471 358.5881 0.001035035 -0.2269439
Moved 421.2009 356.3486 366.3029 -0.008452386 -0.167416
Moved 421.2162 352.26 371.9866 -0.01791656 -0.1235599
Moved 421.2323 350.7763 375.8355 -0.02135113 -0.09386181
Moved 421.2466 349.0229 379.9312 -0.02540986 -0.06225963
Moved 421.2625 347.6603 382.6793 -0.02856403 -0.04105462
Moved 421.2776 346.5 385 -0.03125002 -0.02314815
Moved 421.2928 346 386.7838 -0.03240739 -0.009384038
Moved 421.3073 344.8499 389.3002 -0.03506964 0.01003218
Stationary 421.3237 344.8499 389.3002 -0.03506964 0.01003218
Moved 421.339 344.1277 390.8724 -0.03674155 0.02216351
Moved 421.3538 344 392.2412 -0.03703703 0.03272551
Stationary 421.3684 344 392.2412 -0.03703703 0.03272551
Moved 421.3834 344 393.3542 -0.03703703 0.04131376
Moved 421.4012 342.9924 394.0076 -0.03936936 0.04635482
Ended 421.4162 342.9924 394.0076 -0.03936936 0.04635482
Began 421.8608 559 351 0.4606481 -0.2854941
Stationary 421.8772 559 351 0.4606481 -0.2854941
Stationary 421.8975 559 351 0.4606481 -0.2854941
Stationary 421.9081 559 351 0.4606481 -0.2854941
Stationary 421.9236 559 351 0.4606481 -0.2854941
Stationary 421.9386 559 351 0.4606481 -0.2854941
Stationary 421.9545 559 351 0.4606481 -0.2854941
Stationary 421.9731 559 351 0.4606481 -0.2854941
Stationary 421.985 559 351 0.4606481 -0.2854941
Moved 422.0003 546.7805 351 0.4323624 -0.2854941
Moved 422.0167 546.5522 360.4478 0.4318338 -0.212594
Moved 422.0323 543.8256 362.0872 0.4255222 -0.1999443
Moved 422.0506 541.0928 366.3608 0.4191964 -0.1669693
Moved 422.0647 538.3734 368.6266 0.4129014 -0.149486
Moved 422.079 536.8221 371.3558 0.4093104 -0.1284272
Moved 422.094 535.5 374 0.40625 -0.1080245
Moved 422.1102 533.3961 376.2078 0.4013799 -0.09098949
Moved 422.1254 531.0576 378.9424 0.3959666 -0.06988855
Moved 422.1407 529.6589 383.0232 0.392729 -0.03840129
Moved 422.1555 528.2982 384.4035 0.3895792 -0.02775063
Moved 422.1714 526.9271 387.1459 0.3864052 -0.006590243
Moved 422.1865 524.1378 391.2933 0.3799486 0.02541107
Moved 422.2033 523.1966 395.4103 0.3777699 0.05717808
Moved 422.217 522.1228 399.5089 0.3752842 0.08880297
Moved 422.2327 518.3933 406.0111 0.3666512 0.1389748
Moved 422.2563 513.2108 418.5784 0.3546547 0.2359443
Stationary 422.2672 513.2108 418.5784 0.3546547 0.2359443
Moved 422.2784 510.4852 424.0296 0.3483453 0.2780063
Moved 422.2935 510 428.2527 0.3472221 0.3105917
Moved 422.3099 509.0121 431.9636 0.3449356 0.3392255
Moved 422.3257 507.6496 434.7008 0.3417814 0.3603458
Moved 422.3409 506.6649 439.3405 0.3395021 0.3961454
Moved 422.3565 506.2049 442.3854 0.3384372 0.4196409
Moved 422.3709 506 445.3217 0.337963 0.4422973
Moved 422.3864 504.5 448 0.3344907 0.462963
Moved 422.4031 505 449.7811 0.3356481 0.4767061
Moved 422.4185 503.7433 451.2567 0.3327391 0.4880921
Moved 422.4326 504 452.6219 0.3333333 0.4986263
Moved 422.4508 503.25 453 0.3315971 0.5015432
Moved 422.4638 503 454.0338 0.3310186 0.5095196
Moved 422.4786 501.6 455.4 0.3277777 0.5200616
Moved 422.4942 501 455.7662 0.3263889 0.5228875
Moved 422.5113 499.8675 457.1325 0.3237675 0.5334299
Moved 422.5254 498.5053 457 0.3206142 0.5324075
Moved 422.5405 497.1424 457.8575 0.3174593 0.5390244
Moved 422.5581 495.777 458 0.3142987 0.5401234
Moved 422.5786 490.7919 458.6041 0.3027589 0.5447844
Stationary 422.59 490.7919 458.6041 0.3027589 0.5447844
Moved 422.6017 487.0891 459 0.2941878 0.5478396
Moved 422.6176 481.6542 459 0.2816069 0.5478396
Moved 422.6349 477.1966 459 0.2712885 0.5478396
Moved 422.6495 472.8099 459 0.261134 0.5478396
Moved 422.6649 464.4445 459 0.2417697 0.5478396
Moved 422.6807 459.5 459 0.2303241 0.5478396
Moved 422.696 452.7545 459 0.2147095 0.5478396
Moved 422.711 443.496 459 0.1932779 0.5478396
Moved 422.7271 434.5068 450.4178 0.1724694 0.4816187
Moved 422.7422 425.3687 449.0527 0.1513163 0.4710853
Moved 422.7569 415.8055 447.6865 0.1291795 0.4605444
Moved 422.7723 408.248 447.3212 0.1116852 0.4577251
Moved 422.7882 400.7701 447 0.09437511 0.4552471
Moved 422.8035 395.7115 445.9423 0.08266548 0.4470857
Moved 422.8183 388.8032 444.5606 0.06667395 0.4364246
Moved 422.8339 382.7836 444.1959 0.05273978 0.4336101
Moved 422.8517 376.1486 444 0.03738095 0.432099
Moved 422.8657 372.5 444 0.02893518 0.432099
Moved 422.8841 367.3 443.1 0.01689802 0.4251541
Moved 422.8966 363.2014 443 0.007410746 0.4243827
Moved 422.9112 359.5 441.5 -0.001157423 0.4128088
Moved 422.9285 355.162 441.2905 -0.01119912 0.4111923
Moved 422.9437 350.7903 439.9301 -0.02131879 0.4006955
Moved 422.9586 345.2384 440 -0.0341703 0.4012346
Moved 422.974 340.8021 439 -0.04443958 0.3935187
Moved 422.9951 330.5 437 -0.06828706 0.3780865
Stationary 423.006 330.5 437 -0.06828706 0.3780865
Moved 423.0184 325.3293 435.1098 -0.08025616 0.3635014
Moved 423.0346 322.1413 434.0471 -0.08763582 0.3553019
Moved 423.0498 318.0879 432.696 -0.09701867 0.3448765
Moved 423.0644 315.654 432 -0.1026527 0.3395063
Moved 423.0809 312.9328 430.9664 -0.1089518 0.331531
Moved 423.0969 311.6357 431 -0.1119545 0.33179
Moved 423.1112 310.2745 431 -0.1151054 0.33179
Moved 423.1269 309.5 431 -0.1168982 0.33179
Moved 423.1419 308.7727 431 -0.1185817 0.33179
Moved 423.1574 307.6537 431 -0.121172 0.33179
Moved 423.1772 306.5 429.5 -0.1238426 0.3202161
Moved 423.1881 305.9039 430 -0.1252224 0.3240741
Stationary 423.2036 306 430 -0.125 0.3240741
Moved 423.2194 305.0754 430 -0.1271402 0.3240741
Stationary 423.234 305 430 -0.1273148 0.3240741
Ended 423.2511 305 430 -0.1273148 0.3240741
Began 423.8025 504 426 0.3333333 0.2932099
Stationary 423.8206 504 426 0.3333333 0.2932099
Stationary 423.8351 504 426 0.3333333 0.2932099
Stationary 423.8498 504 426 0.3333333 0.2932099
Stationary 423.8663 504 426 0.3333333 0.2932099
Stationary 423.8821 504 426 0.3333333 0.2932099
Stationary 423.8963 504 426 0.3333333 0.2932099
Stationary 423.9123 504 426 0.3333333 0.2932099
Moved 423.928 498.1175 426 0.3197165 0.2932099
Moved 423.9445 492.9502 426 0.3077551 0.2932099
Moved 423.9596 488.8533 426 0.2982716 0.2932099
Moved 423.9745 484.7384 426 0.2887463 0.2932099
Moved 423.9907 481.7733 426 0.2818827 0.2932099
Moved 424.0126 473.477 426 0.2626783 0.2932099
Stationary 424.0245 473.477 426 0.2626783 0.2932099
Moved 424.0368 470.2904 426 0.2553018 0.2932099
Moved 424.0522 466.1662 426 0.2457551 0.2932099
Moved 424.0683 462.4435 419 0.2371377 0.2391978
Moved 424.0828 458.9954 419 0.2291559 0.2391978
Moved 424.1004 454.9176 419 0.2197166 0.2391978
Moved 424.1136 452.5561 419 0.2142503 0.2391978
Moved 424.1291 449.8332 419 0.2079472 0.2391978
Moved 424.1452 447.109 419 0.2016412 0.2391978
Moved 424.1599 444.963 418 0.1966736 0.2314815
Moved 424.175 441.3651 417.1217 0.188345 0.2247044
Moved 424.1906 439.7599 417 0.1846295 0.2237654
Moved 424.2059 436.1931 417 0.176373 0.2237654
Moved 424.2224 433.0763 416.0381 0.1691582 0.2163436
Moved 424.2362 427.7042 416 0.1567227 0.2160493
Moved 424.2524 422.9525 413.3175 0.1457234 0.195351
Moved 424.2733 409.5676 411 0.1147397 0.1774691
Stationary 424.2849 409.5676 411 0.1147397 0.1774691
Moved 424.2986 401.3343 409.5557 0.09568124 0.1663253
Moved 424.3135 394.9724 407.389 0.08095473 0.1496065
Moved 424.3299 385.3574 405.7653 0.05869756 0.137078
Moved 424.3466 376.9807 402.3961 0.03930708 0.1110813
Moved 424.3622 370.1768 401.0353 0.02355744 0.1005814
Moved 424.3771 360.7199 399.6743 0.001666347 0.09007926
Moved 424.3919 356.7037 398.7407 -0.007630388 0.08287595
Moved 424.4082 350.1554 398.2888 -0.02278844 0.07938904
Moved 424.4233 343.6093 396.9219 -0.03794154 0.06884163
Moved 424.4388 339.6714 397 -0.04705697 0.06944469
Moved 424.4537 333.7671 396.1918 -0.06072442 0.06320836
Moved 424.4699 329.4824 394.8275 -0.07064253 0.05268109
Moved 424.4856 324 395 -0.08333336 0.05401247
Moved 424.4999 319.5615 393.3123 -0.0936076 0.04098998
Moved 424.5143 313.2182 391.0873 -0.1082913 0.02382161
Moved 424.5334 305.094 389.6823 -0.1270973 0.01298092
Moved 424.5454 298.5839 388.3168 -0.1421669 0.002444232
Moved 424.5619 290.7266 385.9089 -0.160355 -0.01613499
Moved 424.5771 283.9482 384.5897 -0.1760459 -0.02631423
Moved 424.5927 273.5876 382.2268 -0.2000287 -0.04454625
Moved 424.6088 266.2821 380.8564 -0.2169396 -0.05512002
Moved 424.6226 261.3767 379.8754 -0.2282946 -0.06268984
Moved 424.6389 254.3535 378.4707 -0.2445521 -0.07352853
Moved 424.6549 249.3247 378 -0.2561929 -0.0771605
Moved 424.6689 243.9881 378 -0.268546 -0.0771605
Moved 424.6834 240.1364 377.3788 -0.277462 -0.08195382
Moved 424.6995 237.0226 377 -0.2846699 -0.08487654
Moved 424.7151 232.9608 377 -0.2940722 -0.08487654
Moved 424.7306 231 377 -0.2986111 -0.08487654
Moved 424.7462 228.416 377 -0.3045925 -0.08487654
Moved 424.762 226.8436 377 -0.3082323 -0.08487654
Moved 424.7843 223.114 377 -0.3168658 -0.08487654
Stationary 424.7956 223.114 377 -0.3168658 -0.08487654
Moved 424.808 221.7491 377 -0.3200253 -0.08487654
Moved 424.8244 220.3826 377 -0.3231885 -0.08487654
Moved 424.8386 219.0166 377 -0.3263504 -0.08487654
Moved 424.8541 218.5 377 -0.3275463 -0.08487654
Moved 424.8684 217.83 377 -0.3290972 -0.08487654
Stationary 424.8839 217.83 377 -0.3290972 -0.08487654
Moved 424.9008 216.6462 377 -0.3318374 -0.08487654
Stationary 424.9153 216.6462 377 -0.3318374 -0.08487654
Moved 424.9297 215.7638 377 -0.33388 -0.08487654
Stationary 424.9456 215.7638 377 -0.33388 -0.08487654
Stationary 424.9605 215.7638 377 -0.33388 -0.08487654
Ended 424.976 215.7638 377 -0.33388 -0.08487654
Began 426.0286 355 375 -0.01157408 -0.1003086
Stationary 426.0479 355 375 -0.01157408 -0.1003086
Stationary 426.0586 355 375 -0.01157408 -0.1003086
Stationary 426.0787 355 375 -0.01157408 -0.1003086
Stationary 426.0893 355 375 -0.01157408 -0.1003086
Stationary 426.103 355 375 -0.01157408 -0.1003086
Stationary 426.1185 355 375 -0.01157408 -0.1003086
Stationary 426.1333 355 375 -0.01157408 -0.1003086
Stationary 426.1498 355 375 -0.01157408 -0.1003086
Stationary 426.1662 355 375 -0.01157408 -0.1003086
Moved 426.1805 367.4579 375 0.01726379 -0.1003086
Moved 426.1987 372.7156 375 0.02943426 -0.1003086
Moved 426.2119 377.7224 375 0.04102399 -0.1003086
Moved 426.227 383.1801 384.0652 0.05365769 -0.03036122
Moved 426.2425 385.9636 383.6545 0.06010085 -0.03352978
Moved 426.2583 390.0499 385.0166 0.06955991 -0.02302017
Moved 426.2734 393.1044 386.0348 0.07663051 -0.01516366
Moved 426.2949 404.0964 390.3223 0.1020749 0.01791872
Stationary 426.3056 404.0964 390.3223 0.1020749 0.01791872
Moved 426.3192 410.6764 394.4058 0.1173065 0.04942777
Moved 426.3353 413.5135 396.009 0.1238738 0.06179798
Moved 426.3502 417.5971 399.5971 0.1333266 0.08948385
Moved 426.3655 421.7108 401.2369 0.1428491 0.102137
Moved 426.3813 424 404 0.1481481 0.123457
Moved 426.3965 427.3577 405.6788 0.1559206 0.1364109
Moved 426.4118 431.1312 408.0875 0.1646556 0.154996
Moved 426.4273 433.8324 409.4162 0.1709084 0.1652486
Moved 426.443 436.5577 411 0.1772168 0.1774691
Moved 426.4581 440.4312 413.2875 0.1861835 0.1951194
Moved 426.4733 443 414.5 0.1921296 0.2044754
Moved 426.4873 447.7429 417.7429 0.2031086 0.2294978
Moved 426.5056 452.6939 419.8776 0.2145693 0.2459687
Moved 426.5252 465.2137 426.2855 0.2435502 0.2954127
Stationary 426.5363 465.2137 426.2855 0.2435502 0.2954127
Moved 426.5496 471.0345 429.0172 0.2570243 0.3164909
Moved 426.5656 476.4937 431.7468 0.2696614 0.3375528
Moved 426.5811 479.4807 433.4807 0.2765757 0.3509316
Moved 426.5971 483.2733 436.1822 0.2853547 0.3717762
Moved 426.6142 485.9145 437.4573 0.2914687 0.3816148
Moved 426.6268 486.4668 438.4668 0.2927472 0.3894044
Moved 426.6429 487.828 439 0.2958981 0.3935187
Moved 426.6585 489.1859 440.1859 0.2990416 0.4026692
Moved 426.6742 490.5435 440.5435 0.302184 0.4054285
Moved 426.6918 491.5 441.5 0.3043981 0.4128088
Moved 426.7036 492.0997 441 0.3057864 0.4089505
Moved 426.7188 492.6356 442 0.3070269 0.4166667
Moved 426.7339 493.5 442 0.3090277 0.4166667
Moved 426.7549 494.02 443.02 0.3102316 0.4245373
Stationary 426.7661 494.02 443.02 0.3102316 0.4245373
Stationary 426.7809 494.02 443.02 0.3102316 0.4245373
Moved 426.7954 495.0331 443 0.3125767 0.4243827
Stationary 426.8138 495.0331 443 0.3125767 0.4243827
Stationary 426.8282 495.0331 443 0.3125767 0.4243827
Stationary 426.8436 495.0331 443 0.3125767 0.4243827
Moved 426.8576 496.0471 443 0.3149239 0.4243827
Stationary 426.8727 496.0471 443 0.3149239 0.4243827
Stationary 426.8873 496.0471 443 0.3149239 0.4243827
Stationary 426.9045 496 443 0.3148148 0.4243827
Stationary 426.9207 496 443 0.3148148 0.4243827
Stationary 426.9349 496 443 0.3148148 0.4243827
Stationary 426.9515 496 443 0.3148148 0.4243827
Stationary 426.9699 496 443 0.3148148 0.4243827
Moved 426.9813 497.5 443 0.318287 0.4243827
Moved 426.9989 497 444.1151 0.3171296 0.432987
Stationary 427.0133 497 444.1151 0.3171296 0.432987
Stationary 427.0284 497 444.1151 0.3171296 0.432987
Stationary 427.0429 497 444 0.3171296 0.432099
Stationary 427.0603 497 444 0.3171296 0.432099
Stationary 427.0748 497 444 0.3171296 0.432099
Stationary 427.0902 497 444 0.3171296 0.432099
Stationary 427.1052 497 444 0.3171296 0.432099
Stationary 427.12 497 444 0.3171296 0.432099
Stationary 427.1348 497 444 0.3171296 0.432099
Stationary 427.1516 497 444 0.3171296 0.432099
Stationary 427.1681 497 444 0.3171296 0.432099
Stationary 427.1883 497 444 0.3171296 0.432099
Stationary 427.1989 497 444 0.3171296 0.432099
Stationary 427.213 497 444 0.3171296 0.432099
Moved 427.2289 501.2095 435.4413 0.326874 0.3660593
Moved 427.2442 503.8644 430.2712 0.3330194 0.3261669
Moved 427.2597 510.0386 418.9229 0.3473115 0.2386023
Moved 427.2772 512.1771 413.4686 0.3522618 0.1965172
Moved 427.2903 515.5428 406.3715 0.3600529 0.1417551
Moved 427.3054 518.7051 402.2949 0.3673728 0.1103004
Moved 427.3208 519.9727 399.0819 0.3703071 0.08550868
Moved 427.337 522.6399 396.3601 0.3764812 0.064507
Moved 427.3523 525.3737 393.6263 0.3828095 0.04341291
Moved 427.3674 527.0494 390.9012 0.3866884 0.0223858
Moved 427.3831 528.4158 389.5842 0.3898514 0.01222352
Moved 427.4046 530 386.8602 0.3935185 -0.008794526
Stationary 427.4157 530 386.8602 0.3935185 -0.008794526
Moved 427.428 531.5 385.5 0.3969907 -0.01929012
Moved 427.4459 531 386 0.3958333 -0.0154321
Moved 427.4608 532.8958 384.1042 0.4002217 -0.03006017
Moved 427.476 534.2583 384 0.4033757 -0.03086396
Moved 427.4919 534.6219 382.3781 0.4042174 -0.04337852
Moved 427.507 535.5 381.5 0.40625 -0.05015432
Moved 427.5222 536.1761 380.8239 0.4078152 -0.05537151
Stationary 427.5358 536.1761 380.8239 0.4078152 -0.05537151
Moved 427.5531 536.8442 380 0.4093616 -0.06172816
Moved 427.5688 537.5 380 0.4108796 -0.06172816
Moved 427.5826 537 378.7384 0.4097222 -0.07146294
Moved 427.6055 538.3533 379 0.4128547 -0.06944421
Stationary 427.6172 538.3533 379 0.4128547 -0.06944421
Moved 427.6281 538 377.6925 0.4120371 -0.07953314
Stationary 427.645 538 377.6925 0.4120371 -0.07953314
Ended 427.6618 539 376.6581 0.4143518 -0.08751434
Began 428.0743 522 429 0.375 0.3163581
Stationary 428.0936 522 429 0.375 0.3163581
Stationary 428.1079 522 429 0.375 0.3163581
Stationary 428.122 522 429 0.375 0.3163581
Stationary 428.1373 522 429 0.375 0.3163581
Stationary 428.1521 522 429 0.375 0.3163581
Stationary 428.1699 522 429 0.375 0.3163581
Stationary 428.1855 522 429 0.375 0.3163581
Stationary 428.2069 522 429 0.375 0.3163581
Stationary 428.2189 522 429 0.375 0.3163581
Stationary 428.2303 522 429 0.375 0.3163581
Moved 428.247 511.7021 429 0.3511624 0.3163581
Moved 428.2611 508.6594 429 0.3441191 0.3163581
Moved 428.2773 504.9071 429 0.3354331 0.3163581
Moved 428.2932 502.1825 429 0.3291261 0.3163581
Moved 428.3084 500 429 0.324074 0.3163581
Moved 428.3237 495.5108 429 0.3136824 0.3163581
Moved 428.3396 491.4313 429 0.3042391 0.3163581
Moved 428.3539 487.3332 421.4444 0.2947527 0.2580586
Moved 428.3699 483.231 421 0.2852571 0.2546295
Moved 428.3855 480.4005 419.7003 0.278705 0.2446006
Moved 428.405 475.6856 419 0.2677908 0.2391978
Moved 428.4173 470.9025 416.9512 0.2567187 0.223389
Moved 428.4309 468.917 417 0.2521226 0.2237654
Moved 428.4471 464.7466 415.5822 0.2424689 0.2128256
Moved 428.4622 458.8484 414.2121 0.2288158 0.202254
Moved 428.4791 453.3837 412.8459 0.2161661 0.1917127
Moved 428.4944 445.8867 409.4434 0.1988117 0.1654581
Moved 428.5094 438.581 406.2324 0.1819004 0.1406822
Moved 428.5231 430.5002 403.5001 0.1631948 0.1195994
Moved 428.5389 423 401 0.1458333 0.1003085
Moved 428.5567 416.1282 399.304 0.1299263 0.08722235
Moved 428.5703 408.7034 397.9407 0.1127394 0.07670274
Moved 428.5861 403.3126 396.5781 0.1002607 0.06618948
Moved 428.6089 389.2226 392.8445 0.06764501 0.03738074
Stationary 428.6189 389.2226 392.8445 0.06764501 0.03738074
Moved 428.6309 383.3782 390.9513 0.05411615 0.02277245
Moved 428.6469 377.4376 389.1094 0.04036487 0.008559993
Moved 428.663 372.2356 388.0471 0.02832303 0.0003635736
Moved 428.6794 366.7839 385.392 0.01570344 -0.02012382
Moved 428.6944 358.6712 384.3342 -0.003075848 -0.02828528
Moved 428.7095 352.8755 382.9689 -0.01649176 -0.03882043
Moved 428.7254 346.1917 381.6383 -0.03196378 -0.04908715
Moved 428.7411 340.3455 381.2691 -0.04549647 -0.05193593
Moved 428.7568 334.6432 379.9108 -0.05869627 -0.06241669
Moved 428.7722 327.7667 378.5533 -0.07461414 -0.07289086
Moved 428.7932 318.688 375.172 -0.09562974 -0.09898151
Stationary 428.8047 318.688 375.172 -0.09562974 -0.09898151
Moved 428.8169 313.2562 373.814 -0.1082032 -0.1094597
Moved 428.833 309.5 372.5 -0.1168982 -0.1195988
Moved 428.8479 305.2262 372 -0.1267911 -0.1234566
Moved 428.8633 301.1725 370.7242 -0.1361746 -0.1333008
Moved 428.8785 298.7037 370 -0.1418895 -0.1388889
Moved 428.8951 296.4529 369.2265 -0.1470997 -0.1448572
Moved 428.9099 292.7873 369 -0.1555849 -0.1466049
Moved 428.9253 290.1366 367.5683 -0.1617209 -0.157652
Moved 428.9415 288.2023 367.2023 -0.1661985 -0.1604763
Moved 428.9562 285.6747 367 -0.1720494 -0.1620368
Moved 428.9771 283.1052 366 -0.1779972 -0.1697531
Stationary 428.9879 283.1052 366 -0.1779972 -0.1697531
Moved 429.001 281.7401 366 -0.1811571 -0.1697531
Stationary 429.0169 281.7401 366 -0.1811571 -0.1697531
Moved 429.0316 280.7241 366 -0.183509 -0.1697531
Moved 429.0476 279.9916 366 -0.1852046 -0.1697531
Stationary 429.063 280 366 -0.1851852 -0.1697531
Ended 429.0782 280 366 -0.1851852 -0.1697531
Began 429.8179 357 431 -0.006944438 0.33179
Stationary 429.8361 357 431 -0.006944438 0.33179
Stationary 429.8492 357 431 -0.006944438 0.33179
Stationary 429.8645 357 431 -0.006944438 0.33179
Stationary 429.8839 357 431 -0.006944438 0.33179
Stationary 429.8971 357 431 -0.006944438 0.33179
Stationary 429.9124 357 431 -0.006944438 0.33179
Stationary 429.9273 357 431 -0.006944438 0.33179
Stationary 429.9427 357 431 -0.006944438 0.33179
Stationary 429.9581 357 431 -0.006944438 0.33179
Stationary 429.9744 357 431 -0.006944438 0.33179
Stationary 429.9895 357 431 -0.006944438 0.33179
Moved 430.0039 347.4665 431 -0.02901266 0.33179
Moved 430.0202 345.1376 431 -0.0344036 0.33179
Moved 430.0368 342.5414 431 -0.04041339 0.33179
Moved 430.0563 340 431 -0.04629632 0.33179
Moved 430.0671 339.358 431 -0.04778246 0.33179
Moved 430.0811 337.9883 431 -0.05095313 0.33179
Moved 430.0963 336.622 431 -0.05411566 0.33179
Moved 430.1117 334.2598 431 -0.05958373 0.33179
Moved 430.128 332.892 431 -0.06274993 0.33179
Moved 430.1431 330.0601 431 -0.0693053 0.33179
Moved 430.1593 328.172 431 -0.07367591 0.33179
Moved 430.1733 326.2239 431 -0.07818535 0.33179
Moved 430.1901 323.5685 431 -0.08433227 0.33179
Moved 430.2046 320.8391 431 -0.09065036 0.33179
Moved 430.224 318.1038 431 -0.09698201 0.33179
Moved 430.2361 315.3712 431 -0.1033075 0.33179
Moved 430.2509 311.958 431 -0.1112083 0.33179
Moved 430.2668 309.9531 431 -0.1158493 0.33179
Moved 430.2835 307.1661 431 -0.1223007 0.33179
Moved 430.3013 305.281 431 -0.1266643 0.33179
Moved 430.3129 304.1621 431 -0.1292544 0.33179
Moved 430.3282 303.5 431 -0.130787 0.33179
Moved 430.3446 302.4301 431 -0.1332636 0.33179
Moved 430.3586 301.0639 431 -0.1364261 0.33179
Moved 430.3741 300.5 431 -0.1377315 0.33179
Moved 430.3962 298.5 431 -0.1423611 0.33179
Stationary 430.4084 298.5 431 -0.1423611 0.33179
Stationary 430.4219 298.5 431 -0.1423611 0.33179
Moved 430.4348 297.8705 431 -0.1438183 0.33179
Stationary 430.4511 297.8705 431 -0.1438183 0.33179
Moved 430.4664 296.6453 431 -0.1466545 0.33179
Stationary 430.4825 296.6453 431 -0.1466545 0.33179
Stationary 430.4965 296.6453 431 -0.1466545 0.33179
Moved 430.5127 295.8229 431 -0.1485582 0.33179
Stationary 430.5284 295.8229 431 -0.1485582 0.33179
Stationary 430.5426 295.8229 431 -0.1485582 0.33179
Moved 430.566 294.8348 431 -0.1508453 0.33179
Stationary 430.5758 294.8348 431 -0.1508453 0.33179
Stationary 430.5898 294.8348 431 -0.1508453 0.33179
Moved 430.6068 293.9652 431 -0.1528583 0.33179
Stationary 430.6202 294 431 -0.1527778 0.33179
Stationary 430.6355 294 431 -0.1527778 0.33179
Stationary 430.6502 294 431 -0.1527778 0.33179
Stationary 430.6657 294 431 -0.1527778 0.33179
Stationary 430.681 294 431 -0.1527778 0.33179
Stationary 430.6971 294 431 -0.1527778 0.33179
Stationary 430.7131 294 431 -0.1527778 0.33179
Stationary 430.7339 294 431 -0.1527778 0.33179
Moved 430.7458 304.3585 431 -0.1287997 0.33179
Moved 430.7608 309.7498 431 -0.11632 0.33179
Moved 430.7749 319.5 431 -0.09375001 0.33179
Moved 430.7915 329.0788 431 -0.07157688 0.33179
Moved 430.8072 336.1648 431 -0.05517403 0.33179
Moved 430.8209 343.9753 431 -0.03709425 0.33179
Moved 430.8377 350.7995 431 -0.02129753 0.33179
Moved 430.8531 356.2564 431 -0.008665671 0.33179
Moved 430.8682 361 431 0.002314846 0.33179
Moved 430.8835 366.7151 431 0.0155443 0.33179
Moved 430.9027 374.6512 431 0.03391494 0.33179
Moved 430.9169 383.3053 431 0.05394737 0.33179
Moved 430.9305 392.0273 431 0.07413725 0.33179
Moved 430.9453 399.0157 431 0.09031405 0.33179
Moved 430.961 405.2721 431 0.1047965 0.33179
Moved 430.9761 410.7214 431 0.1174107 0.33179
Moved 430.9912 414.88 431 0.1270372 0.33179
Moved 431.0082 421.6063 431 0.1426072 0.33179
Moved 431.0212 427.7628 431 0.1568585 0.33179
Moved 431.037 431.1031 431 0.1645904 0.33179
Moved 431.0533 435.2733 431 0.1742437 0.33179
Moved 431.0739 436.787 431 0.1777476 0.33179
Moved 431.0844 438.1456 431 0.1808926 0.33179
Moved 431.101 439.5 431 0.1840278 0.33179
Moved 431.1141 440.4534 431 0.1862347 0.33179
Moved 431.1299 441.9545 431 0.1897095 0.33179
Moved 431.1444 442.5 431 0.1909722 0.33179
Stationary 431.1591 442.5 431 0.1909722 0.33179
Moved 431.1765 443.236 431 0.1926758 0.33179
Moved 431.1912 444.2056 431 0.1949204 0.33179
Stationary 431.2098 444.2056 431 0.1949204 0.33179
Stationary 431.2217 444.2056 431 0.1949204 0.33179
Moved 431.2418 445 431 0.1967593 0.33179
Stationary 431.2544 445 431 0.1967593 0.33179
Stationary 431.2682 445 431 0.1967593 0.33179
Stationary 431.2832 445 431 0.1967593 0.33179
Stationary 431.2989 445 431 0.1967593 0.33179
Stationary 431.3143 445 431 0.1967593 0.33179
Stationary 431.3309 445 431 0.1967593 0.33179
Stationary 431.3456 445 431 0.1967593 0.33179
Moved 431.3614 430.2781 419.2781 0.1626807 0.2413432
Moved 431.3782 423.4569 413.5656 0.1468911 0.1972652
Moved 431.3976 412.244 405.183 0.1209351 0.1325848
Moved 431.4109 405.8107 402.4865 0.1060433 0.1117783
Moved 431.4228 400.213 398.4098 0.09308566 0.08032257
Moved 431.4391 393.5 394.5 0.07754634 0.05015444
Moved 431.4555 388.4725 390.178 0.06590854 0.01680563
Moved 431.4697 382.119 386.0714 0.05120138 -0.01488109
Moved 431.486 375.2947 381.9768 0.03540437 -0.04647503
Moved 431.5015 370.8881 378.8881 0.02520392 -0.07030817
Moved 431.5165 365.7163 375.8582 0.01323213 -0.09368709
Moved 431.5309 360.2731 373.1365 0.0006321073 -0.1146872
Moved 431.5521 351.3603 368.6802 -0.01999935 -0.1490725
Stationary 431.5637 351.3603 368.6802 -0.01999935 -0.1490725
Moved 431.5776 347.4319 366.7159 -0.02909288 -0.1642288
Moved 431.5917 341.7711 363.8856 -0.04219646 -0.186068
Moved 431.6082 336.3117 361.1559 -0.05483394 -0.2071303
Moved 431.6242 330.8661 358.433 -0.06743947 -0.2281401
Moved 431.64 323.4143 354.7072 -0.08468911 -0.2568893
Moved 431.6547 317.9657 351.9828 -0.0973016 -0.2779101
Moved 431.6697 312.5064 349.2532 -0.1099389 -0.2989725
Moved 431.6858 308 347 -0.1203704 -0.3163578
Moved 431.7066 295.308 341.654 -0.14975 -0.3576083
Stationary 431.7171 295.308 341.654 -0.14975 -0.3576083
Moved 431.7323 291.5 340.5 -0.1585648 -0.3665124
Moved 431.7471 287.2906 339.0969 -0.1683089 -0.377339
Moved 431.7628 285.7285 339 -0.1719247 -0.3780862
Moved 431.7784 282.6189 338 -0.179123 -0.3858025
Moved 431.794 280.946 336.946 -0.1829953 -0.3939348
Moved 431.8084 279.9253 337 -0.185358 -0.3935183
Stationary 431.8248 279.9253 337 -0.185358 -0.3935183
Stationary 431.8381 280 337 -0.1851852 -0.3935183
Stationary 431.8593 280 337 -0.1851852 -0.3935183
Stationary 431.8703 280 337 -0.1851852 -0.3935183
Moved 431.8852 300.3227 350.699 -0.1381419 -0.2878166
Moved 431.9014 311.4377 356.2188 -0.1124128 -0.2452252
Moved 431.9167 324 361 -0.08333336 -0.2083334
Moved 431.9317 338.5152 365.7186 -0.04973332 -0.1719244
Moved 431.947 356.6357 371.1956 -0.007787794 -0.1296635
Moved 431.9625 369.9979 373.7996 0.02314329 -0.1095713
Moved 431.9788 383.3921 378.5406 0.05414833 -0.07298952
Moved 431.9947 393.0422 380.1489 0.07648657 -0.06057999
Moved 432.0156 411.3329 384.8666 0.118826 -0.02417777
Stationary 432.0277 411.3329 384.8666 0.118826 -0.02417777
Moved 432.0401 418.5681 386.8766 0.1355743 -0.008668075
Moved 432.0563 430.5661 388.2851 0.1633475 0.002199927
Moved 432.0707 437.2882 388.6577 0.1789078 0.005074607
Moved 432.0865 444.1008 390.0201 0.1946778 0.01558751
Moved 432.1017 449.531 390 0.2072477 0.0154321
Moved 432.1171 453.4987 391 0.2164323 0.02314815
Moved 432.1331 458.4541 392.1135 0.2279029 0.03174028
Moved 432.1478 463.8874 393.4719 0.2404801 0.04222117
Moved 432.1673 467.5081 394.5027 0.2488613 0.05017504
Moved 432.179 472.437 395.8593 0.2602707 0.0606425
Moved 432.1943 476.6434 397.2145 0.2700079 0.07109925
Moved 432.2085 479.5739 398 0.2767915 0.0771605
Moved 432.2243 481.8657 398.9329 0.2820964 0.08435863
Moved 432.2408 484.5833 399 0.2883873 0.08487666
Moved 432.2571 485.6622 400 0.2908848 0.09259272
Moved 432.2716 486.7994 400 0.2935171 0.09259272
Moved 432.2864 488.1082 400 0.2965466 0.09259272
Moved 432.3019 489.4743 400 0.2997091 0.09259272
Moved 432.3206 489.8351 401 0.3005443 0.1003085
Moved 432.3322 490.5 401 0.3020833 0.1003085
Stationary 432.3479 490.5 401 0.3020833 0.1003085
Moved 432.3629 491.236 401 0.303787 0.1003085
Stationary 432.3787 491.236 401 0.303787 0.1003085
Stationary 432.3942 491.236 401 0.303787 0.1003085
Stationary 432.4092 491.236 401 0.303787 0.1003085
Stationary 432.4246 491.236 401 0.303787 0.1003085
Stationary 432.4404 491.236 401 0.303787 0.1003085
Stationary 432.4555 491 401 0.3032407 0.1003085
Moved 432.4777 480.9012 402.1221 0.2798639 0.1089666
Moved 432.488 474.5649 402 0.2651965 0.1080247
Moved 432.5023 462 402 0.2361111 0.1080247
Moved 432.5185 447.695 402 0.2029977 0.1080247
Moved 432.534 431.3344 402 0.1651259 0.1080247
Moved 432.5481 416.0762 402 0.1298061 0.1080247
Moved 432.5648 400.5439 402 0.09385148 0.1080247
Moved 432.5802 385.5255 402 0.05908668 0.1080247
Moved 432.5963 369.4732 402 0.02192865 0.1080247
Moved 432.6144 355.5085 402 -0.01039709 0.1080247
Moved 432.6273 343.0822 402 -0.03916154 0.1080247
Moved 432.6424 329.346 391.7422 -0.07095824 0.02887549
Moved 432.6574 313.8574 394 -0.1068115 0.04629641
Moved 432.6723 303.5892 392.7985 -0.1305806 0.03702517
Moved 432.6888 292.053 392.4362 -0.1572846 0.03422961
Moved 432.704 284.3748 391.075 -0.1750583 0.02372648
Moved 432.7189 276.2621 391 -0.1938376 0.02314815
Moved 432.7347 270.5 391 -0.2071759 0.02314815
Moved 432.7546 259.8155 391 -0.2319086 0.02314815
Stationary 432.7652 259.8155 391 -0.2319086 0.02314815
Moved 432.7791 252.9434 389.5887 -0.2478161 0.01225848
Moved 432.7953 248.6653 390 -0.2577191 0.0154321
Moved 432.8108 245.7188 390 -0.2645398 0.0154321
Moved 432.8259 241.5065 390 -0.2742904 0.0154321
Moved 432.8411 239.2647 390 -0.2794799 0.0154321
Moved 432.8584 236.1249 390 -0.2867478 0.0154321
Moved 432.8719 233.3845 390 -0.2930914 0.0154321
Moved 432.8921 230.6621 390 -0.2993932 0.0154321
Moved 432.9045 227.9288 390 -0.3057204 0.0154321
Moved 432.9189 225.2066 390 -0.3120218 0.0154321
Moved 432.9344 223.2347 390 -0.3165864 0.0154321
Moved 432.9512 220.7396 390 -0.3223621 0.0154321
Moved 432.967 219.505 390 -0.3252199 0.0154321
Moved 432.9815 218.5927 390 -0.3273317 0.0154321
Moved 432.9957 217.0966 390 -0.330795 0.0154321
Moved 433.0119 215.7285 390 -0.3339617 0.0154321
Moved 433.0321 215.3654 390 -0.3348023 0.0154321
Stationary 433.0441 215 390 -0.3356481 0.0154321
Stationary 433.058 215 390 -0.3356481 0.0154321
Moved 433.0718 213.6467 390 -0.3387808 0.0154321
Ended 433.0877 213.6467 390 -0.3387808 0.0154321
PhraseEnd 433.9254
