we accept personal checks
Basic
0.6 0.6
432 388.8
Began 416.3959 188 560 -0.3981482 0.4423867
Stationary 416.4171 188 560 -0.3981482 0.4423867
Stationary 416.4311 188 560 -0.3981482 0.4423867
Stationary 416.4452 188 560 -0.3981482 0.4423867
Stationary 416.4593 188 560 -0.3981482 0.4423867
Stationary 416.4753 188 560 -0.3981482 0.4423867
Stationary 416.4911 188 560 -0.3981482 0.4423867
Moved 416.5085 196.0593 560 -0.3794924 0.4423867
Moved 416.5222 203.8304 560 -0.3615038 0.4423867
Moved 416.5376 208.0384 560 -0.351763 0.4423867
Moved 416.5537 213.1481 560 -0.3399349 0.4423867
Moved 416.5698 216.1794 560 -0.332918 0.4423867
Moved 416.5837 220.402 560 -0.3231435 0.4423867
Moved 416.6002 223.5121 560 -0.3159441 0.4423867
Moved 416.6145 226.428 560 -0.3091945 0.4423867
Moved 416.6296 229.6275 560 -0.3017882 0.4423867
Moved 416.6448 233.3234 560 -0.2932329 0.4423867
Moved 416.6612 236.0932 560 -0.2868212 0.4423867
Moved 416.6767 237.4315 560 -0.2837233 0.4423867
Moved 416.6918 239.8165 560 -0.2782026 0.4423867
Moved 416.7094 241.2014 560 -0.2749968 0.4423867
Moved 416.7235 242.5852 560 -0.2717935 0.4423867
Moved 416.7378 243.7177 560 -0.2691721 0.4423867
Moved 416.7556 244.5 560 -0.2673611 0.4423867
Moved 416.7695 245.1922 560 -0.2657588 0.4423867
Moved 416.7852 246.7753 560 -0.2620941 0.4423867
Moved 416.8003 248.1571 560 -0.2588955 0.4423867
Moved 416.8221 251.9274 553.5082 -0.250168 0.4256897
Stationary 416.8338 251.9274 553.5082 -0.250168 0.4256897
Moved 416.8467 253.3123 553 -0.2469622 0.4243826
Moved 416.8618 255.5866 551.7067 -0.2416977 0.4210561
Moved 416.8781 256.7699 551.2301 -0.2389585 0.4198304
Moved 416.8939 258.1548 551 -0.2357527 0.4192385
Moved 416.9082 260.6454 550 -0.2299875 0.4166666
Ended 416.9234 263.5 550 -0.2233796 0.4166666
Began 417.8285 190 496 -0.3935185 0.2777777
Stationary 417.8493 190 496 -0.3935185 0.2777777
Stationary 417.8633 190 496 -0.3935185 0.2777777
Stationary 417.8789 190 496 -0.3935185 0.2777777
Stationary 417.8945 190 496 -0.3935185 0.2777777
Stationary 417.9094 190 496 -0.3935185 0.2777777
Stationary 417.9249 190 496 -0.3935185 0.2777777
Stationary 417.9401 190 496 -0.3935185 0.2777777
Stationary 417.9562 190 496 -0.3935185 0.2777777
Stationary 417.9718 190 496 -0.3935185 0.2777777
Stationary 417.9871 190 496 -0.3935185 0.2777777
Stationary 418.0019 190 496 -0.3935185 0.2777777
Stationary 418.0171 190 496 -0.3935185 0.2777777
Stationary 418.0322 190 496 -0.3935185 0.2777777
Stationary 418.0502 190 496 -0.3935185 0.2777777
Moved 418.0643 190 484.0126 -0.3935185 0.2469458
Moved 418.08 200.9463 477.1586 -0.3681799 0.2293172
Moved 418.0967 207.4592 467.7977 -0.3531038 0.2052408
Moved 418.1127 216.8279 459.2904 -0.331417 0.18336
Moved 418.1256 225 449.5 -0.3125 0.158179
Moved 418.142 239.8706 436.1295 -0.2780774 0.1237897
Moved 418.1581 255.0656 422.2131 -0.2429036 0.08799647
Moved 418.1741 270 408.5 -0.2083333 0.05272626
Moved 418.188 283.6943 396.7548 -0.1766335 0.02251735
Moved 418.2054 301.4036 381.8123 -0.1356398 -0.0159149
Moved 418.2204 317.8685 368.1096 -0.09752671 -0.05115838
Moved 418.2353 328.1108 359.7622 -0.07381762 -0.07262814
Moved 418.2504 336.525 352.7291 -0.05434021 -0.09071735
Moved 418.2659 342.5471 347.4529 -0.04040018 -0.1042879
Moved 418.2801 348.0652 342.9511 -0.0276268 -0.1158665
Moved 418.2985 351.1064 339.8936 -0.020587 -0.1237306
Moved 418.3119 356.7633 334.2368 -0.007492403 -0.13828
Moved 418.3267 359.6411 332.3589 -0.0008308391 -0.1431099
Moved 418.3429 363.6067 329.5955 0.008348823 -0.1502174
Moved 418.3584 366.1613 327.4194 0.0142623 -0.1558144
Moved 418.3728 367.9592 325.0816 0.01842409 -0.1618272
Moved 418.3888 369.3439 323.6561 0.02162943 -0.1654936
Moved 418.4049 369 322.5 0.02083332 -0.1684671
Moved 418.4202 370.7937 320.4125 0.02498547 -0.1738361
Moved 418.4359 371 317.6439 0.025463 -0.1809572
Moved 418.4529 372.5 316.5 0.02893518 -0.1838992
Moved 418.4658 372 312.1873 0.02777775 -0.1949915
Moved 418.481 372 309.3415 0.02777775 -0.202311
Moved 418.497 372 308.2904 0.02777775 -0.2050145
Moved 418.5121 372 306.9054 0.02777775 -0.2085767
Stationary 418.527 372 306.9054 0.02777775 -0.2085767
Stationary 418.5424 372 307 0.02777775 -0.2083334
Moved 418.5597 357.7607 307 -0.005183618 -0.2083334
Moved 418.5729 348.0476 319.7892 -0.02766763 -0.1754393
Moved 418.5887 337.3715 328.6285 -0.05238086 -0.1527044
Moved 418.6072 329.7881 338.2968 -0.06993507 -0.1278376
Moved 418.6199 322.9017 347.9376 -0.08587564 -0.1030414
Moved 418.6348 319.4903 354.7646 -0.09377251 -0.0854821
Moved 418.652 314.3834 364.2332 -0.105594 -0.06112863
Moved 418.6664 307.5546 376.6017 -0.1214014 -0.02931673
Moved 418.6817 303.4118 385.1765 -0.1309913 -0.00726221
Moved 418.6991 297.8891 396.2217 -0.1437752 0.02114637
Moved 418.7123 293.7575 405.8991 -0.153339 0.0460368
Moved 418.7275 290.5903 416.4258 -0.1606706 0.07311174
Moved 418.7438 288.8202 423.8989 -0.164768 0.09233254
Moved 418.7591 286.6159 431.3443 -0.1698705 0.1114822
Moved 418.7742 284.3647 440.8121 -0.1750818 0.1358335
Moved 418.7892 282.9803 448.0982 -0.1782862 0.1545735
Moved 418.8129 281 464.9447 -0.1828704 0.1979029
Stationary 418.8238 281 464.9447 -0.1828704 0.1979029
Moved 418.8358 281 474.2086 -0.1828704 0.2217299
Moved 418.8516 281 481.8184 -0.1828704 0.2413025
Moved 418.8678 281 486.8055 -0.1828704 0.2541294
Moved 418.8832 281 494.8131 -0.1828704 0.274725
Moved 418.8997 281 499.0781 -0.1828704 0.2856947
Moved 418.9128 281 504.9775 -0.1828704 0.3008679
Moved 418.9285 281 509.3784 -0.1828704 0.312187
Moved 418.9454 281 513.5 -0.1828704 0.3227879
Moved 418.9592 281 516.7972 -0.1828704 0.3312684
Moved 418.9743 281 519.5709 -0.1828704 0.3384023
Moved 418.9897 281 521.5372 -0.1828704 0.3434597
Moved 419.0082 281 524.4125 -0.1828704 0.3508552
Moved 419.0222 288.6882 525.0983 -0.1650737 0.3526191
Moved 419.0377 289 527.1868 -0.1643519 0.3579906
Moved 419.0527 290.577 528.577 -0.1607014 0.3615662
Moved 419.0684 291.271 529.271 -0.1590949 0.3633513
Moved 419.0832 292 529 -0.1574074 0.3626543
Moved 419.0996 293.3091 529 -0.154377 0.3626543
Moved 419.1132 295.2141 529 -0.1499673 0.3626543
Moved 419.1299 298.3955 529 -0.1426029 0.3626543
Moved 419.146 301.7686 529 -0.1347948 0.3626543
Stationary 419.1606 301.7686 529 -0.1347948 0.3626543
Moved 419.1747 308.3828 529 -0.1194842 0.3626543
Moved 419.1911 312.9372 522.1465 -0.1089416 0.3450269
Moved 419.2081 319.8197 517.9082 -0.09300997 0.334126
Moved 419.2215 323.4098 516.2951 -0.08469964 0.329977
Moved 419.237 332.2307 511.4615 -0.06428078 0.3175451
Moved 419.2585 348.0717 503.157 -0.0276119 0.2961855
Stationary 419.2689 348.0717 503.157 -0.0276119 0.2961855
Moved 419.2832 355.9893 499.0054 -0.009284118 0.2855075
Moved 419.2998 367.0651 494.8506 0.01635432 0.2748214
Moved 419.3133 373.5584 491.7208 0.03138522 0.2667716
Moved 419.3292 380.2107 490.1315 0.04678398 0.2626839
Moved 419.346 387.0596 487.5762 0.06263802 0.2561115
Moved 419.3616 394.9842 485.8063 0.08098195 0.2515595
Moved 419.3756 401.8952 484.0209 0.09697964 0.2469673
Moved 419.392 410.2063 482.6323 0.1162182 0.2433956
Moved 419.4076 416.7615 481.2477 0.1313924 0.2398345
Moved 419.4226 423.6674 479.8665 0.1473782 0.2362821
Moved 419.4371 429 480 0.1597223 0.2366254
Moved 419.4529 432.7362 479.4528 0.1683708 0.2352179
Moved 419.4725 438.7187 479 0.1822193 0.2340534
Moved 419.4844 444.2731 479 0.1950766 0.2340534
Moved 419.4998 448.1103 478 0.203959 0.2314814
Moved 419.5147 452.27 478 0.213588 0.2314814
Moved 419.5363 462.4191 477 0.2370811 0.2289094
Stationary 419.5468 462.4191 477 0.2370811 0.2289094
Moved 419.5605 467.7218 477 0.2493559 0.2289094
Moved 419.5763 474.5594 477 0.2651839 0.2289094
Moved 419.5919 482.4651 477 0.283484 0.2289094
Moved 419.6074 488.305 485.61 0.2970024 0.2510546
Moved 419.6228 496.7671 487.9224 0.3165905 0.2570019
Moved 419.6385 503.2309 492.3847 0.331553 0.2684791
Moved 419.6533 510.1555 495.4622 0.3475823 0.2763945
Moved 419.6692 516.5 499.5 0.3622685 0.2867798
Moved 419.6848 519.9838 501.6613 0.3703327 0.2923386
Moved 419.7002 525.1847 505.1385 0.3823719 0.301282
Moved 419.7151 527.8622 506.4311 0.3885698 0.3046066
Moved 419.7307 531.6366 507.8183 0.397307 0.3081746
Moved 419.7459 534.4008 509.2004 0.4037054 0.3117292
Moved 419.7606 537.1663 510.5831 0.4101072 0.3152857
Moved 419.7767 539.9414 511 0.416531 0.3163579
Moved 419.7929 541.0484 512.0484 0.4190935 0.3190545
Moved 419.808 543.895 513.4475 0.425683 0.322653
Moved 419.8231 545.6704 513.8352 0.4297926 0.3236502
Moved 419.8388 547.2202 514 0.43338 0.324074
Moved 419.8568 549.2101 514.605 0.4379863 0.3256301
Moved 419.8695 550.9873 515.9873 0.4421003 0.3291854
Moved 419.8851 553.7518 516 0.4484996 0.329218
Moved 419.9002 556 517.5 0.4537037 0.3330761
Moved 419.916 557.6475 518.8237 0.4575173 0.3364807
Moved 419.9316 559.2059 519 0.4611249 0.3369341
Moved 419.9504 560.5914 520.5914 0.4643319 0.3410271
Moved 419.9622 561.9763 521.9763 0.4675378 0.3445892
Moved 419.9767 563.3612 522 0.4707436 0.3446501
Moved 419.992 563 523 0.4699074 0.3472221
Stationary 420.0092 563 523 0.4699074 0.3472221
Moved 420.0235 563 524.0679 0.4699074 0.3499687
Stationary 420.0391 563 524 0.4699074 0.3497942
Moved 420.0544 563 525.9325 0.4699074 0.3547646
Moved 420.0696 553.8038 528.6275 0.4486198 0.3616962
Moved 420.0847 546.8028 529.6995 0.4324139 0.3644534
Moved 420.1007 537.3876 531.0875 0.4106193 0.3680232
Moved 420.1205 526.6856 532.947 0.3858463 0.3728059
Moved 420.1329 519.5 535 0.3692129 0.3780863
Moved 420.1478 507.6571 535.927 0.341799 0.3804706
Moved 420.1624 494.093 538.5814 0.3104005 0.3872978
Moved 420.1778 481.7037 539 0.2817217 0.3883744
Moved 420.1928 469.2663 539 0.2529312 0.3883744
Moved 420.2098 457.2767 540 0.2251775 0.3909464
Moved 420.2244 445.3599 540.8489 0.1975924 0.3931297
Moved 420.2393 432.8656 541 0.1686704 0.3935184
Moved 420.2552 424.0847 541 0.1483442 0.3935184
Moved 420.2708 412.314 541 0.1210972 0.3935184
Moved 420.2862 402.7189 541 0.09888639 0.3935184
Moved 420.3016 392.9101 541 0.0761808 0.3935184
Moved 420.3164 386.8925 541 0.06225109 0.3935184
Moved 420.3324 379.9846 541 0.04626065 0.3935184
Moved 420.3481 373.6346 541 0.03156165 0.3935184
Moved 420.3636 368.2173 541 0.01902143 0.3935184
Moved 420.3786 363.7877 541 0.008767844 0.3935184
Moved 420.3938 356.7209 541 -0.007590453 0.3935184
Moved 420.4095 353.4766 541 -0.01510039 0.3935184
Moved 420.4243 349.3432 541 -0.02466857 0.3935184
Moved 420.4392 345.5 541 -0.03356482 0.3935184
Stationary 420.4568 345.5 541 -0.03356482 0.3935184
Moved 420.4697 341.08 532.54 -0.0437964 0.3717591
Moved 420.4858 339.3416 533 -0.04782046 0.3729423
Moved 420.5039 337.179 532 -0.05282635 0.3703703
Moved 420.5168 335.7968 532 -0.05602583 0.3703703
Moved 420.5321 334.4142 531 -0.0592265 0.3677982
Moved 420.5483 333.0291 531 -0.06243253 0.3677982
Moved 420.5641 331.6769 531 -0.06556273 0.3677982
Moved 420.5783 331 530.2573 -0.06712963 0.3658881
Moved 420.5937 330.168 530 -0.06905556 0.3652262
Moved 420.6095 328.8397 530 -0.07213036 0.3652262
Stationary 420.6245 328.8397 530 -0.07213036 0.3652262
Moved 420.6453 327.6409 530 -0.0749053 0.3652262
Stationary 420.6573 327.6409 530 -0.0749053 0.3652262
Stationary 420.6716 328 530 -0.07407407 0.3652262
Stationary 420.6861 328 530 -0.07407407 0.3652262
Stationary 420.7021 328 530 -0.07407407 0.3652262
Stationary 420.7175 328 530 -0.07407407 0.3652262
Ended 420.7324 328 530 -0.07407407 0.3652262
Began 422.1652 618 533 0.5972223 0.3729423
Stationary 422.1842 618 533 0.5972223 0.3729423
Stationary 422.1978 618 533 0.5972223 0.3729423
Stationary 422.2137 618 533 0.5972223 0.3729423
Stationary 422.2281 618 533 0.5972223 0.3729423
Stationary 422.244 618 533 0.5972223 0.3729423
Stationary 422.2608 618 533 0.5972223 0.3729423
Stationary 422.2759 618 533 0.5972223 0.3729423
Stationary 422.2914 618 533 0.5972223 0.3729423
Stationary 422.3065 618 533 0.5972223 0.3729423
Stationary 422.3219 618 533 0.5972223 0.3729423
Stationary 422.3368 618 533 0.5972223 0.3729423
Stationary 422.3518 618 533 0.5972223 0.3729423
Stationary 422.3667 618 533 0.5972223 0.3729423
Stationary 422.3829 618 533 0.5972223 0.3729423
Moved 422.4005 598.6658 533 0.5524671 0.3729423
Moved 422.4143 595.6357 533 0.545453 0.3729423
Moved 422.43 588.697 533 0.5293912 0.3729423
Moved 422.4447 584.0627 533 0.5186637 0.3729423
Moved 422.4612 579.1092 533 0.5071971 0.3729423
Moved 422.476 573.6346 533 0.4945245 0.3729423
Moved 422.4965 568.0789 533 0.4816642 0.3729423
Moved 422.5083 562.694 533 0.469199 0.3729423
Moved 422.5231 555.7694 533 0.45317 0.3729423
Moved 422.5381 549.8448 533 0.4394555 0.3729423
Moved 422.5539 544.9521 533 0.4281298 0.3729423
Moved 422.569 539.3651 533 0.415197 0.3729423
Moved 422.5842 535.7166 533 0.4067514 0.3729423
Moved 422.5997 528.7032 533 0.3905168 0.3729423
Moved 422.6157 521.9802 533 0.374954 0.3729423
Moved 422.6297 515.0421 533 0.3588937 0.3729423
Moved 422.6459 508.1251 539.8249 0.3428821 0.3904961
Moved 422.6623 501.2008 540 0.3268537 0.3909464
Moved 422.6753 495.0126 541 0.3125292 0.3935184
Moved 422.6912 489.7032 542.7188 0.3002388 0.3979391
Moved 422.7069 483.0021 544.1996 0.284727 0.4017479
Moved 422.7245 475.4999 545.5834 0.2673609 0.4053069
Moved 422.7377 468.1398 546.972 0.2503235 0.4088786
Moved 422.7542 458.4998 548.3572 0.2280089 0.4124412
Moved 422.7693 449.82 549.74 0.2079168 0.4159978
Moved 422.7842 440.1307 551.1242 0.1854877 0.419558
Moved 422.8016 430.5 551 0.1631944 0.4192385
Moved 422.8158 423.7079 552 0.1474719 0.4218106
Moved 422.8308 410.7622 553.8306 0.117505 0.426519
Moved 422.8463 398.3395 554 0.08874883 0.4269547
Moved 422.862 385.8638 554 0.05986998 0.4269547
Moved 422.8773 372.338 554 0.02856006 0.4269547
Moved 422.8924 359.9872 554 -2.95043E-05 0.4269547
Moved 422.9085 349.1631 554 -0.02508546 0.4269547
Moved 422.9273 341.4128 554 -0.04302596 0.4269547
Moved 422.9395 327.8551 554 -0.07440954 0.4269547
Moved 422.9569 316.7497 554 -0.1001164 0.4269547
Moved 422.9704 304.3054 554 -0.1289227 0.4269547
Moved 422.9868 291.8534 554 -0.1577467 0.4269547
Moved 423.0003 286.7647 545.3058 -0.1695262 0.4045932
Moved 423.017 281.1043 543.7761 -0.1826288 0.4006585
Moved 423.0327 276 542.5 -0.1944444 0.3973764
Moved 423.049 271.3203 540.6601 -0.2052772 0.3926442
Moved 423.0635 265.8018 536.8514 -0.2180514 0.3828481
Moved 423.0794 260.251 534.1255 -0.2309004 0.3758371
Moved 423.0942 255.7192 530.5394 -0.2413907 0.3666137
Moved 423.1098 251.3902 527.5935 -0.2514115 0.3590367
Moved 423.1251 246.2218 524.2217 -0.2633756 0.3503645
Moved 423.1393 241.0859 521.043 -0.2752641 0.3421887
Moved 423.1554 237.9807 518.9871 -0.2824522 0.3369009
Moved 423.1701 233.8232 516.2155 -0.292076 0.3297722
Moved 423.1856 232.2221 515.222 -0.2957822 0.3272171
Moved 423.2016 230.8347 513.8347 -0.2989938 0.3236487
Moved 423.2158 231 512.5 -0.2986111 0.3202159
Stationary 423.2311 231 512.5 -0.2986111 0.3202159
Moved 423.2462 231 511.6404 -0.2986111 0.3180052
Stationary 423.2632 231 512 -0.2986111 0.31893
Stationary 423.2779 231 512 -0.2986111 0.31893
Moved 423.2927 231 510.6894 -0.2986111 0.3155591
Stationary 423.3173 231 510.6894 -0.2986111 0.3155591
Stationary 423.3271 231 510.6894 -0.2986111 0.3155591
Moved 423.3388 242.5716 511 -0.2718249 0.3163579
Moved 423.3556 249.3724 511 -0.2560824 0.3163579
Moved 423.3702 256.2755 511 -0.240103 0.3163579
Moved 423.3859 262.4572 511 -0.2257934 0.3163579
Moved 423.4024 272.3692 511 -0.2028491 0.3163579
Moved 423.4178 278.3449 511 -0.1890164 0.3163579
Moved 423.432 285.2627 511 -0.1730031 0.3163579
Moved 423.448 293.1943 511 -0.1546428 0.3163579
Moved 423.4627 300.0979 511 -0.1386623 0.3163579
Moved 423.4789 305.6284 511 -0.1258601 0.3163579
Moved 423.4942 310 511 -0.1157407 0.3163579
Moved 423.5092 315.543 518.8857 -0.1029098 0.3366402
Moved 423.525 321.2984 520.3246 -0.08958698 0.3403409
Moved 423.5409 326.1097 521.7032 -0.07844979 0.3438869
Moved 423.5564 331.33 523.0825 -0.06636585 0.3474344
Moved 423.5734 335.3947 524.4649 -0.05695676 0.3509899
Moved 423.586 339.5412 525.847 -0.04735827 0.3545448
Moved 423.6033 343.6878 527.2292 -0.03775979 0.3580998
Moved 423.6173 346.6533 528.2178 -0.03089518 0.3606423
Moved 423.6334 351.011 529.6703 -0.02080783 0.3643784
Moved 423.6478 354.105 531.0526 -0.01364574 0.3679334
Moved 423.664 355.4347 531 -0.01056785 0.3677982
Moved 423.6835 356.8164 532 -0.007369419 0.3703703
Moved 423.6953 357 533.1959 -0.006944438 0.3734461
Stationary 423.7091 357 533 -0.006944438 0.3729423
Stationary 423.7248 357 533 -0.006944438 0.3729423
Stationary 423.7397 357 533 -0.006944438 0.3729423
Stationary 423.7556 357 533 -0.006944438 0.3729423
Moved 423.7707 343.2443 533 -0.03878638 0.3729423
Moved 423.7865 334.088 525.088 -0.05998139 0.3525925
Moved 423.8023 320 521.5 -0.09259259 0.3433641
Moved 423.8176 306.9675 517.2902 -0.1227605 0.3325365
Moved 423.8344 291.822 513.1333 -0.1578194 0.3218449
Moved 423.8493 281.028 510.1895 -0.1828055 0.3142731
Moved 423.8654 268.1002 504.0501 -0.2127309 0.2984827
Moved 423.8806 254.8035 498.5214 -0.2435105 0.2842626
Moved 423.8946 241.9816 491.4908 -0.2731906 0.2661801
Moved 423.91 228.5219 485.232 -0.3043474 0.2500823
Moved 423.9259 220.0194 478.3495 -0.3240292 0.2323803
Moved 423.9411 208.7566 470.4639 -0.3501004 0.2120983
Moved 423.9573 202.1409 464.9507 -0.3654147 0.1979185
Moved 423.9722 194.2649 457.2649 -0.3836461 0.1781504
Moved 423.9875 189.4931 451.9908 -0.394692 0.1645853
Moved 424.0039 184.4827 445.6033 -0.4062901 0.1481567
Moved 424.0247 175.0997 434.4662 -0.42801 0.1195119
Stationary 424.0357 175.0997 434.4662 -0.42801 0.1195119
Moved 424.0487 171.9845 429.9767 -0.435221 0.1079648
Moved 424.065 169.215 424.4301 -0.4416319 0.09369881
Moved 424.0805 168.6382 423.2764 -0.4429671 0.09073151
Moved 424.0957 168 422.1558 -0.4444444 0.0878491
Moved 424.1105 168 420.7758 -0.4444444 0.0842999
Stationary 424.126 168 420.7758 -0.4444444 0.0842999
Stationary 424.1402 168 421 -0.4444444 0.08487643
Stationary 424.1568 168 421 -0.4444444 0.08487643
Moved 424.1709 174.5899 421 -0.42919 0.08487643
Moved 424.1885 178.73 421 -0.4196065 0.08487643
Moved 424.2042 190.3878 432.3878 -0.3926207 0.1141661
Moved 424.2189 204.1726 438.2603 -0.3607116 0.1292702
Moved 424.2344 219.4174 444.1518 -0.3254228 0.1444233
Moved 424.2529 233.1891 449.6757 -0.2935437 0.1586308
Moved 424.2661 245.9574 452.3872 -0.2639876 0.1656049
Moved 424.2816 259.7907 454.1791 -0.2319659 0.1702136
Moved 424.2975 271.5 457 -0.2048611 0.1774691
Moved 424.3116 281.9712 459.1942 -0.1806222 0.1831127
Moved 424.3272 292.92 460.9886 -0.1552777 0.1877278
Moved 424.3425 303.9286 465.0983 -0.1297949 0.1982979
Moved 424.3636 323.8086 470.2695 -0.08377641 0.2115986
Stationary 424.3746 323.8086 470.2695 -0.08377641 0.2115986
Moved 424.3883 332 473 -0.06481484 0.2186213
Moved 424.4039 338.4305 476.7152 -0.04992952 0.2281769
Moved 424.4194 344.8854 479.9427 -0.03498743 0.2364781
Moved 424.4346 353.1816 484.0908 -0.01578331 0.2471471
Moved 424.4508 360.724 488.2344 0.001675884 0.2578044
Moved 424.4665 368.705 492.3525 0.02015044 0.2683962
Moved 424.4813 375.5 498 0.03587961 0.2829217
Moved 424.496 383.3646 501.6823 0.05408475 0.2923927
Moved 424.512 389.1161 505.8371 0.06739844 0.3030789
Moved 424.5276 395.5 508 0.08217593 0.3086419
Moved 424.5426 400.8523 511.4261 0.09456544 0.317454
Moved 424.5582 406.4105 514.2053 0.1074318 0.3246019
Moved 424.5737 413.4157 516.9662 0.1236474 0.3317032
Moved 424.589 421.2003 521.6001 0.1416672 0.3436216
Moved 424.6052 428.2581 525.7549 0.158005 0.3543077
Moved 424.6199 435.1693 529.2677 0.174003 0.3633427
Moved 424.6356 443.1127 532.0375 0.1923905 0.3704669
Moved 424.651 449.5267 535.2634 0.2072377 0.3787637
Moved 424.673 471.1364 547.6299 0.2572603 0.4105706
Stationary 424.6833 471.1364 547.6299 0.2572603 0.4105706
Moved 424.6984 479.6215 551.8107 0.2769016 0.4213238
Moved 424.7122 488.9121 556.9561 0.2984078 0.4345576
Moved 424.7279 495.1179 561.0884 0.3127729 0.4451862
Moved 424.7439 500.6897 563.8448 0.3256707 0.4522757
Moved 424.758 505 566 0.3356481 0.4578188
Moved 424.7729 509.6 566.8667 0.3462964 0.460048
Moved 424.7892 512.5032 568.2516 0.3530167 0.4636099
Moved 424.8054 516.2716 568.6358 0.3617398 0.4645981
Moved 424.8194 518.0187 569 0.3657841 0.4655349
Moved 424.8359 519.4076 569 0.3689991 0.4655349
Moved 424.8517 520.7828 570 0.3721823 0.4681069
Stationary 424.8667 521 570 0.3726852 0.4681069
Stationary 424.882 521 570 0.3726852 0.4681069
Stationary 424.8989 521 570 0.3726852 0.4681069
Moved 424.9116 521 560.2495 0.3726852 0.4430283
Moved 424.9279 510.1213 553.2008 0.3475029 0.4248991
Moved 424.9452 507.0536 546.317 0.3404019 0.4071939
Moved 424.9603 501.5139 540.514 0.3275786 0.3922684
Moved 424.9809 495.4332 531.4332 0.3135028 0.3689124
Moved 424.9923 489.5692 524.8831 0.2999288 0.3520654
Moved 425.0065 484.1112 517.1667 0.2872944 0.3322189
Moved 425.0217 478.5715 511.5715 0.274471 0.3178278
Moved 425.0364 474.0347 505.2933 0.2639691 0.3016803
Moved 425.0514 468.4921 498.3651 0.2511392 0.2838607
Moved 425.0687 464.5 493 0.2418981 0.2700616
Moved 425.0826 459.279 486.465 0.2298125 0.2532534
Moved 425.099 453.8574 479.5718 0.2172625 0.235524
Moved 425.1132 450.0278 474.7847 0.2083977 0.2232117
Moved 425.1292 444.856 467.4268 0.196426 0.2042868
Moved 425.1448 439.6017 460.5021 0.1842632 0.1864766
Moved 425.1601 437.031 455.062 0.1783126 0.1724845
Moved 425.1746 431.3918 447.6529 0.1652586 0.1534281
Moved 425.1905 424.6761 438.1465 0.1497132 0.1289777
Moved 425.2071 419.4105 430.7631 0.1375242 0.1099872
Moved 425.2202 415.6136 425.0226 0.1287351 0.09522261
Moved 425.2365 411.6252 418.3754 0.1195028 0.07812586
Moved 425.2612 404.2118 406.3177 0.1023422 0.04711347
Stationary 425.2715 404.2118 406.3177 0.1023422 0.04711347
Moved 425.2838 400.163 399.605 0.09296983 0.02984816
Moved 425.3 397.6757 394.3514 0.08721232 0.01633589
Moved 425.3138 394.9135 388.827 0.08081824 0.002126929
Moved 425.3291 392.1196 383.2393 0.07435103 -0.01224479
Moved 425.3474 390.5045 379.5136 0.07061233 -0.02182713
Moved 425.3609 388.2391 375.3587 0.06536841 -0.0325137
Moved 425.3748 385.4693 369.9386 0.05895674 -0.0464543
Moved 425.3901 384.3497 365.3989 0.05636513 -0.05813041
Moved 425.4089 381.9296 358.824 0.05076299 -0.07504106
Moved 425.4211 380.5837 354.7511 0.04764745 -0.0855168
Moved 425.4372 379.2004 350.4009 0.04444549 -0.09670563
Moved 425.4554 378.1248 347.3743 0.04195551 -0.1044899
Moved 425.4692 376.7906 343.3718 0.03886709 -0.1147845
Moved 425.484 375.3969 338.7937 0.0356409 -0.1265595
Moved 425.4991 374.0114 335.0342 0.03243377 -0.136229
Moved 425.515 374 330.8906 0.03240744 -0.1468864
Moved 425.5343 373 326.7472 0.0300926 -0.1575432
Moved 425.5467 371.871 322.613 0.02747913 -0.1681764
Moved 425.5617 372 318.5 0.02777775 -0.1787552
Moved 425.5769 372 315.2383 0.02777775 -0.1871442
Moved 425.5912 372 311.0754 0.02777775 -0.1978513
Moved 425.6078 372 306.9315 0.02777775 -0.2085097
Moved 425.6227 372 304.5118 0.02777775 -0.214733
Moved 425.6371 372 301.7467 0.02777775 -0.221845
Moved 425.6557 372 298.9679 0.02777775 -0.2289921
Moved 425.6674 372 297.1026 0.02777775 -0.2337897
Moved 425.6842 372 295.0943 0.02777775 -0.2389551
Moved 425.6988 372 293.6713 0.02777775 -0.2426151
Moved 425.7147 372 292.2881 0.02777775 -0.2461726
Moved 425.7306 372 290.918 0.02777775 -0.2496967
Moved 425.7455 372 289.5198 0.02777775 -0.2532927
Moved 425.7619 379 289.1344 0.04398147 -0.254284
Moved 425.7767 379 287.7653 0.04398147 -0.2578053
Moved 425.7992 380.5 288 0.04745374 -0.2572017
Stationary 425.8102 380.5 288 0.04745374 -0.2572017
Moved 425.8214 380 286.6876 0.04629632 -0.2605773
Moved 425.8376 380 286 0.04629632 -0.2623458
Stationary 425.8564 380 286 0.04629632 -0.2623458
Stationary 425.8699 380 286 0.04629632 -0.2623458
Moved 425.8832 369.2124 290.442 0.02132505 -0.2509209
Moved 425.9001 355.8297 298.1217 -0.009653567 -0.2311684
Moved 425.9169 343.3002 306.4666 -0.03865694 -0.2097054
Moved 425.9309 334.0127 317.4141 -0.06015589 -0.1815481
Moved 425.9479 326.3234 324.6766 -0.07795503 -0.1628689
Moved 425.9628 316.6349 334.3651 -0.1003822 -0.1379499
Moved 425.978 302.955 343.8893 -0.1320487 -0.1134533
Moved 425.9931 287.4911 354.66 -0.1678447 -0.08575101
Moved 426.0093 274.8552 363.0966 -0.1970945 -0.06405214
Moved 426.024 261.5 368.5 -0.2280093 -0.0501544
Moved 426.0393 252.3853 373.0459 -0.2491081 -0.03846235
Moved 426.061 234 380 -0.2916667 -0.02057613
Stationary 426.0726 234 380 -0.2916667 -0.02057613
Moved 426.0849 225.5243 381.9126 -0.3112863 -0.0156569
Moved 426.1009 214.6288 384.5928 -0.3365075 -0.008763364
Moved 426.1168 205.2343 384.6808 -0.358254 -0.008536915
Moved 426.1329 195.5554 385 -0.3806587 -0.007716127
Moved 426.1465 190.4867 385 -0.392392 -0.007716127
Moved 426.1619 184.4451 385 -0.406377 -0.007716127
Moved 426.1777 180.2945 385 -0.415985 -0.007716127
Moved 426.1928 177.4221 385 -0.4226341 -0.007716127
Moved 426.2083 176.3338 385 -0.4251533 -0.007716127
Moved 426.2238 174.9502 385 -0.428356 -0.007716127
Stationary 426.239 174.9502 385 -0.428356 -0.007716127
Moved 426.2558 173.6414 385 -0.4313857 -0.007716127
Moved 426.2691 174 385.858 -0.4305556 -0.005509176
Stationary 426.2853 174 386 -0.4305556 -0.005144111
Moved 426.3083 174 389.0032 -0.4305556 0.002580219
Stationary 426.3198 174 389.0032 -0.4305556 0.002580219
Moved 426.3322 174 391.7736 -0.4305556 0.009705579
Moved 426.3477 188.2309 399.6732 -0.3976137 0.03002351
Moved 426.3634 199.2679 404.4755 -0.372065 0.04237516
Moved 426.3781 211.1532 408.783 -0.3445528 0.05345407
Moved 426.3941 231.6453 413.2742 -0.2971174 0.06500565
Moved 426.4096 255.2684 415.0141 -0.2424343 0.06948067
Moved 426.4248 271.773 416.3978 -0.2042291 0.07303948
Moved 426.4402 292.7523 416.7835 -0.155666 0.07403161
Moved 426.4557 314.6304 419.3288 -0.1050222 0.08057813
Moved 426.4703 334.5 420.5 -0.05902777 0.08359041
Moved 426.4861 417.2386 454.9182 0.1324967 0.1721145
Moved 426.502 462.0127 473.0049 0.2361406 0.2186339
Moved 426.5173 470.2143 475.7381 0.2551257 0.2256638
Moved 426.5363 479.5805 477.7634 0.2768067 0.230873
Moved 426.5484 486.7283 479.1457 0.2933526 0.2344282
Moved 426.5631 494.6196 479.5239 0.3116194 0.2354009
Moved 426.5786 499.7376 480 0.3234667 0.2366254
Moved 426.5947 505.1291 480 0.3359471 0.2366254
Moved 426.6098 507.6919 480 0.3418794 0.2366254
Moved 426.6256 511.5214 480 0.3507439 0.2366254
Moved 426.6409 515.4601 480 0.3598613 0.2366254
Moved 426.6572 518 480 0.3657407 0.2366254
Moved 426.6711 522.783 480 0.3768124 0.2366254
Moved 426.6867 526.9465 469.4759 0.3864503 0.2095573
Moved 426.7014 530.1098 469.5934 0.3937727 0.2098595
Moved 426.7175 532.6626 468.1687 0.3996819 0.2061952
Moved 426.7329 535.3453 465.6547 0.4058919 0.199729
Moved 426.7494 538.1132 464.4434 0.4122991 0.1966135
Moved 426.7637 540.8887 462.1113 0.4187239 0.1906154
Moved 426.7833 543.6641 460.668 0.4251483 0.1869031
Moved 426.7968 546.4354 459.2823 0.4315633 0.1833392
Moved 426.8104 549.1033 456.8967 0.4377392 0.1772033
Moved 426.8251 551.8818 455.5591 0.4441707 0.173763
Moved 426.8411 552.3619 454.6381 0.4452823 0.1713941
Moved 426.8582 554.8726 452.1274 0.451094 0.1649366
Moved 426.8716 557.5084 450.7458 0.4571953 0.1613833
Moved 426.8872 559.2885 448.3557 0.461316 0.1552358
Moved 426.9045 561.0302 445.9396 0.4653476 0.1490216
Moved 426.9182 563.8302 443.1698 0.4718292 0.1418975
Moved 426.9329 564.8055 440.389 0.4740868 0.1347453
Moved 426.9505 565 439.0755 0.474537 0.131367
Moved 426.9655 566.2737 437.7263 0.4774855 0.1278967
Moved 426.9798 566.6699 434.6602 0.4784026 0.1200106
Moved 426.9958 567 431.8903 0.4791667 0.1128866
Moved 427.0175 568.8247 427.3506 0.4833905 0.1012105
Stationary 427.028 568.8247 427.3506 0.4833905 0.1012105
Moved 427.041 570.2096 425.7904 0.4865963 0.09719746
Moved 427.0574 570 423 0.4861112 0.09002049
Moved 427.0713 571 422.3438 0.4884259 0.0883328
Moved 427.0879 571 419.9178 0.4884259 0.08209302
Moved 427.104 572.4222 418.5778 0.4917181 0.07864653
Moved 427.1187 572 417.1895 0.4907407 0.07507586
Moved 427.1341 572 415.8041 0.4907407 0.07151246
Moved 427.1573 574.9766 414.0234 0.497631 0.06693247
Stationary 427.1669 574.9766 414.0234 0.497631 0.06693247
Ended 427.1796 575.5 413.5 0.4988426 0.06558634
Began 429.1997 282 228 -0.1805555 -0.4115227
Stationary 429.2174 282 228 -0.1805555 -0.4115227
Stationary 429.2376 282 228 -0.1805555 -0.4115227
Stationary 429.2487 282 228 -0.1805555 -0.4115227
Stationary 429.2633 282 228 -0.1805555 -0.4115227
Stationary 429.277 282 228 -0.1805555 -0.4115227
Stationary 429.2928 282 228 -0.1805555 -0.4115227
Stationary 429.308 282 228 -0.1805555 -0.4115227
Stationary 429.3231 282 228 -0.1805555 -0.4115227
Stationary 429.339 282 228 -0.1805555 -0.4115227
Stationary 429.3584 282 228 -0.1805555 -0.4115227
Stationary 429.3759 282 228 -0.1805555 -0.4115227
Stationary 429.3888 282 228 -0.1805555 -0.4115227
Stationary 429.4034 282 228 -0.1805555 -0.4115227
Stationary 429.4162 282 228 -0.1805555 -0.4115227
Stationary 429.431 282 228 -0.1805555 -0.4115227
Stationary 429.4506 282 228 -0.1805555 -0.4115227
Stationary 429.462 282 228 -0.1805555 -0.4115227
Stationary 429.4786 282 228 -0.1805555 -0.4115227
Stationary 429.4921 282 228 -0.1805555 -0.4115227
Moved 429.5085 291.0523 228 -0.1596011 -0.4115227
Moved 429.5242 292.4154 228 -0.1564459 -0.4115227
Stationary 429.5398 292.4154 228 -0.1564459 -0.4115227
Moved 429.5542 293.9176 228 -0.1529686 -0.4115227
Moved 429.5742 296.5516 228 -0.1468713 -0.4115227
Moved 429.5852 301.6467 237.2635 -0.135077 -0.3876966
Moved 429.602 307.1153 249.2018 -0.1224183 -0.3569914
Moved 429.6182 311.2342 260.2912 -0.1128838 -0.3284691
Moved 429.6329 318.203 274.406 -0.09675229 -0.2921657
Moved 429.6496 324.8879 290.1309 -0.08127803 -0.2517209
Moved 429.6715 335.0244 311.0489 -0.05781377 -0.1979196
Moved 429.6846 339.9645 324.8817 -0.04637847 -0.1623414
Stationary 429.6964 339.9645 324.8817 -0.04637847 -0.1623414
Moved 429.7086 345.4962 335.9924 -0.03357366 -0.1337646
Moved 429.7244 350.7288 346.966 -0.0214612 -0.1055401
Moved 429.7401 355.3888 354.6479 -0.01067415 -0.0857821
Moved 429.7578 361.8108 367.6215 0.004191597 -0.05241378
Moved 429.772 365.5 375 0.01273145 -0.03343629
Moved 429.7869 367.0194 378.0388 0.01624862 -0.0256204
Moved 429.8026 373.2816 389.5631 0.03074437 0.004020267
Moved 429.8184 375.9628 393.4442 0.0369508 0.01400237
Moved 429.8332 377.3508 395.5262 0.04016389 0.01935747
Moved 429.8499 381.5215 401.5215 0.04981826 0.03477744
Moved 429.8692 383.2944 406.9417 0.05392234 0.04871816
Moved 429.8826 385.0361 411.1083 0.05795389 0.05943494
Moved 429.8956 387.1899 414.2849 0.06293952 0.06760503
Stationary 429.9088 387.1899 414.2849 0.06293952 0.06760503
Moved 429.9253 388 418.2438 0.06481478 0.07778756
Moved 429.9415 389.5 422.5 0.06828706 0.08873452
Moved 429.9586 389.9052 424.8105 0.06922513 0.09467709
Moved 429.9719 390 427.5459 0.06944448 0.1017126
Moved 429.9865 390 430.3489 0.06944448 0.1089221
Moved 430.0045 390 433.1149 0.06944448 0.1160361
Moved 430.0183 390 434.0723 0.06944448 0.1184987
Moved 430.0347 390 436.9698 0.06944448 0.1259511
Moved 430.0501 390 439.7404 0.06944448 0.1330771
Moved 430.0652 390 442.5028 0.06944448 0.1401821
Moved 430.0801 390 445.274 0.06944448 0.1473095
Moved 430.1025 390 449.793 0.06944448 0.1589326
Stationary 430.1123 390 449.793 0.06944448 0.1589326
Moved 430.1256 390 452 0.06944448 0.164609
Moved 430.1425 390 455.7495 0.06944448 0.1742526
Moved 430.1589 377.5 461 0.04050931 0.1877571
Moved 430.1725 371.8062 464.9163 0.02732913 0.1978298
Moved 430.1882 361.7804 469.0823 0.004121264 0.208545
Moved 430.2069 350.7319 473.2255 -0.02145385 0.2192014
Moved 430.2184 341.4686 474.5804 -0.04289681 0.2226861
Moved 430.2342 329.376 477.3609 -0.0708888 0.2298377
Moved 430.2512 318.0223 479.3596 -0.09717067 0.2349782
Moved 430.2657 308.6224 480.6254 -0.1189297 0.2382339
Moved 430.2803 297.9341 483.0165 -0.1436712 0.2443838
Moved 430.3011 289.641 485.7863 -0.162868 0.251508
Moved 430.3116 283.1126 487.555 -0.1779802 0.256057
Moved 430.3268 277.3605 489.1599 -0.1912952 0.2601849
Moved 430.3426 272 492 -0.2037037 0.2674896
Moved 430.3588 268.9382 492.6873 -0.2107911 0.2692573
Moved 430.3735 265.1151 493.9616 -0.2196409 0.2725349
Moved 430.3889 260.96 495.3467 -0.2292593 0.2760973
Moved 430.4049 258.5288 495 -0.234887 0.2752057
Moved 430.4196 254.6525 495 -0.2438601 0.2752057
Moved 430.4349 251.9862 495 -0.2500318 0.2752057
Moved 430.4509 250.1106 495 -0.2543736 0.2752057
Moved 430.4659 248.726 495 -0.2575788 0.2752057
Moved 430.4819 247.7385 495 -0.2598645 0.2752057
Moved 430.5009 246.5 495 -0.2627315 0.2752057
Moved 430.5126 247 495 -0.2615741 0.2752057
Stationary 430.528 247 495 -0.2615741 0.2752057
Stationary 430.5422 247 495 -0.2615741 0.2752057
Stationary 430.5587 247 495 -0.2615741 0.2752057
Moved 430.5721 247 487.722 -0.2615741 0.2564867
Moved 430.5883 254.0306 480.8753 -0.2452995 0.2388768
Moved 430.6044 261.4291 471.3135 -0.2281734 0.2142835
Moved 430.6203 269.8281 458.7579 -0.2087313 0.1819905
Moved 430.6356 275.2618 447.3287 -0.1961532 0.1525944
Moved 430.6534 280.9427 433.6434 -0.1830031 0.1173955
Moved 430.6662 285.239 419.4243 -0.1730578 0.08082358
Moved 430.6816 288.0166 406.9252 -0.1666282 0.04867573
Moved 430.7044 291.37 376.4503 -0.1588658 -0.02970605
Stationary 430.7157 291.37 376.4503 -0.1588658 -0.02970605
Moved 430.7283 292.8628 364.2348 -0.1554102 -0.06112448
Moved 430.7449 294.2535 350.4653 -0.152191 -0.09653986
Moved 430.7596 295.637 339.541 -0.1489885 -0.1246374
Moved 430.7744 297.0219 327.8027 -0.1457826 -0.1548284
Moved 430.7905 297 318.1786 -0.1458333 -0.1795819
Moved 430.8049 298 311.087 -0.1435185 -0.1978216
Moved 430.8209 298 305.5676 -0.1435185 -0.2120174
Moved 430.836 298 300.0575 -0.1435185 -0.2261896
Moved 430.8522 299 295.5313 -0.1412037 -0.237831
Moved 430.8662 299 293 -0.1412037 -0.2443416
Moved 430.8864 299 290.2302 -0.1412037 -0.2514656
Moved 430.8975 299 288.225 -0.1412037 -0.256623
Moved 430.9133 299 286.8558 -0.1412037 -0.2601446
Moved 430.9286 299 284 -0.1412037 -0.2674897
Stationary 430.9442 299 283.5894 -0.1412037 -0.2685459
Moved 430.9592 299 282.0598 -0.1412037 -0.2724801
Moved 430.9746 299 280.6861 -0.1412037 -0.2760131
Moved 430.9906 299 279.3106 -0.1412037 -0.279551
Moved 431.0059 299 277.939 -0.1412037 -0.2830786
Moved 431.0203 300.4506 276.5494 -0.1378459 -0.2866529
Moved 431.0354 300 275.1829 -0.1388889 -0.2901675
Stationary 431.0514 300 275 -0.1388889 -0.2906379
Moved 431.0701 301.2637 275 -0.1359637 -0.2906379
Stationary 431.0812 301.2637 275 -0.1359637 -0.2906379
Moved 431.0972 303.0396 275 -0.1318527 -0.2906379
Moved 431.1131 307.274 275 -0.122051 -0.2906379
Moved 431.1289 319.9416 298.3802 -0.09272774 -0.2305035
Moved 431.1455 335.0273 319.9489 -0.05780707 -0.1750287
Moved 431.1616 349.5 338 -0.02430553 -0.1286009
Moved 431.1755 369.2926 352.2654 0.02151062 -0.09191003
Moved 431.1915 387.8524 366.877 0.06447305 -0.0543289
Moved 431.2077 401.6884 377.9507 0.09650092 -0.02584685
Moved 431.2215 412.5001 384.0001 0.1215279 -0.01028799
Moved 431.2376 421.9618 390.687 0.14343 0.006910999
Moved 431.26 435.4935 395.7974 0.1747534 0.02005487
Stationary 431.2716 435.4935 395.7974 0.1747534 0.02005487
Moved 431.2828 440.9629 396.9926 0.1874142 0.02312899
Moved 431.2979 446.5013 399.7507 0.2002346 0.03022284
Moved 431.3139 450.5151 400.7576 0.2095257 0.03281256
Moved 431.33 455.5699 401 0.2212266 0.03343609
Moved 431.3452 459.5 402.5 0.2303241 0.03729416
Moved 431.3611 463.7228 402 0.2400991 0.03600815
Moved 431.3764 466.5835 402 0.2467211 0.03600815
Moved 431.391 470.5 402 0.2557871 0.03600815
Moved 431.4067 473.2213 402 0.2620862 0.03600815
Moved 431.4223 476.2398 402 0.2690736 0.03600815
Moved 431.4437 480.782 402 0.2795879 0.03600815
Stationary 431.4548 480.782 402 0.2795879 0.03600815
Moved 431.4675 482.2719 402 0.2830367 0.03600815
Moved 431.4835 483.6594 402 0.2862487 0.03600815
Moved 431.4989 484.5 402 0.2881944 0.03600815
Moved 431.5137 485.0302 402 0.2894219 0.03600815
Stationary 431.5307 485.0302 402 0.2894219 0.03600815
Moved 431.5454 485.8411 402 0.2912988 0.03600815
Moved 431.5622 486.5 402 0.2928241 0.03600815
Stationary 431.5764 486.5 402 0.2928241 0.03600815
Moved 431.592 486 402 0.2916667 0.03600815
Stationary 431.6069 486 402 0.2916667 0.03600815
Stationary 431.626 486 402 0.2916667 0.03600815
Moved 431.637 463.8958 402 0.2404994 0.03600815
Moved 431.6536 447.2869 402 0.2020531 0.03600815
Moved 431.67 428.2071 403.8362 0.1578867 0.04073084
Moved 431.685 410.1139 406.981 0.1160043 0.04881941
Moved 431.6996 393.4955 408.3754 0.07753581 0.05240569
Moved 431.7151 381.1946 409.7562 0.04906157 0.05595717
Moved 431.731 371.2328 411.1096 0.02600183 0.05943828
Moved 431.746 360.7752 411 0.001794497 0.05915629
Moved 431.7609 343.9888 411 -0.03706301 0.05915629
Moved 431.7762 327.8072 411 -0.0745203 0.05915629
Moved 431.7924 315.1724 411 -0.1037677 0.05915629
Moved 431.8116 306.1399 411 -0.1246762 0.05915629
Moved 431.8235 296.4629 411 -0.1470766 0.05915629
Moved 431.8387 289.7316 411 -0.1626584 0.05915629
Moved 431.8562 286.0319 402.6879 -0.1712225 0.03777751
Moved 431.869 281.2458 401.0615 -0.1823014 0.03359425
Moved 431.8847 277.0408 399.6802 -0.1920352 0.03004176
Moved 431.9029 274.5874 398.2937 -0.1977144 0.02647549
Moved 431.916 271.8252 396.9126 -0.2041084 0.02292331
Moved 431.9314 269.0548 397 -0.2105212 0.02314815
Moved 431.9472 267.2794 395.1397 -0.2146309 0.01836337
Moved 431.9629 265.7548 395 -0.2181602 0.01800408
Moved 431.9832 262.3082 394 -0.2261384 0.01543206
Stationary 431.995 262.3082 394 -0.2261384 0.01543206
Moved 432.0077 260.9262 394 -0.2293375 0.01543206
Moved 432.0236 261 392.5411 -0.2291666 0.01167964
Moved 432.0393 259.1562 393 -0.2334348 0.01285996
Moved 432.0545 257.7712 393 -0.2366407 0.01285996
Moved 432.0689 257.3874 392 -0.2375293 0.01028803
Moved 432.0856 256.2636 392 -0.2401305 0.01028803
Moved 432.1026 254.9726 392 -0.2431189 0.01028803
Stationary 432.1163 255 392 -0.2430556 0.01028803
Moved 432.1324 253.2055 391 -0.2472096 0.007715971
Moved 432.151 251.8205 391 -0.2504154 0.007715971
Stationary 432.1639 251.8205 391 -0.2504154 0.007715971
Moved 432.1768 250.0507 391 -0.2545123 0.007715971
Moved 432.1947 249.5 391 -0.255787 0.007715971
Moved 432.2146 248.8226 391 -0.257355 0.007715971
Stationary 432.2261 248.8226 391 -0.257355 0.007715971
Moved 432.24 248 391 -0.2592593 0.007715971
Moved 432.2564 247.4341 391 -0.2605693 0.007715971
Stationary 432.2708 247 391 -0.2615741 0.007715971
Stationary 432.2848 247 391 -0.2615741 0.007715971
Ended 432.3012 247 391 -0.2615741 0.007715971
PhraseEnd 434.2119
