he is just like everyone else
Basic
0.6 0.6
432 129.6
Began 352.5889 430 435 0.162037 0.3626544
Stationary 352.6064 430 435 0.162037 0.3626544
Stationary 352.6211 430 435 0.162037 0.3626544
Stationary 352.6382 430 435 0.162037 0.3626544
Stationary 352.6516 430 435 0.162037 0.3626544
Stationary 352.6681 430 435 0.162037 0.3626544
Stationary 352.6848 430 435 0.162037 0.3626544
Stationary 352.7 430 435 0.162037 0.3626544
Stationary 352.7144 430 435 0.162037 0.3626544
Stationary 352.7303 430 435 0.162037 0.3626544
Stationary 352.7446 430 435 0.162037 0.3626544
Stationary 352.76 430 435 0.162037 0.3626544
Stationary 352.7755 430 435 0.162037 0.3626544
Stationary 352.7915 430 435 0.162037 0.3626544
Stationary 352.8065 430 435 0.162037 0.3626544
Stationary 352.8222 430 435 0.162037 0.3626544
Stationary 352.8375 430 435 0.162037 0.3626544
Stationary 352.8528 430 435 0.162037 0.3626544
Stationary 352.8689 430 435 0.162037 0.3626544
Stationary 352.8837 430 435 0.162037 0.3626544
Stationary 352.8993 430 435 0.162037 0.3626544
Stationary 352.9149 430 435 0.162037 0.3626544
Stationary 352.9301 430 435 0.162037 0.3626544
Stationary 352.9459 430 435 0.162037 0.3626544
Stationary 352.9616 430 435 0.162037 0.3626544
Stationary 352.9762 430 435 0.162037 0.3626544
Stationary 352.9916 430 435 0.162037 0.3626544
Stationary 353.0065 430 435 0.162037 0.3626544
Stationary 353.0221 430 435 0.162037 0.3626544
Moved 353.0383 420.9167 435 0.141011 0.3626544
Moved 353.0542 418.4876 435 0.1353881 0.3626544
Moved 353.0702 417.0518 435 0.1320642 0.3626544
Moved 353.0861 415.5436 435 0.1285732 0.3626544
Moved 353.1005 413.2099 435 0.1231711 0.3626544
Moved 353.1157 411.6661 425.6628 0.1195975 0.2906083
Moved 353.1315 410.2245 426.2245 0.1162606 0.2949426
Moved 353.1474 409.1121 425.1121 0.1136854 0.286359
Moved 353.1625 409 422.4292 0.113426 0.2656574
Moved 353.178 408 421.275 0.1111111 0.2567517
Moved 353.1932 406.8371 419.8371 0.1084192 0.2456567
Moved 353.2172 406 417.9568 0.1064815 0.2311479
Stationary 353.2273 406 417.9568 0.1064815 0.2311479
Moved 353.2379 406 416.5264 0.1064815 0.220111
Moved 353.2543 405 416 0.1041667 0.2160493
Moved 353.2701 403.9652 414.9652 0.1017713 0.208065
Moved 353.2852 404 413.5281 0.1018518 0.1969764
Moved 353.3009 403.0878 413 0.09974023 0.1929012
Moved 353.3159 403 411.6491 0.09953707 0.1824777
Stationary 353.3304 403 411.6491 0.09953707 0.1824777
Moved 353.346 401.626 410.626 0.09635657 0.1745836
Moved 353.3619 400.6669 409.6669 0.09413629 0.1671832
Moved 353.3779 401 409 0.09490739 0.1620373
Moved 353.3953 399.8063 407.8063 0.09214411 0.1528264
Stationary 353.4083 399.8063 407.8063 0.09214411 0.1528264
Moved 353.4249 398.9282 407 0.09011158 0.1466051
Moved 353.4393 399 405.5 0.09027779 0.1350308
Moved 353.4555 398 405.0566 0.08796295 0.1316094
Moved 353.4712 396.6098 405 0.08474499 0.131173
Moved 353.487 397 403.5939 0.0856481 0.1203237
Moved 353.5019 395.0367 404 0.08110333 0.123457
Moved 353.5173 393.5938 404 0.0777634 0.123457
Moved 353.5324 390.3123 404 0.07016738 0.123457
Moved 353.5485 386.1523 404 0.06053785 0.123457
Moved 353.5636 382.8568 404 0.05290935 0.123457
Moved 353.5794 378.5456 404 0.04292965 0.123457
Moved 353.5957 375.4372 413.5009 0.03573427 0.196766
Moved 353.6089 368.9156 416.3896 0.02063791 0.2190555
Moved 353.6249 363.4751 419.2625 0.008044243 0.2412229
Moved 353.6417 354.5782 423.7109 -0.01255035 0.2755468
Moved 353.6569 344.8959 428.0446 -0.03496309 0.3089864
Moved 353.6725 339.2029 429.4493 -0.04814153 0.3198246
Moved 353.6855 334.3393 432.7738 -0.0593998 0.345477
Moved 353.7025 331.0986 433.9671 -0.0669014 0.3546844
Moved 353.7172 326.819 435.3937 -0.07680778 0.3656921
Moved 353.7319 321.6703 436.8325 -0.08872624 0.3767938
Moved 353.7475 318.465 438.2675 -0.09614576 0.3878661
Moved 353.7636 314.5762 438 -0.1051478 0.3858025
Moved 353.7792 311.7035 438 -0.1117974 0.3858025
Moved 353.7937 309.4126 439 -0.1171005 0.3935187
Moved 353.8107 307.4508 439 -0.1216416 0.3935187
Moved 353.8255 303.5893 440.1369 -0.1305803 0.4022909
Moved 353.8415 301.8546 440 -0.1345959 0.4012346
Moved 353.857 298.9703 440 -0.1412725 0.4012346
Moved 353.8719 297.5423 440 -0.144578 0.4012346
Moved 353.887 295.1049 440 -0.1502201 0.4012346
Moved 353.9021 293.67 440 -0.1535418 0.4012346
Moved 353.9181 291 440 -0.1597222 0.4012346
Moved 353.9334 290.1416 440 -0.1617093 0.4012346
Moved 353.9486 288.7032 440 -0.165039 0.4012346
Moved 353.9637 287.2665 440 -0.1683645 0.4012346
Moved 353.9797 285.8286 440 -0.1716931 0.4012346
Moved 353.995 284.3898 440 -0.1750237 0.4012346
Moved 354.0103 282.954 440 -0.1783472 0.4012346
Moved 354.0249 281.5195 440 -0.1816679 0.4012346
Moved 354.0407 280.3841 440 -0.184296 0.4012346
Moved 354.0558 278.9454 440 -0.1876264 0.4012346
Moved 354.0726 277.5023 440 -0.1909668 0.4012346
Moved 354.095 274.5791 440 -0.1977336 0.4012346
Stationary 354.1059 274.5791 440 -0.1977336 0.4012346
Moved 354.1178 274 440 -0.199074 0.4012346
Moved 354.1335 272.704 440 -0.202074 0.4012346
Moved 354.1495 271.7121 440 -0.2043701 0.4012346
Stationary 354.1648 271.7121 440 -0.2043701 0.4012346
Moved 354.1797 269.7289 440 -0.208961 0.4012346
Stationary 354.195 269.7289 440 -0.208961 0.4012346
Moved 354.2102 269 440 -0.2106481 0.4012346
Moved 354.226 268 440 -0.212963 0.4012346
Stationary 354.2415 268 440 -0.212963 0.4012346
Stationary 354.256 268 440 -0.212963 0.4012346
Moved 354.2718 267 440 -0.2152778 0.4012346
Stationary 354.2892 267 440 -0.2152778 0.4012346
Moved 354.3035 265.8006 440 -0.2180541 0.4012346
Stationary 354.318 265.8006 440 -0.2180541 0.4012346
Moved 354.3342 264.6271 440 -0.2207706 0.4012346
Stationary 354.3492 264.6271 440 -0.2207706 0.4012346
Moved 354.3644 263.7513 440 -0.2227979 0.4012346
Stationary 354.3802 263.7513 440 -0.2227979 0.4012346
Moved 354.3954 263.3035 440 -0.2238345 0.4012346
Moved 354.4109 262.5 440 -0.2256944 0.4012346
Stationary 354.4266 262.5 440 -0.2256944 0.4012346
Moved 354.4443 263 441.0023 -0.2245371 0.4089682
Stationary 354.4579 263 441.0023 -0.2245371 0.4089682
Moved 354.4714 261.6271 441 -0.227715 0.4089505
Stationary 354.4878 261.6271 441 -0.227715 0.4089505
Stationary 354.5036 261.6271 441 -0.227715 0.4089505
Moved 354.5181 261.1509 442 -0.2288173 0.4166667
Moved 354.5365 260.5 442 -0.2303241 0.4166667
Ended 354.5504 261 443 -0.2291666 0.4243827
Began 355.1944 458 467 0.2268519 0.6095679
Stationary 355.2128 458 467 0.2268519 0.6095679
Stationary 355.2283 458 467 0.2268519 0.6095679
Stationary 355.2435 458 467 0.2268519 0.6095679
Stationary 355.258 458 467 0.2268519 0.6095679
Stationary 355.2737 458 467 0.2268519 0.6095679
Stationary 355.2915 458 467 0.2268519 0.6095679
Stationary 355.3044 458 467 0.2268519 0.6095679
Stationary 355.319 458 467 0.2268519 0.6095679
Stationary 355.336 458 467 0.2268519 0.6095679
Stationary 355.3578 458 467 0.2268519 0.6095679
Stationary 355.3687 458 467 0.2268519 0.6095679
Stationary 355.381 458 467 0.2268519 0.6095679
Stationary 355.3977 458 467 0.2268519 0.6095679
Stationary 355.4124 458 467 0.2268519 0.6095679
Stationary 355.4289 458 467 0.2268519 0.6095679
Stationary 355.4452 458 467 0.2268519 0.6095679
Stationary 355.4603 458 467 0.2268519 0.6095679
Stationary 355.4772 458 467 0.2268519 0.6095679
Stationary 355.4924 458 467 0.2268519 0.6095679
Stationary 355.5068 458 467 0.2268519 0.6095679
Stationary 355.532 458 467 0.2268519 0.6095679
Stationary 355.5444 458 467 0.2268519 0.6095679
Stationary 355.5555 458 467 0.2268519 0.6095679
Stationary 355.5683 458 467 0.2268519 0.6095679
Stationary 355.5822 458 467 0.2268519 0.6095679
Stationary 355.5975 458 467 0.2268519 0.6095679
Stationary 355.6136 458 467 0.2268519 0.6095679
Moved 355.6278 451.1538 467 0.2110042 0.6095679
Moved 355.6443 444.5 467 0.1956019 0.6095679
Moved 355.6603 447.8777 467 0.2034206 0.6095679
Moved 355.6766 446 467 0.199074 0.6095679
Moved 355.6916 444.8323 467 0.1963712 0.6095679
Moved 355.7065 442.39 467 0.1907176 0.6095679
Moved 355.7219 440.9487 467 0.1873813 0.6095679
Moved 355.7379 439.5352 459.5352 0.1841093 0.5519693
Moved 355.7527 438.3016 458.3016 0.1812537 0.5424505
Moved 355.7685 436.9496 456.9496 0.1781241 0.5320184
Moved 355.7843 435.508 455.508 0.1747871 0.5208952
Moved 355.7999 434.0691 454.0691 0.1714562 0.5097925
Moved 355.8156 431.2446 451.2446 0.1649181 0.4879987
Moved 355.8304 430.1873 450.1873 0.1624706 0.4798403
Moved 355.846 428.7315 448.7315 0.1591007 0.4686073
Moved 355.862 427.5 447.5 0.15625 0.4591051
Moved 355.8766 425.1852 445.3704 0.1508917 0.4426729
Moved 355.8922 422.5046 443.7523 0.1446866 0.4301878
Moved 355.9129 416.811 439.9055 0.131507 0.4005056
Stationary 355.9235 416.811 439.9055 0.131507 0.4005056
Moved 355.938 413.391 437.9273 0.1235902 0.3852417
Moved 355.9536 409.0836 436.0278 0.1136194 0.3705852
Moved 355.9693 404.7675 434.5892 0.1036285 0.3594843
Moved 355.9834 400.6237 433.6559 0.09403637 0.3522834
Moved 356.001 395.3524 432.0881 0.0818342 0.3401859
Moved 356.0148 389.5961 430.649 0.06850937 0.3290817
Moved 356.0298 386.6188 428.4125 0.06161769 0.3118252
Moved 356.0455 382.3271 428 0.05168319 0.308642
Moved 356.0615 378.6732 426.3366 0.04322509 0.2958071
Moved 356.0768 374.6719 424.8906 0.03396262 0.28465
Moved 356.0927 371.5107 425 0.02664526 0.2854938
Moved 356.1073 366.3541 423.3385 0.01470864 0.2726736
Moved 356.1228 361.7087 421.9029 0.003955364 0.2615964
Moved 356.1411 356.2987 422 -0.008567721 0.2623458
Moved 356.1539 347.1754 422 -0.02968654 0.2623458
Moved 356.1688 339.9519 420.5904 -0.04640768 0.2514691
Moved 356.1859 333.6179 421 -0.06106978 0.2546295
Moved 356.2001 328.2713 420.0543 -0.07344613 0.2473322
Moved 356.2153 322.5395 420 -0.08671422 0.2469136
Moved 356.2312 317.7594 418.1898 -0.09777923 0.232946
Moved 356.2463 314.4961 418 -0.1053331 0.2314815
Moved 356.2625 309.2358 417 -0.1175098 0.2237654
Moved 356.2772 305.7433 415.8716 -0.1255942 0.2150591
Moved 356.2919 302.2976 414.4326 -0.1335704 0.203955
Moved 356.3081 299.4543 414 -0.140152 0.2006174
Moved 356.3231 296.7142 412.8571 -0.146495 0.1917983
Moved 356.3397 294.848 412.424 -0.1508149 0.1884563
Moved 356.3535 292.9881 410.9881 -0.1551201 0.1773772
Moved 356.3765 289.2168 410 -0.16385 0.1697531
Stationary 356.3875 289.2168 410 -0.16385 0.1697531
Moved 356.4008 289 408.6765 -0.1643519 0.1595412
Moved 356.4154 287.5 409 -0.1678241 0.1620373
Moved 356.4315 286.1331 408 -0.1709883 0.154321
Moved 356.4466 286 406.6946 -0.1712963 0.1442488
Moved 356.4631 284.2567 407 -0.1753318 0.1466051
Moved 356.4769 284 405.8171 -0.1759259 0.137478
Moved 356.493 283 405.3802 -0.1782407 0.1341064
Moved 356.5082 281.9395 405 -0.1806956 0.131173
Moved 356.526 282 403.5051 -0.1805555 0.1196385
Moved 356.5393 280.4342 403.4341 -0.1841802 0.1190906
Moved 356.5548 279.5 402.5 -0.1863426 0.1118827
Moved 356.5694 278.7789 401.7789 -0.1880117 0.106319
Moved 356.5865 278.1195 401 -0.1895381 0.1003085
Moved 356.6011 276.6804 399.6804 -0.1928695 0.09012634
Moved 356.6165 273.489 398.2445 -0.2002569 0.07904724
Moved 356.6318 271.8091 396.8091 -0.2041455 0.06797191
Moved 356.6473 270.7695 394.539 -0.2065521 0.05045526
Moved 356.6628 267.5216 393.2608 -0.2140703 0.04059262
Moved 356.6777 265.8228 391.8229 -0.2180027 0.02949774
Moved 356.6938 263.7717 390.3859 -0.2227506 0.01840945
Moved 356.7087 260.8965 388.9482 -0.2294063 0.007316802
Moved 356.7251 258.0274 386.0274 -0.2360477 -0.01522041
Moved 356.7397 257.0762 386.0762 -0.2382495 -0.01484365
Moved 356.755 255.9933 384.9933 -0.2407561 -0.02319925
Moved 356.7765 252.116 384 -0.2497315 -0.03086396
Stationary 356.7887 252.116 384 -0.2497315 -0.03086396
Moved 356.802 252 382.6813 -0.25 -0.04103955
Moved 356.8171 250.2438 383 -0.2540652 -0.03858025
Moved 356.833 248.8125 381.8126 -0.2573784 -0.04774259
Moved 356.848 247.5 382 -0.2604167 -0.04629629
Stationary 356.8624 247.5 382 -0.2604167 -0.04629629
Moved 356.8767 245.7966 380.7966 -0.2643597 -0.05558202
Stationary 356.8939 245.7966 380.7966 -0.2643597 -0.05558202
Moved 356.91 243.9197 381 -0.2687044 -0.05401235
Moved 356.9252 243.4212 380 -0.2698584 -0.06172816
Moved 356.9408 241.9781 380 -0.2731989 -0.06172816
Moved 356.9561 241.538 379 -0.2742177 -0.06944421
Moved 356.9712 240.5 379 -0.2766204 -0.06944421
Moved 356.9867 239.9937 379 -0.2777924 -0.06944421
Stationary 357.0024 239.9937 379 -0.2777924 -0.06944421
Stationary 357.0157 239.9937 379 -0.2777924 -0.06944421
Moved 357.0322 238.7515 379 -0.2806678 -0.06944421
Stationary 357.0472 238.7515 379 -0.2806678 -0.06944421
Stationary 357.0632 239 379 -0.2800926 -0.06944421
Stationary 357.0787 239 379 -0.2800926 -0.06944421
Stationary 357.0935 239 379 -0.2800926 -0.06944421
Ended 357.1107 239 379 -0.2800926 -0.06944421
Began 357.5645 440 407 0.1851852 0.1466051
Stationary 357.5813 440 407 0.1851852 0.1466051
Stationary 357.592 440 407 0.1851852 0.1466051
Stationary 357.6017 440 407 0.1851852 0.1466051
Stationary 357.617 440 407 0.1851852 0.1466051
Stationary 357.6324 440 407 0.1851852 0.1466051
Stationary 357.6487 440 407 0.1851852 0.1466051
Stationary 357.6642 440 407 0.1851852 0.1466051
Stationary 357.6786 440 407 0.1851852 0.1466051
Stationary 357.6952 440 407 0.1851852 0.1466051
Stationary 357.7099 440 407 0.1851852 0.1466051
Stationary 357.7267 440 407 0.1851852 0.1466051
Stationary 357.7427 440 407 0.1851852 0.1466051
Stationary 357.7561 440 407 0.1851852 0.1466051
Stationary 357.7725 440 407 0.1851852 0.1466051
Stationary 357.7887 440 407 0.1851852 0.1466051
Stationary 357.8028 440 407 0.1851852 0.1466051
Stationary 357.8173 440 407 0.1851852 0.1466051
Stationary 357.834 440 407 0.1851852 0.1466051
Stationary 357.8505 440 407 0.1851852 0.1466051
Stationary 357.8648 440 407 0.1851852 0.1466051
Stationary 357.8806 440 407 0.1851852 0.1466051
Stationary 357.8963 440 407 0.1851852 0.1466051
Stationary 357.9127 440 407 0.1851852 0.1466051
Stationary 357.9331 440 407 0.1851852 0.1466051
Stationary 357.9435 440 407 0.1851852 0.1466051
Stationary 357.9567 440 407 0.1851852 0.1466051
Stationary 357.9719 440 407 0.1851852 0.1466051
Stationary 357.9887 440 407 0.1851852 0.1466051
Stationary 358.0042 440 407 0.1851852 0.1466051
Moved 358.0194 430.9542 407 0.1642459 0.1466051
Moved 358.0347 429.5535 407 0.1610034 0.1466051
Moved 358.0507 428.1077 407 0.1576568 0.1466051
Moved 358.0648 426.6652 407 0.1543175 0.1466051
Moved 358.0806 424.4696 414.7652 0.1492352 0.2065217
Moved 358.0984 422.738 416.262 0.1452269 0.2180712
Moved 358.1129 420.6229 418.3771 0.1403309 0.2343911
Moved 358.1277 419.175 420.65 0.1369792 0.2519286
Moved 358.1433 416.6098 423.3902 0.1310411 0.2730725
Moved 358.1587 414.3652 426.2695 0.1258455 0.2952896
Moved 358.174 412.9268 429.1464 0.1225158 0.3174879
Moved 358.1922 411.5 432 0.119213 0.3395063
Moved 358.2043 410.0576 434.8848 0.1158741 0.3617652
Moved 358.2202 410 436.3834 0.1157407 0.3733284
Moved 358.2366 408.3792 438.6208 0.1119889 0.3905926
Moved 358.2512 408 440.87 0.1111111 0.4079474
Moved 358.2735 406 444.8068 0.1064815 0.4383237
Stationary 358.2849 406 444.8068 0.1064815 0.4383237
Moved 358.2976 406 446.2405 0.1064815 0.4493869
Moved 358.3132 405.3234 447 0.1049153 0.4552471
Moved 358.3284 405 448.1162 0.1041667 0.4638598
Moved 358.3434 405 449.5 0.1041667 0.4745372
Stationary 358.3591 405 449.5 0.1041667 0.4745372
Moved 358.3738 403.9254 450.0745 0.1016793 0.4789703
Stationary 358.3903 404 450 0.1018518 0.4783951
Moved 358.4052 403.0534 450 0.09966075 0.4783951
Moved 358.42 403 451.3837 0.09953707 0.4890715
Stationary 358.436 403 451.3837 0.09953707 0.4890715
Moved 358.4501 401.7345 451 0.09660761 0.4861111
Stationary 358.4657 401.7345 451 0.09660761 0.4861111
Moved 358.4824 400.1685 451 0.09298275 0.4861111
Moved 358.4977 398.7281 451 0.08964827 0.4861111
Moved 358.5132 395.583 451 0.08236806 0.4861111
Moved 358.5279 393.7856 451 0.07820726 0.4861111
Moved 358.5431 390.6837 451 0.07102708 0.4861111
Moved 358.5591 387.8102 451 0.06437559 0.4861111
Moved 358.5779 385.6873 451 0.0594612 0.4861111
Moved 358.5902 379.4179 446.4814 0.04494895 0.4512454
Moved 358.605 373.6455 442.9114 0.03158678 0.4236989
Moved 358.6227 368 440 0.01851857 0.4012346
Moved 358.6355 362.1021 436.0765 0.004865825 0.370961
Moved 358.6502 356.3304 433.1652 -0.008494408 0.348497
Moved 358.6668 346.7863 429.2621 -0.03058736 0.3183803
Moved 358.6822 340.2435 426.1218 -0.04573256 0.2941493
Moved 358.6975 333.0943 421.8566 -0.06228179 0.2612391
Moved 358.7144 325.9084 417.545 -0.07891576 0.2279712
Moved 358.7296 320.1198 413.3398 -0.09231538 0.1955235
Moved 358.7444 313.4035 409.7017 -0.1078624 0.1674517
Moved 358.76 307.6302 405.7227 -0.1212264 0.1367489
Moved 358.775 302.8767 402.9384 -0.1322299 0.1152652
Moved 358.7929 298.0659 400.533 -0.143366 0.09670493
Moved 358.806 293.7548 397.8365 -0.1533453 0.07589918
Moved 358.822 288.8878 394.9439 -0.1646117 0.05357978
Moved 358.8373 284.0872 392.0581 -0.1757242 0.03131266
Moved 358.8524 279.7784 390.5928 -0.1856983 0.02000597
Moved 358.8734 276.4687 388.1563 -0.1933595 0.001205633
Moved 358.8852 273.4193 385.4193 -0.2004183 -0.01991272
Moved 358.899 269.5 384.5 -0.2094908 -0.02700594
Moved 358.9142 263.7553 380.3776 -0.2227887 -0.05881463
Moved 358.9293 260.4852 377.4852 -0.2303583 -0.08113249
Moved 358.9452 256.6021 375.301 -0.239347 -0.09798592
Moved 358.9606 253.7216 373.8608 -0.2460147 -0.1090982
Moved 358.9752 251.4207 372.4207 -0.251341 -0.1202103
Moved 358.9919 249.9805 372 -0.2546748 -0.1234566
Moved 359.0059 248.5444 370.5444 -0.257999 -0.134688
Moved 359.0221 246.4021 371 -0.262958 -0.1311728
Moved 359.0385 244.9679 369.9679 -0.266278 -0.1391366
Moved 359.0528 244 370 -0.2685185 -0.1388889
Moved 359.0691 243.0814 370 -0.2706448 -0.1388889
Moved 359.0838 241.6414 368.6414 -0.2739782 -0.1493718
Moved 359.0992 242 369 -0.2731481 -0.1466049
Moved 359.1155 240.7646 369 -0.2760077 -0.1466049
Stationary 359.1311 241 369 -0.275463 -0.1466049
Stationary 359.1527 241 369 -0.275463 -0.1466049
Stationary 359.1629 241 369 -0.275463 -0.1466049
Moved 359.1755 241 374.8936 -0.275463 -0.1011295
Moved 359.1917 248.687 381.2944 -0.2576689 -0.05174025
Moved 359.2074 252.5 385.5 -0.2488426 -0.01929012
Moved 359.2227 255.9676 389.9514 -0.2408157 0.01505722
Moved 359.2383 258.0612 392.0612 -0.2359693 0.0313368
Moved 359.2523 261.9906 395.9906 -0.2268737 0.06165587
Moved 359.2682 265.81 398.8734 -0.2180324 0.08389945
Moved 359.2848 268.7462 400.3731 -0.2112355 0.09547164
Moved 359.3002 272.4312 403.6208 -0.2027054 0.1205313
Moved 359.3158 275.4822 405.2411 -0.1956431 0.1330332
Moved 359.3303 279.3609 407.6805 -0.1866646 0.1518555
Moved 359.347 282.5378 408.8459 -0.1793107 0.1608484
Moved 359.3616 285.4649 411.4649 -0.1725349 0.1810565
Moved 359.3769 289.0259 412.6753 -0.1642918 0.1903957
Moved 359.3922 291.1164 414.1164 -0.1594529 0.2015155
Moved 359.4081 295.1067 415.5533 -0.150216 0.2126031
Moved 359.4265 297.999 416.9995 -0.1435208 0.2237617
Moved 359.4388 300.8795 418.4398 -0.1368529 0.2348747
Moved 359.4538 304.5 419.5 -0.1284722 0.2430557
Moved 359.469 306.9279 420.9639 -0.1228521 0.2543514
Moved 359.4847 308.4041 421 -0.119435 0.2546295
Moved 359.5007 311.6895 422 -0.11183 0.2623458
Moved 359.5162 314.5616 423.2808 -0.1051814 0.2722287
Moved 359.5312 316.4451 424 -0.1008215 0.2777779
Moved 359.5461 318.1586 425.1586 -0.09685501 0.2867177
Moved 359.562 321 425 -0.09027779 0.2854938
Moved 359.5775 321.709 426 -0.08863648 0.2932099
Moved 359.5923 323.1422 427.1422 -0.08531903 0.3020227
Moved 359.6079 324 427.5846 -0.08333336 0.3054369
Moved 359.6235 325.0233 428 -0.08096461 0.308642
Moved 359.6398 326.4621 428 -0.07763405 0.308642
Moved 359.653 327.901 428.9011 -0.07430316 0.3155947
Moved 359.6696 328.5 429.5 -0.07291664 0.3202161
Moved 359.6894 329.1892 429 -0.07132123 0.3163581
Moved 359.7016 330.5 429 -0.06828706 0.3163581
Moved 359.7163 331.1563 430.1563 -0.06676789 0.3252803
Moved 359.7309 332.7548 430 -0.06306763 0.3240741
Moved 359.7474 334.1909 430 -0.05974337 0.3240741
Moved 359.7617 335.6301 430 -0.05641182 0.3240741
Moved 359.7776 337.0689 430 -0.05308121 0.3240741
Moved 359.7935 338.1002 430 -0.05069409 0.3240741
Moved 359.8165 339.0049 431.0049 -0.04859974 0.3318283
Stationary 359.8267 339.0049 431.0049 -0.04859974 0.3318283
Stationary 359.8375 339.0049 431.0049 -0.04859974 0.3318283
Stationary 359.8536 339.0049 431.0049 -0.04859974 0.3318283
Stationary 359.8694 339 431 -0.04861111 0.33179
Stationary 359.8878 339 431 -0.04861111 0.33179
Stationary 359.9005 339 431 -0.04861111 0.33179
Ended 359.9164 339 431 -0.04861111 0.33179
Began 360.4518 494 390 0.3101851 0.0154321
Stationary 360.4793 494 390 0.3101851 0.0154321
Stationary 360.4901 494 390 0.3101851 0.0154321
Stationary 360.5015 494 390 0.3101851 0.0154321
Stationary 360.5167 494 390 0.3101851 0.0154321
Stationary 360.5319 494 390 0.3101851 0.0154321
Stationary 360.5477 494 390 0.3101851 0.0154321
Stationary 360.5633 494 390 0.3101851 0.0154321
Stationary 360.5797 494 390 0.3101851 0.0154321
Stationary 360.5942 494 390 0.3101851 0.0154321
Stationary 360.6099 494 390 0.3101851 0.0154321
Stationary 360.6249 494 390 0.3101851 0.0154321
Stationary 360.6398 494 390 0.3101851 0.0154321
Stationary 360.6554 494 390 0.3101851 0.0154321
Stationary 360.672 494 390 0.3101851 0.0154321
Stationary 360.687 494 390 0.3101851 0.0154321
Stationary 360.7064 494 390 0.3101851 0.0154321
Stationary 360.7176 494 390 0.3101851 0.0154321
Stationary 360.7375 494 390 0.3101851 0.0154321
Stationary 360.7499 494 390 0.3101851 0.0154321
Stationary 360.7632 494 390 0.3101851 0.0154321
Stationary 360.7786 494 390 0.3101851 0.0154321
Stationary 360.7949 494 390 0.3101851 0.0154321
Stationary 360.8108 494 390 0.3101851 0.0154321
Stationary 360.8247 494 390 0.3101851 0.0154321
Stationary 360.8403 494 390 0.3101851 0.0154321
Stationary 360.8566 494 390 0.3101851 0.0154321
Stationary 360.8716 494 390 0.3101851 0.0154321
Moved 360.8884 481.1582 390 0.2804587 0.0154321
Moved 360.9018 483.984 390 0.287 0.0154321
Stationary 360.9174 483.984 390 0.287 0.0154321
Moved 360.9361 482.0854 390 0.2826051 0.0154321
Moved 360.9487 481.5 390 0.28125 0.0154321
Moved 360.9649 480.2075 390 0.278258 0.0154321
Moved 360.9791 478.7653 390 0.2749196 0.0154321
Stationary 360.9955 478.7653 390 0.2749196 0.0154321
Moved 361.0106 477.216 390 0.2713334 0.0154321
Moved 361.026 475.7773 390 0.268003 0.0154321
Moved 361.0415 474.3395 394.6237 0.2646747 0.05110847
Moved 361.0579 472.9026 398.0974 0.2613487 0.07791225
Moved 361.0729 471.461 399.539 0.2580116 0.08903551
Moved 361.0869 470.0223 400.9777 0.2546813 0.1001363
Moved 361.1033 467.9067 402.0466 0.249784 0.1083845
Moved 361.1206 464.9876 404.5062 0.2430269 0.127363
Moved 361.1353 460.193 407.8552 0.2319282 0.153204
Moved 361.1494 455.8511 410.7659 0.2218775 0.1756631
Moved 361.1705 451.5285 412.8239 0.2118716 0.1915422
Moved 361.1811 447.2121 416.788 0.2018797 0.2221292
Moved 361.1956 441.8899 419.4067 0.18956 0.242336
Moved 361.2105 439.2481 421.7519 0.1834447 0.2604314
Moved 361.2264 436.4389 423.2805 0.1769419 0.2722262
Moved 361.242 433.5688 425.7156 0.170298 0.2910157
Moved 361.2578 430.6913 428.3087 0.1636374 0.3110236
Moved 361.273 428.4098 429.5902 0.158356 0.3209122
Moved 361.2899 426.971 432.058 0.1550254 0.339954
Moved 361.3037 425.5369 433.4631 0.1517058 0.3507958
Moved 361.3191 425 434.6755 0.150463 0.3601507
Moved 361.3344 423.988 435 0.1481204 0.3626544
Moved 361.3502 424 436.4507 0.1481481 0.373848
Moved 361.3659 423 436.8884 0.1458333 0.3772255
Moved 361.3861 423 438.3282 0.1458333 0.3883347
Stationary 361.3969 423 438.3282 0.1458333 0.3883347
Moved 361.4108 421.6266 439.3734 0.1426542 0.3963997
Moved 361.4258 422 440.3166 0.1435185 0.4036773
Stationary 361.4411 422 440.3166 0.1435185 0.4036773
Stationary 361.4577 422 440.3166 0.1435185 0.4036773
Moved 361.4722 422 441.136 0.1435185 0.4100005
Stationary 361.4897 422 441 0.1435185 0.4089505
Stationary 361.5048 422 441 0.1435185 0.4089505
Stationary 361.5196 422 441 0.1435185 0.4089505
Stationary 361.5351 422 441 0.1435185 0.4089505
Stationary 361.5529 422 441 0.1435185 0.4089505
Stationary 361.5657 422 441 0.1435185 0.4089505
Stationary 361.5809 422 441 0.1435185 0.4089505
Stationary 361.6002 422 441 0.1435185 0.4089505
Stationary 361.6125 422 441 0.1435185 0.4089505
Stationary 361.627 422 441 0.1435185 0.4089505
Moved 361.6429 422 433.4181 0.1435185 0.3504481
Moved 361.6593 431.2912 432.8386 0.1650259 0.345977
Moved 361.6751 432.3199 430.3401 0.1674071 0.3266982
Moved 361.6902 435.21 427.79 0.1740973 0.3070216
Moved 361.7049 438 425 0.1805556 0.2854938
Moved 361.7207 439.9704 422.0295 0.1851167 0.2625736
Moved 361.7384 442.8349 419.1651 0.1917475 0.2404716
Moved 361.7508 445.7214 416.2786 0.1984292 0.2181989
Moved 361.7672 447.9971 414.0029 0.2036971 0.2006395
Moved 361.7848 450.8849 409.6727 0.2103816 0.1672274
Moved 361.7975 453.7632 407.2368 0.2170446 0.1484319
Moved 361.8198 458.5291 400.4709 0.2280765 0.09622657
Stationary 361.8315 458.5291 400.4709 0.2280765 0.09622657
Moved 361.8439 460.2047 397.5907 0.2319553 0.07400254
Moved 361.8584 461.645 395.355 0.2352894 0.05675151
Moved 361.8741 462.8169 393.3663 0.238002 0.04140654
Moved 361.8897 464.201 391.799 0.2412061 0.02931277
Moved 361.9055 465 390.3654 0.2430555 0.01825133
Moved 361.9211 466.081 387.838 0.2455579 -0.001250491
Moved 361.938 467.5 388 0.2488426 1.177376E-07
Moved 361.9521 467.9583 386.0416 0.2499036 -0.01511068
Moved 361.9689 468 384.5936 0.25 -0.02628374
Moved 361.9838 469.5 385 0.2534722 -0.02314815
Moved 361.9994 469 383.5 0.2523148 -0.03472222
Moved 362.0173 470.1805 382.8195 0.2550474 -0.03997285
Stationary 362.0293 470.1805 382.8195 0.2550474 -0.03997285
Moved 362.0447 470 381.9209 0.2546296 -0.04690665
Stationary 362.0601 470 381.9209 0.2546296 -0.04690665
Moved 362.0742 471 380.8822 0.2569444 -0.05492128
Stationary 362.0915 471 380.8822 0.2569444 -0.05492128
Stationary 362.1061 471 380.8822 0.2569444 -0.05492128
Stationary 362.1213 471 380.8822 0.2569444 -0.05492128
Stationary 362.1377 471 380.8822 0.2569444 -0.05492128
Stationary 362.1512 471 381 0.2569444 -0.05401235
Stationary 362.1669 471 381 0.2569444 -0.05401235
Moved 362.1826 456.6291 388.8676 0.2236785 0.006694323
Moved 362.1984 449.4279 395.2577 0.207009 0.0560007
Moved 362.2185 444.5174 397.8896 0.195642 0.07630878
Moved 362.2307 435.8355 405.3315 0.1755452 0.1337311
Moved 362.2454 429.8638 409.8522 0.1617217 0.1686125
Moved 362.2605 424.1258 413.1556 0.1484394 0.1941022
Moved 362.2746 414.8661 419.8099 0.1270049 0.2454467
Moved 362.29 409.9895 422.2042 0.1157166 0.2639211
Moved 362.306 403.8307 426.127 0.10146 0.2941893
Moved 362.3214 401.7228 427.1386 0.09658068 0.3019953
Moved 362.3376 395.5175 430.2413 0.08221637 0.3259359
Moved 362.3531 389.7687 433.1157 0.06890903 0.3481147
Moved 362.3676 384.0075 434.4981 0.05557299 0.3587817
Moved 362.3849 381.1288 435.9356 0.04890919 0.3698734
Moved 362.399 376.8733 438.7512 0.03905853 0.3915983
Moved 362.4183 374.3627 439 0.03324687 0.3935187
Moved 362.4301 372.1158 439.9421 0.02804578 0.4007878
Moved 362.4449 369.2745 441.3628 0.0214687 0.4117501
Moved 362.4613 365.5963 441.8012 0.01295447 0.4151331
Moved 362.4756 362.5124 443.2438 0.005815625 0.4262642
Moved 362.4922 357.2667 444.6833 -0.006327182 0.4373715
Moved 362.5073 352.6198 445 -0.01708369 0.4398148
Moved 362.5215 347.4092 445 -0.02914543 0.4398148
Moved 362.5365 343.8637 445 -0.03735245 0.4398148
Moved 362.5526 338.8413 445 -0.04897838 0.4398148
Moved 362.5698 334.5724 445 -0.05886028 0.4398148
Moved 362.5847 331.1704 445 -0.0667351 0.4398148
Moved 362.605 326.936 445 -0.07653709 0.4398148
Moved 362.6159 324.4045 445 -0.08239701 0.4398148
Moved 362.631 321.5313 445 -0.08904791 0.4398148
Moved 362.6463 317.5 445 -0.09837966 0.4398148
Moved 362.6616 315.6231 445 -0.1027243 0.4398148
Moved 362.6768 311.2992 436.3647 -0.1127334 0.3731848
Moved 362.6918 307.6523 435.6523 -0.1211752 0.3676879
Moved 362.7071 304.7783 433.8892 -0.127828 0.3540832
Moved 362.7234 301.8885 432.4443 -0.1345173 0.3429342
Moved 362.739 299.0056 431.0028 -0.1411907 0.3318118
Moved 362.7542 297.5667 429.5667 -0.1445216 0.320731
Moved 362.769 295.4757 429.4758 -0.1493617 0.3200292
Moved 362.7918 290.2 425.6 -0.1615741 0.2901233
Stationary 362.803 290.2 425.6 -0.1615741 0.2901233
Moved 362.8152 289.1552 424.1552 -0.1639925 0.2789754
Moved 362.8306 286.4448 422.7224 -0.1702667 0.2679199
Moved 362.8466 285.2814 422 -0.1729597 0.2623458
Moved 362.8609 283.8405 419.6809 -0.1762952 0.2444515
Stationary 362.8764 283.8405 419.6809 -0.1762952 0.2444515
Moved 362.8928 282 419 -0.1805555 0.2391978
Moved 362.9073 280.8248 419 -0.183276 0.2391978
Moved 362.924 279.5 417.5 -0.1863426 0.2276235
Moved 362.9395 278.9708 416.9708 -0.1875677 0.2235397
Stationary 362.954 278.5029 417 -0.1886508 0.2237654
Moved 362.9739 278 416.0665 -0.1898148 0.2165627
Moved 362.9863 278 415.5 -0.1898148 0.2121914
Moved 363.0006 276.7928 416 -0.1926093 0.2160493
Stationary 363.0159 276.7928 416 -0.1926093 0.2160493
Moved 363.0313 275.88 416 -0.1947223 0.2160493
Moved 363.0467 276 414.5 -0.1944444 0.2044754
Stationary 363.0628 276 414.5 -0.1944444 0.2044754
Moved 363.0765 275 415 -0.1967592 0.2083334
Stationary 363.0919 275 415 -0.1967592 0.2083334
Stationary 363.1079 275 415 -0.1967592 0.2083334
Stationary 363.1219 275 415 -0.1967592 0.2083334
Stationary 363.1372 275 415 -0.1967592 0.2083334
Stationary 363.1571 275 415 -0.1967592 0.2083334
Stationary 363.1697 275 415 -0.1967592 0.2083334
Moved 363.1876 273.5928 415 -0.2000166 0.2083334
Stationary 363.2014 274 415 -0.199074 0.2083334
Stationary 363.2158 274 415 -0.199074 0.2083334
Stationary 363.2302 274 415 -0.199074 0.2083334
Stationary 363.2467 274 415 -0.199074 0.2083334
Stationary 363.2642 274 415 -0.199074 0.2083334
Stationary 363.2759 274 415 -0.199074 0.2083334
Moved 363.2923 273 415 -0.2013889 0.2083334
Stationary 363.3085 273 415 -0.2013889 0.2083334
Stationary 363.3232 273 415 -0.2013889 0.2083334
Moved 363.3456 272 415 -0.2037037 0.2083334
Stationary 363.3559 272 415 -0.2037037 0.2083334
Stationary 363.37 272 415 -0.2037037 0.2083334
Moved 363.3863 270.8488 415 -0.2063684 0.2083334
Stationary 363.4009 271 415 -0.2060186 0.2083334
Stationary 363.4173 271 415 -0.2060186 0.2083334
Moved 363.4316 271 423.3081 -0.2060186 0.2724391
Moved 363.4469 271 422 -0.2060186 0.2623458
Ended 363.4633 271 422 -0.2060186 0.2623458
Began 364.1691 292 491 -0.1574074 0.794753
Stationary 364.1897 292 491 -0.1574074 0.794753
Stationary 364.2067 292 491 -0.1574074 0.794753
Stationary 364.2179 292 491 -0.1574074 0.794753
Stationary 364.2332 292 491 -0.1574074 0.794753
Stationary 364.2478 292 491 -0.1574074 0.794753
Stationary 364.264 292 491 -0.1574074 0.794753
Stationary 364.2797 292 491 -0.1574074 0.794753
Stationary 364.2951 292 491 -0.1574074 0.794753
Stationary 364.3098 292 491 -0.1574074 0.794753
Stationary 364.325 292 491 -0.1574074 0.794753
Stationary 364.3411 292 491 -0.1574074 0.794753
Stationary 364.3563 292 491 -0.1574074 0.794753
Stationary 364.3711 292 491 -0.1574074 0.794753
Stationary 364.3969 292 491 -0.1574074 0.794753
Stationary 364.4107 292 491 -0.1574074 0.794753
Stationary 364.4248 292 491 -0.1574074 0.794753
Stationary 364.4368 292 491 -0.1574074 0.794753
Stationary 364.4479 292 491 -0.1574074 0.794753
Stationary 364.4631 292 491 -0.1574074 0.794753
Stationary 364.4798 292 491 -0.1574074 0.794753
Moved 364.4959 282.6001 491 -0.1791663 0.794753
Moved 364.511 281.9541 491 -0.1806617 0.794753
Stationary 364.5263 281.9541 491 -0.1806617 0.794753
Stationary 364.5418 281.9541 491 -0.1806617 0.794753
Moved 364.5606 280.8996 491 -0.1831028 0.794753
Stationary 364.5736 280.8996 491 -0.1831028 0.794753
Moved 364.5868 279.9068 491 -0.185401 0.794753
Stationary 364.6023 279.9068 491 -0.185401 0.794753
Stationary 364.6193 279.9068 491 -0.185401 0.794753
Moved 364.6349 279 491 -0.1875 0.794753
Moved 364.6498 277.3186 491 -0.1913922 0.794753
Moved 364.6652 276.5 491 -0.193287 0.794753
Moved 364.6828 276 487.0766 -0.1944444 0.7644801
Moved 364.6966 275.0135 484 -0.1967279 0.7407409
Moved 364.7111 273.8983 482.8983 -0.1993095 0.7322396
Stationary 364.7278 273.8983 482.8983 -0.1993095 0.7322396
Moved 364.7472 271.9995 480.9995 -0.2037048 0.7175891
Moved 364.7584 270.5607 481 -0.2070355 0.7175925
Moved 364.7726 269.122 479.122 -0.2103656 0.703102
Moved 364.7889 267.687 477.687 -0.2136875 0.6920293
Moved 364.8034 266.2473 476.2474 -0.21702 0.6809211
Moved 364.8199 265.1064 476 -0.219661 0.6790124
Moved 364.8347 265 474.707 -0.2199074 0.6690352
Moved 364.8503 263.2673 474.2673 -0.2239183 0.6656426
Moved 364.8657 261.8286 474 -0.2272486 0.6635804
Moved 364.8813 261 473.3898 -0.2291666 0.6588721
Moved 364.8965 259.954 473 -0.2315879 0.6558642
Moved 364.9192 258.3225 472 -0.2353645 0.6481483
Stationary 364.9301 258.3225 472 -0.2353645 0.6481483
Moved 364.9438 256.9966 470.9966 -0.2384338 0.6404062
Stationary 364.9603 256.9966 470.9966 -0.2384338 0.6404062
Stationary 364.9724 256.9966 470.9966 -0.2384338 0.6404062
Moved 364.9891 255.7513 469.7513 -0.2413165 0.6307969
Moved 365.0039 255 469.2416 -0.2430556 0.6268646
Moved 365.0204 255 468.5 -0.2430556 0.6211419
Moved 365.0373 255 469 -0.2430556 0.6250003
Moved 365.0518 253.5 467.5 -0.2465278 0.6134259
Moved 365.0664 254 466.9073 -0.2453704 0.6088525
Moved 365.0855 254 466.3717 -0.2453704 0.6047199
Moved 365.0974 254 464.9309 -0.2453704 0.5936027
Moved 365.1125 254 463.5 -0.2453704 0.5825617
Stationary 365.1276 254 463.5 -0.2453704 0.5825617
Moved 365.1449 254 460.2299 -0.2453704 0.5573293
Stationary 365.1584 254 459.5294 -0.2453704 0.551924
Moved 365.1738 254 457.1814 -0.2453704 0.5338071
Moved 365.1891 254 454.3115 -0.2453704 0.5116631
Moved 365.2061 254 452.2138 -0.2453704 0.4954771
Moved 365.222 254 449.5558 -0.2453704 0.4749674
Moved 365.2445 265.1943 442.8057 -0.2194577 0.4228836
Stationary 365.2551 265.1943 442.8057 -0.2194577 0.4228836
Moved 365.267 267.3649 440.6351 -0.2144332 0.4061354
Moved 365.2827 272.0271 436.9728 -0.2036409 0.377877
Moved 365.2974 276.3627 432.6373 -0.1936049 0.3444233
Moved 365.313 279.6767 429.8822 -0.1859336 0.3231653
Moved 365.3285 284.9678 425.0322 -0.1736855 0.285742
Moved 365.3458 287.8779 422.1221 -0.1669494 0.263288
Moved 365.3593 292.6116 418.3884 -0.1559917 0.2344787
Moved 365.374 294.9581 416.0419 -0.1505599 0.2163725
Moved 365.3948 299.3738 413.0841 -0.1403384 0.1935502
Moved 365.4069 303.6938 409.3062 -0.1303385 0.1644
Moved 365.4214 308.0103 406.3265 -0.1203467 0.1414081
Moved 365.4379 311.3263 403.4492 -0.1126707 0.1192067
Moved 365.4516 315.6427 399.3573 -0.1026789 0.08763361
Moved 365.4678 320.3058 396.3471 -0.09188464 0.06440693
Moved 365.4858 322.5966 394.4034 -0.08658195 0.04940893
Moved 365.4994 326.4886 391.6743 -0.07757256 0.02835085
Moved 365.5149 329.8016 389.3995 -0.06990378 0.01079854
Moved 365.5309 333.0868 386.9132 -0.06229907 -0.008385506
Moved 365.5512 338.8458 382.1542 -0.048968 -0.04510668
Stationary 365.5642 338.8458 382.1542 -0.048968 -0.04510668
Moved 365.5758 341.7245 380.6377 -0.0423043 -0.05680791
Moved 365.5916 342.5 378 -0.04050925 -0.0771605
Moved 365.606 344.9153 376.1695 -0.03491839 -0.09128453
Moved 365.6219 347.7076 373.2924 -0.02845451 -0.1134849
Moved 365.6378 349.7925 371.415 -0.02362852 -0.1279704
Moved 365.6524 351.2278 369.7722 -0.02030611 -0.1406462
Moved 365.6678 353.6691 365.9928 -0.01465494 -0.1698084
Moved 365.6835 355.1056 362.7888 -0.01132965 -0.1945307
Moved 365.7041 356.5 360 -0.008101861 -0.2160494
Moved 365.7148 357.633 358.734 -0.005479157 -0.2258176
Moved 365.7309 359.0717 355.8565 -0.002148748 -0.2480206
Moved 365.7459 360 353.4895 0 -0.2662847
Moved 365.7605 360.9492 351.1015 0.002197325 -0.2847106
Moved 365.7759 361 349.6121 0.002314846 -0.2962033
Moved 365.7917 362 348.1733 0.004629592 -0.3073049
Moved 365.8068 362 346.7346 0.004629592 -0.3184062
Moved 365.8217 362 345.694 0.004629592 -0.3264354
Stationary 365.8369 362 345.694 0.004629592 -0.3264354
Moved 365.8587 362 344 0.004629592 -0.3395062
Stationary 365.8699 362 344 0.004629592 -0.3395062
Moved 365.8828 362 342.84 0.004629592 -0.3484571
Moved 365.8986 357.2097 342.4012 -0.006459057 -0.3518425
Moved 365.9153 350.8874 340.9625 -0.02109393 -0.362944
Moved 365.9301 345.4639 341 -0.03364846 -0.3626543
Moved 365.9456 336.928 341 -0.0534074 -0.3626543
Moved 365.9614 328.9124 341 -0.07196192 -0.3626543
Moved 365.9771 321.6975 341 -0.08866311 -0.3626543
Moved 365.9937 314.5955 347.3053 -0.1051031 -0.3140024
Moved 366.0076 308.6417 350.6791 -0.118885 -0.2879696
Moved 366.0283 301.9098 353.5451 -0.1344681 -0.2658555
Moved 366.0397 296.5711 356.6573 -0.1468262 -0.2418415
Moved 366.0535 290.8699 360.8476 -0.1600234 -0.2095093
Moved 366.0693 286.1066 362.4467 -0.1710495 -0.1971704
Moved 366.0851 282.6808 365.3192 -0.1789796 -0.1750066
Moved 366.0993 275.6003 370.1999 -0.1953698 -0.1373465
Moved 366.1152 271.9308 374.1039 -0.203864 -0.1072231
Moved 366.1309 267.5669 375.4777 -0.2139655 -0.09662252
Moved 366.1459 264.9343 379.0657 -0.2200595 -0.0689377
Moved 366.1616 261.9418 382.0582 -0.2269866 -0.04584701
Moved 366.1824 259.0961 386.9039 -0.2335739 -0.008457444
Stationary 366.1943 259.0961 386.9039 -0.2335739 -0.008457444
Moved 366.2073 257.6538 389.6924 -0.2369126 0.0130591
Moved 366.2232 255.2182 391.7817 -0.2425504 0.02918008
Moved 366.2386 255 394.4258 -0.2430556 0.04958235
Moved 366.2538 253.5 398.5 -0.2465278 0.08101851
Moved 366.2694 253 400.4867 -0.2476852 0.09634796
Moved 366.2846 251.8205 404.5385 -0.2504155 0.1276116
Moved 366.3006 252 407.2546 -0.25 0.1485692
Moved 366.3194 250.937 411.189 -0.2524606 0.1789278
Moved 366.3313 251 413.0123 -0.2523148 0.1929962
Moved 366.3464 251 415.9971 -0.2523148 0.2160271
Moved 366.3615 251 418.8829 -0.2523148 0.2382938
Moved 366.3779 251 420.5741 -0.2523148 0.2513435
Moved 366.3929 251 423.0257 -0.2523148 0.27026
Moved 366.4087 251 424.4515 -0.2523148 0.2812618
Moved 366.4239 251 426.8878 -0.2523148 0.3000597
Moved 366.4392 251 428.33 -0.2523148 0.3111884
Moved 366.4582 251 429 -0.2523148 0.3163581
Moved 366.4715 259.4264 430.2038 -0.2328093 0.3256466
Stationary 366.4893 259.2319 430 -0.2332595 0.3240741
Moved 366.5009 259.7479 431 -0.2320651 0.33179
Moved 366.5158 261.19 432.19 -0.2287268 0.3409724
Moved 366.5314 262.6243 432 -0.2254067 0.3395063
Moved 366.5469 265.1161 433.058 -0.2196386 0.3476702
Moved 366.562 267.9858 433 -0.2129958 0.3472221
Moved 366.577 270.8718 433 -0.2063154 0.3472221
Moved 366.5934 273.0062 433 -0.2013745 0.3472221
Moved 366.6145 279.7693 433 -0.1857192 0.3472221
Stationary 366.6258 279.7693 433 -0.1857192 0.3472221
Moved 366.6393 282.6393 433 -0.1790757 0.3472221
Moved 366.6548 285.5287 433 -0.1723872 0.3472221
Moved 366.6705 288.3939 433 -0.165755 0.3472221
Moved 366.6853 291.9102 433 -0.1576151 0.3472221
Moved 366.7014 295.4407 433 -0.1494427 0.3472221
Moved 366.7168 298.3914 433 -0.1426124 0.3472221
Moved 366.7322 303.8987 433 -0.1298642 0.3472221
Moved 366.7478 307.1453 433 -0.1223488 0.3472221
Moved 366.7686 316.8416 433 -0.09990369 0.3472221
Stationary 366.7794 316.8416 433 -0.09990369 0.3472221
Moved 366.7931 322.5283 421.9435 -0.08674016 0.2619095
Moved 366.8106 327 423.5 -0.07638887 0.2739196
Moved 366.8243 331.6297 423.0926 -0.06567205 0.2707761
Moved 366.8401 337.385 421.6537 -0.05234957 0.259674
Moved 366.8552 342.1396 421.2151 -0.04134342 0.2562894
Moved 366.8708 346.6712 419.7762 -0.0308537 0.245187
Moved 366.8859 350.3248 419.3376 -0.02239625 0.2418024
Moved 366.9055 354.2941 419 -0.01320804 0.2391978
Moved 366.9174 357 419 -0.006944438 0.2391978
Moved 366.9326 361.0158 418 0.002351503 0.2314815
Moved 366.948 365.3282 418 0.01233379 0.2314815
Moved 366.9643 369.5 416.5 0.02199074 0.2199075
Moved 366.9784 372.9614 417 0.03000329 0.2237654
Moved 366.9945 375.8278 417 0.03663838 0.2237654
Moved 367.0101 377.7131 417 0.04100253 0.2237654
Moved 367.0249 380.5899 417 0.04766176 0.2237654
Moved 367.0471 384.6781 417 0.05712519 0.2237654
Stationary 367.058 384.6781 417 0.05712519 0.2237654
Moved 367.0708 386.2777 417 0.06082813 0.2237654
Moved 367.0865 388.7166 417 0.06647348 0.2237654
Moved 367.1018 391.3105 417 0.07247795 0.2237654
Moved 367.1185 392.5969 417 0.0754558 0.2237654
Moved 367.1333 394.0356 417 0.07878621 0.2237654
Moved 367.1481 396.1563 417 0.08369526 0.2237654
Moved 367.1641 398.5469 417 0.08922884 0.2237654
Moved 367.1831 400.9801 417 0.09486128 0.2237654
Moved 367.1965 402.4207 417 0.09819607 0.2237654
Moved 367.2099 405.7336 417 0.1058649 0.2237654
Moved 367.2256 408.605 417 0.1125117 0.2237654
Moved 367.2422 412.4844 417 0.1214917 0.2237654
Moved 367.2576 414.779 417 0.1268033 0.2237654
Moved 367.2718 418.8652 417 0.1362621 0.2237654
Moved 367.2897 422.4558 417 0.1445737 0.2237654
Moved 367.3028 427.6272 417 0.1565444 0.2237654
Moved 367.3236 436.1156 417 0.1761934 0.2237654
Stationary 367.3365 436.1156 417 0.1761934 0.2237654
Moved 367.3482 438.9459 417 0.1827451 0.2237654
Moved 367.3632 443.0285 417 0.1921956 0.2237654
Moved 367.3805 446.1188 417 0.1993491 0.2237654
Moved 367.3962 449 417 0.2060185 0.2237654
Moved 367.411 452.8801 417 0.2150002 0.2237654
Moved 367.4264 455.7705 426.6968 0.221691 0.2985868
Moved 367.442 458.6458 424 0.2283468 0.2777779
Moved 367.4605 461.5219 424 0.2350043 0.2777779
Moved 367.4716 462.5 425.5 0.2372685 0.2893519
Moved 367.4869 464.8428 425 0.2426917 0.2854938
Moved 367.503 467.5688 425 0.2490018 0.2854938
Moved 367.5188 470.4521 426 0.2556761 0.2932099
Moved 367.5338 473.3352 426 0.26235 0.2932099
Moved 367.5493 476.2198 427 0.2690272 0.3009261
Moved 367.5647 479.1013 428.0507 0.2756974 0.3090329
Moved 367.5815 481.985 428 0.2823725 0.308642
Moved 367.6 484.1946 429 0.2874875 0.3163581
Moved 367.6118 487.085 430.0425 0.2941783 0.324402
Moved 367.6264 489.9589 430 0.3008307 0.3240741
Moved 367.6418 492.8563 430.9282 0.3075377 0.3312358
Moved 367.658 495.7321 431 0.3141948 0.33179
Moved 367.6725 497.7632 431.7631 0.3188962 0.3376784
Moved 367.6881 500.4095 432 0.3250219 0.3395063
Moved 367.7039 501.2028 432 0.3268583 0.3395063
Moved 367.7199 503.4391 433 0.3320348 0.3472221
Moved 367.7403 507.198 433 0.3407361 0.3472221
Stationary 367.751 507.198 433 0.3407361 0.3472221
Moved 367.7655 509.0321 434.0321 0.3449818 0.355186
Moved 367.782 510.4809 434 0.3483353 0.3549384
Moved 367.7958 511.9184 434 0.3516628 0.3549384
Moved 367.8115 512.5 434 0.3530093 0.3549384
Moved 367.8257 513.198 434 0.354625 0.3549384
Stationary 367.8434 513.198 434 0.354625 0.3549384
Moved 367.8579 514 434 0.3564815 0.3549384
Moved 367.877 514.7898 434 0.3583097 0.3549384
Moved 367.8895 515.5 434 0.3599537 0.3549384
Moved 367.9044 515 434 0.3587963 0.3549384
Stationary 367.9205 515 434 0.3587963 0.3549384
Stationary 367.9337 515 434 0.3587963 0.3549384
Stationary 367.95 515 434 0.3587963 0.3549384
Stationary 367.9652 515 434 0.3587963 0.3549384
Stationary 367.9816 515 434 0.3587963 0.3549384
Moved 367.9958 504.1124 427.2623 0.3335936 0.3029502
Moved 368.0152 499.8159 424.2106 0.3236478 0.2794027
Moved 368.0299 495.4194 421.7097 0.3134709 0.2601058
Moved 368.0453 491.0486 417.0648 0.3033532 0.224265
Moved 368.0575 485.3362 412.7521 0.29013 0.1909888
Moved 368.0733 479.5462 407.5462 0.2767273 0.1508194
Moved 368.0883 475.1198 403.1199 0.2664811 0.1166658
Moved 368.1048 470.0391 397.7794 0.2547202 0.07545813
Moved 368.1201 466.6361 393.4542 0.2468429 0.04208471
Moved 368.1364 461 389.5 0.2337964 0.01157407
Moved 368.1564 453.5013 382.5013 0.2164382 -0.04242791
Stationary 368.1693 453.5013 382.5013 0.2164382 -0.04242791
Moved 368.1829 448.1808 378.7872 0.2041222 -0.07108665
Moved 368.1965 443.8694 373.8258 0.1941421 -0.1093688
Moved 368.2124 439.5483 371.0322 0.1841396 -0.1309242
Moved 368.2282 436.1519 367.2279 0.1762777 -0.1602785
Moved 368.2441 431.9072 362.9072 0.1664517 -0.1936176
Moved 368.2583 429.0417 361.3611 0.1598187 -0.2055465
Moved 368.2773 425.3764 357.3764 0.1513343 -0.2362932
Moved 368.291 422.3561 353.0342 0.1443429 -0.269798
Moved 368.3045 417.7323 348.7323 0.1336396 -0.3029915
Moved 368.3211 415.8019 345.6038 0.129171 -0.3271315
Moved 368.3357 411.7303 342.0954 0.119746 -0.3542019
Moved 368.352 407.7563 338.8375 0.1105469 -0.3793401
Moved 368.3665 405.7089 336.7089 0.1058077 -0.3957645
Moved 368.3819 403.7238 334.3619 0.1012126 -0.4138744
Moved 368.397 401.9206 331.8412 0.09703845 -0.4333237
Moved 368.42 399.9638 330.4819 0.09250879 -0.443812
Moved 368.431 397.0806 329.0403 0.08583476 -0.4549361
Moved 368.4435 395.6002 327.6002 0.08240779 -0.466048
Moved 368.4576 393.16 326.16 0.07675916 -0.4771607
Moved 368.4744 392.054 326 0.07419904 -0.4783953
Moved 368.491 390.3257 325 0.07019847 -0.4861111
Moved 368.5048 388.2292 324.2292 0.06534537 -0.4920583
Moved 368.5208 384.2992 324 0.05624811 -0.4938269
Moved 368.5436 378.8158 324 0.0435551 -0.4938269
Stationary 368.5547 378.8158 324 0.0435551 -0.4938269
Moved 368.5675 374.5 324 0.03356477 -0.4938269
Moved 368.5831 372.5061 324 0.02894928 -0.4938269
Moved 368.5977 369.7851 331.7523 0.02265066 -0.4340104
Moved 368.6131 366.8957 334.1043 0.01596232 -0.4158618
Moved 368.6295 363.0269 337.973 0.007006824 -0.3860107
Moved 368.6443 360.1377 342.2934 0.0003187855 -0.3526744
Moved 368.661 358.1262 344.7476 -0.004337529 -0.3337373
Moved 368.6814 355.3788 347.6212 -0.01069735 -0.3115645
Moved 368.6924 354.5 351.5 -0.0127315 -0.2816356
Moved 368.7059 352.1414 353.7171 -0.01819109 -0.2645283
Moved 368.721 350.7013 356.5974 -0.02152473 -0.2423042
Moved 368.737 347.2653 361.2041 -0.02947852 -0.2067585
Moved 368.7526 344.6533 364.3467 -0.03552471 -0.18251
Moved 368.7675 341.7729 367.8406 -0.04219224 -0.1555511
Moved 368.7834 339.9493 370.0507 -0.04641354 -0.138498
Moved 368.8044 333.8532 377.7202 -0.06052499 -0.0793198
Stationary 368.8167 333.8532 377.7202 -0.06052499 -0.0793198
Moved 368.8287 330.9752 381.0248 -0.06718715 -0.05382044
Moved 368.8449 328.0949 385.3576 -0.07385437 -0.02038885
Moved 368.86 326.1098 386.7803 -0.07844944 -0.009411118
Moved 368.8748 324.6775 388.3224 -0.08176501 0.002488148
Moved 368.891 322.4709 390.5291 -0.08687282 0.01951442
Moved 368.9064 318.3756 394.6245 -0.09635285 0.05111459
Moved 368.9261 316.5125 396.4875 -0.1006654 0.06549011
Moved 368.9382 312.7535 400.4977 -0.1093669 0.0964326
Moved 368.9528 309.6219 403.3781 -0.1166161 0.1186583
Moved 368.9681 305.7314 405.6343 -0.1256219 0.1360676
Moved 368.9848 303.9375 408.1251 -0.1297744 0.1552861
Moved 369.0002 299.5 409.5 -0.1400463 0.1658953
Moved 369.0155 299.0451 410.9549 -0.1410993 0.1771211
Moved 369.0295 297.9687 411 -0.1435909 0.1774691
Moved 369.0464 295.0519 412.4741 -0.1503428 0.1888431
Moved 369.0638 293.0798 413.9202 -0.154908 0.2000016
Moved 369.0752 291.6439 415.3561 -0.1582318 0.2110807
Moved 369.0931 290.201 416 -0.1615717 0.2160493
Moved 369.1069 288.7668 417.2332 -0.1648917 0.2255648
Moved 369.122 287.3281 418 -0.1682221 0.2314815
Moved 369.1375 286.1458 418.8541 -0.1709587 0.2380721
Moved 369.1523 283.5065 420.2467 -0.1770682 0.2488171
Moved 369.1682 283.3039 420.6961 -0.1775374 0.2522848
Moved 369.1837 281.8702 422.1298 -0.1808561 0.2633474
Moved 369.2031 280.4308 422 -0.1841879 0.2623458
Moved 369.2156 280 423.0081 -0.1851852 0.2701245
Moved 369.23 278.5502 423 -0.1885413 0.2700617
Moved 369.2457 277.3308 423.6692 -0.1913638 0.2752255
Moved 369.2605 276.0075 424 -0.1944271 0.2777779
Moved 369.2766 275.5 424 -0.1956018 0.2777779
Moved 369.292 274.1272 425 -0.1987796 0.2854938
Moved 369.307 272.6908 425 -0.2021047 0.2854938
Stationary 369.3264 272.6908 425 -0.2021047 0.2854938
Moved 369.3387 270.8112 426 -0.2064556 0.2932099
Stationary 369.3529 271 426 -0.2060186 0.2932099
Moved 369.3687 270.3281 426 -0.2075738 0.2932099
Moved 369.3859 269.5 426 -0.2094908 0.2932099
Moved 369.3994 269 427 -0.2106481 0.3009261
Stationary 369.4149 269 427 -0.2106481 0.3009261
Moved 369.43 267.781 427 -0.2134699 0.3009261
Moved 369.4521 267 428 -0.2152778 0.308642
Stationary 369.4637 267 428 -0.2152778 0.308642
Moved 369.4773 265.6759 428 -0.2183428 0.308642
Moved 369.4925 265.13 429 -0.2196065 0.3163581
Moved 369.5078 263.6968 429 -0.222924 0.3163581
Moved 369.5225 263.2578 430 -0.2239403 0.3240741
Moved 369.5377 262.5 430 -0.2256944 0.3240741
Moved 369.5534 263 430.6254 -0.2245371 0.3288996
Moved 369.5753 262 431 -0.2268519 0.33179
Ended 369.5867 262 431 -0.2268519 0.33179
Began 369.9815 285 474 -0.1736111 0.6635804
Stationary 370.0018 285 474 -0.1736111 0.6635804
Stationary 370.0172 285 474 -0.1736111 0.6635804
Stationary 370.0306 285 474 -0.1736111 0.6635804
Stationary 370.0467 285 474 -0.1736111 0.6635804
Stationary 370.0623 285 474 -0.1736111 0.6635804
Stationary 370.0816 285 474 -0.1736111 0.6635804
Stationary 370.0934 285 474 -0.1736111 0.6635804
Moved 370.1082 275.6054 474 -0.1953579 0.6635804
Moved 370.1248 273.9174 470.2108 -0.1992653 0.6343427
Moved 370.1417 272.0213 465.0426 -0.2036544 0.5944647
Moved 370.1555 270.5811 463.5811 -0.2069881 0.5831878
Moved 370.1701 269.1455 462.1454 -0.2103114 0.5721101
Moved 370.1856 267.733 459.4659 -0.2135811 0.5514349
Moved 370.2071 266.5 458.5 -0.2164352 0.5439814
Moved 370.2182 266 456.3807 -0.2175926 0.5276292
Moved 370.2318 264.7517 454.7516 -0.2204822 0.5150592
Moved 370.2474 264.3129 452.3129 -0.221498 0.4962412
Moved 370.2633 264 449.7484 -0.2222222 0.4764534
Moved 370.2791 263.4354 448.4354 -0.2235292 0.4663224
Moved 370.294 263 446.9967 -0.2245371 0.4552214
Moved 370.3097 263 444.124 -0.2245371 0.4330558
Stationary 370.3292 263 443.6238 -0.2245371 0.4291964
Moved 370.3412 262 442.0479 -0.2268519 0.4170365
Moved 370.3553 262 440.6092 -0.2268519 0.4059353
Moved 370.371 262 439.1704 -0.2268519 0.3948336
Moved 370.3906 262 436.4634 -0.2268519 0.3739463
Moved 370.4027 262 435.2913 -0.2268519 0.3649017
Moved 370.4175 262 433.8477 -0.2268519 0.3537628
Moved 370.437 262 432.7997 -0.2268519 0.3456767
Moved 370.4489 262 431.2938 -0.2268519 0.3340568
Moved 370.4644 262 429.8542 -0.2268519 0.3229491
Moved 370.4793 262 427.4171 -0.2268519 0.3041444
Moved 370.495 262 425.9766 -0.2268519 0.2930296
Moved 370.5118 262 424.5424 -0.2268519 0.2819627
Moved 370.5253 262 423.0995 -0.2268519 0.2708294
Stationary 370.545 262 423 -0.2268519 0.2700617
Moved 370.5565 262 421.5709 -0.2268519 0.259035
Moved 370.5714 262 420.1412 -0.2268519 0.248003
Moved 370.5872 271.1292 418.6958 -0.2057194 0.2368503
Moved 370.6022 273.2089 417.2637 -0.2009054 0.2258003
Moved 370.6181 277.5227 417 -0.1909196 0.2237654
Moved 370.6328 281.4749 416 -0.181771 0.2160493
Moved 370.6542 295.3355 413.8092 -0.1496862 0.1991451
Stationary 370.6658 295.3355 413.8092 -0.1496862 0.1991451
Moved 370.6801 304.411 412.3699 -0.1286783 0.1880393
Moved 370.6955 315.5756 412 -0.1028344 0.1851853
Moved 370.7098 325.454 410.5066 -0.07996758 0.173662
Moved 370.7258 333.6784 410.0643 -0.0609296 0.1702495
Moved 370.7415 340.9278 408.6144 -0.04414871 0.159062
Moved 370.7622 355.5414 405.1528 -0.01032074 0.1323521
Stationary 370.7731 355.5414 405.1528 -0.01032074 0.1323521
Moved 370.7896 364.1736 405 0.009661218 0.131173
Moved 370.8034 371.0053 402.1989 0.02547533 0.1095595
Moved 370.8188 380.6542 399.5274 0.04781058 0.08894602
Moved 370.8334 388.7367 397.6467 0.06652017 0.07443417
Moved 370.8492 396.588 395.8824 0.08469442 0.06082076
Moved 370.8684 406.5 394.5 0.1076389 0.05015444
Moved 370.8813 412.7529 392.3745 0.1221132 0.03375395
Moved 370.8959 422.4636 389.8676 0.1445915 0.01441014
Moved 370.91 429.531 387.9876 0.1609514 -9.560291E-05
Moved 370.9281 437.6302 386.0616 0.1796995 -0.01495656
Moved 370.9432 444.9221 383.2311 0.1965789 -0.03679699
Moved 370.9575 450.282 381.359 0.2089862 -0.05124199
Moved 370.9765 456.0389 379.7403 0.2223123 -0.0637323
Moved 370.9892 461.4107 378.7178 0.234747 -0.07162165
Moved 371.0039 469.1051 377.179 0.2525581 -0.08349572
Moved 371.0193 475.039 377 0.2662939 -0.08487654
Moved 371.0345 481.794 375.3015 0.2819307 -0.09798215
Moved 371.0496 487.5363 373.866 0.2952228 -0.1090587
Moved 371.0662 492.2648 374 0.3061685 -0.1080245
Moved 371.0858 500.1481 374 0.3244169 -0.1080245
Stationary 371.0967 500.1481 374 0.3244169 -0.1080245
Moved 371.1115 506 372.5 0.337963 -0.1195988
Moved 371.1269 509.9416 372.0195 0.3470869 -0.1233066
Moved 371.1437 513.4387 372 0.3551821 -0.1234566
Moved 371.1582 517.7635 372 0.3651934 -0.1234566
Moved 371.1732 522.0495 372 0.3751146 -0.1234566
Moved 371.1958 529.8902 372 0.3932644 -0.1234566
Stationary 371.207 529.8902 372 0.3932644 -0.1234566
Moved 371.2185 534.1055 372 0.4030219 -0.1234566
Moved 371.2359 537.4329 372 0.4107242 -0.1234566
Moved 371.2509 541.7444 372 0.4207046 -0.1234566
Moved 371.2657 544.3798 372 0.4268051 -0.1234566
Moved 371.2813 546.1292 372 0.4308546 -0.1234566
Moved 371.3025 549.7556 372 0.439249 -0.1234566
Stationary 371.314 549.7556 372 0.439249 -0.1234566
Moved 371.326 552.227 372 0.4449699 -0.1234566
Stationary 371.3434 552.227 372 0.4449699 -0.1234566
Moved 371.3574 553.9938 372 0.4490598 -0.1234566
Stationary 371.3734 554 372 0.4490741 -0.1234566
Moved 371.3906 555.5 372 0.4525463 -0.1234566
Moved 371.4093 555 372 0.4513889 -0.1234566
Stationary 371.4201 555 372 0.4513889 -0.1234566
Stationary 371.4344 555 372 0.4513889 -0.1234566
Stationary 371.4504 555 372 0.4513889 -0.1234566
Moved 371.466 549.3397 376.9528 0.4382864 -0.08524106
Moved 371.4819 541.2119 379 0.4194719 -0.06944421
Moved 371.4994 529.0585 380.1883 0.3913391 -0.06027551
Moved 371.5167 516.7294 382.0338 0.3627995 -0.04603539
Moved 371.5299 505.2421 383.4697 0.3362085 -0.03495581
Moved 371.5437 495.6963 385.5893 0.3141118 -0.01860101
Moved 371.5578 482.7352 387.0294 0.2841092 -0.007489052
Moved 371.5738 470.7029 389.471 0.2562569 0.01135037
Moved 371.5902 460.6475 391.815 0.2329803 0.02943675
Moved 371.6047 450.5703 393.3471 0.2096535 0.04125854
Moved 371.6259 440.4489 395.793 0.1862244 0.06013164
Moved 371.6387 427.9018 398.4662 0.15718 0.0807582
Moved 371.6514 421.3261 399.2391 0.1419585 0.08672161
Moved 371.667 407.1642 399.7595 0.1091762 0.09073705
Moved 371.682 394.2269 400 0.07922898 0.09259272
Moved 371.6971 384.5173 401 0.05675306 0.1003085
Moved 371.7126 375.5172 402.0805 0.03591935 0.1086458
Moved 371.735 357.1813 402 -0.006524821 0.1080247
Stationary 371.7482 357.1813 402 -0.006524821 0.1080247
Moved 371.7603 351.6315 402 -0.01937161 0.1080247
Moved 371.7741 344.3039 402 -0.03633365 0.1080247
Moved 371.7913 337.3092 402 -0.05252491 0.1080247
Moved 371.8052 327.3365 402 -0.07560993 0.1080247
Moved 371.8198 318.8951 402 -0.09515037 0.1080247
Moved 371.8431 305.2173 402 -0.1268117 0.1080247
Stationary 371.8546 305.2173 402 -0.1268117 0.1080247
Moved 371.8678 301.453 402 -0.1355254 0.1080247
Moved 371.8832 296.0523 402 -0.1480272 0.1080247
Moved 371.8984 290.9669 395 -0.1597987 0.05401247
Moved 371.9136 286.6577 393.8859 -0.1697738 0.04541609
Moved 371.9295 282.3271 394 -0.1797984 0.04629641
Moved 371.9507 272.277 391.5692 -0.2030625 0.02754035
Stationary 371.961 272.277 391.5692 -0.2030625 0.02754035
Moved 371.9748 270.0903 391.3634 -0.2081244 0.02595242
Moved 371.9905 267.1186 391 -0.2150032 0.02314815
Moved 372.0059 264.2332 389.6166 -0.2216824 0.01247394
Moved 372.0211 261.359 389 -0.2283356 0.007716286
Moved 372.0366 257.2315 387.7438 -0.23789 -0.001976461
Moved 372.0563 255.6086 386.3043 -0.2416467 -0.01308394
Moved 372.0698 252.7312 384.8656 -0.2483073 -0.02418506
Moved 372.0828 248.5 383.5 -0.2581019 -0.03472222
Moved 372.1017 247.3129 382.3129 -0.2608498 -0.04388221
Moved 372.1148 244.7547 380.8773 -0.2667716 -0.05495896
Moved 372.1318 242.4382 380.4382 -0.2721337 -0.05834697
Moved 372.1464 242 380 -0.2731481 -0.06172816
Moved 372.1718 239.1242 379 -0.2798051 -0.06944421
Moved 372.1867 238.5 379 -0.28125 -0.06944421
Moved 372.1958 237.8289 377.8289 -0.2828035 -0.07848057
Stationary 372.2048 237.8289 377.8289 -0.2828035 -0.07848057
Stationary 372.219 237.8289 377.8289 -0.2828035 -0.07848057
Moved 372.2348 236.7204 378 -0.2853695 -0.0771605
Stationary 372.2512 237 378 -0.2847222 -0.0771605
Stationary 372.271 237 378 -0.2847222 -0.0771605
Moved 372.2817 236 383.3587 -0.287037 -0.03581247
Moved 372.2979 236 389.0577 -0.287037 0.008161568
Moved 372.3131 234.8801 391.2399 -0.2896295 0.02499899
Moved 372.3291 235 394.601 -0.2893518 0.05093374
Moved 372.3444 235 397.0751 -0.2893518 0.07002407
Moved 372.359 235 399.9525 -0.2893518 0.0922262
Moved 372.3781 235 403.7535 -0.2893518 0.1215553
Moved 372.3899 235 406.7134 -0.2893518 0.1443935
Moved 372.405 235 411.4048 -0.2893518 0.180593
Moved 372.4209 242.4232 413.8558 -0.2721684 0.1995048
Moved 372.4386 244.3461 418.0385 -0.2677172 0.2317782
Moved 372.4513 246.7812 421.3434 -0.2620806 0.2572798
Moved 372.4677 249.4466 424.4466 -0.2559106 0.2812238
Moved 372.4884 253.0999 431.2997 -0.2474539 0.3341024
Stationary 372.4993 253.0999 431.2997 -0.2474539 0.3341024
Moved 372.5136 256.0867 433.63 -0.2405401 0.3520833
Moved 372.5281 258.4323 436.4323 -0.2351105 0.3737061
Moved 372.5455 261.0979 439.0978 -0.2289401 0.3942734
Moved 372.5593 262.4792 440.4792 -0.2257426 0.4049321
Moved 372.5754 263.9236 442.9235 -0.2223992 0.4237926
Moved 372.5956 265.3624 444.3624 -0.2190686 0.4348949
Moved 372.6063 266.7988 446.7988 -0.2157435 0.4536947
Moved 372.6221 268.2335 448.2335 -0.2124225 0.4647644
Moved 372.6375 268 449.5 -0.212963 0.4745372
Moved 372.6528 269.5 450.5 -0.2094908 0.4822531
Moved 372.6676 270.1129 451.1129 -0.2080719 0.4869824
Stationary 372.6835 270.1129 451.1129 -0.2080719 0.4869824
Moved 372.7017 271 452.1028 -0.2060186 0.4946203
Stationary 372.7134 271 452.1028 -0.2060186 0.4946203
Moved 372.7286 272.374 452 -0.202838 0.4938273
Stationary 372.7459 272 452 -0.2037037 0.4938273
Ended 372.76 273 452 -0.2013889 0.4938273
PhraseEnd 373.9465
