our fax number has changed
Basic
0.6 0.6
432 388.8
Began 355.1523 547 510 0.4328704 0.3137859
Stationary 355.1711 547 510 0.4328704 0.3137859
Stationary 355.1844 547 510 0.4328704 0.3137859
Stationary 355.2005 547 510 0.4328704 0.3137859
Stationary 355.2154 547 510 0.4328704 0.3137859
Stationary 355.2308 547 510 0.4328704 0.3137859
Stationary 355.2472 547 510 0.4328704 0.3137859
Stationary 355.2648 547 510 0.4328704 0.3137859
Stationary 355.2775 547 510 0.4328704 0.3137859
Stationary 355.2924 547 510 0.4328704 0.3137859
Stationary 355.3081 547 510 0.4328704 0.3137859
Moved 355.3237 535.3557 510 0.4059159 0.3137859
Moved 355.3396 530.4269 510 0.3945069 0.3137859
Moved 355.3582 523.5229 510 0.3785252 0.3137859
Moved 355.3702 516.5982 510 0.3624958 0.3137859
Moved 355.3866 511.5 510 0.3506944 0.3137859
Moved 355.4029 505.6188 510 0.3370804 0.3137859
Moved 355.4172 502.4649 510 0.32978 0.3137859
Moved 355.4326 498.7237 510 0.3211196 0.3137859
Moved 355.4489 494.9435 510 0.3123693 0.3137859
Moved 355.4634 490.8129 510 0.3028076 0.3137859
Moved 355.4791 486.6411 510 0.2931507 0.3137859
Moved 355.4945 482.4916 510 0.2835454 0.3137859
Moved 355.5109 479.4635 510 0.276536 0.3137859
Moved 355.5242 474.1419 510 0.2642173 0.3137859
Moved 355.5402 469.0017 510 0.2523188 0.3137859
Moved 355.5565 462.0981 510 0.2363382 0.3137859
Moved 355.5716 454.7806 510 0.2193995 0.3137859
Moved 355.5863 449.1154 510 0.2062855 0.3137859
Moved 355.6021 440.7816 510 0.1869946 0.3137859
Moved 355.6177 433.5657 510 0.1702911 0.3137859
Moved 355.6324 422.6751 510 0.1450812 0.3137859
Moved 355.6492 413.0624 510 0.1228297 0.3137859
Moved 355.6637 405.3581 510 0.1049956 0.3137859
Moved 355.68 398.0363 510 0.08804689 0.3137859
Moved 355.6961 391.1346 510 0.07207076 0.3137859
Moved 355.7112 382.3035 510 0.05162855 0.3137859
Moved 355.7264 375.2621 510 0.03532906 0.3137859
Moved 355.7413 370.3138 510 0.02387444 0.3137859
Moved 355.7593 364.7014 510 0.01088281 0.3137859
Moved 355.7725 357.9895 510 -0.00465393 0.3137859
Moved 355.7891 353.2183 510 -0.01569832 0.3137859
Moved 355.8054 348.0857 510 -0.02757937 0.3137859
Moved 355.8192 342.5515 510 -0.04038999 0.3137859
Moved 355.833 338.7546 510 -0.0491791 0.3137859
Moved 355.8496 334.5782 510 -0.05884677 0.3137859
Moved 355.8647 330.4035 510 -0.06851047 0.3137859
Moved 355.8793 325.2574 510 -0.08042271 0.3137859
Moved 355.8961 321.0976 510 -0.09005179 0.3137859
Moved 355.9115 318.2827 510 -0.09656773 0.3137859
Moved 355.9265 314.5251 510 -0.1052659 0.3137859
Moved 355.9421 311.7455 510 -0.1117002 0.3137859
Moved 355.9578 309 510 -0.1180555 0.3137859
Moved 355.9725 307.4667 510 -0.1216048 0.3137859
Moved 355.9885 306.0819 503.5736 -0.1248103 0.2972571
Moved 356.0054 304.7017 503 -0.1280054 0.2957818
Moved 356.0244 303.5 503 -0.130787 0.2957818
Moved 356.0359 302.9655 503 -0.1320243 0.2957818
Moved 356.0489 302.5514 502.5514 -0.1329828 0.294628
Moved 356.0652 301.5 501.5 -0.1354167 0.2919238
Stationary 356.0804 301.5 501.5 -0.1354167 0.2919238
Stationary 356.0952 301.5 501.5 -0.1354167 0.2919238
Stationary 356.1114 301.5 501.5 -0.1354167 0.2919238
Stationary 356.1268 301.5 501.5 -0.1354167 0.2919238
Stationary 356.1419 301.5 501.5 -0.1354167 0.2919238
Moved 356.159 300.9136 502 -0.1367741 0.2932098
Stationary 356.1729 300.9136 502 -0.1367741 0.2932098
Stationary 356.1877 301 502 -0.1365741 0.2932098
Moved 356.2061 300.3649 502 -0.1380441 0.2932098
Moved 356.2202 299.5 502 -0.1400463 0.2932098
Stationary 356.2348 299.5 502 -0.1400463 0.2932098
Moved 356.2505 300 502 -0.1388889 0.2932098
Stationary 356.2668 300 502 -0.1388889 0.2932098
Stationary 356.2815 300 502 -0.1388889 0.2932098
Stationary 356.2954 300 502 -0.1388889 0.2932098
Ended 356.312 300 511.5416 -0.1388889 0.317751
Began 357.2861 262 440 -0.2268519 0.1337448
Stationary 357.3013 262 440 -0.2268519 0.1337448
Stationary 357.3139 262 440 -0.2268519 0.1337448
Stationary 357.3292 262 440 -0.2268519 0.1337448
Stationary 357.344 262 440 -0.2268519 0.1337448
Stationary 357.3593 262 440 -0.2268519 0.1337448
Stationary 357.3743 262 440 -0.2268519 0.1337448
Stationary 357.3897 262 440 -0.2268519 0.1337448
Stationary 357.4077 262 440 -0.2268519 0.1337448
Stationary 357.4232 262 440 -0.2268519 0.1337448
Stationary 357.4372 262 440 -0.2268519 0.1337448
Stationary 357.4526 262 440 -0.2268519 0.1337448
Stationary 357.4679 262 440 -0.2268519 0.1337448
Stationary 357.4828 262 440 -0.2268519 0.1337448
Stationary 357.499 262 440 -0.2268519 0.1337448
Stationary 357.5135 262 440 -0.2268519 0.1337448
Stationary 357.5287 262 440 -0.2268519 0.1337448
Stationary 357.5449 262 440 -0.2268519 0.1337448
Stationary 357.5607 262 440 -0.2268519 0.1337448
Stationary 357.576 262 440 -0.2268519 0.1337448
Stationary 357.592 262 440 -0.2268519 0.1337448
Stationary 357.6064 262 440 -0.2268519 0.1337448
Stationary 357.6218 262 440 -0.2268519 0.1337448
Moved 357.6384 262 430.0909 -0.2268519 0.1082585
Moved 357.6547 273.4395 427.4579 -0.2003715 0.1014862
Moved 357.6712 274.3072 425.3464 -0.1983631 0.0960556
Moved 357.6863 278.104 422.9307 -0.189574 0.08984224
Moved 357.7005 282.2447 420.1702 -0.1799891 0.08274223
Moved 357.7163 285.5999 420 -0.1722224 0.08230445
Moved 357.7304 289.5517 418.8161 -0.1630748 0.07925948
Moved 357.7464 295 417.5 -0.150463 0.0758744
Moved 357.7605 302.2462 416.3934 -0.1336894 0.0730281
Moved 357.7774 309.9394 415.0121 -0.115881 0.06947561
Moved 357.7924 316.8589 413.6282 -0.09986356 0.06591616
Moved 357.8092 321.2609 413.2463 -0.08967384 0.06493392
Moved 357.8246 325.4107 413 -0.08006786 0.06430033
Moved 357.8387 328 411.5 -0.07407407 0.06044234
Moved 357.8552 331.7988 412 -0.06528055 0.06172835
Moved 357.8699 333.989 411.0055 -0.06021063 0.05917042
Moved 357.8939 337.7629 410.2371 -0.05147477 0.05719401
Moved 357.907 339.1538 410 -0.04825503 0.05658428
Stationary 357.9174 339.1538 410 -0.04825503 0.05658428
Stationary 357.9309 339.1538 410 -0.04825503 0.05658428
Moved 357.947 339 409.0819 -0.04861111 0.05422302
Stationary 357.9628 339 409 -0.04861111 0.05401234
Stationary 357.9776 339 409 -0.04861111 0.05401234
Moved 357.9928 330.0725 407.256 -0.06927659 0.04952682
Moved 358.0089 319.1477 407 -0.0945655 0.04886827
Moved 358.0237 306.5 405.5 -0.1238426 0.04501017
Moved 358.0389 291.3091 405 -0.1590067 0.04372424
Moved 358.0548 270.7271 405 -0.2066503 0.04372424
Moved 358.0714 255.0022 405 -0.2430504 0.04372424
Moved 358.0859 239.4781 405 -0.2789859 0.04372424
Moved 358.1023 232.5955 405 -0.2949177 0.04372424
Moved 358.1173 219.8407 405 -0.3244428 0.04372424
Moved 358.1326 209.3889 405 -0.3486367 0.04372424
Moved 358.1469 199.4129 405 -0.3717293 0.04372424
Moved 358.1629 194.161 404.387 -0.3838865 0.04214761
Moved 358.1782 189.0191 404 -0.3957892 0.04115226
Moved 358.1929 184.8625 404 -0.4054109 0.04115226
Moved 358.2104 180 404 -0.4166667 0.04115226
Moved 358.2238 176.5039 404 -0.4247595 0.04115226
Moved 358.2396 172.3521 404 -0.4343702 0.04115226
Moved 358.2554 169.8001 404 -0.4402774 0.04115226
Moved 358.2709 166.933 404 -0.4469144 0.04115226
Stationary 358.2857 167 404 -0.4467593 0.04115226
Moved 358.3013 165.5 404 -0.4502315 0.04115226
Stationary 358.3163 165.5 404 -0.4502315 0.04115226
Stationary 358.3313 165.5 404 -0.4502315 0.04115226
Stationary 358.347 165.5 404 -0.4502315 0.04115226
Moved 358.3625 166 404 -0.4490741 0.04115226
Moved 358.3784 166 413.509 -0.4490741 0.06560957
Moved 358.3954 166 413.7601 -0.4490741 0.06625524
Moved 358.4104 166 415.1416 -0.4490741 0.06980857
Moved 358.4245 166 416.5252 -0.4490741 0.07336719
Stationary 358.4392 166 417 -0.4490741 0.0745884
Moved 358.4566 166 418.0005 -0.4490741 0.07716167
Stationary 358.4715 166 418 -0.4490741 0.07716041
Moved 358.4859 174.5229 419 -0.4293452 0.07973251
Moved 358.5026 177.2887 419 -0.4229427 0.07973251
Moved 358.5186 181.5 419 -0.4131944 0.07973251
Moved 358.5317 189.5972 419 -0.3944509 0.07973251
Moved 358.5485 197.6848 408.7535 -0.3757295 0.05337837
Moved 358.5642 204.8214 404.699 -0.3592097 0.04295
Moved 358.5789 215.3874 397.3438 -0.3347514 0.02403243
Moved 358.6014 228.5 383.5 -0.3043981 -0.01157415
Stationary 358.612 228.5 383.5 -0.3043981 -0.01157415
Moved 358.6245 236.2878 371.9495 -0.2863707 -0.04128217
Moved 358.6416 240.7905 362.1556 -0.275948 -0.06647235
Moved 358.6569 245.0913 352.8174 -0.2659923 -0.09049034
Moved 358.6718 248.4003 346.1995 -0.2583327 -0.1075115
Moved 358.6865 252.3357 336.1049 -0.249223 -0.1334751
Moved 358.7024 254.9828 329.0345 -0.2430955 -0.1516603
Moved 358.7183 257.7416 322.6459 -0.2367092 -0.1680917
Moved 358.7331 259.2482 315.7592 -0.2332219 -0.1858045
Moved 358.749 261 310.488 -0.2291666 -0.1993623
Moved 358.7642 262.0078 304.9689 -0.2268338 -0.2135575
Moved 358.7791 263.3886 300.8342 -0.2236375 -0.2241919
Moved 358.7968 264.34 299.3201 -0.2214353 -0.2280863
Moved 358.8098 264.8274 293.6904 -0.2203069 -0.2425659
Moved 358.8254 265 286.9608 -0.2199074 -0.2598747
Moved 358.8413 266 283.2195 -0.2175926 -0.2694971
Moved 358.8581 266 278.1 -0.2175926 -0.2826647
Moved 358.8712 267.352 273.944 -0.214463 -0.2933539
Moved 358.8864 267 268.0728 -0.2152778 -0.3084548
Moved 358.9049 267 264.5153 -0.2152778 -0.3176047
Moved 358.9185 267 259.1274 -0.2152778 -0.3314626
Moved 358.9328 267 255.6182 -0.2152778 -0.3404882
Moved 358.9503 267 251.0587 -0.2152778 -0.3522153
Moved 358.9653 267 246.9039 -0.2152778 -0.3629015
Moved 358.9803 267 245.2471 -0.2152778 -0.3671629
Moved 358.9963 267 242.724 -0.2152778 -0.3736523
Moved 359.0118 267 241.5 -0.2152778 -0.3768004
Moved 359.0278 267 241 -0.2152778 -0.3780865
Ended 359.0423 267 241 -0.2152778 -0.3780865
Began 359.9063 415 307 0.1273148 -0.2083334
Stationary 359.9219 415 307 0.1273148 -0.2083334
Stationary 359.9364 415 307 0.1273148 -0.2083334
Stationary 359.9521 415 307 0.1273148 -0.2083334
Stationary 359.9671 415 307 0.1273148 -0.2083334
Stationary 359.9867 415 307 0.1273148 -0.2083334
Stationary 359.9977 415 307 0.1273148 -0.2083334
Stationary 360.012 415 307 0.1273148 -0.2083334
Stationary 360.0278 415 307 0.1273148 -0.2083334
Stationary 360.0442 415 307 0.1273148 -0.2083334
Stationary 360.0605 415 307 0.1273148 -0.2083334
Stationary 360.0754 415 307 0.1273148 -0.2083334
Stationary 360.09 415 307 0.1273148 -0.2083334
Stationary 360.1072 415 307 0.1273148 -0.2083334
Stationary 360.1227 415 307 0.1273148 -0.2083334
Stationary 360.1379 415 307 0.1273148 -0.2083334
Stationary 360.1529 415 307 0.1273148 -0.2083334
Stationary 360.1677 415 307 0.1273148 -0.2083334
Stationary 360.182 415 307 0.1273148 -0.2083334
Moved 360.1972 415 299.6575 0.1273148 -0.2272185
Moved 360.2147 415 293.5 0.1273148 -0.2430556
Moved 360.2306 415 296.4139 0.1273148 -0.235561
Moved 360.2453 415 295.0331 0.1273148 -0.2391125
Moved 360.2605 415 293.9614 0.1273148 -0.241869
Moved 360.2755 415 291.1453 0.1273148 -0.249112
Moved 360.2911 415 290.1903 0.1273148 -0.2515681
Moved 360.3061 415 288.8124 0.1273148 -0.255112
Moved 360.3214 415 286.4335 0.1273148 -0.2612308
Moved 360.3369 415 285.0549 0.1273148 -0.2647765
Moved 360.3536 415 283.674 0.1273148 -0.2683284
Moved 360.3673 415 282.5 0.1273148 -0.2713478
Moved 360.3826 415 281.2532 0.1273148 -0.2745547
Moved 360.3985 415 280.5 0.1273148 -0.2764919
Moved 360.4146 415 281 0.1273148 -0.2752058
Stationary 360.4304 415 281 0.1273148 -0.2752058
Moved 360.4455 415 288.837 0.1273148 -0.2550488
Moved 360.4654 405.5718 310.3198 0.1054904 -0.1997949
Moved 360.4777 401.0395 329.829 0.09499878 -0.1496169
Moved 360.4935 396.7614 349.0739 0.08509576 -0.1001186
Moved 360.5098 395.5392 375.7559 0.08226652 -0.03149205
Moved 360.524 394.1698 391.4536 0.07909665 0.008882553
Moved 360.5391 392.7819 404.9633 0.07588395 0.04362969
Moved 360.5546 393 428.206 0.07638891 0.1034104
Moved 360.5694 393 446.7767 0.07638891 0.1511745
Moved 360.5843 393 459.3084 0.07638891 0.1834063
Moved 360.6041 393 474 0.07638891 0.2211934
Moved 360.6157 393 483.66 0.07638891 0.2460391
Moved 360.6307 393 493.3724 0.07638891 0.2710194
Moved 360.6471 393 499.8774 0.07638891 0.2877504
Moved 360.6611 393 506.8243 0.07638891 0.3056179
Moved 360.6767 393 512.3937 0.07638891 0.3199425
Moved 360.6927 393 517.1959 0.07638891 0.3322939
Moved 360.7103 393 522.4501 0.07638891 0.3458077
Moved 360.7234 391.8944 525.3168 0.07382969 0.3531811
Moved 360.7387 391.4707 530.0585 0.07284889 0.3653768
Moved 360.7547 391 532.8256 0.07175922 0.3724938
Moved 360.7701 389.7036 535.5927 0.06875843 0.3796108
Moved 360.785 390 537.6772 0.06944448 0.3849722
Moved 360.8005 388.9392 538 0.06698886 0.3858024
Moved 360.816 389 539.4482 0.06712963 0.3895273
Stationary 360.8316 389 539 0.06712963 0.3883744
Stationary 360.8462 389 539 0.06712963 0.3883744
Stationary 360.8615 389 539 0.06712963 0.3883744
Stationary 360.8767 389 539 0.06712963 0.3883744
Stationary 360.8915 389 539 0.06712963 0.3883744
Stationary 360.9082 389 539 0.06712963 0.3883744
Moved 360.9224 389 533.259 0.06712963 0.3736084
Moved 360.9429 389 529.5735 0.06712963 0.3641294
Moved 360.9553 389 526.4502 0.06712963 0.3560961
Moved 360.9692 398.8888 518.8521 0.09002039 0.3365535
Moved 360.9848 403.0509 508.8642 0.09965488 0.3108647
Moved 361.0005 405.7934 500.6197 0.1060033 0.2896596
Moved 361.0162 408.5662 490.5182 0.1124218 0.2636786
Moved 361.0313 412.4947 478.5161 0.1215154 0.2328087
Moved 361.0474 415.1102 468.004 0.1275699 0.2057714
Moved 361.0627 417.4623 458.8819 0.1330146 0.1823094
Moved 361.0776 419.036 446.6403 0.1366574 0.1508236
Moved 361.0936 421.8316 434.2577 0.1431288 0.1189755
Moved 361.1084 423.6098 421.756 0.1472448 0.08682086
Moved 361.1237 425.1863 410.5095 0.1508942 0.05789482
Moved 361.1396 426.1345 397.8947 0.1530892 0.02544921
Moved 361.1555 429.0193 383.9037 0.1597668 -0.01053571
Moved 361.1702 433.1575 363.2124 0.169346 -0.06375419
Moved 361.1862 433.3567 356.7895 0.1698072 -0.08027402
Moved 361.2017 438.5163 333.9348 0.1817507 -0.1390566
Moved 361.2168 441.4668 317.199 0.1885806 -0.1821015
Moved 361.2313 443.6104 306.7275 0.1935424 -0.2090342
Moved 361.2463 445.9756 297.0853 0.1990176 -0.2338341
Moved 361.2629 448.7357 287.4248 0.2054068 -0.2586811
Moved 361.2787 453.2318 276.7925 0.2158144 -0.2860276
Moved 361.2945 456.5122 269.9756 0.2234078 -0.3035608
Moved 361.3098 459.318 262.0459 0.2299029 -0.3239561
Moved 361.3241 460.5396 256.8419 0.2327304 -0.337341
Moved 361.34 461.9171 252.2487 0.2359193 -0.3491548
Moved 361.3616 463.6254 246.7493 0.2398735 -0.3632993
Stationary 361.3722 463.6254 246.7493 0.2398735 -0.3632993
Moved 361.3856 464 243.9999 0.2407408 -0.3703707
Moved 361.4019 464 242.63 0.2407408 -0.3738941
Moved 361.4171 465.3431 241.6569 0.2438498 -0.376397
Moved 361.4322 465 239.178 0.2430555 -0.3827727
Moved 361.4478 465 237.8043 0.2430555 -0.3863057
Moved 361.4635 465 236.4291 0.2430555 -0.389843
Moved 361.4791 465 235.0543 0.2430555 -0.3933789
Moved 361.5015 465 231.614 0.2430555 -0.4022274
Stationary 361.5119 465 231.614 0.2430555 -0.4022274
Moved 361.5246 465 230.2023 0.2430555 -0.4058585
Moved 361.5401 465 228.8998 0.2430555 -0.4092084
Moved 361.5556 451.6964 226.0436 0.2122601 -0.4165545
Moved 361.5715 447.7449 226.1489 0.2031132 -0.4162837
Moved 361.5874 440.8456 226 0.1871426 -0.4166668
Moved 361.6044 433.2846 230.3346 0.1696404 -0.4055181
Moved 361.6182 425.9516 236.0291 0.1526658 -0.3908718
Moved 361.6326 419.1028 241.5177 0.136812 -0.3767549
Moved 361.649 414.1765 245.4589 0.1254086 -0.3666181
Moved 361.6642 406.7742 250.5355 0.1082736 -0.353561
Moved 361.6799 401.1115 254.6664 0.09516557 -0.3429363
Moved 361.6969 397.2015 258.199 0.0861146 -0.3338504
Moved 361.711 393.0852 260.9432 0.0765862 -0.3267923
Moved 361.732 387.5353 263.7324 0.06373912 -0.3196184
Stationary 361.7423 387.5353 263.7324 0.06373912 -0.3196184
Moved 361.7581 385.332 265.668 0.05863885 -0.3146399
Moved 361.7715 381.5107 267.1631 0.04979332 -0.3107946
Moved 361.7884 377.5 268.5 0.04050931 -0.307356
Moved 361.8023 374.1393 269 0.03273001 -0.30607
Moved 361.818 370.0868 270.3044 0.02334903 -0.3027151
Moved 361.8335 365.9631 270.679 0.01380344 -0.3017517
Moved 361.8502 360.748 273.126 0.001731515 -0.295458
Moved 361.8649 356.6679 274.444 -0.007713189 -0.2920678
Moved 361.8796 353.9434 278.0566 -0.01402001 -0.2827762
Moved 361.8956 347.4149 285.3085 -0.02913222 -0.2641241
Moved 361.9138 343.2293 291.0276 -0.0388211 -0.2494146
Moved 361.9269 340.1411 298.0983 -0.04596978 -0.2312288
Moved 361.9425 336.9889 307.039 -0.05326654 -0.2082331
Moved 361.957 335.6096 323.6854 -0.05645936 -0.1654183
Moved 361.9718 333.4492 334.9783 -0.06146009 -0.1363727
Moved 361.9876 331.2205 345.0078 -0.06661917 -0.1105768
Moved 362.0035 328.5513 358.2433 -0.07279783 -0.07653476
Moved 362.0202 322.5507 375.1233 -0.08668821 -0.03311911
Moved 362.0346 317.0327 388.9182 -0.09946133 0.002361658
Moved 362.049 312.881 399.984 -0.1090717 0.03082303
Moved 362.0645 306.185 411.8671 -0.1245718 0.0613864
Moved 362.0844 300.3882 423.2235 -0.1379902 0.09059533
Moved 362.0969 295 435.5 -0.150463 0.1221707
Moved 362.111 290.4971 444.4219 -0.1608862 0.1451181
Moved 362.1257 284.2137 455.626 -0.1754312 0.1739351
Moved 362.1414 277.238 466.8192 -0.1915786 0.2027241
Moved 362.1568 273.8429 474.3142 -0.1994377 0.2220014
Moved 362.1734 270.789 480.422 -0.2065069 0.2377108
Moved 362.1886 268.0192 487.4521 -0.2129186 0.2557923
Moved 362.2045 266.2547 491.4906 -0.217003 0.2661794
Moved 362.2201 265.0275 494.9175 -0.2198437 0.2749935
Moved 362.2342 262.3159 499.0261 -0.2261205 0.2855608
Moved 362.2501 262 501.4615 -0.2268519 0.2918249
Moved 362.265 259.7672 504.2328 -0.2320205 0.2989528
Moved 362.2812 258.5 507 -0.2349537 0.3060699
Moved 362.2971 257.1112 507.8887 -0.2381684 0.3083557
Moved 362.312 255.733 510.5341 -0.2413589 0.3151596
Moved 362.3259 254.5 511.5 -0.244213 0.317644
Moved 362.3417 252.2829 513.717 -0.2493451 0.3233462
Moved 362.3572 250.8972 515.1028 -0.2525527 0.3269103
Moved 362.3737 249.5123 517.4877 -0.2557585 0.3330444
Moved 362.3889 248.1201 518.8799 -0.2589812 0.3366251
Moved 362.4037 246.7411 520.2589 -0.2621734 0.340172
Stationary 362.4231 246.7411 520.2589 -0.2621734 0.340172
Moved 362.434 247 521.3596 -0.2615741 0.3430031
Moved 362.4496 245.9726 522.0273 -0.2639523 0.3447205
Stationary 362.4651 245.9726 522.0273 -0.2639523 0.3447205
Stationary 362.48 246 522 -0.2638889 0.3446501
Stationary 362.4968 246 522 -0.2638889 0.3446501
Stationary 362.5115 246 522 -0.2638889 0.3446501
Stationary 362.5269 246 522 -0.2638889 0.3446501
Moved 362.5423 257.0196 512.3579 -0.2383806 0.3198505
Moved 362.5592 261.9168 509.2499 -0.2270445 0.3118568
Moved 362.574 269.0082 505.4959 -0.2106292 0.3022013
Moved 362.5886 274.8903 502.5549 -0.1970133 0.2946369
Moved 362.6043 281.0482 500.3903 -0.1827586 0.2890697
Moved 362.6196 288.9509 498.0164 -0.1644656 0.2829638
Moved 362.6357 295.8835 496.6233 -0.1484177 0.2793808
Moved 362.6508 300.2913 495.2363 -0.1382147 0.2758134
Moved 362.6665 305.5974 493.8506 -0.1259321 0.2722495
Moved 362.683 308.4357 492.8548 -0.1193619 0.2696882
Moved 362.6983 309.5811 492 -0.1167105 0.2674896
Moved 362.7124 310.9619 492 -0.1135141 0.2674896
Ended 362.7283 312.354 490.6459 -0.1102916 0.264007
Began 363.7274 368 455 0.01851857 0.172325
Stationary 363.7482 368 455 0.01851857 0.172325
Stationary 363.762 368 455 0.01851857 0.172325
Stationary 363.7764 368 455 0.01851857 0.172325
Stationary 363.7914 368 455 0.01851857 0.172325
Stationary 363.8072 368 455 0.01851857 0.172325
Stationary 363.8228 368 455 0.01851857 0.172325
Stationary 363.838 368 455 0.01851857 0.172325
Stationary 363.8543 368 455 0.01851857 0.172325
Stationary 363.8683 368 455 0.01851857 0.172325
Stationary 363.8833 368 455 0.01851857 0.172325
Stationary 363.9 368 455 0.01851857 0.172325
Stationary 363.9144 368 455 0.01851857 0.172325
Stationary 363.929 368 455 0.01851857 0.172325
Stationary 363.9444 368 455 0.01851857 0.172325
Stationary 363.9621 368 455 0.01851857 0.172325
Stationary 363.9765 368 455 0.01851857 0.172325
Stationary 363.9914 368 455 0.01851857 0.172325
Stationary 364.0076 368 455 0.01851857 0.172325
Stationary 364.027 368 455 0.01851857 0.172325
Moved 364.0393 358.1928 455 -0.004183253 0.172325
Moved 364.0561 357.5205 444.6437 -0.00573948 0.1456886
Moved 364.07 356.3596 446.3596 -0.008426954 0.1501017
Moved 364.0851 355.1052 445.1052 -0.01133064 0.1468753
Moved 364.1024 353.7206 443.7205 -0.01453578 0.143314
Moved 364.1171 352.3319 442.332 -0.01775016 0.1397426
Moved 364.1318 350.945 440.945 -0.02096072 0.1361754
Moved 364.1466 348.1205 439.5602 -0.02749895 0.1326137
Moved 364.1624 347.1753 438.1753 -0.02968684 0.1290516
Moved 364.1776 344.5807 436.7904 -0.0356927 0.1254896
Stationary 364.1927 344.5807 436.7904 -0.0356927 0.1254896
Moved 364.2085 342.3319 435.3319 -0.04089827 0.1217384
Stationary 364.2243 342 435 -0.04166668 0.1208847
Moved 364.2395 340.5642 433.5642 -0.04499019 0.1171918
Moved 364.2567 340 433 -0.04629632 0.1157406
Moved 364.2703 338.791 433 -0.049095 0.1157406
Moved 364.2861 338.4055 432 -0.04998729 0.1131687
Stationary 364.3082 338 432 -0.05092591 0.1131687
Stationary 364.3192 338 432 -0.05092591 0.1131687
Stationary 364.331 338 432 -0.05092591 0.1131687
Stationary 364.3481 338 432 -0.05092591 0.1131687
Stationary 364.3643 338 432 -0.05092591 0.1131687
Stationary 364.3774 338 432 -0.05092591 0.1131687
Stationary 364.3929 338 432 -0.05092591 0.1131687
Moved 364.4105 351.2596 432 -0.0202325 0.1131687
Moved 364.4255 355.2279 442.4559 -0.01104643 0.1400613
Moved 364.4404 361.1306 441.7827 0.002617141 0.1383298
Moved 364.4563 367.8611 442 0.018197 0.1388888
Moved 364.4705 372.6641 443 0.02931505 0.1414608
Moved 364.4864 376.8074 443 0.03890614 0.1414608
Moved 364.5044 380.9617 443 0.04852236 0.1414608
Moved 364.517 383.4017 443 0.05417049 0.1414608
Moved 364.5325 385.6466 443 0.05936712 0.1414608
Moved 364.5486 387.152 443 0.06285191 0.1414608
Moved 364.5634 388.5 443 0.06597221 0.1414608
Moved 364.5782 389.9167 436.5829 0.06925166 0.1249561
Moved 364.5974 391.3014 436 0.07245699 0.1234567
Moved 364.6095 391.6882 434.3118 0.07335236 0.1191147
Moved 364.6248 392 432.9348 0.07407407 0.1155728
Moved 364.6401 393.4749 430.0501 0.07748832 0.1081535
Moved 364.6556 393 429.0054 0.07638891 0.1054666
Moved 364.6708 393 427.124 0.07638891 0.1006273
Moved 364.6868 393 424.4656 0.07638891 0.09378994
Moved 364.7042 393 420.048 0.07638891 0.08242787
Moved 364.7187 393 416.9288 0.07638891 0.07440523
Moved 364.7336 393 411.3332 0.07638891 0.06001331
Moved 364.7482 383.5917 406.5917 0.05461047 0.04781817
Moved 364.7639 378.4749 402.3799 0.04276603 0.03698537
Moved 364.7792 371.6987 398.2192 0.02708028 0.02628389
Moved 364.7958 359.7865 393.6966 -0.0004942715 0.01465169
Moved 364.8106 349.7704 390.9344 -0.02367968 0.007547213
Moved 364.8265 337.2397 389.5822 -0.05268594 0.004069403
Moved 364.841 326.377 388.1967 -0.077831 0.0005058791
Moved 364.8566 316.6406 388 -0.1003689 -3.924585E-08
Moved 364.8763 307.5 388 -0.1215278 -3.924585E-08
Moved 364.8882 302.2662 388 -0.1336431 -3.924585E-08
Moved 364.9026 294.9726 395.0383 -0.1505264 0.01810266
Moved 364.9191 286.6575 397.7808 -0.1697743 0.0251564
Moved 364.9336 279.1368 401.5453 -0.1871834 0.03483862
Moved 364.9501 271.0546 404.3151 -0.2058921 0.04196269
Moved 364.9651 263.8291 408.0854 -0.2226178 0.05166003
Moved 364.9803 257.3744 410.8502 -0.2375593 0.0587711
Moved 364.9951 252.9146 413.0427 -0.2478829 0.06441022
Moved 365.0105 244.5254 417.2373 -0.2673022 0.07519878
Moved 365.0264 238.6064 420.5957 -0.2810036 0.08383664
Moved 365.0417 233.2711 422.1823 -0.2933541 0.08791723
Moved 365.0565 229.3022 425.1319 -0.3025413 0.09550381
Moved 365.072 226.0958 426.9521 -0.3099633 0.1001854
Moved 365.0886 221.9998 429.6668 -0.3194449 0.1071677
Moved 365.1041 220 430.5 -0.3240741 0.1093106
Moved 365.1191 215.6493 432.7836 -0.3341451 0.115184
Moved 365.1377 210.3261 435.337 -0.3464674 0.1217514
Moved 365.1513 208 435 -0.3518518 0.1208847
Moved 365.166 205.1184 436 -0.3585221 0.1234567
Moved 365.1799 202.3551 437.3224 -0.3649188 0.1268581
Moved 365.1952 201.289 437 -0.3673864 0.1260288
Moved 365.2111 199.9041 437 -0.3705923 0.1260288
Moved 365.226 198.9058 437 -0.3729031 0.1260288
Moved 365.2425 197.5 437 -0.3761574 0.1260288
Stationary 365.2582 197.5 437 -0.3761574 0.1260288
Moved 365.2721 195.7212 437 -0.3802749 0.1260288
Moved 365.2884 194.331 437 -0.383493 0.1260288
Moved 365.3037 193.5 437 -0.3854167 0.1260288
Moved 365.3195 192.7801 437 -0.3870831 0.1260288
Stationary 365.334 193 437 -0.3865741 0.1260288
Stationary 365.3518 193 437 -0.3865741 0.1260288
Stationary 365.3651 193 437 -0.3865741 0.1260288
Moved 365.3794 192 437 -0.3888888 0.1260288
Stationary 365.3991 192 437 -0.3888888 0.1260288
Stationary 365.4101 192 437 -0.3888888 0.1260288
Stationary 365.4259 192 437 -0.3888888 0.1260288
Stationary 365.4421 192 437 -0.3888888 0.1260288
Stationary 365.4585 192 437 -0.3888888 0.1260288
Stationary 365.4722 192 437 -0.3888888 0.1260288
Stationary 365.4877 192 437 -0.3888888 0.1260288
Stationary 365.5034 192 437 -0.3888888 0.1260288
Stationary 365.5192 192 437 -0.3888888 0.1260288
Moved 365.534 202.3633 437 -0.3648997 0.1260288
Moved 365.5511 206.7144 437 -0.3548278 0.1260288
Moved 365.5663 210.9619 437 -0.3449956 0.1260288
Moved 365.5815 217.2324 437 -0.3304805 0.1260288
Moved 365.597 222.7261 437 -0.3177636 0.1260288
Moved 365.612 228.4577 431.2654 -0.3044961 0.1112792
Moved 365.628 232.6125 430 -0.2948785 0.1080246
Moved 365.6477 237.1749 430 -0.2843174 0.1080246
Moved 365.6593 238.9686 430 -0.2801653 0.1080246
Moved 365.6735 240.3572 430 -0.2769509 0.1080246
Moved 365.6896 241.313 430 -0.2747384 0.1080246
Moved 365.7065 242 429.1945 -0.2731481 0.1059529
Moved 365.719 243.1872 429 -0.2704 0.1054526
Stationary 365.7352 243.1872 429 -0.2704 0.1054526
Stationary 365.7525 243 429 -0.2708333 0.1054526
Moved 365.7662 244.1802 429 -0.2681014 0.1054526
Ended 365.7807 244.1802 429 -0.2681014 0.1054526
Began 367.0285 256 277 -0.2407407 -0.2854939
Stationary 367.0481 256 277 -0.2407407 -0.2854939
Stationary 367.0625 256 277 -0.2407407 -0.2854939
Stationary 367.0763 256 277 -0.2407407 -0.2854939
Stationary 367.0963 256 277 -0.2407407 -0.2854939
Stationary 367.1086 256 277 -0.2407407 -0.2854939
Stationary 367.1239 256 277 -0.2407407 -0.2854939
Stationary 367.1397 256 277 -0.2407407 -0.2854939
Stationary 367.1573 256 277 -0.2407407 -0.2854939
Stationary 367.1719 256 277 -0.2407407 -0.2854939
Stationary 367.187 256 277 -0.2407407 -0.2854939
Stationary 367.2027 256 277 -0.2407407 -0.2854939
Stationary 367.218 256 277 -0.2407407 -0.2854939
Stationary 367.2314 256 277 -0.2407407 -0.2854939
Stationary 367.2465 256 277 -0.2407407 -0.2854939
Stationary 367.2624 256 277 -0.2407407 -0.2854939
Stationary 367.278 256 277 -0.2407407 -0.2854939
Stationary 367.2934 256 277 -0.2407407 -0.2854939
Stationary 367.3099 256 277 -0.2407407 -0.2854939
Stationary 367.324 256 277 -0.2407407 -0.2854939
Stationary 367.3391 256 277 -0.2407407 -0.2854939
Stationary 367.3611 256 277 -0.2407407 -0.2854939
Stationary 367.3708 256 277 -0.2407407 -0.2854939
Stationary 367.3851 256 277 -0.2407407 -0.2854939
Stationary 367.4011 256 277 -0.2407407 -0.2854939
Stationary 367.4166 256 277 -0.2407407 -0.2854939
Stationary 367.4316 256 277 -0.2407407 -0.2854939
Moved 367.4473 268.6412 277 -0.2114787 -0.2854939
Moved 367.4641 272.6054 277 -0.2023023 -0.2854939
Moved 367.4789 277.3535 288.3535 -0.1913113 -0.2562926
Moved 367.4952 282.7588 293.0071 -0.178799 -0.2443233
Moved 367.511 289.32 299.32 -0.1636111 -0.2280865
Moved 367.5248 297.6694 304.7796 -0.1442839 -0.2140444
Moved 367.5408 304.1669 310.3335 -0.1292433 -0.1997596
Moved 367.5577 312.2923 315.8615 -0.1104346 -0.1855415
Moved 367.5717 318.983 320.3864 -0.09494682 -0.1739032
Moved 367.5926 332.8452 335.2142 -0.06285837 -0.1357659
Stationary 367.6065 332.8452 335.2142 -0.06285837 -0.1357659
Moved 367.6188 338.9155 339.5963 -0.04880667 -0.1244952
Moved 367.632 344.23 345.23 -0.03650467 -0.1100052
Moved 367.6486 349.7917 349.5938 -0.02363036 -0.09878158
Moved 367.6651 355.9248 355.3398 -0.00943333 -0.08400253
Moved 367.6794 362.8214 359.8928 0.00653098 -0.07229228
Moved 367.6941 369.6531 363.9919 0.02234519 -0.06174935
Moved 367.7093 374.8804 367.4402 0.03444533 -0.05288026
Moved 367.7252 378.4346 369.6231 0.04267275 -0.04726575
Moved 367.7411 383.5381 373.4036 0.05448649 -0.03754211
Moved 367.7565 386 376 0.06018519 -0.03086435
Moved 367.7715 391.5927 378.7963 0.07313112 -0.02367208
Moved 367.7869 395.8496 382.8496 0.08298516 -0.01324689
Moved 367.8046 400.0097 387.0097 0.09261508 -0.002547095
Moved 367.8217 405.1998 392.1998 0.1046292 0.01080195
Moved 367.8341 409.3175 394.8783 0.1141608 0.01769109
Moved 367.8488 409.3861 396.7722 0.1143196 0.02256205
Moved 367.8655 412.78 398.78 0.1221758 0.02772625
Moved 367.8799 414.2749 401.5498 0.1256364 0.03485028
Moved 367.8954 415.5 402.5 0.1284723 0.03729416
Moved 367.9107 416.0196 404.0392 0.129675 0.04125301
Stationary 367.9267 416.0196 404.0392 0.129675 0.04125301
Moved 367.9404 416 405.8064 0.1296297 0.04579826
Moved 367.9568 416 406.8856 0.1296297 0.04857405
Moved 367.9724 416 408.2278 0.1296297 0.05202607
Moved 367.9878 416 409.6198 0.1296297 0.05560651
Moved 368.0046 416 411.0037 0.1296297 0.05916587
Moved 368.0182 403.5371 411 0.1007803 0.05915629
Moved 368.0373 398.17 411 0.08835643 0.05915629
Moved 368.0503 389.0352 411 0.06721109 0.05915629
Moved 368.066 375.023 411 0.03477554 0.05915629
Moved 368.0793 366.0773 400.2232 0.01406779 0.03143821
Moved 368.0958 355.1502 395.0858 -0.01122644 0.01822483
Moved 368.1116 344.0733 390.9025 -0.03686726 0.00746515
Moved 368.1259 335.7612 387.7548 -0.05610833 -0.0006306416
Moved 368.1445 327.2083 383.6041 -0.07590676 -0.01130626
Moved 368.1588 316 379.5 -0.1018519 -0.02186214
Moved 368.1713 306.706 376.3026 -0.1233658 -0.03008603
Moved 368.1877 299.2008 373.0861 -0.1407388 -0.03835898
Moved 368.2048 288.2047 370.3011 -0.1661929 -0.04552182
Moved 368.2195 282.3539 368.2708 -0.1797363 -0.05074387
Moved 368.2346 275.4511 366.8902 -0.195715 -0.05429484
Moved 368.2567 262.4621 364.1155 -0.2257822 -0.0614313
Stationary 368.2677 262.4621 364.1155 -0.2257822 -0.0614313
Moved 368.2792 255.6727 361.4691 -0.2414984 -0.06823818
Moved 368.2954 251 360.5 -0.2523148 -0.07073053
Moved 368.3117 245.5868 359.3174 -0.2648454 -0.07377216
Moved 368.3271 240.8014 357.9338 -0.2759227 -0.07733089
Moved 368.3442 235.2005 358 -0.2888878 -0.07716057
Moved 368.3578 231.5068 358 -0.297438 -0.07716057
Moved 368.3732 228.5717 358 -0.3042322 -0.07716057
Moved 368.3884 224.7936 358 -0.3129777 -0.07716057
Moved 368.412 219.9202 358 -0.3242587 -0.07716057
Moved 368.4255 218.56 358 -0.3274074 -0.07716057
Stationary 368.4366 218.56 358 -0.3274074 -0.07716057
Moved 368.4496 216.1776 358 -0.3329221 -0.07716057
Moved 368.4721 213.4093 358 -0.3393302 -0.07716057
Stationary 368.4836 213.4093 358 -0.3393302 -0.07716057
Moved 368.4962 213 364.8493 -0.3402778 -0.05954397
Moved 368.5114 211.6416 366.3583 -0.3434221 -0.05566278
Stationary 368.5258 211.6416 366.3583 -0.3434221 -0.05566278
Moved 368.5406 212 368.5833 -0.3425926 -0.04994012
Moved 368.558 212 370.1791 -0.3425926 -0.04583578
Moved 368.5723 212 371.5625 -0.3425926 -0.0422776
Moved 368.5882 212 372.9407 -0.3425926 -0.03873291
Moved 368.6037 212 374.3311 -0.3425926 -0.03515683
Moved 368.6191 212 375.7089 -0.3425926 -0.03161293
Moved 368.6348 221.8184 377.0909 -0.3198648 -0.02805827
Moved 368.6506 224.4351 378.145 -0.3138077 -0.02534717
Moved 368.6695 229.2876 379.5719 -0.302575 -0.02167721
Moved 368.6808 234.8266 380 -0.2897533 -0.02057613
Moved 368.696 241.683 380 -0.273882 -0.02057613
Moved 368.7102 248.6187 380 -0.257827 -0.02057613
Moved 368.7263 254.4415 380 -0.2443483 -0.02057613
Moved 368.7421 260.9745 380 -0.2292257 -0.02057613
Moved 368.758 265.6626 375.3405 -0.2183737 -0.03256048
Moved 368.7738 271.6765 371.1294 -0.2044527 -0.04339163
Moved 368.789 277.3023 368.3489 -0.1914299 -0.05054301
Moved 368.8045 281.2726 364.7274 -0.1822394 -0.05985754
Moved 368.8195 286.5575 360.5819 -0.1700058 -0.07051986
Moved 368.8348 292 356.5 -0.1574074 -0.0810186
Moved 368.8506 296.6089 352.2933 -0.1467387 -0.0918382
Moved 368.866 300.859 348.141 -0.1369004 -0.1025181
Moved 368.8857 304.9495 345.2879 -0.1274318 -0.1098563
Moved 368.8971 312.5276 339.8834 -0.1098898 -0.1237567
Moved 368.9119 318.3977 334.6023 -0.09630159 -0.1373398
Moved 368.9271 323.9347 330.549 -0.0834845 -0.147765
Moved 368.9433 329.4538 326.4097 -0.07070889 -0.1584114
Moved 368.9593 333.7336 321.0219 -0.06080191 -0.1722687
Moved 368.9739 339.5236 316.4764 -0.04739915 -0.1839598
Moved 368.9884 343.3171 312.6829 -0.0386178 -0.193717
Moved 369.0052 347.2639 307.6481 -0.0294816 -0.2066665
Moved 369.0202 349.9371 305.0629 -0.02329369 -0.2133157
Moved 369.0356 353.7042 300.2958 -0.01457363 -0.2255768
Moved 369.0517 356.4672 296.2993 -0.008177807 -0.2358559
Moved 369.0688 358.1947 292.8054 -0.004178981 -0.2448422
Moved 369.0885 361.0258 288.9614 0.00237445 -0.2547291
Moved 369.1017 362.3896 286.2207 0.005531609 -0.2617781
Moved 369.1147 363.3181 285.6818 0.007680853 -0.263164
Moved 369.1291 365.8011 283.1989 0.01342853 -0.2695501
Moved 369.1454 368.357 280.643 0.01934479 -0.276124
Moved 369.1606 369.5 279.5 0.02199074 -0.2790638
Moved 369.1757 371.856 278.072 0.02744446 -0.2827367
Moved 369.1909 373.2946 276.7053 0.03077467 -0.2862518
Moved 369.2065 375.3595 276.3203 0.03555437 -0.2872421
Moved 369.2216 377.6504 275.1748 0.04085739 -0.2901883
Moved 369.2377 379.1446 273.8554 0.04431615 -0.2935818
Moved 369.2527 382.0681 273.4659 0.05108356 -0.2945835
Moved 369.2736 387.5652 270.7174 0.06380826 -0.3016529
Stationary 369.2845 387.5652 270.7174 0.06380826 -0.3016529
Moved 369.299 389.6552 269.3448 0.06864637 -0.3051831
Moved 369.3143 392.0822 269 0.07426441 -0.30607
Moved 369.3291 394.8444 267.5778 0.08065839 -0.3097278
Moved 369.3446 396.9754 266.5123 0.08559118 -0.3124683
Moved 369.3616 399.7452 265.1274 0.09200275 -0.3160305
Moved 369.3755 402.515 265 0.09841442 -0.3163581
Moved 369.3913 404.2866 263.3568 0.1025152 -0.3205846
Moved 369.4066 406.0302 261.9698 0.1065512 -0.3241517
Moved 369.4213 408.8147 260.5927 0.1129971 -0.3276938
Moved 369.437 411.5946 259.2027 0.1194319 -0.3312688
Moved 369.4602 418.6494 256.7835 0.1357626 -0.337491
Stationary 369.4715 418.6494 256.7835 0.1357626 -0.337491
Moved 369.4825 422.7926 254.8049 0.1453533 -0.34258
Moved 369.4993 426.9427 253.019 0.1549599 -0.3471733
Moved 369.5145 429.7242 251.6379 0.1613986 -0.3507254
Moved 369.5297 432.4876 251 0.1677954 -0.3523664
Moved 369.5452 434.1271 249.8729 0.1715906 -0.3552652
Moved 369.5617 435.5 250 0.1747686 -0.3549383
Moved 369.5756 436.4376 250 0.176939 -0.3549383
Stationary 369.5913 436.4376 250 0.176939 -0.3549383
Moved 369.6082 437 250 0.1782407 -0.3549383
Moved 369.6217 437 262.6644 0.1782407 -0.3223654
Moved 369.6417 428.2678 275.9153 0.1580272 -0.2882838
Moved 369.654 424.5455 283.909 0.1494109 -0.2677238
Moved 369.6678 416.6542 296.9534 0.1311439 -0.2341736
Moved 369.6841 411.3456 304.5162 0.1188554 -0.2147217
Moved 369.7007 404.505 315.3919 0.1030209 -0.1867492
Moved 369.7145 398.2821 323.7562 0.08861601 -0.1652361
Moved 369.7302 393.8154 330.2461 0.0782765 -0.1485441
Moved 369.7454 391.1225 337.1937 0.07204284 -0.1306747
Moved 369.7614 387.347 342.3061 0.06330311 -0.1175256
Moved 369.7767 383.3671 346.6329 0.05409042 -0.1063969
Moved 369.7933 381 352 0.04861106 -0.09259266
Moved 369.8075 378.6246 354.0631 0.04311243 -0.08728623
Moved 369.8294 373.0799 362.3802 0.03027747 -0.06589466
Stationary 369.8402 373.0799 362.3802 0.03027747 -0.06589466
Moved 369.8559 369.4587 368.2355 0.02189507 -0.0508346
Moved 369.8688 366.5477 372.6785 0.01515667 -0.03940731
Moved 369.884 363.166 378.4453 0.007328789 -0.02457505
Moved 369.9002 361.0054 382.9836 0.002327363 -0.01290223
Moved 369.9155 358.8977 387.2047 -0.002551675 -0.002045651
Moved 369.931 354.6676 392.7766 -0.01234358 0.01228544
Moved 369.9467 352.1639 396.6722 -0.01813908 0.02230491
Moved 369.9615 348.334 401.8881 -0.02700468 0.0357202
Moved 369.9782 345.7852 405.8221 -0.03290449 0.04583861
Moved 369.9918 342.0408 410.9456 -0.04157215 0.05901627
Moved 370.0124 340.625 413.7499 -0.04484946 0.06622915
Moved 370.0248 336.5 419 -0.05439813 0.07973251
Moved 370.039 331.0587 424.7296 -0.06699379 0.09446889
Moved 370.0553 324.1207 430.7035 -0.08305401 0.1098341
Moved 370.0699 319 439 -0.09490739 0.1311728
Moved 370.0856 314.1643 442.8356 -0.1061011 0.141038
Moved 370.1025 307.3493 449.6507 -0.1218766 0.1585665
Moved 370.1158 303.1553 453.8447 -0.1315849 0.1693535
Moved 370.132 298.6984 458.3016 -0.1419019 0.1808168
Moved 370.1473 295.5983 461.4017 -0.1490781 0.1887904
Moved 370.1637 290 467 -0.162037 0.2031892
Moved 370.1778 283.2281 473.7149 -0.1777127 0.22046
Moved 370.1976 280.338 476.662 -0.1844029 0.2280402
Moved 370.2099 275.1364 481.8636 -0.1964436 0.2414186
Moved 370.2236 270.6909 486.3091 -0.206734 0.2528525
Moved 370.2394 267.03 488.97 -0.2152083 0.2596963
Moved 370.2545 264.6987 491.3013 -0.2206048 0.2656925
Moved 370.2697 262.1793 492.9103 -0.2264369 0.2698311
Moved 370.2865 259.3896 495.6104 -0.2328945 0.2767757
Moved 370.3027 253.9451 498.3699 -0.2454974 0.2838732
Moved 370.3166 250.866 501.134 -0.252625 0.2909825
Moved 370.332 248.088 502.4561 -0.2590556 0.2943828
Moved 370.3484 245.3816 503 -0.2653204 0.2957818
Moved 370.3668 243.8077 504.1923 -0.2689637 0.2988485
Moved 370.3785 242.7788 504 -0.2713453 0.2983539
Moved 370.3932 240 505.5 -0.2777777 0.3022119
Moved 370.4082 239.9738 506.0262 -0.2778385 0.3035654
Stationary 370.4243 239.9738 506.0262 -0.2778385 0.3035654
Moved 370.4392 237.3661 506 -0.2838747 0.3034978
Moved 370.455 236.5 506 -0.2858796 0.3034978
Moved 370.471 235.7648 506 -0.2875816 0.3034978
Moved 370.4866 234.5 506 -0.2905093 0.3034978
Stationary 370.5037 234.5 506 -0.2905093 0.3034978
Moved 370.5159 234 506 -0.2916667 0.3034978
Stationary 370.536 234 506 -0.2916667 0.3034978
Stationary 370.5477 234 506 -0.2916667 0.3034978
Moved 370.5641 234 497.2772 -0.2916667 0.2810628
Moved 370.579 234 492.163 -0.2916667 0.2679088
Moved 370.5944 234 488.0039 -0.2916667 0.2572116
Moved 370.6101 234 482.7031 -0.2916667 0.2435777
Moved 370.6255 234 473.3734 -0.2916667 0.2195817
Moved 370.6407 234 466.5232 -0.2916667 0.2019629
Moved 370.6566 245.9049 461.0475 -0.2641091 0.1878794
Moved 370.6719 244.8573 453.571 -0.2665341 0.1686496
Moved 370.6877 248.7348 448.0203 -0.2575583 0.154373
Moved 370.7085 254.2872 435.4256 -0.2447056 0.1219794
Stationary 370.7202 254.2872 435.4256 -0.2447056 0.1219794
Moved 370.7315 259.2986 427.5522 -0.2331052 0.1017288
Moved 370.7499 264.7534 416.4931 -0.2204781 0.07328469
Moved 370.7643 268.5041 408.9918 -0.211796 0.05399111
Moved 370.7785 271.4395 403.1211 -0.2050013 0.0388917
Moved 370.7946 274.7966 396.6046 -0.1972302 0.02213097
Moved 370.8105 277.9626 391.0747 -0.1899013 0.007908118
Moved 370.8255 280.7074 385.5852 -0.1835477 -0.006210932
Moved 370.8421 282.5821 381.8358 -0.1792081 -0.01585438
Moved 370.8577 285.5268 374.9464 -0.1723916 -0.03357428
Moved 370.8782 290.0255 365.4617 -0.161978 -0.05796888
Stationary 370.8887 290.0255 365.4617 -0.161978 -0.05796888
Moved 370.9025 291.8888 361.3337 -0.1576649 -0.06858622
Moved 370.9176 293.2613 357.2161 -0.1544877 -0.07917671
Moved 370.9326 294.6371 354.7259 -0.1513031 -0.08558163
Moved 370.9493 295.7902 352.4196 -0.1486338 -0.09151341
Moved 370.9643 297.1252 349.7497 -0.1455436 -0.09838048
Moved 370.979 298.5046 347.9908 -0.1423505 -0.1029043
Moved 370.9955 299 346.1194 -0.1412037 -0.1077176
Moved 371.0117 300.2635 344.7365 -0.1382789 -0.1112745
Moved 371.0258 300.6354 343.3646 -0.1374181 -0.1148029
Ended 371.049 301.5 342.5 -0.1354167 -0.1170267
PhraseEnd 372.9069
