stay away from strangers
Basic
0.8 0.8
575.9999 518.4
Began 62.35471 203 344 -0.2725694 -0.0848766
Stationary 62.37531 203 344 -0.2725694 -0.0848766
Stationary 62.38916 203 344 -0.2725694 -0.0848766
Stationary 62.40479 203 344 -0.2725694 -0.0848766
Moved 62.42047 203 356.312 -0.2725694 -0.06112669
Moved 62.43588 229.9371 377.3745 -0.2258036 -0.02049676
Moved 62.4516 246.8452 397.3193 -0.1964493 0.01797708
Moved 62.46655 263.5 416.5 -0.1675347 0.05497682
Moved 62.48209 281.4066 436.7328 -0.1364468 0.09400623
Moved 62.49722 297.1075 454.3182 -0.1091884 0.1279286
Moved 62.5184 322.7331 480.7331 -0.06469954 0.1788832
Stationary 62.52878 322.7331 480.7331 -0.06469954 0.1788832
Moved 62.54303 332.5 489 -0.04774306 0.1948302
Moved 62.5603 340.8042 498.7762 -0.03332611 0.2136885
Moved 62.57468 348.0536 506.0536 -0.02074018 0.2277269
Moved 62.58987 352.1796 510.7245 -0.01357715 0.236737
Moved 62.60684 357.9449 515.9587 -0.00356786 0.2468338
Moved 62.62213 362.2993 520.2993 0.003991798 0.2552069
Moved 62.63632 365.7274 523.7275 0.00994347 0.26182
Moved 62.65149 367.3062 526.6124 0.01268439 0.267385
Moved 62.66653 369.7484 528.7484 0.01692422 0.2715052
Moved 62.68237 372.3837 531.3837 0.02149947 0.2765889
Moved 62.69751 372 532.22 0.02083331 0.2782021
Moved 62.71527 372 533.7355 0.02083331 0.2811255
Moved 62.729 372 534.5 0.02083331 0.2826002
Moved 62.74429 372 535 0.02083331 0.2835647
Moved 62.76004 372 536.0545 0.02083331 0.2855989
Moved 62.77469 362.5262 536 0.00438571 0.2854937
Moved 62.78964 351.5374 536 -0.01469199 0.2854937
Moved 62.80682 333.8522 527.9304 -0.04539549 0.2699274
Moved 62.82208 284.942 498.9303 -0.1303091 0.2139858
Moved 62.83575 248.4267 471.9855 -0.1937037 0.1620089
Moved 62.85144 221.9575 448.6289 -0.2396571 0.1169539
Moved 62.86642 206.5427 431.2361 -0.266419 0.08340302
Moved 62.88327 191.9091 413.491 -0.2918244 0.04917236
Moved 62.89774 179.8157 397.5196 -0.31282 0.01836341
Moved 62.9166 171.247 385.7814 -0.3276962 -0.004279702
Moved 62.92871 165.1612 377.9515 -0.3382618 -0.01938378
Moved 62.94397 160.0669 369.4225 -0.347106 -0.03583619
Moved 62.96088 156.8399 362.5997 -0.3527086 -0.04899754
Moved 62.97577 155.481 359.962 -0.3550677 -0.05408563
Moved 62.98959 155 358.0423 -0.3559027 -0.05778883
Moved 63.00751 155 356.6154 -0.3559027 -0.06054136
Moved 63.022 155 355.5 -0.3559027 -0.06269296
Moved 63.03726 155 356 -0.3559027 -0.06172845
Stationary 63.05133 155 356 -0.3559027 -0.06172845
Moved 63.06754 175.6993 362.3267 -0.3199665 -0.04952407
Moved 63.08295 203.7954 379.9686 -0.2711885 -0.01549261
Moved 63.09811 244.0781 408.7188 -0.2012532 0.03996672
Moved 63.11542 283.9168 438.2437 -0.1320889 0.09692068
Moved 63.12921 312.5 455.5 -0.08246525 0.1302083
Moved 63.14462 327.3066 467.2453 -0.05675931 0.1528651
Moved 63.15982 348.8389 483.3485 -0.01937695 0.1839284
Moved 63.1756 367.8872 496.1971 0.01369305 0.2087135
Moved 63.19055 384.0334 509.0267 0.04172459 0.2334619
Moved 63.20737 399.7726 520.471 0.06904967 0.2555381
Moved 63.22061 410.8364 529.0691 0.08825756 0.2721239
Moved 63.24448 429.5499 541.9125 0.1207464 0.296899
Stationary 63.25507 429.5499 541.9125 0.1207464 0.296899
Moved 63.26761 436.3188 546.5912 0.1324978 0.3059244
Moved 63.2832 442.2245 550.9184 0.1427508 0.3142715
Moved 63.29886 444.4939 552.7469 0.1466907 0.3177989
Moved 63.31421 446.1857 554.1857 0.1496279 0.3205742
Moved 63.32916 447.6273 555 0.1521306 0.322145
Moved 63.34464 449.0691 556.069 0.1546338 0.3242071
Moved 63.36069 450.1025 556 0.1564279 0.3240739
Moved 63.37549 450.585 557 0.1572656 0.326003
Moved 63.39005 453.0819 558.041 0.1616005 0.328011
Ended 63.40717 453.0819 558.041 0.1616005 0.328011
Began 63.58951 159 335 -0.3489583 -0.1022377
Stationary 63.60852 159 335 -0.3489583 -0.1022377
Stationary 63.62344 159 335 -0.3489583 -0.1022377
Stationary 63.63748 159 335 -0.3489583 -0.1022377
Stationary 63.65387 159 335 -0.3489583 -0.1022377
Moved 63.66882 174.151 362.9183 -0.3226545 -0.04838296
Moved 63.68414 193.3626 392.5439 -0.289301 0.008765149
Moved 63.69922 226.7887 444.8866 -0.2312696 0.1097348
Moved 63.71811 235.2051 456.0969 -0.2166577 0.1313597
Moved 63.73108 247.1407 473.1935 -0.1959362 0.1643393
Moved 63.74741 257.2233 490.5256 -0.1784318 0.1977731
Moved 63.76266 260.7108 495.6145 -0.172377 0.2075897
Moved 63.77667 263.6847 501.3693 -0.1672141 0.2186907
Moved 63.7916 266.5508 506.3262 -0.1622382 0.2282526
Moved 63.80869 268.2177 510.653 -0.1593443 0.236599
Moved 63.82251 270.4521 513.6782 -0.1554651 0.2424347
Moved 63.83746 271 519.2535 -0.1545139 0.2531895
Moved 63.85294 272.188 523.5638 -0.1524515 0.2615043
Moved 63.8689 272.6301 528.5203 -0.1516839 0.2710653
Moved 63.88452 273 532.1378 -0.1510417 0.2780434
Moved 63.89911 273 538 -0.1510417 0.2893518
Moved 63.91629 273 539.898 -0.1510417 0.293013
Moved 63.93079 273 542.1321 -0.1510417 0.2973226
Moved 63.94598 273 546.5 -0.1510417 0.3057484
Moved 63.96204 273 547.9691 -0.1510417 0.3085822
Moved 63.97696 273 550.8157 -0.1510417 0.3140735
Moved 63.99329 273 552.6989 -0.1510417 0.3177061
Moved 64.00845 273 554.2919 -0.1510417 0.320779
Moved 64.02161 267.8661 556.7334 -0.1599546 0.3254887
Moved 64.03854 263.3699 557.8767 -0.1677606 0.3276942
Moved 64.05585 259.1891 559.2703 -0.1750189 0.3303825
Moved 64.07388 251.0309 559 -0.1891825 0.3298611
Moved 64.08536 240.9366 559 -0.2067073 0.3298611
Moved 64.09995 230.8485 559 -0.2242213 0.3298611
Moved 64.1153 218.7141 559 -0.2452881 0.3298611
Moved 64.13107 207.2351 545.7645 -0.2652168 0.3043297
Moved 64.14734 193.6399 541.9854 -0.2888196 0.2970396
Moved 64.1622 181.047 534.0313 -0.3106824 0.2816961
Moved 64.17764 169.565 523.9943 -0.3306164 0.2623347
Moved 64.19336 161.6834 515.6833 -0.3442997 0.2463027
Moved 64.20901 154.4879 507.1854 -0.3567919 0.2299101
Moved 64.22449 151.0351 500.8115 -0.3627862 0.2176146
Moved 64.23898 146.4194 494.226 -0.3707995 0.2049111
Moved 64.25449 142.5 486 -0.3776041 0.1890431
Moved 64.27014 139.5175 477.0701 -0.382782 0.1718173
Moved 64.28494 136.6333 467.8998 -0.3877895 0.1541278
Moved 64.3002 134.3785 458.2708 -0.3917041 0.1355532
Moved 64.31674 132.9397 448.5777 -0.394202 0.116855
Moved 64.33185 131.501 440.0059 -0.3966996 0.1003199
Moved 64.34674 132 429.4542 -0.3958333 0.07996564
Moved 64.36334 132 422.1707 -0.3958333 0.06591567
Moved 64.37646 132 416.2369 -0.3958333 0.05446937
Moved 64.39362 138.2517 408.5345 -0.3849796 0.03961118
Moved 64.41129 142.993 404.007 -0.3767482 0.03087759
Moved 64.42371 148.8516 398.9187 -0.3665771 0.02106222
Moved 64.4393 154.8754 396.7811 -0.356119 0.01693881
Moved 64.45523 170.4261 395 -0.3291213 0.01350306
Moved 64.47021 197.8697 408.0684 -0.2814762 0.03871217
Moved 64.48575 231.1199 426.9012 -0.2237502 0.07504091
Moved 64.50146 289.6216 462.3043 -0.1221847 0.1433338
Moved 64.51627 325.4421 486.6989 -0.05999632 0.1903912
Moved 64.53137 360.6946 511.4863 0.001205951 0.2382065
Moved 64.54669 382.8193 526.8749 0.0396169 0.2678914
Moved 64.56299 403.1144 544.8358 0.07485136 0.302538
Moved 64.57736 416.9131 556.049 0.09880751 0.3241685
Moved 64.59726 423.836 561.8633 0.1108264 0.3353844
Moved 64.60938 432.3891 568.991 0.1256756 0.3491337
Moved 64.62473 436.5143 571.6761 0.1328372 0.3543135
Moved 64.64459 439.5536 574.5536 0.1381139 0.3598641
Moved 64.65671 441.7184 576.7184 0.1418722 0.36404
Moved 64.6712 443.1539 578.1539 0.1443644 0.3668091
Moved 64.68582 444.5947 579.5947 0.1468658 0.3695885
Moved 64.70068 445 580.7598 0.1475695 0.3718359
Moved 64.7168 446.1148 581 0.1495048 0.3722993
Stationary 64.73163 446 581 0.1493055 0.3722993
Ended 64.74838 446 581 0.1493055 0.3722993
Began 65.02179 311 330 -0.08506946 -0.1118827
Stationary 65.04019 311 330 -0.08506946 -0.1118827
Stationary 65.056 311 330 -0.08506946 -0.1118827
Moved 65.07147 311 341.773 -0.08506946 -0.08917254
Moved 65.08725 311 352.3107 -0.08506946 -0.06884515
Moved 65.10324 311 367.9786 -0.08506946 -0.03862151
Moved 65.11755 311 382.1765 -0.08506946 -0.01123364
Moved 65.13297 311 396.5 -0.08506946 0.0163966
Moved 65.14859 311 404.9217 -0.08506946 0.03264206
Moved 65.16446 311 415.4829 -0.08506946 0.05301478
Moved 65.1792 311 423.5635 -0.08506946 0.06860247
Moved 65.1954 311 437.3271 -0.08506946 0.09515249
Moved 65.21362 311 448.6743 -0.08506946 0.1170413
Moved 65.22556 311 460.1094 -0.08506946 0.1391
Moved 65.24081 311 473.1483 -0.08506946 0.164252
Moved 65.25693 301.1876 477.4106 -0.1021049 0.1724742
Moved 65.27127 304 487.9171 -0.09722221 0.1927413
Moved 65.28662 304 499.4152 -0.09722221 0.2149212
Moved 65.31113 304 523.7319 -0.09722221 0.2618284
Stationary 65.32141 304 523.7319 -0.09722221 0.2618284
Moved 65.33292 311.7424 533.7122 -0.0837805 0.2810806
Moved 65.34818 313.1852 544.4817 -0.08127566 0.301855
Moved 65.36334 315.4939 547.9877 -0.07726758 0.3086183
Moved 65.37878 317.7596 553.2787 -0.07333405 0.3188246
Moved 65.39407 319.1922 557.5766 -0.07084686 0.3271152
Moved 65.40985 322.262 560.8931 -0.06551731 0.3335128
Moved 65.42532 326.2124 564.1416 -0.05865909 0.3397793
Moved 65.44116 333.5834 567.55 -0.04586216 0.3463542
Moved 65.45642 340.7436 570.8975 -0.0334312 0.3528113
Moved 65.47879 363.9965 572 0.006938353 0.3549382
Stationary 65.49008 363.9965 572 0.006938353 0.3549382
Moved 65.50235 378.308 572 0.03178462 0.3549382
Moved 65.51837 390.1002 572 0.05225733 0.3549382
Moved 65.53445 405.1096 560.7562 0.07831536 0.3332486
Moved 65.5499 421.9607 555.0131 0.1075707 0.3221703
Moved 65.56781 436.2191 548.9269 0.1323248 0.31043
Moved 65.58075 447.2165 544.7134 0.1514175 0.3023021
Moved 65.59604 462.2398 539.1855 0.1774996 0.2916387
Moved 65.61124 472.0997 535.7251 0.1946175 0.2849635
Moved 65.62607 481.4576 530.6949 0.2108638 0.2752603
Moved 65.64224 488.0951 527.9525 0.2223872 0.2699699
Moved 65.65826 492.8877 526.0374 0.2307078 0.2662758
Moved 65.67178 497.2038 521.7962 0.238201 0.2580944
Moved 65.68762 500.2709 519.0937 0.2435258 0.2528813
Moved 65.70999 503.3995 511.8014 0.2489575 0.2388143
Stationary 65.72208 503.3995 511.8014 0.2489575 0.2388143
Moved 65.73425 504 507.691 0.25 0.2308853
Moved 65.7493 504 501.8983 0.25 0.2197111
Moved 65.76553 504 488.7619 0.25 0.1943709
Moved 65.78134 494.8186 475.8185 0.23406 0.169403
Moved 65.7955 487 453 0.2204861 0.1253857
Moved 65.81253 478.2567 435.4804 0.2053067 0.09159026
Moved 65.82501 469.3021 414.3715 0.1897606 0.05087081
Moved 65.84271 464.33 399.8765 0.1811284 0.0229099
Moved 65.85828 459.0131 385.0328 0.1718978 -0.005723723
Moved 65.87289 454.7422 370.8074 0.164483 -0.03316479
Moved 65.88837 452.2523 362.7569 0.1601602 -0.04869437
Moved 65.90408 450.6908 354.1445 0.1574492 -0.06530767
Moved 65.92017 448.1006 347.3017 0.1529524 -0.07850752
Moved 65.93427 445.218 337.7631 0.147948 -0.09690773
Moved 65.94937 442.3474 329.0422 0.1429643 -0.1137302
Moved 65.96509 440.2378 322.951 0.1393016 -0.1254803
Moved 65.9808 437.6019 314.8058 0.1347256 -0.1411925
Moved 65.9957 436.3547 306.1284 0.1325603 -0.1579314
Moved 66.01263 436 298.528 0.1319444 -0.1725927
Moved 66.02667 434.8629 294.4516 0.1299703 -0.180456
Moved 66.04254 434.3754 286.8771 0.1291239 -0.1950674
Moved 66.06619 433 272.4595 0.1267361 -0.2228791
Stationary 66.07779 433 272.4595 0.1267361 -0.2228791
Moved 66.08932 432.0571 264.3428 0.1250992 -0.2385363
Moved 66.10602 432 259.8442 0.125 -0.2472141
Moved 66.11844 432 256.5297 0.125 -0.2536077
Moved 66.13574 432 255.0774 0.125 -0.2564094
Moved 66.15076 432 250.99 0.125 -0.264294
Moved 66.16714 432 249.451 0.125 -0.2672626
Moved 66.18137 432 246.5874 0.125 -0.2727867
Moved 66.19574 432 243.0441 0.125 -0.2796219
Moved 66.21265 432 239.7935 0.125 -0.2858922
Moved 66.22736 432 235.9464 0.125 -0.2933133
Moved 66.24298 432 233.5383 0.125 -0.2979585
Moved 66.2579 432 231.9178 0.125 -0.3010844
Moved 66.27362 432 230.4806 0.125 -0.3038569
Moved 66.28918 432 229.5 0.125 -0.3057484
Moved 66.30383 432 228.8005 0.125 -0.3070977
Ended 66.31818 439 228 0.1371527 -0.308642
Began 66.59387 248 326 -0.1944444 -0.1195989
Stationary 66.6181 248 326 -0.1944444 -0.1195989
Stationary 66.63199 248 326 -0.1944444 -0.1195989
Stationary 66.64554 248 326 -0.1944444 -0.1195989
Moved 66.66611 267.7942 364.8563 -0.1600796 -0.04464461
Stationary 66.67752 267.7942 364.8563 -0.1600796 -0.04464461
Moved 66.68903 280.7732 386.6219 -0.1375466 -0.002658338
Moved 66.70636 293 406 -0.1163194 0.03472213
Moved 66.72116 311.0861 431.229 -0.08492003 0.08338924
Moved 66.73541 325.4067 451.4764 -0.06005779 0.1224466
Moved 66.75058 340.3806 470.5074 -0.03406145 0.1591578
Moved 66.76782 356.7338 490.0227 -0.005670562 0.196803
Moved 66.78281 368.6326 501.6326 0.01498707 0.2191986
Moved 66.79697 381.1759 514.1759 0.03676369 0.2433948
Moved 66.81485 389.7993 524.2658 0.05173481 0.2628584
Moved 66.82886 396.0034 530.0034 0.0625059 0.2739263
Moved 66.84381 401.1005 535.1005 0.07135502 0.2837586
Moved 66.85999 402.481 539.4429 0.07375166 0.2921351
Moved 66.87415 403.9171 541.8342 0.07624499 0.296748
Moved 66.89047 404 543.3518 0.07638887 0.2996755
Moved 66.90631 404 545.5844 0.07638887 0.303982
Moved 66.92197 404 547.2338 0.07638887 0.3071639
Stationary 66.93958 404 547 0.07638887 0.3067129
Moved 66.95157 389.0991 548 0.05051925 0.3086419
Moved 66.97372 373.7359 548 0.023847 0.3086419
Stationary 66.9845 373.7359 548 0.023847 0.3086419
Moved 66.99747 364.3668 548 0.007581264 0.3086419
Moved 67.0126 352.3234 548 -0.01332749 0.3086419
Moved 67.02899 344.1735 548 -0.02747662 0.3086419
Moved 67.04395 336.7827 540.7827 -0.04030779 0.2947196
Moved 67.06207 322.2317 536.5695 -0.06557003 0.2865923
Moved 67.07449 306.0401 530.4 -0.09368031 0.2746913
Moved 67.09177 292.7038 525.9012 -0.1168337 0.2660131
Moved 67.10608 275.2419 515.4266 -0.1471495 0.2458075
Moved 67.12115 259.4352 504.1347 -0.1745917 0.2240252
Moved 67.1355 240.5252 487.8843 -0.2074215 0.192678
Moved 67.1524 228.5699 476.5699 -0.2281772 0.1708524
Moved 67.16873 215.9584 462.7316 -0.2500722 0.144158
Moved 67.18262 206.3028 451.6318 -0.2668353 0.1227464
Moved 67.19839 195.1427 432.3925 -0.2862106 0.08563356
Moved 67.21396 190 423.5 -0.2951389 0.06847984
Moved 67.22903 184.0354 404.1414 -0.3054942 0.03113696
Moved 67.24451 179.7241 386.8964 -0.312979 -0.002128989
Moved 67.26044 181 374 -0.3107639 -0.02700617
Moved 67.27945 181 358.745 -0.3107639 -0.05643326
Moved 67.29236 197.6229 345.5328 -0.2819046 -0.08191991
Moved 67.30634 215.4875 327.1536 -0.2508898 -0.1173735
Moved 67.32196 245.6148 303.6613 -0.1985855 -0.1626904
Moved 67.33844 273.5224 290.2388 -0.1501347 -0.1885825
Moved 67.35422 299.5114 281.2614 -0.105015 -0.2059001
Moved 67.36783 319.5 276 -0.07031251 -0.2160495
Moved 67.38342 343.9101 271.1072 -0.02793387 -0.2254876
Moved 67.39853 368.5906 267.6761 0.01491427 -0.2321062
Moved 67.41428 382.0236 263.1929 0.03823541 -0.2407544
Moved 67.42981 394.3385 256.7885 0.05961537 -0.2531087
Moved 67.44449 405.7472 252.5948 0.07942215 -0.2611982
Moved 67.46158 411.6242 250.1879 0.08962534 -0.2658413
Moved 67.4765 418.7211 247.3115 0.1019464 -0.2713898
Moved 67.49103 421.0118 243.9883 0.1059233 -0.2778004
Moved 67.50745 425.7775 240.2225 0.1141971 -0.2850645
Moved 67.52127 429.993 236.007 0.1215156 -0.2931965
Moved 67.53735 432.5375 233.4625 0.1259331 -0.2981047
Moved 67.55914 435.6491 228.7018 0.1313353 -0.3072883
Stationary 67.57013 435.6491 228.7018 0.1313353 -0.3072883
Moved 67.58234 438.1757 222.5608 0.1357217 -0.3191342
Moved 67.59872 439.1164 221.8837 0.1373548 -0.3204405
Moved 67.61505 440 218.8044 0.1388889 -0.3263803
Moved 67.63046 441.0336 216.9664 0.1406833 -0.3299258
Moved 67.6445 441 215.519 0.140625 -0.3327179
Stationary 67.66129 441 215.519 0.140625 -0.3327179
Stationary 67.67578 441 216 0.140625 -0.3317901
Moved 67.69119 419.809 232.7939 0.1038351 -0.2993944
Moved 67.70734 410.4875 241.5126 0.08765183 -0.2825761
Moved 67.72314 395.2247 255.4321 0.06115399 -0.2557251
Moved 67.73743 382.1638 269.6199 0.03847875 -0.2283567
Moved 67.75397 370.1979 284.2527 0.01770467 -0.2001299
Moved 67.7692 360.3629 295.2996 0.000630021 -0.1788203
Moved 67.78354 348.1322 310.0607 -0.02060387 -0.150346
Moved 67.80008 338.3088 322.7676 -0.03765825 -0.1258341
Moved 67.81989 330.9327 331.7911 -0.05046401 -0.1084276
Moved 67.83237 320.4795 344.6506 -0.06861198 -0.08362145
Moved 67.84552 310.9807 357.5218 -0.08510303 -0.0587929
Moved 67.86157 299.4813 371.3984 -0.1050672 -0.03202473
Moved 67.87759 283.7939 391.3531 -0.1323022 0.006468236
Moved 67.89194 274.5728 402.0777 -0.1483111 0.02715602
Moved 67.90689 265.4345 412.8265 -0.1641763 0.04789049
Moved 67.92307 259.5 423 -0.1744791 0.06751537
Moved 67.93839 250.8142 434.86 -0.1895586 0.09039351
Moved 67.95389 243.6207 444.931 -0.2020473 0.1098204
Moved 67.96848 238.4167 452.2999 -0.2110821 0.1240353
Moved 67.98431 234.6942 458.6117 -0.2175449 0.1362107
Moved 67.99936 230.2306 462.7694 -0.2252942 0.144231
Moved 68.01544 226.9383 468.1234 -0.2310099 0.154559
Moved 68.03049 222.5909 473.8788 -0.2385574 0.1656612
Moved 68.04648 220.8523 477.2953 -0.2415758 0.1722518
Moved 68.06824 216.5475 488.8099 -0.2490494 0.1944635
Stationary 68.07932 216.5475 488.8099 -0.2490494 0.1944635
Moved 68.09216 214.109 492.7819 -0.2532829 0.2021255
Moved 68.10876 212.67 498.3199 -0.2557812 0.2128084
Moved 68.1236 212.2328 501.3016 -0.2565403 0.2185602
Moved 68.1394 212 505.6141 -0.2569444 0.226879
Stationary 68.15536 212 506.2043 -0.2569444 0.2280175
Moved 68.16995 211 510.4195 -0.2586805 0.2361487
Moved 68.18515 211 513.2953 -0.2586805 0.2416961
Moved 68.19977 211 517.7644 -0.2586805 0.2503171
Moved 68.21588 211 521.0561 -0.2586805 0.2566668
Moved 68.23035 211 525.3879 -0.2586805 0.265023
Moved 68.24603 219.8058 527.8058 -0.2433926 0.2696871
Moved 68.26181 222.0294 530.0294 -0.2395322 0.2739764
Moved 68.27814 226.4124 532.9416 -0.2319229 0.279594
Moved 68.29379 234.4877 536.7951 -0.2179032 0.2870275
Moved 68.31467 255.4522 542 -0.1815065 0.2970679
Stationary 68.32617 255.4522 542 -0.1815065 0.2970679
Moved 68.33835 265.5567 543.2224 -0.163964 0.2994259
Moved 68.35468 272.2692 544 -0.1523104 0.3009259
Moved 68.37 277.2391 544.8098 -0.1436822 0.3024879
Moved 68.38522 281.5257 545 -0.1362402 0.3028549
Moved 68.40039 283.6195 545 -0.132605 0.3028549
Moved 68.41644 285.0563 545 -0.1301105 0.3028549
Moved 68.43161 286.4952 545 -0.1276125 0.3028549
Moved 68.44577 287.9316 545 -0.1251188 0.3028549
Moved 68.46198 288.5 545 -0.124132 0.3028549
Stationary 68.47757 288.5 545 -0.124132 0.3028549
Moved 68.49246 289.2268 545 -0.1228702 0.3028549
Moved 68.50861 289 536.6255 -0.1232639 0.2867004
Moved 68.52417 289 531.0256 -0.1232639 0.275898
Moved 68.5401 280.1289 526.1981 -0.138665 0.2665858
Moved 68.56107 264.9894 504.5563 -0.164949 0.2248384
Stationary 68.57141 264.9894 504.5563 -0.164949 0.2248384
Moved 68.58478 255.5 495.5 -0.1814236 0.2073687
Moved 68.60159 242.0545 479.6783 -0.2047665 0.1768484
Moved 68.61694 226.7543 461.5052 -0.2313294 0.1417924
Moved 68.63101 217.5869 451.0181 -0.247245 0.1215626
Moved 68.64697 209.9741 440.9638 -0.2604616 0.1021678
Moved 68.66449 204.2243 433.7804 -0.2704439 0.08831091
Moved 68.67828 200.3519 429.3519 -0.2771669 0.07976823
Moved 68.6933 197.3495 425.0242 -0.2823793 0.0714201
Moved 68.70862 195.4214 423.4214 -0.2857267 0.06832834
Moved 68.72507 193.3361 419.3361 -0.289347 0.0604477
Moved 68.74002 191.7261 416.4523 -0.2921421 0.05488469
Moved 68.75452 189.5765 413.5765 -0.2958742 0.04933728
Moved 68.77698 188 411.4124 -0.2986111 0.04516269
Stationary 68.78839 188 411.4124 -0.2986111 0.04516269
Moved 68.80084 188 409.9659 -0.2986111 0.04237251
Stationary 68.81671 188 410 -0.2986111 0.04243821
Ended 68.83139 188 410 -0.2986111 0.04243821
PhraseEnd 69.12485
