this person is a disaster
this person is a disaster
FixStart
List

0.6 0.6
432 388.8
Began 1385.68 393 294 0.07638891 -0.2417696
Stationary 1385.711 393 294 0.07638891 -0.2417696
Stationary 1385.742 393 294 0.07638891 -0.2417696
Moved 1385.772 393 311.8627 0.07638891 -0.1958265
Moved 1385.803 393 328.351 0.07638891 -0.1534182
Moved 1385.834 393 342.4042 0.07638891 -0.1172733
Moved 1385.865 393 352.8391 0.07638891 -0.09043461
Moved 1385.895 393 361.7741 0.07638891 -0.0674535
Moved 1385.926 393 374.7872 0.07638891 -0.03398369
Moved 1385.957 393 386.2629 0.07638891 -0.004467826
Moved 1385.988 386 393.441 0.06018519 0.0139944
Moved 1386.018 386 398 0.06018519 0.02572008
Moved 1386.049 386 400.5 0.06018519 0.03215016
Moved 1386.08 386 401.1495 0.06018519 0.03382063
Moved 1386.11 398.5686 389.8627 0.08927922 0.004790977
Moved 1386.141 413.1124 374.2426 0.1229454 -0.03538422
Moved 1386.172 428.3699 352.2081 0.1582637 -0.09205751
Moved 1386.203 437.6131 334.7737 0.17966 -0.1368988
Moved 1386.233 445.765 320.3132 0.1985302 -0.1740915
Moved 1386.264 450.5288 311.2068 0.2095574 -0.1975135
Moved 1386.295 453.0561 306.9439 0.2154075 -0.2084777
Moved 1386.326 456.5721 305 0.2235465 -0.2134774
Moved 1386.356 469 323 0.2523148 -0.1671811
Moved 1386.387 486.1031 351.3184 0.2919054 -0.09434585
Moved 1386.418 497.7771 379.9235 0.3189283 -0.02077291
Moved 1386.448 505.7077 399.6513 0.3372864 0.02996723
Moved 1386.479 508.9529 410.8115 0.3447984 0.05867161
Moved 1386.51 510 418.1678 0.3472221 0.07759212
Moved 1386.541 510 423.2264 0.3472221 0.0906029
Moved 1386.571 480.9436 425 0.279962 0.09516452
Moved 1386.602 427 399.5 0.1550926 0.02957815
Moved 1386.633 375.9275 373.4637 0.03686915 -0.03738756
Moved 1386.664 345.2951 353.7333 -0.03403912 -0.08813457
Moved 1386.694 323.8295 339.4496 -0.08372793 -0.1248724
Moved 1386.725 309.9445 332.4723 -0.1158691 -0.1428182
Moved 1386.756 298.4133 327.2067 -0.1425617 -0.1563615
Moved 1386.787 289.6158 322.8719 -0.1629264 -0.1675106
Moved 1386.817 280.4637 318.1545 -0.1841119 -0.1796438
Moved 1386.848 273.598 313.598 -0.2000046 -0.1913632
Moved 1386.879 266.0554 310.0369 -0.2174643 -0.2005223
Ended 1386.91 262 309 -0.2268519 -0.2031893
Candidates 1387.032 13 this thus third those is if us his toys food id ford its
Began 1387.924 370 310 0.02314816 -0.2006174
Stationary 1387.954 370 310 0.02314816 -0.2006174
Stationary 1387.985 370 310 0.02314816 -0.2006174
Moved 1388.016 388.4506 324.338 0.06585786 -0.1637398
Moved 1388.047 422.8086 345.0048 0.1453903 -0.1105845
Moved 1388.077 454.0274 360.2827 0.2176561 -0.07128939
Moved 1388.108 482.4537 371.6361 0.2834577 -0.0420882
Moved 1388.139 507.8229 381.8286 0.3421827 -0.01587299
Moved 1388.17 522.0109 390.8065 0.3750252 0.007218333
Moved 1388.2 532.9987 397.6658 0.40046 0.0248606
Moved 1388.231 539.0964 403.0964 0.414575 0.0388282
Moved 1388.262 541.5 407 0.4201389 0.04886827
Moved 1388.292 541 412.5441 0.4189815 0.06312762
Moved 1388.323 516.8276 420.8161 0.3630269 0.08440351
Moved 1388.354 478.5183 425.6321 0.274348 0.0967904
Moved 1388.385 448.961 426 0.2059283 0.09773654
Moved 1388.415 415.6856 426 0.1289018 0.09773654
Moved 1388.446 390.9073 426 0.07154474 0.09773654
Moved 1388.477 368.8016 426 0.02037406 0.09773654
Moved 1388.508 351.5597 419 -0.01953776 0.07973251
Moved 1388.538 328.3631 415.7954 -0.07323364 0.07149017
Moved 1388.569 307.5379 411.0768 -0.12144 0.05935398
Moved 1388.6 290.1142 406.7047 -0.1617726 0.04810879
Moved 1388.63 277.8288 402.9315 -0.1902111 0.03840407
Moved 1388.661 269.4882 400.2441 -0.209518 0.03149209
Moved 1388.692 262.5634 397.5211 -0.2255476 0.02448847
Moved 1388.723 260.8048 397 -0.2296185 0.02314815
Moved 1388.753 260.3717 397 -0.230621 0.02314815
Stationary 1388.784 260 397 -0.2314815 0.02314815
Moved 1388.815 269.6133 394.9319 -0.2092285 0.01782884
Moved 1388.846 284.5 389.5 -0.1747685 0.003857946
Moved 1388.876 311.2083 376.9962 -0.1129438 -0.02830191
Moved 1388.907 339.1451 359.4663 -0.04827519 -0.0733892
Moved 1388.938 362.1669 347.4166 0.00501593 -0.1043813
Moved 1388.969 378.0961 338.9451 0.04188905 -0.12617
Moved 1388.999 398.4561 324.0292 0.08901883 -0.1645339
Moved 1389.03 413.3026 314.6185 0.1233855 -0.1887387
Moved 1389.061 422.5695 307.6203 0.1448369 -0.2067379
Moved 1389.091 427.2081 305.3959 0.1555743 -0.2124591
Moved 1389.122 429 302.6751 0.1597223 -0.2194571
Moved 1389.153 429 299.8917 0.1597223 -0.2266159
Moved 1389.184 429 297.5 0.1597223 -0.2327676
Moved 1389.214 429 296.6962 0.1597223 -0.2348349
Stationary 1389.245 429 296.6962 0.1597223 -0.2348349
Stationary 1389.276 429 297 0.1597223 -0.2340535
Moved 1389.307 429 311.3547 0.1597223 -0.1971329
Moved 1389.337 441.0851 332.1703 0.1876971 -0.1435949
Moved 1389.368 450.4706 349.9412 0.2094226 -0.09788796
Moved 1389.399 457.632 362.0533 0.2260001 -0.0667353
Moved 1389.43 467.8152 376.9266 0.2495721 -0.02848111
Moved 1389.46 482.7056 397.3878 0.2840407 0.02414546
Moved 1389.491 495.2212 413.3318 0.313012 0.0651537
Moved 1389.522 506.9001 431.0201 0.3400465 0.1106484
Moved 1389.552 516.4443 445.5554 0.3621396 0.1480332
Moved 1389.583 524.6082 460.347 0.3810375 0.1860776
Moved 1389.614 531.7444 472.3259 0.3975564 0.2168874
Moved 1389.645 537.581 480.8715 0.4110671 0.238867
Moved 1389.675 540.6998 486.3996 0.4182867 0.2530854
Moved 1389.706 543.4154 489.4154 0.4245727 0.260842
Moved 1389.737 544.5 490.5 0.4270834 0.2636316
Moved 1389.768 544.853 490 0.4279003 0.2623456
Moved 1389.798 545 454.9965 0.4282407 0.1723161
Moved 1389.829 531.087 410.464 0.3960346 0.05777771
Moved 1389.86 520.9138 372.655 0.3724855 -0.03946759
Moved 1389.891 509.3621 333.6768 0.3457456 -0.1397201
Moved 1389.921 500.5748 311.4371 0.3254047 -0.1969212
Moved 1389.952 491.2654 285.2181 0.3038551 -0.2643567
Moved 1389.983 486.3842 268.1526 0.2925561 -0.3082494
Moved 1390.013 480.4477 250.7906 0.278814 -0.3529048
Moved 1390.044 475.14 237.28 0.2665277 -0.3876543
Moved 1390.075 466.3874 222.0811 0.246267 -0.4267462
Moved 1390.106 445.1954 198.4344 0.1972116 -0.4875658
Ended 1390.136 444 197 0.1944444 -0.4912551
Accept 1390.259 0 this
Candidates 1390.259 13 oregon person gordon position houston lesson origin portion option icon poison operation hudson
Began 1391.12 461 332 0.2337964 -0.144033
Stationary 1391.151 461 332 0.2337964 -0.144033
Stationary 1391.181 461 332 0.2337964 -0.144033
Moved 1391.212 446.2223 358.7499 0.1995885 -0.07523179
Moved 1391.243 435.931 385.3655 0.1757662 -0.006775993
Moved 1391.274 421.045 420.5618 0.1413077 0.08374932
Moved 1391.304 408.8414 445.423 0.1130587 0.1476928
Moved 1391.335 400.6526 464.0424 0.09410311 0.1955821
Moved 1391.366 395.8724 479.4464 0.08303801 0.2352016
Moved 1391.396 393.2062 494.9691 0.07686616 0.2751261
Moved 1391.427 391 504.5 0.07175922 0.2996398
Moved 1391.458 388.7661 512.7015 0.06658833 0.3207343
Moved 1391.489 388 517.3335 0.06481478 0.3326478
Moved 1391.519 387 521.3987 0.06250004 0.3431036
Moved 1391.55 386 524.1149 0.06018519 0.3500896
Moved 1391.581 386 526.5 0.06018519 0.3562242
Moved 1391.612 385 528.2464 0.05787035 0.3607159
Moved 1391.642 384 529.975 0.0555556 0.3651619
Moved 1391.673 384 531.3484 0.0555556 0.3686943
Moved 1391.704 382.9718 532.0282 0.05317549 0.3704428
Moved 1391.734 383 533.2114 0.05324075 0.3734861
Moved 1391.765 383 534.1735 0.05324075 0.3759604
Moved 1391.796 383 535.2386 0.05324075 0.3787001
Stationary 1391.827 383 535.2386 0.05324075 0.3787001
Moved 1391.857 383 537.1896 0.05324075 0.3837181
Moved 1391.888 383 538.0344 0.05324075 0.385891
Moved 1391.919 383 539.3552 0.05324075 0.3892881
Moved 1391.95 383 540.0659 0.05324075 0.391116
Stationary 1391.98 383 540.0659 0.05324075 0.391116
Ended 1392.011 383 540 0.05324075 0.3909464
Expand 1392.011
Accept 1392.103 1 person
Began 1392.626 386 331 0.06018519 -0.146605
Stationary 1392.656 386 331 0.06018519 -0.146605
Stationary 1392.687 386 331 0.06018519 -0.146605
Moved 1392.718 402.3465 344.4686 0.0980243 -0.1119636
Moved 1392.749 426.1944 370.1565 0.1532277 -0.04589387
Moved 1392.779 449.0561 397.4381 0.2061483 0.02427497
Moved 1392.81 465.837 420.2963 0.2449932 0.08306644
Moved 1392.841 470.4623 425.2831 0.2556998 0.09589273
Moved 1392.872 476.4332 433.8664 0.2695213 0.117969
Moved 1392.902 479.8489 437.8489 0.277428 0.1282121
Moved 1392.933 480 441.5691 0.2777778 0.1377805
Moved 1392.964 480 443.1459 0.2777778 0.141836
Moved 1392.995 465.2815 443 0.2437072 0.1414608
Moved 1393.025 434.8859 431.8529 0.1733471 0.1127903
Moved 1393.056 404.8607 423.5443 0.1038441 0.09142028
Moved 1393.087 382.8571 410.7857 0.05290995 0.05860516
Moved 1393.117 361.1649 396.6892 0.002696514 0.02234879
Moved 1393.148 340.1242 384.0621 -0.04600872 -0.01012833
Moved 1393.179 323.4717 372.8831 -0.08455614 -0.03888103
Moved 1393.21 310.5815 362.6513 -0.1143946 -0.06519733
Moved 1393.24 294.9119 349.7296 -0.1506668 -0.09843229
Moved 1393.271 282.8047 339.9023 -0.1786929 -0.123708
Moved 1393.302 275.4493 334.4493 -0.1957193 -0.1377334
Moved 1393.333 266 325.5 -0.2175926 -0.1607511
Ended 1393.363 266 325.5 -0.2175926 -0.1607511
Candidates 1393.486 13 is his us its id usa guys good if goods hits god gifts
Began 1394.009 444 318 0.1944444 -0.1800412
Stationary 1394.039 444 318 0.1944444 -0.1800412
Stationary 1394.07 444 318 0.1944444 -0.1800412
Stationary 1394.101 444 318 0.1944444 -0.1800412
Moved 1394.132 409.7846 328.8431 0.1152421 -0.1521526
Moved 1394.162 379.7939 332.6206 0.04581928 -0.1424367
Moved 1394.193 351.8886 334 -0.01877646 -0.1388889
Moved 1394.224 329.4342 337.0629 -0.07075409 -0.1310112
Moved 1394.255 314.7368 340.6466 -0.104776 -0.1217938
Moved 1394.285 302.6992 343.0602 -0.1326407 -0.115586
Moved 1394.316 295.433 344 -0.1494607 -0.1131688
Ended 1394.347 295 344 -0.150463 -0.1131688
Accept 1394.47 0 is
Candidates 1394.47 13 a as sa ss ga sd aaa s da faa aa fda ads
Began 1395.607 484 338 0.287037 -0.1286009
Stationary 1395.638 484 338 0.287037 -0.1286009
Stationary 1395.668 484 338 0.287037 -0.1286009
Moved 1395.699 470.809 338 0.2565022 -0.1286009
Moved 1395.73 455.2978 338 0.2205968 -0.1286009
Moved 1395.76 435.4128 338 0.1745668 -0.1286009
Moved 1395.791 408.5567 345 0.1123999 -0.1105968
Moved 1395.822 385.068 345 0.0580278 -0.1105968
Moved 1395.853 371.9843 345 0.02774139 -0.1105968
Moved 1395.883 367.0076 345 0.01622121 -0.1105968
Moved 1395.914 365.648 345 0.01307398 -0.1105968
Moved 1395.945 366 346.441 0.01388888 -0.1068906
Moved 1395.976 394.4638 355.616 0.07977725 -0.08329234
Moved 1396.006 428.9576 367.7873 0.1596241 -0.05198749
Moved 1396.037 458.1373 378.2549 0.2271698 -0.02506452
Moved 1396.068 478.2461 386.123 0.2737178 -0.004827633
Moved 1396.099 491.6419 392.3209 0.3047265 0.01111348
Moved 1396.129 499.3439 398.3439 0.3225553 0.02660457
Moved 1396.16 506.7847 402.7847 0.3397794 0.03802653
Moved 1396.191 509.5 407 0.3460647 0.04886827
Moved 1396.221 510.9861 409.9723 0.3495049 0.05651309
Moved 1396.252 511 413.7079 0.349537 0.06612106
Moved 1396.283 511 416.4271 0.349537 0.07311483
Moved 1396.314 511 419.8803 0.349537 0.08199656
Moved 1396.344 489.8994 423.5667 0.3006929 0.09147809
Moved 1396.375 464.6761 424 0.2423058 0.09259254
Moved 1396.406 436.8622 424 0.1779218 0.09259254
Moved 1396.437 412.0852 414.9597 0.1205676 0.06934056
Moved 1396.467 389.331 407.6655 0.06789575 0.05057986
Moved 1396.498 369.3813 398.7893 0.02171606 0.0277502
Moved 1396.529 346.8419 386.6899 -0.03045852 -0.003369531
Moved 1396.56 327.9891 376.5495 -0.07409929 -0.02945095
Moved 1396.59 308.5106 363.3404 -0.1191885 -0.063425
Moved 1396.621 290.0266 349.3555 -0.1619755 -0.09939445
Moved 1396.652 276.7864 339.8398 -0.1926241 -0.1238689
Moved 1396.682 270.0821 335.082 -0.2081434 -0.136106
Moved 1396.713 265.8194 330.8194 -0.2180106 -0.1470694
Moved 1396.744 264 328.0975 -0.2222222 -0.1540704
Moved 1396.775 264 325.5 -0.2222222 -0.1607511
Moved 1396.805 274.0015 319.9997 -0.1990706 -0.174898
Moved 1396.836 285.8956 315.2761 -0.171538 -0.1870472
Moved 1396.867 300.662 312.5563 -0.1373564 -0.1940423
Moved 1396.898 317.237 312 -0.09898851 -0.1954732
Moved 1396.928 332.9039 312 -0.06272251 -0.1954732
Moved 1396.959 345.2148 312 -0.03422488 -0.1954732
Moved 1396.99 352.0509 312 -0.0184007 -0.1954732
Moved 1397.021 356.6173 320.3087 -0.007830213 -0.1741033
Moved 1397.051 360.1313 323.1313 0.000303785 -0.1668434
Moved 1397.082 362.8555 325.8555 0.006610056 -0.1598367
Moved 1397.113 364 327.5773 0.009259283 -0.1554082
Moved 1397.144 364 330.0072 0.009259283 -0.1491585
Moved 1397.174 364 332.7308 0.009259283 -0.1421533
Moved 1397.205 364 336.4494 0.009259283 -0.1325891
Moved 1397.236 354.6126 342.3469 -0.01247083 -0.1174206
Moved 1397.266 348.2553 346.5815 -0.02718687 -0.106529
Moved 1397.297 337.7622 351.6189 -0.05147636 -0.09357287
Moved 1397.328 328.8892 354.0277 -0.07201577 -0.08737736
Moved 1397.359 324 356.5 -0.08333336 -0.0810186
Moved 1397.389 319.8763 359.1238 -0.09287903 -0.07427027
Moved 1397.42 318 360 -0.09722222 -0.07201654
Moved 1397.451 318 361.2032 -0.09722222 -0.06892184
Moved 1397.482 318 364.9833 -0.09722222 -0.05919931
Moved 1397.512 335.7848 371.3924 -0.05605375 -0.04271511
Moved 1397.543 350.0797 379.6638 -0.02296363 -0.02144095
Moved 1397.574 361.3983 386.2656 0.00323683 -0.004461037
Moved 1397.604 368.0388 391.0388 0.01860837 0.007815851
Moved 1397.635 372.2419 394.2418 0.02833764 0.01605403
Moved 1397.666 374.9628 396.9628 0.03463615 0.02305247
Moved 1397.697 376.6839 398 0.03862023 0.02572008
Moved 1397.727 379.1174 400.1174 0.04425327 0.03116615
Moved 1397.758 381.8446 401 0.05056609 0.03343609
Moved 1397.789 384.5652 403 0.05686382 0.03858017
Moved 1397.82 389.8684 405.2895 0.0691398 0.04446881
Moved 1397.85 397.1017 408.7006 0.08588362 0.05324214
Moved 1397.881 405.2445 412.4149 0.1047327 0.06279533
Moved 1397.912 419.7967 421.5311 0.1384182 0.08624256
Moved 1397.943 433 430 0.1689814 0.1080246
Moved 1397.973 448.1329 444.1329 0.2040114 0.1443747
Moved 1398.004 457.8553 454.8553 0.2265169 0.1719528
Moved 1398.035 462.6763 459.6763 0.2376766 0.1843525
Moved 1398.065 465.058 463.058 0.2431899 0.1930505
Moved 1398.096 466.7913 465.7913 0.2472021 0.2000805
Moved 1398.127 467 468.5 0.2476852 0.2070472
Moved 1398.158 455.0516 472.4742 0.220027 0.2172689
Moved 1398.188 439.0762 474.6155 0.1830467 0.2227763
Moved 1398.219 421.0428 475 0.1413029 0.2237653
Moved 1398.25 404.8083 475 0.103723 0.2237653
Moved 1398.281 397.4659 467.233 0.08672675 0.2037884
Moved 1398.311 397 465.5 0.0856481 0.1993312
Moved 1398.342 397 462.1409 0.0856481 0.1906916
Moved 1398.373 406.9562 453.0438 0.1086948 0.1672937
Moved 1398.404 416.5027 444.873 0.1307934 0.1462781
Moved 1398.434 425.1116 440.4442 0.1507213 0.1348873
Moved 1398.465 437.0066 435.4984 0.178256 0.1221665
Moved 1398.496 450.1102 432.778 0.2085885 0.1151695
Moved 1398.526 461.1992 431 0.2342574 0.1105966
Moved 1398.557 474.5696 431 0.2652075 0.1105966
Moved 1398.588 494.519 438.3303 0.3113867 0.1294503
Ended 1398.619 494.519 438.3303 0.3113867 0.1294503
Accept 1398.742 0 a
Candidates 1398.742 13 great state day way greater rate eat taste rare fast starter water statute
Began 1399.571 444 321 0.1944444 -0.1723252
Stationary 1399.602 444 321 0.1944444 -0.1723252
Stationary 1399.633 444 321 0.1944444 -0.1723252
Moved 1399.664 456.8576 355.4302 0.2242073 -0.08377004
Moved 1399.694 464.858 380.8599 0.2427268 -0.01836455
Moved 1399.725 471.1771 404.797 0.2573545 0.04320207
Moved 1399.756 476.6228 427.4911 0.2699602 0.1015718
Moved 1399.786 479.5391 443.1563 0.2767108 0.1418627
Moved 1399.817 481.9204 453.6816 0.2822231 0.1689342
Moved 1399.848 485.6341 465.8047 0.2908197 0.2001148
Moved 1399.879 487 478.7784 0.2939814 0.2334836
Moved 1399.909 489 489.2233 0.2986111 0.2603478
Moved 1399.94 490.5012 497.5036 0.3020861 0.2816449
Moved 1399.971 491 504.4717 0.3032407 0.2995672
Moved 1400.002 492.9568 509.9136 0.3077703 0.3135638
Moved 1400.032 493 513.5 0.3078704 0.3227879
Moved 1400.063 494 518.0832 0.3101851 0.334576
Moved 1400.094 495 521.7978 0.3125 0.34413
Moved 1400.125 496 524.525 0.3148148 0.3511446
Moved 1400.155 497 526.9255 0.3171296 0.3573187
Moved 1400.186 498 528.6227 0.3194444 0.3616837
Moved 1400.217 498.7026 531.7026 0.3210708 0.3696053
Moved 1400.248 499 533.2115 0.3217593 0.3734863
Moved 1400.278 499 534.3664 0.3217593 0.3764566
Moved 1400.309 500.3542 535.3542 0.3248941 0.3789975
Moved 1400.34 500 537.5 0.324074 0.3845164
Moved 1400.37 501 538.6512 0.3263889 0.3874773
Moved 1400.401 501 540.0174 0.3263889 0.3909912
Moved 1400.432 502.3542 541.3542 0.3295237 0.3944296
Moved 1400.463 502 542.0594 0.3287037 0.3962434
Moved 1400.493 502 543.2361 0.3287037 0.3992699
Stationary 1400.524 502 543.2361 0.3287037 0.3992699
Expand 1400.524
Moved 1400.555 503.1653 544.1653 0.3314011 0.4016595
Moved 1400.586 503 545.2364 0.3310186 0.4044145
Stationary 1400.616 503 545.2364 0.3310186 0.4044145
Moved 1400.647 503 546.1331 0.3310186 0.4067209
Stationary 1400.678 503 546 0.3310186 0.4063785
Moved 1400.708 503 547.1475 0.3310186 0.4093299
Stationary 1400.739 503 547.1475 0.3310186 0.4093299
Moved 1400.77 504.0486 548 0.333446 0.4115225
Stationary 1400.801 504 548 0.3333333 0.4115225
Stationary 1400.831 504 548 0.3333333 0.4115225
Stationary 1400.862 504 548 0.3333333 0.4115225
Moved 1400.893 504 549.2142 0.3333333 0.4146454
Stationary 1400.924 504 549.2142 0.3333333 0.4146454
Stationary 1400.954 504 549.2142 0.3333333 0.4146454
Stationary 1400.985 504 549.2142 0.3333333 0.4146454
Stationary 1401.016 504 549 0.3333333 0.4140946
Stationary 1401.047 504 549 0.3333333 0.4140946
Stationary 1401.077 504 549 0.3333333 0.4140946
Stationary 1401.108 504 549 0.3333333 0.4140946
Stationary 1401.139 504 549 0.3333333 0.4140946
Stationary 1401.169 504 549 0.3333333 0.4140946
Stationary 1401.2 504 549 0.3333333 0.4140946
Stationary 1401.231 504 549 0.3333333 0.4140946
Stationary 1401.262 504 549 0.3333333 0.4140946
Stationary 1401.292 504 549 0.3333333 0.4140946
Stationary 1401.323 504 549 0.3333333 0.4140946
Moved 1401.354 505.0425 549 0.3357465 0.4140946
Stationary 1401.385 505.0425 549 0.3357465 0.4140946
Stationary 1401.415 505.0425 549 0.3357465 0.4140946
Moved 1401.446 506.0919 549 0.3381758 0.4140946
Moved 1401.477 506 540.5762 0.337963 0.3924283
Moved 1401.508 507 536.8647 0.3402778 0.3828825
Moved 1401.538 508 531.2819 0.3425926 0.3685232
Moved 1401.569 510.2483 525.2551 0.3477971 0.3530222
Moved 1401.6 511.9792 516.0833 0.3518037 0.3294322
Moved 1401.63 514.7006 506.1979 0.3581031 0.3040069
Moved 1401.661 517.4246 495.7262 0.3644089 0.2770735
Moved 1401.692 519 478.972 0.3680556 0.2339814
Moved 1401.723 519 459.6112 0.3680556 0.1841851
Moved 1401.753 491.2798 414.7997 0.3038885 0.06892926
Moved 1401.784 449.9285 369.7032 0.2081679 -0.04705963
Moved 1401.815 424.9681 345.4012 0.1503892 -0.1095648
Moved 1401.846 414.556 333.556 0.1262871 -0.1400309
Moved 1401.876 409.127 327.2541 0.11372 -0.1562395
Moved 1401.907 406.8172 324.8171 0.1083731 -0.1625074
Moved 1401.938 405 323.0347 0.1041667 -0.167092
Moved 1401.969 404 321.3174 0.1018518 -0.1715087
Moved 1401.999 402.7982 319.7983 0.09906997 -0.175416
Stationary 1402.03 402.7982 319.7983 0.09906997 -0.175416
Moved 1402.061 402 318.4664 0.09722222 -0.1788415
Moved 1402.091 402 317.5 0.09722222 -0.1813271
Moved 1402.122 402 316.7962 0.09722222 -0.1831374
Moved 1402.153 402 315.9183 0.09722222 -0.1853952
Moved 1402.184 400.5 316 0.09374996 -0.1851853
Moved 1402.214 401 314.8568 0.09490739 -0.1881257
Stationary 1402.245 401 314.8568 0.09490739 -0.1881257
Moved 1402.276 401 313.8889 0.09490739 -0.1906149
Ended 1402.307 399.8968 314 0.09235372 -0.1903292
Cancel 1402.368
Began 1402.675 530 374 0.3935185 -0.03600823
Stationary 1402.706 530 374 0.3935185 -0.03600823
Moved 1402.737 506.2303 374 0.338496 -0.03600823
Moved 1402.768 481.0746 382.7612 0.2802652 -0.01347428
Moved 1402.798 451.7757 389.8598 0.2124437 0.004783403
Moved 1402.829 412.8582 403.0405 0.1223568 0.03868444
Moved 1402.86 388.417 409.6547 0.06578018 0.05569626
Moved 1402.891 367.6204 413.34 0.0176398 0.06517473
Moved 1402.921 351.4063 414 -0.01989275 0.06687239
Moved 1402.952 339.2099 415 -0.04812524 0.06944436
Moved 1402.983 326.2042 416 -0.07823095 0.07201634
Moved 1403.013 316.4637 417 -0.1007786 0.0745884
Moved 1403.044 309.4161 417 -0.1170923 0.0745884
Moved 1403.075 300.9539 417 -0.1366808 0.0745884
Moved 1403.106 295.5262 417 -0.1492449 0.0745884
Moved 1403.136 289.6382 417 -0.1628745 0.0745884
Moved 1403.167 287.3098 417 -0.1682644 0.0745884
Moved 1403.198 284.4344 417 -0.1749204 0.0745884
Moved 1403.229 281.7155 417 -0.181214 0.0745884
Moved 1403.259 279.2174 417 -0.1869968 0.0745884
Moved 1403.29 275.6773 417 -0.1951914 0.0745884
Moved 1403.321 272.9383 417 -0.2015318 0.0745884
Moved 1403.352 270.5 417 -0.2071759 0.0745884
Moved 1403.382 269.9269 417 -0.2085025 0.0745884
Moved 1403.413 268.7643 417 -0.2111938 0.0745884
Moved 1403.444 266.6858 417 -0.2160051 0.0745884
Moved 1403.474 265.8817 417 -0.2178664 0.0745884
Stationary 1403.505 265.8817 417 -0.2178664 0.0745884
Moved 1403.536 264.9806 417 -0.2199524 0.0745884
Stationary 1403.567 265 417 -0.2199074 0.0745884
Ended 1403.597 265 417 -0.2199074 0.0745884
Accept 1403.659 0 great
Delete 1403.659 LeftSwipe
Began 1404.888 532 395 0.3981481 0.01800408
Stationary 1404.919 532 395 0.3981481 0.01800408
Stationary 1404.95 532 395 0.3981481 0.01800408
Stationary 1404.98 532 395 0.3981481 0.01800408
Moved 1405.011 512.3691 395 0.3527063 0.01800408
Moved 1405.042 501.4481 395 0.3274262 0.01800408
Moved 1405.073 491.5574 395 0.304531 0.01800408
Moved 1405.103 481.6626 395 0.2816263 0.01800408
Moved 1405.134 471.8517 395 0.2589158 0.01800408
Moved 1405.165 458.7943 395 0.2286905 0.01800408
Moved 1405.196 444.0068 395 0.1944602 0.01800408
Moved 1405.226 430.5804 395 0.1633805 0.01800408
Moved 1405.257 415.9542 387.3181 0.1295235 -0.001754054
Moved 1405.288 411.8728 387 0.1200759 -0.002572055
Moved 1405.318 407.2361 386 0.1093428 -0.005144111
Moved 1405.349 404.5649 386 0.1031595 -0.005144111
Moved 1405.38 402.5 385 0.09837966 -0.007716127
Moved 1405.411 400.5 385 0.09374996 -0.007716127
Moved 1405.441 400 383.8801 0.09259263 -0.01059646
Moved 1405.472 398.5 384 0.08912037 -0.01028807
Moved 1405.503 397.9236 384 0.08778612 -0.01028807
Stationary 1405.534 397.9236 384 0.08778612 -0.01028807
Moved 1405.564 396.8973 384 0.08541048 -0.01028807
Stationary 1405.595 396.8973 384 0.08541048 -0.01028807
Moved 1405.626 395.8876 384 0.08307308 -0.01028807
Stationary 1405.656 395.8876 384 0.08307308 -0.01028807
Stationary 1405.687 395.8876 384 0.08307308 -0.01028807
Stationary 1405.718 395.8876 384 0.08307308 -0.01028807
Stationary 1405.749 395.8876 384 0.08307308 -0.01028807
Stationary 1405.779 395.8876 384 0.08307308 -0.01028807
Stationary 1405.81 395.8876 384 0.08307308 -0.01028807
Stationary 1405.841 395.8876 384 0.08307308 -0.01028807
Stationary 1405.872 395.8876 384 0.08307308 -0.01028807
Moved 1405.902 394.9819 384 0.08097659 -0.01028807
Stationary 1405.933 394.9819 384 0.08097659 -0.01028807
Stationary 1405.964 394.9819 384 0.08097659 -0.01028807
Stationary 1405.995 394.9819 384 0.08097659 -0.01028807
Stationary 1406.025 394.9819 384 0.08097659 -0.01028807
Stationary 1406.056 394.9819 384 0.08097659 -0.01028807
Stationary 1406.087 394.9819 384 0.08097659 -0.01028807
Stationary 1406.117 394.9819 384 0.08097659 -0.01028807
Stationary 1406.148 394.9819 384 0.08097659 -0.01028807
Stationary 1406.179 394.9819 384 0.08097659 -0.01028807
Moved 1406.21 393.9752 384 0.07864635 -0.01028807
Stationary 1406.24 393.9752 384 0.07864635 -0.01028807
Stationary 1406.271 393.9752 384 0.07864635 -0.01028807
Stationary 1406.302 393.9752 384 0.07864635 -0.01028807
Stationary 1406.333 393.9752 384 0.07864635 -0.01028807
Stationary 1406.363 393.9752 384 0.07864635 -0.01028807
Stationary 1406.394 393.9752 384 0.07864635 -0.01028807
Stationary 1406.425 393.9752 384 0.07864635 -0.01028807
Moved 1406.455 391.9052 384 0.07385463 -0.01028807
Moved 1406.486 388.1674 384 0.06520232 -0.01028807
Moved 1406.517 382 384 0.05092591 -0.01028807
Moved 1406.548 373.8791 384 0.0321276 -0.01028807
Moved 1406.578 367.4825 384 0.01732051 -0.01028807
Moved 1406.609 363.0408 384 0.007039011 -0.01028807
Moved 1406.64 361.5 384 0.003472269 -0.01028807
Moved 1406.671 360.9073 384 0.002100269 -0.01028807
Moved 1406.701 359.6453 384 -0.0008211533 -0.01028807
Stationary 1406.732 360 384 0 -0.01028807
Stationary 1406.763 360 384 0 -0.01028807
Stationary 1406.794 360 384 0 -0.01028807
Stationary 1406.824 360 384 0 -0.01028807
Stationary 1406.855 360 384 0 -0.01028807
Moved 1406.886 369.0019 384 0.02083768 -0.01028807
Moved 1406.917 373.7284 384 0.03177871 -0.01028807
Moved 1406.947 378.9046 384 0.04376063 -0.01028807
Moved 1406.978 382.348 384 0.05173147 -0.01028807
Moved 1407.009 385.6026 384 0.0592653 -0.01028807
Moved 1407.039 389.3362 384 0.06790777 -0.01028807
Moved 1407.07 392.0461 384 0.07418076 -0.01028807
Moved 1407.101 394.5 384 0.07986108 -0.01028807
Moved 1407.132 398.3524 384 0.08877884 -0.01028807
Moved 1407.162 400.898 384 0.09467135 -0.01028807
Moved 1407.193 403.6232 384 0.1009796 -0.01028807
Moved 1407.224 405.5 384 0.1053241 -0.01028807
Moved 1407.255 407.7121 384 0.1104447 -0.01028807
Moved 1407.285 410.4414 384 0.1167626 -0.01028807
Moved 1407.316 413.157 384 0.1230485 -0.01028807
Moved 1407.347 416.5707 391.5707 0.1309507 0.009183765
Moved 1407.378 420.5875 394.2938 0.1402488 0.01618754
Moved 1407.408 425.0447 398.0447 0.1505665 0.02583515
Moved 1407.439 432.9712 404.2284 0.1689148 0.04173965
Moved 1407.47 441.5056 411.3792 0.1886704 0.0601316
Moved 1407.5 450.391 419.5432 0.2092383 0.08112966
Moved 1407.531 459.2706 429.8382 0.229793 0.1076084
Moved 1407.562 467.8684 442.1578 0.2496954 0.1392947
Moved 1407.593 473.4573 450.186 0.2626327 0.1599432
Moved 1407.623 480.3394 459.7859 0.2785635 0.1846344
Moved 1407.654 486.505 467.505 0.2928357 0.2044881
Moved 1407.685 490.6752 473.3504 0.3024889 0.2195226
Moved 1407.716 494.2999 479.5997 0.3108794 0.2355959
Moved 1407.746 496 486.0605 0.3148148 0.2522132
Moved 1407.777 497 492.2763 0.3171296 0.2682003
Moved 1407.808 497 497.0142 0.3171296 0.2803863
Moved 1407.839 497 502.454 0.3171296 0.2943776
Moved 1407.869 497 506.4443 0.3171296 0.3046406
Moved 1407.9 487.6158 511.3461 0.2954069 0.317248
Moved 1407.931 482.6597 514.1702 0.2839345 0.3245116
Moved 1407.961 472.7647 517.3088 0.2610294 0.3325844
Moved 1407.992 461.8807 519.0298 0.2358349 0.3370108
Moved 1408.023 453.002 519 0.2152823 0.3369341
Moved 1408.054 444.447 519 0.1954792 0.3369341
Moved 1408.084 434.5616 519 0.1725962 0.3369341
Moved 1408.115 425.2755 519 0.1511008 0.3369341
Moved 1408.146 416.1136 519 0.1298926 0.3369341
Moved 1408.177 405.8177 510.2726 0.1060596 0.314487
Moved 1408.207 397.6581 507.5527 0.08717149 0.3074914
Moved 1408.238 393.8332 506 0.07831752 0.3034978
Moved 1408.269 391.5 504.5 0.07291664 0.2996398
Moved 1408.3 392 505 0.07407407 0.3009258
Moved 1408.33 392 503.9817 0.07407407 0.2983068
Moved 1408.361 392 503.2601 0.07407407 0.2964507
Moved 1408.392 401.1638 501.9181 0.09528657 0.2929991
Moved 1408.422 407.6555 501 0.1103136 0.2906378
Moved 1408.453 415.637 500.4543 0.1287893 0.2892343
Moved 1408.484 423.8052 500 0.1476972 0.2880658
Moved 1408.515 430.359 499 0.1628681 0.2854938
Moved 1408.545 436.8031 499 0.1777849 0.2854938
Moved 1408.576 442.2505 499 0.1903948 0.2854938
Moved 1408.607 445.6981 499 0.1983752 0.2854938
Moved 1408.638 448.2388 499 0.2042565 0.2854938
Moved 1408.668 451.916 499 0.2127684 0.2854938
Ended 1408.699 455.9845 499 0.2221863 0.2854938
Candidates 1408.822 13 faster date dates street agreed safe agree safer few gates set ages ate
Began 1409.652 492 321 0.3055556 -0.1723252
Stationary 1409.682 492 321 0.3055556 -0.1723252
Stationary 1409.713 492 321 0.3055556 -0.1723252
Moved 1409.744 492 337.5 0.3055556 -0.1298869
Moved 1409.775 492 362.6864 0.3055556 -0.06510707
Moved 1409.805 492 386.8808 0.3055556 -0.002878644
Moved 1409.836 492 403.1001 0.3055556 0.03883766
Moved 1409.867 492 417.3133 0.3055556 0.07539423
Moved 1409.898 481.5 438.5 0.28125 0.1298867
Moved 1409.928 483.7315 450.3426 0.2864154 0.1603461
Moved 1409.959 484 461.5878 0.287037 0.189269
Moved 1409.99 484 471.7823 0.287037 0.2154894
Moved 1410.021 484 483.9664 0.287037 0.246827
Moved 1410.051 484 493.864 0.287037 0.2722839
Moved 1410.082 484 502.3358 0.287037 0.2940735
Moved 1410.113 484 509.5687 0.287037 0.3126765
Moved 1410.143 484 515.1478 0.287037 0.3270262
Moved 1410.174 484 519.5871 0.287037 0.3384441
Moved 1410.205 484 525.0129 0.287037 0.3523994
Moved 1410.236 484 528.7911 0.287037 0.362117
Moved 1410.266 484 531.1182 0.287037 0.3681022
Moved 1410.297 491 534.658 0.3032407 0.3772066
Moved 1410.328 491 537.5 0.3032407 0.3845164
Moved 1410.359 492 539 0.3055556 0.3883744
Moved 1410.389 492 541.7065 0.3055556 0.3953355
Moved 1410.42 493.0653 543.0653 0.3080216 0.3988304
Moved 1410.451 493 545.5 0.3078704 0.4050925
Moved 1410.482 494.5 547.5 0.3113426 0.4102365
Moved 1410.512 494 548.3533 0.3101851 0.4124312
Moved 1410.543 494 549.9867 0.3101851 0.4166324
Moved 1410.574 495.1539 550 0.3128563 0.4166666
Moved 1410.604 495 552.0436 0.3125 0.4219227
Stationary 1410.635 495 552.0436 0.3125 0.4219227
Moved 1410.666 495 553.0399 0.3125 0.4244854
Moved 1410.697 495 554.2144 0.3125 0.427506
Stationary 1410.727 495 554.2144 0.3125 0.427506
Moved 1410.758 495 555.177 0.3125 0.4299819
Stationary 1410.789 495 555.177 0.3125 0.4299819
Moved 1410.82 495 556.0201 0.3125 0.4321504
Stationary 1410.85 495 556.0201 0.3125 0.4321504
Stationary 1410.881 495 556.0201 0.3125 0.4321504
Moved 1410.912 495 557.0696 0.3125 0.4348497
Expand 1410.912
Moved 1410.943 496.5 557 0.3159723 0.4346707
Stationary 1410.973 496.5 557 0.3159723 0.4346707
Stationary 1411.004 496.5 557 0.3159723 0.4346707
Stationary 1411.035 496.5 557 0.3159723 0.4346707
Stationary 1411.065 496.5 557 0.3159723 0.4346707
Stationary 1411.096 496.5 557 0.3159723 0.4346707
Moved 1411.127 497.0021 557 0.3171345 0.4346707
Stationary 1411.158 497.0021 557 0.3171345 0.4346707
Stationary 1411.188 497.0021 557 0.3171345 0.4346707
Stationary 1411.219 497.0021 557 0.3171345 0.4346707
Stationary 1411.25 497.0021 557 0.3171345 0.4346707
Stationary 1411.281 497.0021 557 0.3171345 0.4346707
Stationary 1411.311 497.0021 557 0.3171345 0.4346707
Moved 1411.342 498.0424 557 0.3195425 0.4346707
Stationary 1411.373 498 557 0.3194444 0.4346707
Stationary 1411.404 498 557 0.3194444 0.4346707
Stationary 1411.434 498 557 0.3194444 0.4346707
Stationary 1411.465 498 557 0.3194444 0.4346707
Moved 1411.496 498 547.5 0.3194444 0.4102365
Moved 1411.526 498 543.9317 0.3194444 0.4010588
Moved 1411.557 490.2111 540.4222 0.3014146 0.3920324
Moved 1411.588 487.9783 533.9566 0.2962461 0.3754027
Moved 1411.619 482.1347 521.3367 0.2827192 0.3429442
Moved 1411.649 477.3613 506.4453 0.2716696 0.304643
Moved 1411.68 474.6371 496.5486 0.2653637 0.2791888
Moved 1411.711 473 481.4235 0.2615741 0.2402868
Moved 1411.742 472 464.6278 0.2592593 0.1970879
Moved 1411.772 472 444.7747 0.2592593 0.1460254
Moved 1411.803 472 425.6733 0.2592593 0.09689637
Moved 1411.834 472 407.2205 0.2592593 0.04943549
Moved 1411.865 479.2758 393.7636 0.2761014 0.0148241
Moved 1411.895 481.7646 382.9415 0.2818625 -0.01301055
Moved 1411.926 483 375.544 0.2847222 -0.0320371
Moved 1411.957 485 370.6656 0.2893518 -0.04458447
Moved 1411.987 486 368.4151 0.2916667 -0.05037276
Moved 1412.018 487 365.6978 0.2939814 -0.05736166
Moved 1412.049 488.0316 364 0.2963695 -0.06172839
Moved 1412.08 488 362.6215 0.2962963 -0.06527386
Moved 1412.11 489.0889 360.9111 0.2988169 -0.06967324
Moved 1412.141 489 359.6462 0.2986111 -0.07292642
Moved 1412.172 490.2051 358.7949 0.3014008 -0.0751161
Moved 1412.203 490 357.9951 0.300926 -0.07717313
Stationary 1412.233 490 357.9951 0.300926 -0.07717313
Moved 1412.264 491 356.9024 0.3032407 -0.07998361
Moved 1412.295 491 355.9553 0.3032407 -0.08241967
Stationary 1412.326 491 355.9553 0.3032407 -0.08241967
Moved 1412.356 492.5 355 0.306713 -0.08487654
Stationary 1412.387 492.5 355 0.306713 -0.08487654
Moved 1412.418 492 353.8229 0.3055556 -0.08790428
Moved 1412.448 492 352.8356 0.3055556 -0.09044348
Moved 1412.479 493.236 353 0.3084166 -0.09002065
Stationary 1412.51 493.236 353 0.3084166 -0.09002065
Ended 1412.541 493.236 353 0.3084166 -0.09002065
Cancel 1412.602
Began 1413.186 606 385 0.5694444 -0.007716127
Stationary 1413.217 606 385 0.5694444 -0.007716127
Moved 1413.248 598.771 385 0.5527106 -0.007716127
Moved 1413.278 583.3822 385 0.5170885 -0.007716127
Moved 1413.309 564.0307 394.4923 0.4722933 0.01669821
Moved 1413.34 543.7828 401.0543 0.4254231 0.03357585
Moved 1413.37 519.3869 406.8029 0.3689512 0.04836129
Moved 1413.401 496.8297 410.2601 0.3167353 0.05725327
Moved 1413.432 483.5 412.5 0.2858797 0.06301432
Moved 1413.463 469.0753 412 0.2524892 0.06172835
Moved 1413.493 461.2528 413 0.2343815 0.06430033
Moved 1413.524 454.817 413 0.2194839 0.06430033
Moved 1413.555 447.3649 413 0.2022336 0.06430033
Moved 1413.586 440.9322 413 0.187343 0.06430033
Moved 1413.616 434.6891 413 0.1728913 0.06430033
Moved 1413.647 431.7403 413 0.1660655 0.06430033
Moved 1413.678 424.8252 413 0.1500584 0.06430033
Moved 1413.708 415.9507 413 0.1295156 0.06430033
Moved 1413.739 409.0481 413 0.1135372 0.06430033
Moved 1413.77 399.8862 413 0.09232929 0.06430033
Moved 1413.801 391.6128 405.3224 0.07317781 0.04455358
Moved 1413.832 382.7182 403.1796 0.05258838 0.03904201
Moved 1413.862 370.3134 400.1044 0.02387355 0.03113279
Moved 1413.893 365.4875 397.7437 0.01270245 0.02506095
Moved 1413.924 363.6178 398 0.008374551 0.02572008
Moved 1413.954 359.6334 397 -0.0008486211 0.02314815
Moved 1413.985 354.9315 394.9658 -0.01173268 0.01791597
Moved 1414.016 351 393.5 -0.02083332 0.01414597
Moved 1414.047 348.8386 392.8386 -0.02583658 0.01244482
Moved 1414.077 346.1141 392.1141 -0.03214329 0.01058139
Moved 1414.108 344.7579 392 -0.03528262 0.01028803
Moved 1414.139 342.0182 391 -0.04162455 0.007715971
Moved 1414.169 338.9446 390 -0.04873941 0.005143954
Moved 1414.2 337.6462 390 -0.05174483 0.005143954
Moved 1414.231 336.9338 388.9338 -0.05339404 0.00240165
Moved 1414.262 335.7613 389 -0.05610804 0.002572016
Moved 1414.292 334.6467 389 -0.05868822 0.002572016
Moved 1414.323 333.7638 387.7639 -0.06073187 -0.0006073688
Stationary 1414.354 333.7638 387.7639 -0.06073187 -0.0006073688
Moved 1414.385 332.8229 388 -0.06291002 -3.924585E-08
Stationary 1414.415 332.8229 388 -0.06291002 -3.924585E-08
Moved 1414.446 331.8673 388 -0.0651219 -3.924585E-08
Moved 1414.477 332 386.8228 -0.06481484 -0.003028014
Stationary 1414.508 332 386.8228 -0.06481484 -0.003028014
Moved 1414.538 330.8348 387 -0.06751199 -0.002572055
Stationary 1414.569 330.8348 387 -0.06751199 -0.002572055
Stationary 1414.6 330.8348 387 -0.06751199 -0.002572055
Stationary 1414.63 330.8348 387 -0.06751199 -0.002572055
Ended 1414.661 331 387 -0.06712963 -0.002572055
Accept 1414.723 0 faster
Delete 1414.723 LeftSwipe
Began 1415.86 510 353 0.3472221 -0.09002065
Stationary 1415.891 510 353 0.3472221 -0.09002065
Stationary 1415.921 510 353 0.3472221 -0.09002065
Moved 1415.952 499.596 353 0.3231389 -0.09002065
Moved 1415.983 486.2468 353 0.2922379 -0.09002065
Moved 1416.013 470.6842 353 0.2562135 -0.09002065
Moved 1416.044 461.0411 353 0.2338914 -0.09002065
Moved 1416.075 452.5 353 0.2141203 -0.09002065
Moved 1416.106 441.5805 353 0.1888438 -0.09002065
Moved 1416.136 430.6924 353 0.1636399 -0.09002065
Moved 1416.167 420.803 353 0.1407477 -0.09002065
Moved 1416.198 410.4023 353 0.1166721 -0.09002065
Moved 1416.229 403.966 353 0.1017732 -0.09002065
Moved 1416.259 400.2614 353 0.09319762 -0.09002065
Moved 1416.29 398.899 353 0.09004414 -0.09002065
Moved 1416.321 396.5856 353 0.08468886 -0.09002065
Moved 1416.351 394.7389 353 0.08041401 -0.09002065
Moved 1416.382 393.6467 353 0.07788589 -0.09002065
Moved 1416.413 392.7661 353 0.07584731 -0.09002065
Stationary 1416.444 392.7661 353 0.07584731 -0.09002065
Moved 1416.474 391.8936 353 0.0738278 -0.09002065
Moved 1416.505 390.9391 353 0.07161816 -0.09002065
Moved 1416.536 389.9489 353 0.06932617 -0.09002065
Stationary 1416.567 389.9489 353 0.06932617 -0.09002065
Stationary 1416.597 389.9489 353 0.06932617 -0.09002065
Moved 1416.628 388.8583 353 0.06680161 -0.09002065
Stationary 1416.659 388.8583 353 0.06680161 -0.09002065
Stationary 1416.689 388.8583 353 0.06680161 -0.09002065
Moved 1416.72 387.9313 353 0.06465584 -0.09002065
Stationary 1416.751 387.9313 353 0.06465584 -0.09002065
Stationary 1416.782 387.9313 353 0.06465584 -0.09002065
Moved 1416.812 397.0248 353 0.08570562 -0.09002065
Moved 1416.843 408.266 353 0.1117269 -0.09002065
Moved 1416.874 417.5413 353 0.1331974 -0.09002065
Moved 1416.905 438.8657 362.3035 0.1825595 -0.06609198
Moved 1416.935 462.748 367.7496 0.2378427 -0.05208435
Moved 1416.966 482.6107 373.1018 0.2838212 -0.03831847
Moved 1416.997 501.7287 379.6368 0.3280756 -0.02151042
Moved 1417.027 516.3322 386.6661 0.3618802 -0.00343099
Moved 1417.058 526.8079 391.8079 0.3861294 0.009794039
Moved 1417.089 535.9729 396.3153 0.4073447 0.02138707
Moved 1417.12 548.1587 402.5793 0.4355525 0.03749824
Moved 1417.151 555.225 407.225 0.4519098 0.04944707
Moved 1417.181 561.5218 410.8406 0.4664856 0.05874621
Moved 1417.212 563.2029 412.2029 0.4703772 0.06225033
Moved 1417.243 566.7018 414.7018 0.4784765 0.0686775
Moved 1417.273 570.3319 417.3319 0.4868794 0.07544211
Moved 1417.304 575.408 421.408 0.4986297 0.08592585
Moved 1417.335 578.532 424.532 0.505861 0.09396078
Moved 1417.366 582.1135 429.2271 0.5141516 0.1060367
Moved 1417.396 587.2272 436.4545 0.5259889 0.1246256
Moved 1417.427 588.5877 438.1755 0.5291383 0.1290521
Moved 1417.458 590.313 442.313 0.533132 0.1396939
Moved 1417.489 591 446.5002 0.5347222 0.1504635
Moved 1417.519 591 450.4719 0.5347222 0.1606786
Moved 1417.55 591 454.1969 0.5347222 0.1702594
Moved 1417.581 585.222 458.8254 0.5213472 0.1821642
Moved 1417.611 568.4928 463.2153 0.4826222 0.193455
Moved 1417.642 545.559 463 0.4295346 0.1929011
Moved 1417.673 507.7887 446.8943 0.3421034 0.1514772
Moved 1417.704 487.6292 437.8146 0.2954379 0.1281238
Moved 1417.734 470.2524 430.2513 0.2552139 0.1086711
Moved 1417.765 446.7085 417.6158 0.2007142 0.0761724
Moved 1417.796 428.5823 404.9873 0.1587553 0.04369151
Moved 1417.827 413.0705 393.4789 0.1228483 0.01409173
Moved 1417.857 396.9785 382.6523 0.08559824 -0.01375449
Moved 1417.888 383.7488 372.799 0.05497406 -0.03909727
Moved 1417.919 372.8963 362.8963 0.02985259 -0.0645672
Moved 1417.95 365.6225 355.6225 0.01301507 -0.08327555
Moved 1417.98 357.2171 345.3257 -0.006441871 -0.109759
Moved 1418.011 352.3853 339.7706 -0.01762663 -0.1240469
Moved 1418.042 349.6676 336.6675 -0.02391766 -0.1320279
Moved 1418.072 348.2301 333.2301 -0.02724513 -0.1408692
Moved 1418.103 346.5077 330.5077 -0.03123219 -0.1478712
Moved 1418.134 346 330 -0.03240739 -0.149177
Moved 1418.165 344.0758 328 -0.0368615 -0.1543211
Moved 1418.195 344 325.6592 -0.03703703 -0.1603414
Moved 1418.226 343 325 -0.03935183 -0.1620371
Moved 1418.257 343 323.6453 -0.03935183 -0.1655215
Moved 1418.288 341.5 322.5 -0.04282405 -0.1684671
Stationary 1418.318 341.5 322.5 -0.04282405 -0.1684671
Moved 1418.349 341.3972 322 -0.04306207 -0.1697531
Moved 1418.38 341 322 -0.04398147 -0.1697531
Stationary 1418.411 341 322 -0.04398147 -0.1697531
Moved 1418.441 339.6934 322 -0.04700606 -0.1697531
Moved 1418.472 337.9078 322 -0.0511394 -0.1697531
Moved 1418.503 335.7452 322 -0.05614544 -0.1697531
Stationary 1418.533 336 322 -0.05555556 -0.1697531
Moved 1418.564 334.6462 322 -0.05868927 -0.1697531
Moved 1418.595 333.8183 322 -0.0606058 -0.1697531
Moved 1418.626 332.8879 322 -0.06275947 -0.1697531
Moved 1418.656 333 332.5 -0.06249999 -0.142747
Moved 1418.687 333 330.0723 -0.06249999 -0.148991
Moved 1418.718 331.7638 331.2361 -0.06536151 -0.1459976
Moved 1418.749 332 332.236 -0.06481484 -0.1434261
Moved 1418.779 332 333.1356 -0.06481484 -0.1411122
Stationary 1418.81 332 333.1356 -0.06481484 -0.1411122
Moved 1418.841 332 334.1312 -0.06481484 -0.1385516
Stationary 1418.872 332 334.1312 -0.06481484 -0.1385516
Moved 1418.902 332 335.1116 -0.06481484 -0.13603
Stationary 1418.933 332 335.1116 -0.06481484 -0.13603
Moved 1418.964 332 336.1771 -0.06481484 -0.1332893
Stationary 1418.994 332 336.1771 -0.06481484 -0.1332893
Moved 1419.025 332 337.03 -0.06481484 -0.1310958
Stationary 1419.056 332 337 -0.06481484 -0.1311728
Stationary 1419.087 332 337 -0.06481484 -0.1311728
Moved 1419.117 332 338.3542 -0.06481484 -0.1276898
Stationary 1419.148 332 338 -0.06481484 -0.1286009
Stationary 1419.179 332 338 -0.06481484 -0.1286009
Stationary 1419.21 332 338 -0.06481484 -0.1286009
Moved 1419.24 342.9887 338 -0.03937806 -0.1286009
Moved 1419.271 349.4412 338 -0.02444168 -0.1286009
Moved 1419.302 356.3292 338 -0.008497189 -0.1286009
Moved 1419.333 366.4552 338 0.01494249 -0.1286009
Moved 1419.363 370.1279 338 0.0234441 -0.1286009
Moved 1419.394 376.5679 338 0.03835162 -0.1286009
Moved 1419.425 381.0223 338 0.04866282 -0.1286009
Moved 1419.455 386 327.5 0.06018519 -0.1556071
Moved 1419.486 390.1104 331 0.06969998 -0.146605
Moved 1419.517 394.8334 330.1666 0.08063287 -0.1487486
Moved 1419.548 398.5606 330 0.08926073 -0.149177
Moved 1419.578 400.9762 330 0.09485234 -0.149177
Moved 1419.609 403.6933 330 0.1011418 -0.149177
Moved 1419.64 405.0486 330 0.1042792 -0.149177
Moved 1419.671 407.5 330 0.1099537 -0.149177
Moved 1419.701 408.2434 330 0.1116746 -0.149177
Moved 1419.732 409.3037 330 0.114129 -0.149177
Moved 1419.763 410 330 0.1157407 -0.149177
Moved 1419.794 411.1552 330 0.1184149 -0.149177
Stationary 1419.824 411.1552 330 0.1184149 -0.149177
Moved 1419.855 412.0882 330 0.1205746 -0.149177
Stationary 1419.886 412.0882 330 0.1205746 -0.149177
Moved 1419.916 413.1181 330 0.1229585 -0.149177
Stationary 1419.947 413.1181 330 0.1229585 -0.149177
Stationary 1419.978 413.1181 330 0.1229585 -0.149177
Stationary 1420.009 413.1181 330 0.1229585 -0.149177
Stationary 1420.039 413.1181 330 0.1229585 -0.149177
Stationary 1420.07 413.1181 330 0.1229585 -0.149177
Stationary 1420.101 413 330 0.1226852 -0.149177
Moved 1420.132 415.6344 338.2688 0.1287833 -0.1279095
Moved 1420.162 419.0833 342.0833 0.136767 -0.1180985
Moved 1420.193 426.1021 348.3266 0.1530142 -0.1020406
Moved 1420.224 437.9916 357.4937 0.1805362 -0.07846275
Moved 1420.255 449.8704 370.088 0.2080334 -0.04607
Moved 1420.285 458.4345 378.0431 0.2278576 -0.02560933
Moved 1420.316 466.979 388.3053 0.2476365 0.0007851526
Moved 1420.347 472.0948 395.0948 0.2594788 0.01824787
Moved 1420.377 475.743 401.486 0.2679236 0.03468608
Moved 1420.408 479.1074 408.3222 0.2757115 0.05226904
Moved 1420.439 482.6358 414.4536 0.2838792 0.06803909
Moved 1420.47 485.5 420 0.2905093 0.08230445
Moved 1420.5 488.2502 427.5004 0.2968754 0.1015956
Moved 1420.531 489.658 433.9739 0.3001341 0.1182455
Moved 1420.562 490 439.7622 0.300926 0.1331331
Moved 1420.592 491 445.2014 0.3032407 0.1471229
Moved 1420.623 492 449.5 0.3055556 0.158179
Moved 1420.654 493.1902 454.1901 0.3083106 0.170242
Moved 1420.685 493 457.9138 0.3078704 0.1798194
Moved 1420.715 494 460.6374 0.3101851 0.1868245
Moved 1420.746 494 463.0398 0.3101851 0.1930035
Moved 1420.777 494 464.7683 0.3101851 0.1974492
Moved 1420.808 494 466.1288 0.3101851 0.2009484
Moved 1420.838 494 468.1079 0.3101851 0.2060388
Moved 1420.869 494 469.604 0.3101851 0.2098867
Moved 1420.9 485.8674 471.1618 0.2913598 0.2138935
Moved 1420.931 480.9025 472 0.279867 0.2160493
Moved 1420.961 471.178 472.7644 0.2573565 0.2180153
Moved 1420.992 459.9956 473 0.2314713 0.2186213
Moved 1421.023 450.3007 473 0.2090294 0.2186213
Moved 1421.054 440.4065 473 0.1861262 0.2186213
Moved 1421.084 430.8919 464.6306 0.1641016 0.1970952
Moved 1421.115 422.688 462.2293 0.1451111 0.190919
Moved 1421.146 416.0221 459.511 0.1296807 0.1839275
Moved 1421.177 409.5756 457.7878 0.1147584 0.1794955
Moved 1421.207 405.3095 456 0.1048831 0.174897
Moved 1421.238 401.3863 453.6931 0.09580155 0.1689637
Moved 1421.269 398.9713 453 0.09021134 0.167181
Moved 1421.299 396.2515 451.2515 0.08391549 0.1626837
Moved 1421.33 393.8746 449.8746 0.07841339 0.1591423
Moved 1421.361 392.5 450 0.07523149 0.1594649
Moved 1421.392 390.6946 449 0.07105231 0.156893
Moved 1421.422 391 447.6453 0.07175922 0.1534085
Stationary 1421.453 391 447.6453 0.07175922 0.1534085
Moved 1421.484 391 446.9315 0.07175922 0.1515726
Stationary 1421.515 391 446.9315 0.07175922 0.1515726
Stationary 1421.545 391 446.9315 0.07175922 0.1515726
Moved 1421.576 391 445.9027 0.07175922 0.1489266
Stationary 1421.607 391 446 0.07175922 0.1491768
Stationary 1421.637 391 446 0.07175922 0.1491768
Moved 1421.668 401.9846 445 0.09718657 0.1466049
Moved 1421.699 406.7771 444 0.1082804 0.1440329
Moved 1421.73 413.2156 444 0.1231843 0.1440329
Moved 1421.76 418.6461 444 0.1357549 0.1440329
Moved 1421.791 424.3213 444 0.1488919 0.1440329
Moved 1421.822 428.4118 444 0.1583607 0.1440329
Moved 1421.853 434.267 444 0.1719144 0.1440329
Moved 1421.883 438.7171 444 0.1822155 0.1440329
Moved 1421.914 442.4196 444 0.1907862 0.1440329
Moved 1421.945 447.9723 444 0.2036397 0.1440329
Moved 1421.975 452.4193 451.7097 0.2139336 0.1638622
Moved 1422.006 457.8644 454.4322 0.2265381 0.1708646
Moved 1422.037 461.6269 456.8135 0.2352475 0.1769893
Moved 1422.068 466.0676 459.5338 0.2455269 0.1839861
Moved 1422.099 469.255 461 0.2529052 0.1877571
Moved 1422.129 471.9709 463 0.2591918 0.1929011
Moved 1422.16 473.0298 464.0298 0.2616429 0.1955497
Moved 1422.191 475.0585 466.0585 0.2663391 0.2007676
Ended 1422.221 476 466 0.2685185 0.2006171
Candidates 1422.375 13 disaster disagree state started user discrete registered footage stage stayed situated sister first
Began 1425.203 369 323 0.02083332 -0.1671811
Moved 1425.233 378.1866 323 0.04209846 -0.1671811
Moved 1425.264 390.116 323 0.069713 -0.1671811
Moved 1425.295 417.8666 323 0.1339505 -0.1671811
Moved 1425.325 441.0668 323 0.1876546 -0.1671811
Moved 1425.356 468.5937 323 0.2513744 -0.1671811
Moved 1425.387 492.1496 323 0.305902 -0.1671811
Moved 1425.418 509.865 323 0.3469097 -0.1671811
Moved 1425.448 525.1476 323 0.3822862 -0.1671811
Moved 1425.479 543.3192 328.4113 0.4243499 -0.1532631
Moved 1425.51 549.975 332.4875 0.4397569 -0.1427792
Moved 1425.541 555.767 333.9224 0.4531644 -0.1390887
Moved 1425.571 558.5178 335.2589 0.4595318 -0.1356511
Moved 1425.602 562.9609 337.9805 0.469817 -0.1286511
Moved 1425.633 568.3931 339.6966 0.4823915 -0.1242372
Moved 1425.663 574.2268 342.4089 0.4958954 -0.117261
Moved 1425.694 580.3715 344.7905 0.5101191 -0.1111357
Moved 1425.725 592.4598 348.8649 0.5381013 -0.100656
Moved 1425.756 600.1921 351.5961 0.5560002 -0.09363158
Moved 1425.786 602.4871 352 0.5613126 -0.09259266
Moved 1425.817 608.7758 354.3879 0.5758697 -0.08645093
Moved 1425.848 613.1163 356.1163 0.5859174 -0.0820054
Moved 1425.879 617.6701 356.835 0.5964586 -0.08015691
Moved 1425.909 621.5 358 0.6053241 -0.07716057
Moved 1425.94 622.9663 358.9663 0.6087183 -0.0746752
Moved 1425.971 627.0443 360 0.618158 -0.07201654
Moved 1426.001 628.4108 360 0.6213212 -0.07201654
Moved 1426.032 629.7817 360.7817 0.6244947 -0.07000582
Moved 1426.063 631.5 361 0.6284723 -0.06944452
Moved 1426.094 632 361 0.6296296 -0.06944452
Moved 1426.124 633.5 362.5 0.6331018 -0.06558649
Moved 1426.155 634.0015 362 0.6342627 -0.06687243
Moved 1426.186 635.236 362 0.6371203 -0.06687243
Moved 1426.217 636.5 363.5 0.6400463 -0.06301456
Moved 1426.247 637.1759 363 0.6416109 -0.06430049
Stationary 1426.278 637.1759 363 0.6416109 -0.06430049
Ended 1426.309 637 363 0.6412038 -0.06430049
Accept 1426.37 0 disaster
PhraseEnd 1426.37
