call for more details
call for more details
FixStart
List

0.6 0.6
432 388.8
Began 2439.937 445 418 0.1967593 0.07716041
Moved 2439.968 445 404.6331 0.1967593 0.04278053
Moved 2439.999 434.2621 377.0406 0.1719029 -0.02818779
Moved 2440.029 418.9449 339.8899 0.1364467 -0.12374
Moved 2440.06 404.3853 310.0397 0.1027438 -0.2005151
Moved 2440.091 395.9521 292.8801 0.0832224 -0.2446499
Moved 2440.121 388.6693 281.6693 0.06636411 -0.2734843
Moved 2440.152 384 276 0.0555556 -0.288066
Moved 2440.183 380.0647 273.0323 0.04644603 -0.2956988
Moved 2440.214 365.9153 273 0.01369288 -0.295782
Moved 2440.244 333.8592 304.1887 -0.06051109 -0.2155642
Moved 2440.275 301.8132 337.0617 -0.1346917 -0.1310142
Moved 2440.306 272.6439 368.6951 -0.2022131 -0.04965268
Moved 2440.336 254.4877 391.931 -0.2442413 0.01011044
Moved 2440.367 247.6322 405.9196 -0.2601107 0.04608939
Moved 2440.398 244.4094 413.1813 -0.2675709 0.06476657
Moved 2440.429 241.6485 420.7029 -0.2739618 0.08411238
Moved 2440.459 242 428.2146 -0.2731481 0.1034326
Moved 2440.49 242 435.7289 -0.2731481 0.1227594
Moved 2440.521 265.9832 450.7576 -0.2176315 0.1614134
Moved 2440.552 329.8007 476.6002 -0.06990587 0.2278812
Moved 2440.582 427.4339 492.2048 0.156097 0.2680165
Moved 2440.613 524 503 0.3796296 0.2957818
Moved 2440.644 578.4335 502 0.5056331 0.2932098
Moved 2440.675 607.9688 502 0.5740018 0.2932098
Moved 2440.705 628.7275 494.4545 0.6220545 0.2738025
Moved 2440.736 641.9685 492.0063 0.6527048 0.2675058
Moved 2440.767 654.2679 489 0.6811758 0.2597736
Moved 2440.797 662 486.5 0.6990741 0.2533436
Moved 2440.828 667.5778 484.7111 0.7119857 0.2487425
Moved 2440.859 670.7322 484 0.7192875 0.2469135
Moved 2440.89 672 482.5004 0.7222222 0.2430564
Ended 2440.92 675.5 483 0.730324 0.2443414
Candidates 2440.982 13 cap carl carol call cell careful castro mail so nail ap zip map
Began 2441.842 429 360 0.1597223 -0.07201654
Moved 2441.873 420.1227 360 0.139173 -0.07201654
Moved 2441.904 389.8659 396.3918 0.06913394 0.02158385
Moved 2441.934 353.4889 435.5111 -0.01507208 0.1221992
Moved 2441.965 322.3467 467.5571 -0.08716036 0.204622
Moved 2441.996 292.1398 504.1625 -0.1570838 0.2987717
Moved 2442.027 271.1245 529.2863 -0.2057302 0.3633905
Moved 2442.057 255.087 547.913 -0.2428541 0.4112987
Moved 2442.088 247.1707 559.8293 -0.2611789 0.4419478
Moved 2442.119 240.2511 568.1234 -0.2771966 0.4632802
Moved 2442.149 233.7305 575.2695 -0.2922906 0.4816602
Moved 2442.18 229.6659 579.3341 -0.3016992 0.4921144
Moved 2442.211 226.694 583.6121 -0.3085788 0.5031174
Moved 2442.241 223.9242 586 -0.3149903 0.5092591
Moved 2442.272 221.7852 591.2148 -0.3199417 0.5226717
Moved 2442.303 222 592.2404 -0.3194444 0.5253095
Moved 2442.334 221 594.0303 -0.3217593 0.5299133
Moved 2442.365 220 596.8059 -0.3240741 0.5370522
Moved 2442.395 220 598.1658 -0.3240741 0.5405499
Ended 2442.426 219 599 -0.3263889 0.5426954
Accept 2442.487 3 call
Began 2443.225 410 475 0.1157407 0.2237653
Stationary 2443.256 410 475 0.1157407 0.2237653
Moved 2443.286 397.8263 475 0.08756081 0.2237653
Moved 2443.317 380.5121 475 0.04748185 0.2237653
Moved 2443.348 364.609 475 0.01066903 0.2237653
Moved 2443.378 345.247 475 -0.03415043 0.2237653
Moved 2443.409 331.9792 475 -0.06486307 0.2237653
Moved 2443.44 323.234 475 -0.08510644 0.2237653
Moved 2443.471 319.7862 475 -0.09308761 0.2237653
Moved 2443.501 318.5 475 -0.0960648 0.2237653
Moved 2443.532 318 475 -0.09722222 0.2237653
Moved 2443.563 348 492.5 -0.0277778 0.2687756
Moved 2443.594 415.8733 524.1335 0.1293364 0.3501376
Moved 2443.624 460.6357 544.1296 0.2329529 0.4015677
Moved 2443.655 493.8161 555.7896 0.3097595 0.4315575
Moved 2443.686 519.4352 565.7741 0.369063 0.4572378
Moved 2443.717 545.8347 573.072 0.430173 0.4760082
Moved 2443.747 562.2242 577.8897 0.4681115 0.4883994
Moved 2443.778 568.4271 580 0.4824701 0.4938271
Moved 2443.809 571 581.5 0.4884259 0.4976851
Moved 2443.839 570 582 0.4861112 0.4989711
Moved 2443.87 559.2291 585.1968 0.4611785 0.5071932
Moved 2443.901 533.4868 594.8377 0.4015899 0.5319899
Moved 2443.931 488.3905 604.4973 0.2972003 0.5568345
Moved 2443.962 434.3623 611.4165 0.1721349 0.5746308
Moved 2443.993 377.8288 615 0.04127035 0.5838476
Moved 2444.024 363 616.5 0.006944438 0.5877057
Moved 2444.054 341.4931 617.0845 -0.04284009 0.589209
Moved 2444.085 327.6634 618 -0.0748532 0.5915637
Ended 2444.116 323.3658 618 -0.08480141 0.5915637
Candidates 2444.239 13 for door sort it sport show or short dot die fire our fort
Began 2445.222 465 500 0.2430555 0.2880658
Stationary 2445.253 465 500 0.2430555 0.2880658
Moved 2445.283 472.9304 483.6557 0.2614129 0.246028
Moved 2445.314 491 455 0.3032407 0.172325
Moved 2445.345 512.8263 423.2701 0.3537646 0.09071534
Moved 2445.376 530.3913 397.4131 0.3944243 0.02421057
Moved 2445.406 542.4896 379.5174 0.4224296 -0.02181748
Moved 2445.437 550.9433 366.0756 0.4419984 -0.05638986
Moved 2445.468 555.4931 355.7603 0.4525303 -0.08292107
Moved 2445.499 558 351.4975 0.4583333 -0.09388512
Moved 2445.529 559.2737 347.7263 0.4612818 -0.1035848
Moved 2445.56 560 345.3046 0.462963 -0.1098133
Moved 2445.591 560 344.5 0.462963 -0.1118828
Moved 2445.622 530.4864 362.8281 0.3946444 -0.06474271
Moved 2445.652 506.1001 383.8998 0.3381948 -0.01054575
Moved 2445.683 483.5356 413.0879 0.2859619 0.06452639
Moved 2445.714 464.1564 451.0245 0.2411029 0.1621001
Moved 2445.744 457.1472 477.3377 0.2248777 0.229778
Moved 2445.775 454.5 500.5 0.21875 0.2893518
Moved 2445.806 455 519.98 0.2199073 0.3394546
Moved 2445.837 455 535.5078 0.2199073 0.3793924
Moved 2445.867 455 549.3332 0.2199073 0.4149515
Moved 2445.898 455 560.3062 0.2199073 0.4431742
Moved 2445.929 455 571.3989 0.2199073 0.4717049
Moved 2445.959 463.6152 581.8457 0.2398501 0.4985743
Moved 2445.99 467.7737 592.5473 0.249476 0.5260989
Moved 2446.021 470.7069 599.5604 0.256266 0.5441366
Moved 2446.052 474.6164 605.6165 0.2653158 0.559713
Moved 2446.083 477.3712 609.7425 0.2716927 0.5703253
Moved 2446.113 482.2741 614.274 0.2830419 0.5819805
Moved 2446.144 491.3402 621.7551 0.3040282 0.6012219
Moved 2446.175 501.0718 629.0718 0.3265552 0.6200407
Moved 2446.205 508.2182 634.2182 0.3430977 0.6332772
Moved 2446.236 518.2725 639.9635 0.3663715 0.6480542
Moved 2446.267 531.5114 647.9069 0.3970172 0.6684846
Moved 2446.298 543.2562 655.1922 0.4242043 0.6872225
Moved 2446.328 552.6641 659.832 0.4459817 0.6991563
Moved 2446.359 557.435 662.2175 0.4570255 0.7052918
Moved 2446.39 558 663 0.4583333 0.7073045
Stationary 2446.42 558 663 0.4583333 0.7073045
Moved 2446.451 552.7809 663 0.446252 0.7073045
Moved 2446.482 538.9837 663 0.4143142 0.7073045
Moved 2446.513 519.8457 663 0.3700132 0.7073045
Moved 2446.543 481.8121 650.1624 0.2819724 0.6742859
Moved 2446.574 466.6803 646.0946 0.246945 0.6638234
Moved 2446.605 439.8596 640.4649 0.1848603 0.6493438
Moved 2446.635 410.5399 633.3849 0.1169905 0.631134
Moved 2446.666 381.7825 626.415 0.05042255 0.6132072
Moved 2446.697 360.481 619.4232 0.001113415 0.595224
Moved 2446.728 340.122 615.5203 -0.04601389 0.5851859
Moved 2446.759 323.863 613 -0.08365051 0.5787036
Moved 2446.789 311.0421 611 -0.1133284 0.5735595
Moved 2446.82 302.8531 611 -0.1322846 0.5735595
Moved 2446.851 298.8539 611 -0.1415419 0.5735595
Moved 2446.881 295.113 611 -0.1502013 0.5735595
Moved 2446.912 293.3444 611 -0.1542954 0.5735595
Ended 2446.943 293 611 -0.1550926 0.5735595
Accept 2447.066 0 for
Candidates 2447.066 13 more btw now bite new merits bitter buyer buyers cite meets bites buys
Began 2448.295 471 459 0.2569444 0.1826131
Stationary 2448.325 471 459 0.2569444 0.1826131
Moved 2448.356 455.4507 459 0.2209508 0.1826131
Moved 2448.387 425.8252 459 0.1523731 0.1826131
Moved 2448.418 397.8133 459 0.08753081 0.1826131
Moved 2448.448 376.9594 459 0.0392579 0.1826131
Moved 2448.479 363.5587 459 0.00823766 0.1826131
Moved 2448.51 351.5619 459 -0.01953274 0.1826131
Moved 2448.541 343.3335 459 -0.03857986 0.1826131
Moved 2448.571 334.8118 459 -0.05830596 0.1826131
Moved 2448.602 330.3022 471.14 -0.06874482 0.2138372
Moved 2448.633 327.1533 482.2336 -0.07603411 0.2423704
Moved 2448.664 325.4422 499.7891 -0.07999499 0.2875234
Moved 2448.694 325 513.6139 -0.08101851 0.3230809
Moved 2448.725 325 535.8251 -0.08101851 0.3802084
Moved 2448.756 325 553.9792 -0.08101851 0.4269013
Moved 2448.786 325 567.0562 -0.08101851 0.4605354
Moved 2448.817 325 574.0579 -0.08101851 0.4785439
Moved 2448.848 325 579.5809 -0.08101851 0.4927492
Moved 2448.879 325 582.2458 -0.08101851 0.4996033
Moved 2448.909 325 584 -0.08101851 0.5041152
Moved 2448.94 325 585.7803 -0.08101851 0.5086942
Moved 2448.971 325 587.2695 -0.08101851 0.5125242
Moved 2449.002 331.789 587 -0.06530324 0.5118312
Moved 2449.032 338.6665 588.7333 -0.04938314 0.5162892
Moved 2449.063 365.9936 591 0.01387397 0.5221192
Moved 2449.094 396.8228 592 0.08523802 0.5246913
Moved 2449.125 423.192 592 0.1462778 0.5246913
Moved 2449.155 438.5462 592 0.1818199 0.5246913
Moved 2449.186 459.5 592 0.2303241 0.5246913
Moved 2449.217 469.2585 592 0.2529132 0.5246913
Moved 2449.247 471.9556 592 0.2591565 0.5246913
Moved 2449.278 476.4813 583.3154 0.2696327 0.5023542
Moved 2449.309 477 582.9954 0.2708333 0.5015312
Moved 2449.34 477 576.7504 0.2708333 0.485469
Moved 2449.37 460.9412 559.7647 0.2336601 0.4417816
Moved 2449.401 425.9121 525.9122 0.1525744 0.3547123
Moved 2449.432 386 491 0.06018519 0.2649176
Moved 2449.462 348.4126 456.5449 -0.02682278 0.1762985
Moved 2449.493 317.0621 427.0621 -0.09939322 0.1004684
Moved 2449.524 298.1914 407.8262 -0.1430754 0.05099316
Moved 2449.555 284.7746 394.7746 -0.1741328 0.01742426
Moved 2449.585 274.5281 383.7042 -0.1978516 -0.01104912
Moved 2449.616 269.4134 377.4134 -0.2096912 -0.02722893
Moved 2449.647 265.327 373.6635 -0.2191505 -0.03687391
Moved 2449.677 265 372 -0.2199074 -0.04115226
Stationary 2449.708 265 372 -0.2199074 -0.04115226
Stationary 2449.739 265 372 -0.2199074 -0.04115226
Moved 2449.77 306.0007 404.8005 -0.1249984 0.04321118
Moved 2449.801 372.0636 456.5491 0.02792498 0.1763095
Moved 2449.831 418.0554 494.2443 0.1343874 0.273262
Moved 2449.862 451.3438 522.3126 0.2114441 0.345454
Moved 2449.893 474.7099 539.9437 0.2655322 0.3908017
Moved 2449.923 496.3961 555.9973 0.3157319 0.4320916
Moved 2449.954 512.838 565.9028 0.3537917 0.4575688
Moved 2449.985 527.6614 572.4645 0.3881052 0.4744457
Moved 2450.016 539.5583 576.1396 0.4156443 0.4838981
Moved 2450.046 545.9028 578 0.4303307 0.488683
Moved 2450.077 552.1616 578 0.4448185 0.488683
Moved 2450.108 565.9277 566.0723 0.4766845 0.4580048
Moved 2450.138 585.1268 535.8435 0.5211267 0.3802558
Moved 2450.169 605.3209 496.03 0.5678723 0.2778548
Moved 2450.2 619.1546 466.6908 0.5998949 0.2023939
Moved 2450.231 626.5725 451.855 0.617066 0.164236
Moved 2450.261 634.9849 438.6918 0.6365391 0.1303802
Moved 2450.292 641.8524 423.8691 0.652436 0.0922559
Moved 2450.323 645.1882 415.4355 0.6601578 0.07056467
Moved 2450.354 647 411.5527 0.6643519 0.06057774
Moved 2450.384 647 407.1992 0.6643519 0.04938062
Moved 2450.415 624.3545 401.6709 0.6119317 0.03516177
Moved 2450.446 579.2527 402 0.5075294 0.03600815
Moved 2450.477 509.4109 421.8608 0.3458587 0.0870906
Moved 2450.507 461.1908 433.4404 0.2342379 0.1168733
Moved 2450.538 418.0338 447.4874 0.1343374 0.1530024
Moved 2450.569 399.0908 452.8843 0.0904879 0.1668835
Moved 2450.599 368.1917 462.2487 0.01896233 0.1909689
Moved 2450.63 334.2381 469.627 -0.05963395 0.2099458
Moved 2450.661 305.8272 476.1495 -0.1254 0.226722
Moved 2450.692 282.9108 479.3433 -0.1784472 0.2349363
Moved 2450.722 270.7022 481 -0.2067079 0.2391974
Ended 2450.753 264.1983 481 -0.2217631 0.2391974
Accept 2450.876 0 more
Candidates 2450.876 13 details detailed questions deals stations strains equations attractions sections stalls trails retains reservations
Began 2451.644 319 415 -0.09490739 0.06944436
Moved 2451.675 334.593 415 -0.05881239 0.06944436
Moved 2451.706 369.6492 424.4129 0.02233605 0.09365454
Moved 2451.736 422.972 428.8918 0.1457684 0.1051743
Moved 2451.767 470.0896 432.8516 0.2548371 0.1153589
Moved 2451.798 525.3365 437.3707 0.3827233 0.1269822
Moved 2451.829 567.1525 440 0.4795196 0.1337448
Moved 2451.859 598 442 0.550926 0.1388888
Moved 2451.89 614.8661 442 0.5899678 0.1388888
Moved 2451.921 627.5955 443 0.6194341 0.1414608
Moved 2451.951 639.553 444 0.6471134 0.1440329
Moved 2451.982 653.1299 444 0.6785415 0.1440329
Moved 2452.013 663.6028 444 0.7027842 0.1440329
Moved 2452.044 668.566 444 0.7142731 0.1440329
Ended 2452.074 672.6705 444 0.7237744 0.1440329
Accept 2452.136 0 details
PhraseEnd 2452.136
