presidents drive expensive cars
presidents drive expensive cars
FixStart
List

0.6 0.6
432 388.8
Began 2149.858 227 396 -0.3078704 0.02057605
Stationary 2149.889 227 396 -0.3078704 0.02057605
Moved 2149.919 286.3121 411.0267 -0.1705739 0.05922498
Moved 2149.95 341.1358 421.1514 -0.04366711 0.08526593
Moved 2149.981 393.1067 424.5878 0.07663587 0.09410434
Moved 2150.012 473.4536 427.4639 0.2626239 0.1015017
Ended 2150.042 546.5 428.5 0.4317129 0.1041665
Began 2152.316 298 417 -0.1435185 0.0745884
Stationary 2152.347 298 417 -0.1435185 0.0745884
Moved 2152.378 321.3452 436.4543 -0.08947869 0.1246253
Moved 2152.409 366.4766 474.0173 0.01499216 0.2212379
Moved 2152.439 393.7477 496.1982 0.07811973 0.2782875
Moved 2152.47 423.863 517.1644 0.1478309 0.3322129
Moved 2152.501 434.3133 526.3134 0.1720216 0.3557441
Moved 2152.531 437 530.9731 0.1782407 0.367729
Moved 2152.562 433.5617 536.4736 0.1702817 0.3818764
Moved 2152.593 393.22 542.3613 0.07689804 0.3970196
Moved 2152.624 303.6432 545.2271 -0.1304554 0.4043905
Moved 2152.654 256.9551 550.606 -0.2385298 0.4182251
Moved 2152.685 226.3289 556.0019 -0.3094238 0.4321035
Moved 2152.716 214.3776 560.0816 -0.3370889 0.4425966
Moved 2152.747 209.5961 563.4039 -0.3481571 0.4511415
Moved 2152.777 207.0611 565.9389 -0.3540252 0.4576617
Moved 2152.808 206.1873 567 -0.3560479 0.4603909
Moved 2152.839 206 568.6877 -0.3564815 0.4647318
Moved 2152.869 204.7235 569 -0.3594365 0.4655349
Stationary 2152.9 205 569 -0.3587963 0.4655349
Moved 2152.931 218.7497 542.6884 -0.3269683 0.397861
Moved 2152.962 232.0655 508.4297 -0.2961447 0.3097472
Moved 2152.992 239.7989 481.6033 -0.2782433 0.2407492
Moved 2153.023 245.4401 452.0196 -0.265185 0.1646593
Moved 2153.054 248 436.6255 -0.2592593 0.1250657
Moved 2153.084 249 422.1719 -0.2569445 0.08789051
Moved 2153.115 249 413.5609 -0.2569445 0.0657429
Moved 2153.146 249 405.2986 -0.2569445 0.04449236
Moved 2153.177 249 397.3279 -0.2569445 0.02399142
Moved 2153.208 249 393.1596 -0.2569445 0.01327052
Moved 2153.238 249 388.3347 -0.2569445 0.000860897
Moved 2153.269 245.2309 384.4615 -0.2656693 -0.009101035
Moved 2153.3 241 381.5903 -0.275463 -0.01648601
Moved 2153.33 240 379.0577 -0.2777777 -0.0229998
Moved 2153.361 238.1856 378 -0.2819779 -0.02572024
Moved 2153.392 238 375.5 -0.2824074 -0.03215028
Moved 2153.423 236.5 376 -0.2858796 -0.03086435
Moved 2153.453 237 375 -0.2847222 -0.03343629
Stationary 2153.484 237 375 -0.2847222 -0.03343629
Stationary 2153.515 237 375 -0.2847222 -0.03343629
Stationary 2153.545 237 375 -0.2847222 -0.03343629
Stationary 2153.576 237 375 -0.2847222 -0.03343629
Stationary 2153.607 237 375 -0.2847222 -0.03343629
Stationary 2153.638 237 375 -0.2847222 -0.03343629
Moved 2153.668 246.5599 387.7314 -0.2625928 -0.0006909232
Moved 2153.699 251.0708 396.0709 -0.2521508 0.02075835
Moved 2153.73 259.8938 405.8938 -0.2317274 0.04602306
Moved 2153.761 273.0787 418.2323 -0.2012067 0.07775792
Moved 2153.791 291.6946 437.0239 -0.1581144 0.1260903
Moved 2153.822 311.7889 454.2476 -0.1115998 0.1703899
Moved 2153.853 334.738 470.492 -0.05847682 0.2121707
Moved 2153.884 380.6088 500.9833 0.04770557 0.2905949
Moved 2153.914 438.4034 534.9355 0.1814892 0.3779205
Moved 2153.945 455.4537 546.0722 0.2209576 0.4065642
Moved 2153.976 466 553.5 0.2453704 0.4256686
Moved 2154.006 473.1389 557.0695 0.2618955 0.4348494
Moved 2154.037 475.9381 559.9381 0.2683753 0.4422276
Moved 2154.068 477 560.8093 0.2708333 0.4444681
Moved 2154.099 478.267 561 0.2737663 0.4449587
Moved 2154.129 478 562.5 0.2731481 0.4488167
Stationary 2154.16 478 562.5 0.2731481 0.4488167
Moved 2154.191 458.2853 550.1783 0.2275122 0.4171251
Moved 2154.222 424.6323 529.597 0.1496118 0.3641898
Moved 2154.252 372.4228 495.3094 0.02875656 0.2760014
Moved 2154.283 318.0459 457.2089 -0.09711589 0.1780062
Moved 2154.314 282.5225 432.218 -0.1793461 0.1137292
Moved 2154.344 254.6152 412.9614 -0.2439463 0.06420112
Moved 2154.375 236.2644 400.3586 -0.2864251 0.03178663
Moved 2154.406 223.3165 394.1583 -0.316397 0.01583908
Moved 2154.437 217.1264 392 -0.330726 0.01028803
Moved 2154.467 211.3477 392 -0.3441026 0.01028803
Moved 2154.498 203.9203 407.8526 -0.3612955 0.05106113
Moved 2154.529 198 429.5 -0.375 0.1067386
Moved 2154.56 191.8436 459.9384 -0.3892509 0.1850267
Moved 2154.59 188.0565 493.379 -0.3980175 0.2710365
Moved 2154.621 186.1826 521.9916 -0.4023552 0.3446287
Moved 2154.652 185 539.8819 -0.4050926 0.3906426
Moved 2154.682 185 548.6851 -0.4050926 0.4132847
Moved 2154.713 185 553.1063 -0.4050926 0.4246561
Moved 2154.744 222.7505 542.1361 -0.3177071 0.3964405
Moved 2154.775 315.0346 467.4642 -0.1040867 0.2043831
Moved 2154.805 375.9836 398.8759 0.03699909 0.0279728
Moved 2154.836 412.3779 353.1465 0.1212451 -0.08964365
Moved 2154.867 423.5596 330.8808 0.1471287 -0.1469115
Moved 2154.897 426 322.3162 0.1527777 -0.1689398
Moved 2154.928 410.5723 325.4948 0.1170656 -0.1607645
Moved 2154.959 347.8138 373.0641 -0.02820879 -0.03841549
Moved 2154.99 305.5382 419.3945 -0.126069 0.08074716
Moved 2155.021 280.9915 449.0085 -0.1828901 0.1569149
Moved 2155.051 263.4412 471.9823 -0.2235158 0.2160038
Moved 2155.082 253.5 498 -0.2465278 0.2829217
Moved 2155.113 247.8406 517.558 -0.2596283 0.3332252
Moved 2155.143 244.0526 538.632 -0.2683968 0.3874278
Moved 2155.174 239.3585 553.283 -0.2792627 0.4251104
Moved 2155.205 236.7321 561.8038 -0.2853425 0.4470262
Moved 2155.236 233.7735 568.6796 -0.292191 0.4647107
Moved 2155.266 231.899 572.101 -0.29653 0.4735106
Moved 2155.297 232 574.5 -0.2962963 0.479681
Moved 2155.328 230.9777 575.0223 -0.2986627 0.4810243
Moved 2155.358 228.6405 576 -0.3040728 0.483539
Moved 2155.389 225.7601 576 -0.3107405 0.483539
Moved 2155.42 219.4454 568.3363 -0.3253578 0.4638278
Moved 2155.451 205.9092 547.8638 -0.3566916 0.4111723
Moved 2155.481 192.823 517.5576 -0.3869837 0.3332242
Moved 2155.512 183.7579 493.6879 -0.4079677 0.2718309
Moved 2155.543 177.0925 478.2313 -0.4233969 0.2320764
Moved 2155.573 172.1767 461.8835 -0.4347761 0.1900294
Moved 2155.604 170 453.1906 -0.4398148 0.1676712
Ended 2155.635 170 450 -0.4398148 0.1594649
Candidates 2155.789 13 presidents performed performers products residents the respondents register hospitals profile perspectives perspective patients
Began 2156.741 346 431 -0.03240739 0.1105966
Stationary 2156.772 346 431 -0.03240739 0.1105966
Moved 2156.803 322.7061 431 -0.08632839 0.1105966
Moved 2156.833 293.8508 431 -0.1531231 0.1105966
Moved 2156.864 266.0644 431 -0.2174435 0.1105966
Moved 2156.895 245.66 431 -0.264676 0.1105966
Moved 2156.926 233.8173 431 -0.2920897 0.1105966
Moved 2156.956 229.5385 431 -0.3019942 0.1105966
Moved 2156.987 229 431 -0.3032407 0.1105966
Stationary 2157.018 229 431 -0.3032407 0.1105966
Moved 2157.049 242.9815 448.7269 -0.2708762 0.1561905
Moved 2157.079 256.1626 466.5501 -0.2403644 0.2020321
Moved 2157.11 270.5645 489.9878 -0.2070267 0.2623142
Moved 2157.141 279.0284 509.0759 -0.1874342 0.311409
Moved 2157.171 286.6265 526.3775 -0.1698461 0.3559091
Moved 2157.202 289.4534 537.8137 -0.1633022 0.3853233
Moved 2157.233 292.3204 546.9612 -0.1566657 0.4088508
Moved 2157.264 294 550.193 -0.1527778 0.417163
Moved 2157.294 298.5829 554.5828 -0.1421693 0.4284537
Moved 2157.325 313.7947 560.1987 -0.1069568 0.4428977
Moved 2157.356 340.2086 565.4677 -0.04581332 0.4564496
Moved 2157.386 388.4226 570.338 0.0657931 0.4689763
Moved 2157.417 432.6013 570 0.1680585 0.4681069
Moved 2157.448 462.418 560.2869 0.2370787 0.4431246
Moved 2157.479 478.3456 555.8272 0.2739482 0.4316542
Moved 2157.51 488.3815 551.079 0.2971794 0.4194418
Moved 2157.54 491.0031 548.9968 0.303248 0.4140863
Moved 2157.571 493 545.2454 0.3078704 0.4044378
Moved 2157.602 475.8162 505.3335 0.2680931 0.3017836
Moved 2157.632 416.8466 414.6709 0.1315893 0.06859794
Moved 2157.663 381.5385 352.3692 0.0498575 -0.09164307
Moved 2157.694 363.9574 316.9149 0.009160738 -0.1828322
Moved 2157.725 353.353 298.5884 -0.01538659 -0.2299682
Moved 2157.755 346.6494 287.1993 -0.03090406 -0.2592611
Moved 2157.786 342.3463 279.3463 -0.04086515 -0.2794594
Moved 2157.817 339.8047 274.8047 -0.04674832 -0.29114
Moved 2157.847 336.2019 273 -0.0550882 -0.295782
Moved 2157.878 330.1859 273 -0.06901408 -0.295782
Moved 2157.909 317.605 286.311 -0.09813656 -0.2615459
Moved 2157.94 299.9471 301.0529 -0.1390113 -0.2236293
Moved 2157.97 283.1678 320.6862 -0.1778524 -0.1731322
Moved 2158.001 262.2173 348.9513 -0.2263489 -0.100434
Moved 2158.032 241.8314 377.9551 -0.2735384 -0.02583562
Moved 2158.063 224.1767 405.2349 -0.3144057 0.04432843
Moved 2158.093 212.9469 430.1238 -0.3404006 0.1083431
Moved 2158.124 206.2397 450.161 -0.3559266 0.1598791
Moved 2158.155 201.246 468.7701 -0.3674861 0.207742
Moved 2158.186 198.7993 483.0037 -0.3731498 0.2443509
Moved 2158.216 199 498.6415 -0.3726852 0.2845716
Moved 2158.247 199 513.0175 -0.3726852 0.321547
Moved 2158.278 199 523.5104 -0.3726852 0.348535
Moved 2158.308 199 531.7789 -0.3726852 0.3698017
Moved 2158.339 208.215 538.6329 -0.3513541 0.3874302
Ended 2158.37 208 541 -0.3518518 0.3935184
Accept 2158.523 0 presidents
Candidates 2158.523 13 since drive drove driver silver soccer stone drives river arrive solve derived size
Began 2159.384 305 460 -0.1273148 0.1851851
Moved 2159.415 305 498.4226 -0.1273148 0.2840087
Moved 2159.445 305 531.8285 -0.1273148 0.3699292
Moved 2159.476 305 553.9463 -0.1273148 0.4268166
Moved 2159.507 295.8656 572.1345 -0.1484593 0.4735968
Moved 2159.538 292.653 585.8674 -0.1558958 0.508918
Moved 2159.568 284.8566 598.1913 -0.1739431 0.5406154
Moved 2159.599 278.3673 605.6327 -0.1889645 0.5597548
Moved 2159.63 270.7537 614.2463 -0.2065886 0.5819091
Moved 2159.66 264.4211 620.5789 -0.2212475 0.5981967
Moved 2159.691 259.2484 626.7516 -0.2332214 0.614073
Moved 2159.722 255.2928 633.4143 -0.2423777 0.6312095
Moved 2159.753 252.4251 640.7245 -0.2490159 0.6500117
Moved 2159.783 249.5584 648.3248 -0.2556518 0.6695594
Moved 2159.814 248.0332 653.9003 -0.2591823 0.6838999
Moved 2159.845 247 661.4921 -0.2615741 0.7034262
Moved 2159.875 246 666.7 -0.2638889 0.7168208
Moved 2159.906 244.5 672 -0.2673611 0.7304525
Moved 2159.937 245 673.0718 -0.2662037 0.7332091
Moved 2159.968 244 675.5 -0.2685185 0.7394547
Moved 2159.999 243 677.5 -0.2708333 0.7445986
Moved 2160.029 242 678 -0.2731481 0.7458847
Moved 2160.06 240.5 679 -0.2766204 0.7484568
Moved 2160.091 241 680.5 -0.275463 0.7523148
Moved 2160.121 241 681 -0.275463 0.7536006
Ended 2160.152 241 681 -0.275463 0.7536006
Accept 2160.214 1 drive
Began 2160.705 338 448 -0.05092591 0.1543209
Stationary 2160.736 338 448 -0.05092591 0.1543209
Moved 2160.767 310.7844 481.5629 -0.113925 0.2406453
Moved 2160.797 292.0766 505.4927 -0.15723 0.3021932
Moved 2160.828 279.2303 522.3596 -0.1869669 0.3455751
Moved 2160.859 270.6337 533.8217 -0.2068664 0.3750558
Moved 2160.89 264.3463 545.3074 -0.2214206 0.4045972
Moved 2160.92 258.7262 561.3689 -0.23443 0.4459076
Moved 2160.951 256.2887 566.8453 -0.2400725 0.4599931
Moved 2160.982 253.4108 577.3568 -0.2467343 0.4870287
Moved 2161.012 252 588.396 -0.25 0.5154217
Moved 2161.043 250 596.0305 -0.2546296 0.5350578
Moved 2161.074 248.1111 600.8889 -0.259002 0.5475535
Moved 2161.105 247.2405 603.7595 -0.2610174 0.5549369
Moved 2161.135 245.7905 605 -0.2643737 0.5581275
Moved 2161.166 244.8452 606 -0.2665621 0.5606995
Moved 2161.197 244 606 -0.2685185 0.5606995
Moved 2161.228 235.4175 578.6701 -0.2883854 0.4904066
Moved 2161.258 222.9282 499.6687 -0.3172958 0.2872136
Moved 2161.289 225 434.849 -0.3125 0.1204963
Moved 2161.32 237.4184 389.7686 -0.2837538 0.00454883
Moved 2161.351 247.0433 354.3917 -0.2614738 -0.08644119
Moved 2161.381 254.1108 329.1121 -0.2451138 -0.1514608
Moved 2161.412 258.4294 315.7117 -0.235117 -0.1859268
Moved 2161.443 261 306.1395 -0.2291666 -0.2105467
Moved 2161.473 263 302.381 -0.2245371 -0.2202136
Moved 2161.504 264 299.3228 -0.2222222 -0.2280792
Moved 2161.535 265 296.5 -0.2199074 -0.2353395
Moved 2161.566 266 294.5847 -0.2175926 -0.2402656
Moved 2161.596 266 294.0162 -0.2175926 -0.2417279
Moved 2161.627 267.854 294 -0.2133008 -0.2417696
Moved 2161.658 279.3532 302.7064 -0.1866824 -0.2193766
Moved 2161.688 314.3113 338.3113 -0.1057608 -0.1278001
Moved 2161.719 434.6076 441.5769 0.1727029 0.1378007
Moved 2161.75 481.8769 473.9033 0.2821225 0.2209447
Moved 2161.781 508.9013 496.0386 0.3446788 0.277877
Moved 2161.812 525.6265 510.2513 0.3833946 0.3144322
Moved 2161.842 533.7101 516.7101 0.4021066 0.3310444
Moved 2161.873 537 520.1082 0.4097222 0.3397844
Moved 2161.904 538 521 0.4120371 0.3420781
Moved 2161.934 519.2729 526.5454 0.3686872 0.356341
Moved 2161.965 451.6456 540.3492 0.2121427 0.3918446
Moved 2161.996 393.0375 552.9907 0.07647564 0.4243586
Moved 2162.027 344.3721 562.8808 -0.03617575 0.4497961
Moved 2162.057 284.8463 574.5587 -0.1739669 0.4798318
Moved 2162.088 237.8137 583.5466 -0.2828386 0.5029489
Moved 2162.119 209.5662 590.7631 -0.3482263 0.5215098
Moved 2162.149 196.2667 594.8933 -0.3790123 0.5321329
Moved 2162.18 187.3753 597.8124 -0.3995942 0.5396408
Moved 2162.211 184.5 600.5 -0.40625 0.5465534
Moved 2162.242 184 601 -0.4074074 0.5478393
Stationary 2162.272 184 601 -0.4074074 0.5478393
Moved 2162.303 229.6522 562.3478 -0.301731 0.4484254
Moved 2162.334 288.897 493.8788 -0.1645903 0.2723219
Moved 2162.365 352.0952 415.5493 -0.01829828 0.07085721
Moved 2162.395 389.2553 371.1296 0.06772071 -0.04339108
Moved 2162.426 413.5775 340.2574 0.1240221 -0.1227946
Moved 2162.457 426.1582 313.9641 0.1531441 -0.1904216
Moved 2162.488 430.5028 299.9888 0.1632009 -0.2263662
Moved 2162.518 431 290.8457 0.1643519 -0.2498824
Moved 2162.549 431 285.5027 0.1643519 -0.2636248
Moved 2162.58 392.7671 296.3748 0.07584969 -0.2356615
Moved 2162.61 326.8512 336.468 -0.07673328 -0.1325413
Moved 2162.641 285.5 362.5 -0.1724537 -0.06558649
Moved 2162.672 262.0505 373.1061 -0.2267349 -0.03830741
Moved 2162.703 237.5064 387.6061 -0.2835499 -0.00101321
Moved 2162.733 215.1089 404.8911 -0.3353961 0.04344422
Moved 2162.764 206.6308 419.4232 -0.3550214 0.08082075
Moved 2162.795 206 434.9716 -0.3564815 0.1208117
Moved 2162.825 248.0842 480.9894 -0.2590645 0.2391703
Moved 2162.856 316.0788 522.5594 -0.1016694 0.346089
Moved 2162.887 365.3525 540.1727 0.01239002 0.3913905
Moved 2162.918 425.8785 556.7251 0.1524966 0.4339636
Moved 2162.948 466.4895 565.6224 0.2465034 0.4568476
Moved 2162.979 486.5082 570.0847 0.2928432 0.4683248
Moved 2163.01 498.1617 571.7206 0.3198188 0.4725322
Moved 2163.041 502.5 572 0.3298611 0.4732509
Moved 2163.071 503 572 0.3310186 0.4732509
Moved 2163.102 494.3317 557.57 0.310953 0.4361368
Moved 2163.133 465.609 516.307 0.2444653 0.3300076
Moved 2163.164 371.3794 390.3845 0.02634128 0.00613295
Moved 2163.194 343.9527 347.9211 -0.03714661 -0.1030836
Moved 2163.225 325.6997 318.5496 -0.07939875 -0.1786276
Moved 2163.256 318.1362 303.227 -0.09690693 -0.2180376
Moved 2163.286 310.3586 294.3586 -0.1149106 -0.2408472
Moved 2163.317 305.6095 290.3047 -0.125904 -0.2512738
Moved 2163.348 301.6524 290 -0.1350638 -0.2520577
Moved 2163.379 286.3798 327.8606 -0.1704171 -0.1546796
Moved 2163.409 270.112 377.6641 -0.2080742 -0.02658412
Moved 2163.44 260.4611 416.3095 -0.2304142 0.07281248
Moved 2163.471 253.9624 447.4965 -0.2454575 0.1530258
Moved 2163.501 246.5394 480.5334 -0.2626404 0.2379975
Moved 2163.532 242.9106 504.7154 -0.2710403 0.3001938
Moved 2163.563 238.5463 524.3612 -0.2811429 0.3507232
Moved 2163.594 234 543.5 -0.2916667 0.3999484
Moved 2163.625 231.6167 555.9165 -0.2971835 0.431884
Moved 2163.655 230 564.7358 -0.3009259 0.4545674
Moved 2163.686 228 572.293 -0.3055556 0.4740044
Moved 2163.717 227 588.7558 -0.3078704 0.5163471
Ended 2163.747 227 599 -0.3078704 0.5426954
Candidates 2163.84 13 expensive alternative extensive respective exclusive affirmative collective comprehensive scientist excitement intensive informative selective
Began 2164.423 377 367 0.03935188 -0.05401234
Stationary 2164.454 377 367 0.03935188 -0.05401234
Stationary 2164.485 377 367 0.03935188 -0.05401234
Moved 2164.516 365 367 0.01157403 -0.05401234
Moved 2164.546 356.5244 353.6433 -0.008045335 -0.08836605
Moved 2164.577 348.0114 341.0151 -0.02775148 -0.1208459
Moved 2164.608 339.4051 329.5401 -0.04767349 -0.1503599
Moved 2164.638 333.068 318.4467 -0.06234254 -0.1788922
Moved 2164.669 325.4534 305.9068 -0.07996897 -0.2111451
Moved 2164.7 318.7106 296.5659 -0.09557729 -0.2351699
Moved 2164.731 313.9765 290.9766 -0.1065358 -0.249546
Moved 2164.761 308.4725 285.4725 -0.1192766 -0.2637024
Moved 2164.792 304.5807 283 -0.1282854 -0.2700618
Moved 2164.823 301.7243 281 -0.1348975 -0.2752058
Moved 2164.854 299.1338 281 -0.140894 -0.2752058
Moved 2164.884 291.9063 293.7916 -0.1576243 -0.2423055
Moved 2164.915 282.7305 312.5391 -0.1788646 -0.1940868
Moved 2164.946 271.1823 336.181 -0.2055966 -0.1332793
Moved 2164.977 257.2316 359.6526 -0.2378899 -0.07290993
Moved 2165.007 243.6683 380.8304 -0.2692863 -0.01844021
Moved 2165.038 230.8961 397.5065 -0.2988517 0.02445087
Moved 2165.069 220 411.5 -0.3240741 0.06044234
Moved 2165.099 210.4263 422.5737 -0.3462354 0.08892415
Moved 2165.13 200.9288 431.0475 -0.3682204 0.1107187
Moved 2165.161 196.106 436.7881 -0.3793843 0.1254837
Moved 2165.192 192.6802 441.6396 -0.3873145 0.1379619
Moved 2165.222 192 446.3002 -0.3888888 0.1499489
Moved 2165.253 192 452.342 -0.3888888 0.1654886
Moved 2165.284 192 456.0398 -0.3888888 0.1749994
Moved 2165.314 205.1879 461.0939 -0.3583613 0.1879988
Moved 2165.345 220.0914 465.4183 -0.3238625 0.199121
Moved 2165.376 236.4134 472.5654 -0.2860801 0.2175035
Moved 2165.407 254.2678 479.6339 -0.2447505 0.2356838
Moved 2165.438 272.2775 489.1387 -0.2030613 0.2601303
Moved 2165.468 287.3347 499.7511 -0.1682066 0.2874255
Moved 2165.499 298.7725 508.3293 -0.1417304 0.309489
Moved 2165.53 302.9338 511.9669 -0.1320976 0.3188449
Moved 2165.56 305 513.8466 -0.1273148 0.3236795
Moved 2165.591 305 514.5 -0.1273148 0.32536
Moved 2165.622 305 514 -0.1273148 0.324074
Moved 2165.653 293.4912 495.9438 -0.1539555 0.2776332
Moved 2165.683 274.8275 467.7412 -0.1971586 0.2050956
Moved 2165.714 257.4568 439.7308 -0.2373686 0.1330525
Moved 2165.745 248.0208 421.3889 -0.259211 0.0858768
Moved 2165.775 238.0721 403.1443 -0.2822404 0.03895131
Moved 2165.806 232.645 390.29 -0.2948033 0.005889861
Moved 2165.837 229.9447 381.8341 -0.3010539 -0.01585878
Moved 2165.868 228 377.4403 -0.3055556 -0.02715978
Ended 2165.898 228 376.5 -0.3055556 -0.02957819
Accept 2166.021 0 expensive
Candidates 2166.021 13 cars area are areas cases card careers cards sea data cares address sees
Began 2166.482 232 406 -0.2962963 0.04629618
Moved 2166.513 289.9166 413.559 -0.1622302 0.06573819
Moved 2166.544 410.2245 422.8842 0.1162603 0.08972269
Moved 2166.574 519.1111 428.3747 0.3683128 0.1038443
Ended 2166.605 554 428 0.4490741 0.1028806
Accept 2166.667 0 cars
PhraseEnd 2166.667
