where did you get such a silly idea
where did you get such a silly idea
FixStart
Radial

0.6 0.6
432 388.8
Began 625.2141 384 345 0.0555556 -0.1105968
Stationary 625.2448 384 345 0.0555556 -0.1105968
Moved 625.2755 371.3698 356.1919 0.02631883 -0.08181097
Moved 625.3062 345.538 379.1473 -0.03347695 -0.02276942
Moved 625.337 311.8077 413.1923 -0.1115563 0.06479502
Moved 625.3677 285.9274 436.348 -0.1714644 0.1243517
Moved 625.3984 271.5834 450.4166 -0.2046681 0.1605365
Moved 625.4291 263.7643 460.3143 -0.2227679 0.1859934
Moved 625.4598 257.0212 471.9365 -0.2383769 0.2158859
Moved 625.4905 253.1463 480.7074 -0.2473466 0.2384449
Moved 625.5212 251.271 486.4581 -0.2516876 0.2532356
Moved 625.5519 251 490.2841 -0.2523148 0.2630762
Moved 625.5827 264.9023 495.3171 -0.2201335 0.2760212
Moved 625.6135 289.2249 497 -0.1638312 0.2803498
Moved 625.6441 322.0419 479.9749 -0.08786589 0.2365608
Moved 625.6749 363.1508 445.7279 0.007293523 0.1484771
Moved 625.7056 394.1538 407.9001 0.07905971 0.05118326
Moved 625.7363 408.6953 386.7832 0.1127206 -0.003129622
Moved 625.767 420.9796 369.7856 0.1411566 -0.0468477
Moved 625.7977 430.2467 356.1299 0.1626081 -0.0819703
Moved 625.8284 434 350.0207 0.1712963 -0.09768348
Moved 625.8592 434 347.631 0.1712963 -0.1038297
Stationary 625.8899 434 348 0.1712963 -0.1028807
Moved 625.9206 400.8478 363.4666 0.09455511 -0.06310043
Moved 625.9513 362.2972 385.1517 0.005317529 -0.007325788
Moved 625.9821 301.5025 425.9359 -0.1354108 0.09757171
Moved 626.0128 283.5952 438.2944 -0.1768629 0.1293579
Moved 626.0435 261.5025 453.6985 -0.2280036 0.1689776
Moved 626.0742 251.6711 460.5526 -0.2507614 0.1866064
Moved 626.1049 248.6759 464.3241 -0.2576947 0.1963068
Moved 626.1356 249 474.9955 -0.2569445 0.2237539
Moved 626.1664 292.0802 502.6944 -0.1572217 0.2949958
Moved 626.1971 318.3713 510.4158 -0.09636272 0.3148555
Moved 626.2278 347.7917 513 -0.02825985 0.321502
Moved 626.2585 365.7157 513 0.01323084 0.321502
Moved 626.2891 371.2238 513 0.02598117 0.321502
Moved 626.3199 372 513 0.02777775 0.321502
Moved 626.3506 357.3566 502.007 -0.006118914 0.2932277
Moved 626.3813 333.2183 496.4598 -0.06199474 0.2789602
Moved 626.4121 315.562 493.5937 -0.1028658 0.2715886
Moved 626.4428 307.1446 493 -0.1223505 0.2700616
Ended 626.4735 304.2043 491.6022 -0.1291566 0.2664664
Candidates 626.5964 13 there where they the what register re get we e these refer wheat
Began 627.3029 235 414 -0.2893518 0.06687239
Moved 627.3336 279.5 414 -0.1863426 0.06687239
Moved 627.3644 410.963 414 0.1179699 0.06687239
Moved 627.3951 494.7475 421.9341 0.3119155 0.08727898
Ended 627.4258 505.5 422.5 0.3368056 0.08873452
Accept 627.4872 0 there
Began 628.5009 469 456 0.2523148 0.174897
Stationary 628.5316 469 456 0.2523148 0.174897
Moved 628.5623 449.6275 456 0.2074711 0.174897
Moved 628.5931 384.0233 442.8837 0.05560944 0.1411618
Ended 628.6237 292.4812 431.9695 -0.1562935 0.1130902
Candidates 628.7466 13 a as has gas sa add da ass ga had aa fda aaa
Backspace 629.7603
Began 630.6511 339 434 -0.04861111 0.1183127
Stationary 630.6819 339 434 -0.04861111 0.1183127
Stationary 630.7126 339 434 -0.04861111 0.1183127
Moved 630.7433 323.1115 444.9991 -0.08539011 0.1466027
Moved 630.774 297.1793 469.8207 -0.1454184 0.2104442
Moved 630.8047 267.7491 504.0726 -0.2135436 0.2985407
Moved 630.8354 244.2067 539.1641 -0.26804 0.3887963
Moved 630.8661 230.9711 559.7148 -0.298678 0.4416533
Moved 630.8969 224.1879 572.6241 -0.3143798 0.4748562
Moved 630.9276 221 579.5569 -0.3217593 0.4926874
Moved 630.9583 220 583.6553 -0.3240741 0.5032286
Moved 630.989 228.6664 584 -0.304013 0.5041152
Moved 631.0198 273.1843 556.1858 -0.2009622 0.4325765
Moved 631.0504 325.2724 512.6367 -0.08038804 0.3205674
Moved 631.0812 366.9649 472.0351 0.01612246 0.2161396
Moved 631.1119 391.4004 446.2596 0.07268608 0.1498445
Moved 631.1426 412.5175 419.8322 0.1215682 0.08187274
Moved 631.1733 426.3695 402.5381 0.1536331 0.03739227
Moved 631.204 429.7219 397.2781 0.1613933 0.02386348
Moved 631.2348 430 395.9262 0.162037 0.0203863
Moved 631.2655 412.0913 395 0.1205817 0.01800408
Moved 631.2962 352.2031 424.8756 -0.01804833 0.09484459
Moved 631.3269 291.8522 455.0739 -0.1577494 0.172515
Moved 631.3577 239.6826 483.3242 -0.2785124 0.2451754
Moved 631.3884 206.1177 506.2781 -0.3562091 0.304213
Moved 631.4191 183.1171 523.0593 -0.4094513 0.3473746
Moved 631.4498 173.0451 533.9399 -0.4327661 0.3753598
Moved 631.4805 172 544.3986 -0.4351852 0.4022596
Moved 631.5112 189.7303 565.5477 -0.3941428 0.4566555
Moved 631.5419 223.0491 585.6262 -0.3170158 0.5082978
Moved 631.5727 270.8121 598.2788 -0.2064534 0.5408404
Moved 631.6034 308.2071 598 -0.1198909 0.5401233
Moved 631.6341 330.3914 588.2029 -0.06853839 0.514925
Moved 631.6649 337.8039 584.598 -0.0513799 0.5056532
Moved 631.6955 339 583 -0.04861111 0.5015431
Moved 631.7263 339 582 -0.04861111 0.4989711
Moved 631.757 296.7256 582 -0.1464686 0.4989711
Moved 631.7877 272.5215 582 -0.2024966 0.4989711
Moved 631.8184 256.2204 582 -0.2402306 0.4989711
Moved 631.8491 254.6725 582 -0.2438135 0.4989711
Moved 631.8798 251.1475 582 -0.2519733 0.4989711
Ended 631.9106 250.5 582 -0.2534722 0.4989711
Candidates 632.0334 13 what there they the that where register these relate every generate delay elsewhere
Began 633.9072 265 451 -0.2199074 0.162037
Ended 633.9379 265 451 -0.2199074 0.162037
NextCandidatePanel 633.9993
Began 634.6751 291 420 -0.1597222 0.08230445
Moved 634.7057 314.4143 465.022 -0.1055225 0.1981017
Moved 634.7365 367.8853 541.6066 0.01825293 0.3950785
Moved 634.7672 436 617 0.1759259 0.5889916
Ended 634.7979 452.5 627.5 0.2141203 0.6159979
Accept 634.8594 5 where
Began 635.3201 342 456 -0.04166668 0.174897
Stationary 635.3509 342 456 -0.04166668 0.174897
Stationary 635.3816 342 456 -0.04166668 0.174897
Moved 635.4123 320.9016 456 -0.09050548 0.174897
Moved 635.443 309.3935 456 -0.1171446 0.174897
Moved 635.4737 304.4472 456 -0.1285944 0.174897
Moved 635.5045 300.8535 456 -0.1369132 0.174897
Moved 635.5352 299.3508 456 -0.1403917 0.174897
Moved 635.5657 295.9517 456 -0.1482601 0.174897
Moved 635.5966 289.8132 456 -0.1624694 0.174897
Moved 635.6273 281.1141 456 -0.1826062 0.174897
Moved 635.658 271.5548 456 -0.2047343 0.174897
Moved 635.6887 262.9368 460.8142 -0.2246834 0.1872793
Moved 635.7194 254.3203 463 -0.2446289 0.1929011
Moved 635.7502 244.5788 463 -0.2671787 0.1929011
Moved 635.7809 236.1321 463 -0.2867312 0.1929011
Moved 635.8116 231.1711 463 -0.298215 0.1929011
Moved 635.8423 230 464 -0.3009259 0.1954732
Moved 635.873 230 468.8249 -0.3009259 0.2078829
Moved 635.9037 296.9453 507.2762 -0.1459599 0.3067802
Moved 635.9345 351.3571 536.2009 -0.02000675 0.381175
Moved 635.9652 398.4326 552.9178 0.08896431 0.4241714
Moved 635.9959 443.1914 562.8652 0.1925727 0.4497561
Moved 636.0266 468.7816 569.6181 0.2518092 0.4671247
Moved 636.0574 483.5466 573 0.2859874 0.4758229
Moved 636.0881 485 574 0.2893518 0.478395
Moved 636.1188 486 574 0.2916667 0.478395
Stationary 636.1495 486 574 0.2916667 0.478395
Moved 636.1802 452.1288 560.0468 0.2132611 0.4425071
Moved 636.2109 389.9526 530.406 0.0693347 0.3662705
Moved 636.2416 328.0412 494.1839 -0.07397866 0.2731067
Moved 636.2723 288.8583 469.7008 -0.1646799 0.2101357
Moved 636.303 265.8235 453.2156 -0.2180013 0.1677356
Moved 636.3338 247.0036 444.0015 -0.2615657 0.1440366
Moved 636.3645 232.3722 436.2481 -0.2954348 0.1240948
Moved 636.3953 223.5 433.5 -0.3159722 0.1170266
Moved 636.4259 218.3449 432 -0.3279053 0.1131687
Ended 636.4566 218 431 -0.3287037 0.1105966
Candidates 636.5795 13 did dogs food dod soda dos stood ships foods gaps does stops aids
Began 637.2246 154 423 -0.4768519 0.09002049
Moved 637.2553 173.4455 423 -0.431839 0.09002049
Moved 637.286 202.9357 423 -0.3635747 0.09002049
Moved 637.3168 228 423 -0.3055556 0.09002049
Moved 637.3474 273.0088 423 -0.2013685 0.09002049
Moved 637.3782 338.5628 441.6647 -0.04962315 0.1380263
Ended 637.4089 409.1096 461.3507 0.1136797 0.1886591
Accept 637.4703 0 did
Began 637.9003 288 392 -0.1666667 0.01028803
Moved 637.9311 296.3318 426.8864 -0.14738 0.1000164
Moved 637.9617 306.2414 466.1554 -0.1244411 0.2010169
Moved 637.9926 312.6812 494.4977 -0.1095343 0.2739137
Moved 638.0232 316.1848 513.9241 -0.1014241 0.3238787
Moved 638.054 318 523.1572 -0.09722222 0.3476265
Moved 638.0848 320.9239 528.8478 -0.09045397 0.3622627
Moved 638.1154 329.8739 536.4055 -0.06973629 0.3817012
Moved 638.1462 370.4497 545.7266 0.02418905 0.4056754
Moved 638.1769 421.5446 546 0.1424642 0.4063785
Moved 638.2076 452.3665 546 0.2138113 0.4063785
Moved 638.2383 471.5124 537.3719 0.2581304 0.3841869
Moved 638.269 477.9893 536 0.2731235 0.3806583
Moved 638.2997 478 535 0.2731481 0.3780863
Moved 638.3304 451.6609 531.1187 0.212178 0.3681034
Moved 638.3612 394.4189 527.1899 0.07967342 0.3579987
Moved 638.3919 352.1153 523.3115 -0.01825164 0.3480234
Moved 638.4226 327.5 522 -0.07523149 0.3446501
Ended 638.4534 308.5 517.5 -0.119213 0.3330761
Candidates 638.5762 13 you your it out toy type tour got for put foot root hot
Began 639.1599 191 469 -0.3912037 0.2083333
Moved 639.1906 285.1664 469 -0.1732258 0.2083333
Moved 639.2213 433.7054 469 0.1706143 0.2083333
Ended 639.252 455 469 0.2199073 0.2083333
Accept 639.3135 0 you
Began 639.5592 372 388 0.02777775 -3.924585E-08
Stationary 639.5899 372 388 0.02777775 -3.924585E-08
Stationary 639.6206 372 388 0.02777775 -3.924585E-08
Moved 639.6514 356 400 -0.009259283 0.03086416
Moved 639.6821 340.3978 405.5341 -0.04537548 0.04509784
Moved 639.7128 322.184 411.136 -0.08753697 0.05950606
Moved 639.7435 307.9384 414.0123 -0.120513 0.06690405
Moved 639.7742 300.9343 415 -0.1367262 0.06944436
Moved 639.8049 295.1823 415 -0.150041 0.06944436
Moved 639.8356 290.7163 415 -0.1603788 0.06944436
Moved 639.8664 287.8424 415 -0.1670315 0.06944436
Moved 639.8971 285.5 415 -0.1724537 0.06944436
Moved 639.9278 283.5 415 -0.1770833 0.06944436
Moved 639.9586 282.978 416.022 -0.1782917 0.07207305
Moved 639.9893 279.9886 417 -0.1852116 0.0745884
Moved 640.02 275.217 422.783 -0.1962568 0.0894623
Moved 640.0507 265.6783 434.8696 -0.2183374 0.1205492
Moved 640.0814 255.4218 446.5782 -0.2420792 0.1506642
Moved 640.1121 245.2652 457.7349 -0.2655899 0.1793591
Moved 640.1428 232.9034 470.0724 -0.294205 0.2110916
Moved 640.1735 224.2055 477.7946 -0.3143392 0.230953
Moved 640.2043 218 484.5 -0.3287037 0.2481995
Moved 640.235 212.3615 489.3193 -0.3417558 0.2605948
Moved 640.2657 210.7991 493.2009 -0.3453724 0.2705784
Moved 640.2964 211 498.1448 -0.3449074 0.2832941
Moved 640.3271 216.9596 506.5757 -0.3311121 0.3049787
Moved 640.3578 241.202 522.8013 -0.2749954 0.3467111
Moved 640.3885 273.1476 533.0369 -0.2010473 0.3730372
Moved 640.4193 305.5206 537.21 -0.1261097 0.3837705
Moved 640.45 338.0429 537 -0.05082667 0.3832304
Moved 640.4807 360.7059 537 0.001634061 0.3832304
Moved 640.5114 377.9767 537 0.04161288 0.3832304
Ended 640.5421 386.5 537 0.06134262 0.3832304
Candidates 640.665 13 were get set are feet et wt wet ferry sweet art eu fewer
Began 641.5251 264 425 -0.2222222 0.09516452
Moved 641.5558 301.1054 474.7247 -0.1363301 0.2230572
Moved 641.5865 441.1064 621.9746 0.1877462 0.6017864
Moved 641.6172 497.2085 664.9119 0.3176123 0.7122219
Ended 641.6479 511.5 675 0.3506944 0.7381686
Accept 641.7401 1 get
Began 642.1395 342 433 -0.04166668 0.1157406
Stationary 642.1702 342 433 -0.04166668 0.1157406
Stationary 642.2009 342 433 -0.04166668 0.1157406
Moved 642.2316 306.8031 433 -0.1231411 0.1157406
Moved 642.2623 267.9872 441.6266 -0.2129925 0.1379284
Moved 642.293 234.7755 444 -0.2898714 0.1440329
Moved 642.3237 218.3281 444.5573 -0.3279443 0.1454663
Moved 642.3545 210.1448 445 -0.346887 0.1466049
Moved 642.3852 209 448.9462 -0.349537 0.1567544
Moved 642.4159 244.49 484.192 -0.2673842 0.2474074
Moved 642.4466 316.8951 527.558 -0.09977996 0.3589455
Moved 642.4774 369.5788 547.665 0.02217303 0.410661
Moved 642.5081 412.2655 559.2531 0.120985 0.4404658
Moved 642.5388 432.0651 563 0.1668173 0.4501028
Moved 642.5695 440.6566 564 0.1867052 0.4526748
Moved 642.6002 444.8639 564 0.1964443 0.4526748
Moved 642.6309 431.9672 529.2376 0.1665906 0.3632653
Moved 642.6617 376.5529 445.4846 0.03831685 0.1478513
Moved 642.6924 342.5406 382.8502 -0.04041538 -0.01324555
Moved 642.7231 317.5666 334.2416 -0.09822547 -0.1382676
Moved 642.7538 301.8581 306.1445 -0.1345878 -0.2105337
Moved 642.7845 290.795 288.1926 -0.1601967 -0.2567064
Moved 642.8152 279.6001 276.6001 -0.1861109 -0.2865224
Moved 642.8459 269.8224 269.5483 -0.2087443 -0.3046598
Moved 642.8766 255.912 266 -0.2409444 -0.3137861
Moved 642.9073 253.0624 266 -0.2475408 -0.3137861
Moved 642.9381 250.0098 266 -0.2546069 -0.3137861
Moved 642.9688 249 282.3177 -0.2569445 -0.2718167
Moved 642.9995 280.1385 323.3662 -0.1848646 -0.1662392
Moved 643.0302 315.5831 355.8665 -0.102817 -0.082648
Moved 643.061 366.3851 390.4677 0.01478026 0.006346996
Moved 643.0917 392.5905 407.3543 0.07544089 0.04977952
Ended 643.1224 404 413 0.1018518 0.06430033
Candidates 643.2452 13 sick stuck rich such stock stick suck dick struck which duck quick rick
Began 644.8119 315 416 -0.1041667 0.07201634
Moved 644.8426 330.7485 388.0025 -0.06771173 6.397075E-06
Ended 644.8734 348.7056 348.1653 -0.02614439 -0.1024554
Accept 644.9348 3 such
Began 645.3341 352 408 -0.01851852 0.05144025
Stationary 645.3649 352 408 -0.01851852 0.05144025
Moved 645.3956 340.3116 408 -0.04557505 0.05144025
Moved 645.4263 310.2763 416.7724 -0.1151011 0.07400297
Moved 645.457 280.7427 419.2714 -0.183466 0.08043057
Moved 645.4877 247.3939 421 -0.2606623 0.08487643
Moved 645.5184 227.8683 421 -0.3058604 0.08487643
Moved 645.5491 214.6135 421 -0.3365428 0.08487643
Moved 645.5798 198.7761 421 -0.3732035 0.08487643
Moved 645.6106 185.4169 421 -0.4041275 0.08487643
Moved 645.6413 173.4108 413 -0.4319194 0.06430033
Moved 645.672 165.5723 412 -0.4500642 0.06172835
Moved 645.7027 158.8262 411 -0.46568 0.05915629
Moved 645.7335 153.0778 411 -0.4789866 0.05915629
Moved 645.7642 151.6546 411 -0.4822811 0.05915629
Ended 645.7949 151.6546 411 -0.4822811 0.05915629
Candidates 645.9177 13 as a gas ass add sa da ga aa fda aaa s ad
Began 646.7471 266 430 -0.2175926 0.1080246
Moved 646.7779 277.1428 445.3213 -0.1917991 0.1474312
Moved 646.8086 297.0775 471.5968 -0.145654 0.2150123
Moved 646.8393 330.5271 504.3883 -0.06822422 0.2993526
Moved 646.87 403.5 552.5 0.1006944 0.4230966
Ended 646.9007 403.5 552.5 0.1006944 0.4230966
Accept 646.9622 1 a
Began 647.5151 349 422 -0.02546296 0.08744851
Stationary 647.5458 349 422 -0.02546296 0.08744851
Stationary 647.5765 349 422 -0.02546296 0.08744851
Moved 647.6072 305.5642 432.812 -0.1260088 0.115257
Moved 647.6379 291.2238 435.7552 -0.1592041 0.1228272
Moved 647.6687 263.8029 438 -0.2226785 0.1286007
Moved 647.6994 242.097 438 -0.2729237 0.1286007
Moved 647.7301 225.2659 438 -0.3118846 0.1286007
Moved 647.7608 212.8367 438 -0.3406558 0.1286007
Moved 647.7916 203.7583 438 -0.3616707 0.1286007
Moved 647.8223 200.7158 438 -0.3687134 0.1286007
Moved 647.853 199 438 -0.3726852 0.1286007
Moved 647.8837 214.8963 447.159 -0.3358881 0.1521578
Moved 647.9144 280.6203 479.7625 -0.1837493 0.2360146
Moved 647.9451 367.6224 520.596 0.01764456 0.341039
Moved 647.9759 395.935 532.974 0.08318275 0.3728755
Moved 648.0066 416.3319 540.7327 0.1303979 0.392831
Moved 648.0373 425.4832 542.7416 0.1515816 0.3979979
Moved 648.068 431.434 543 0.1653564 0.3986624
Moved 648.0987 436.3168 532.5744 0.1766592 0.3718476
Moved 648.1295 444.0975 509.74 0.1946701 0.3131172
Moved 648.1602 461.4094 477.0125 0.2347439 0.2289416
Moved 648.1909 488.0494 443.1091 0.2964107 0.1417413
Moved 648.2216 513.3392 413.076 0.3549519 0.06449577
Moved 648.2524 528.9938 392.675 0.3911892 0.01202403
Moved 648.283 538.3165 377.1392 0.4127696 -0.02793426
Moved 648.3138 545.1469 362.7062 0.4285808 -0.06505613
Moved 648.3445 547 353.6528 0.4328704 -0.08834171
Moved 648.3752 547 351.8333 0.4328704 -0.09302139
Moved 648.4059 531.7319 352 0.3975275 -0.09259266
Moved 648.4366 499.5911 377.5139 0.3231275 -0.02697061
Moved 648.4673 456.8977 410.3196 0.2243001 0.05740632
Moved 648.498 423.805 438.7289 0.1476968 0.1304754
Moved 648.5287 402.757 460.2126 0.09897441 0.185732
Moved 648.5595 387.4645 476.5355 0.06357521 0.2277148
Moved 648.5902 378.4218 489.9456 0.04264295 0.2622057
Moved 648.6209 372.5119 499.9763 0.02896269 0.2880047
Ended 648.6517 366.5 527.5 0.0150463 0.3587962
Candidates 648.8052 13 fault daily apply silly style fully self failure supply while sunny strong settle
Began 650.1876 280 482.6146 -0.1851852 0.2433501
Moved 650.2183 303.709 441.3683 -0.1303031 0.137264
Moved 650.249 331.7067 369.4982 -0.06549378 -0.04758701
Ended 650.2797 345 340 -0.03472224 -0.1234569
Accept 650.4026 3 silly
Began 650.9863 327 434.0926 -0.07638887 0.1185509
Moved 651.017 364.2391 467.3423 0.009812714 0.2040697
Moved 651.0477 401.8009 505.8162 0.09676128 0.3030252
Moved 651.0784 430.2067 531.686 0.1625156 0.3695627
Moved 651.1091 451.7862 555.1842 0.212468 0.4300004
Moved 651.1399 459.5393 564.8089 0.230415 0.4547552
Moved 651.1707 462.1395 569.1395 0.236434 0.4658937
Moved 651.2013 462 570 0.2361111 0.4681069
Moved 651.232 407.5439 541.4066 0.1100553 0.3945641
Moved 651.2628 329.9177 486.3947 -0.06963491 0.2530728
Moved 651.2935 302.1508 464.1206 -0.1339103 0.1957834
Moved 651.3242 280.8778 448.5852 -0.1831533 0.1558261
Moved 651.3549 267.129 438.8468 -0.2149791 0.1307788
Moved 651.3856 258.226 433.4087 -0.2355879 0.1167919
Moved 651.4163 254.8674 430.8674 -0.2433625 0.1102557
Moved 651.4471 252.5 431 -0.2488426 0.1105966
Moved 651.4778 251.7795 431 -0.2505103 0.1105966
Moved 651.5085 251 431 -0.2523148 0.1105966
Moved 651.5392 249.6842 431 -0.2553607 0.1105966
Moved 651.5699 246.8669 455.9319 -0.2618822 0.174722
Moved 651.6006 238.9798 483.0708 -0.2801394 0.2445236
Moved 651.6313 233.8961 510.0713 -0.2919071 0.3139693
Moved 651.6621 230.5829 534.9197 -0.2995766 0.3778797
Moved 651.6928 230 550.4907 -0.3009259 0.4179285
Moved 651.7236 229 558.3339 -0.3032407 0.4381014
Moved 651.7543 227.3169 561.6831 -0.3071369 0.4467157
Moved 651.785 222.3183 564 -0.3187077 0.4526748
Moved 651.8157 205.0238 552.5986 -0.3587412 0.4233504
Moved 651.8464 179.9565 525.9468 -0.4167674 0.3548014
Moved 651.8771 160.7231 497.2051 -0.4612892 0.2808773
Moved 651.9078 148.732 474.4641 -0.4890461 0.222387
Moved 651.9385 143.5 463.5 -0.5011575 0.1941872
Ended 651.9693 143.5 463.5 -0.5011575 0.1941872
Candidates 652.0615 13 idea ideas offers guides offered posted goddess posts houses is guide used orders
Began 652.6758 257 453 -0.2384259 0.167181
Moved 652.7065 379.869 468.0656 0.04599313 0.20593
Ended 652.7373 448.5 476.5 0.2048611 0.2276234
Accept 652.7983 0 idea
Began 653.1673 172 448 -0.4351852 0.1543209
Moved 653.198 198.5282 448 -0.3737773 0.1543209
Moved 653.2288 270.9273 469.6226 -0.2061868 0.2099345
Moved 653.2594 308.1223 473.8537 -0.1200872 0.220817
Moved 653.2902 383.9512 477.813 0.05544265 0.2310004
Moved 653.3209 464.4482 480 0.2417782 0.2366254
Ended 653.3516 519.8975 480 0.370133 0.2366254
PhraseEnd 653.413
