come and see our new car
come and see our new car
Basic
Radial

0.6 0.6
432 388.8
Began 2660.218 243 211 -0.2708333 -0.455247
Stationary 2660.249 243 211 -0.2708333 -0.455247
Stationary 2660.28 243 211 -0.2708333 -0.455247
Moved 2660.31 282.568 265.9316 -0.1792407 -0.313962
Moved 2660.341 347.1696 357.1063 -0.02969995 -0.07945928
Moved 2660.372 435.5849 445.9874 0.174965 0.1491446
Moved 2660.403 461.9789 464.8157 0.2360622 0.1975713
Moved 2660.433 472.0695 471.0695 0.2594201 0.2136559
Moved 2660.464 477.2148 473.6074 0.2713305 0.2201835
Moved 2660.495 484.3943 474 0.2879497 0.2211934
Moved 2660.525 497.6993 418.1442 0.3187484 0.07753137
Moved 2660.556 497 327.2665 0.3171296 -0.1562078
Moved 2660.587 497 260.7403 0.3171296 -0.3273141
Moved 2660.618 497 227.9214 0.3171296 -0.4117249
Moved 2660.648 497 210.6353 0.3171296 -0.456185
Moved 2660.679 497 204.0405 0.3171296 -0.4731469
Moved 2660.71 473.0231 203 0.2616274 -0.4758231
Moved 2660.74 404.3792 250.1752 0.1027295 -0.3544877
Moved 2660.771 349 294.5 -0.02546296 -0.2404836
Moved 2660.802 296.8467 346.3926 -0.1461882 -0.107015
Moved 2660.833 265.0228 392.962 -0.2198546 0.0127622
Moved 2660.864 251.2727 435.9551 -0.2516837 0.1233412
Moved 2660.894 248.7126 474.4597 -0.2576096 0.2223755
Moved 2660.925 246.4954 527.8034 -0.2627422 0.3595766
Ended 2660.956 246.4954 527.8034 -0.2627422 0.3595766
Candidates 2661.048 13 come convert combat concert zone cover number some since home climate concrete chinese
Began 2661.632 326 411 -0.07870371 0.05915629
Stationary 2661.663 326 411 -0.07870371 0.05915629
Moved 2661.693 356.0023 411 -0.009253968 0.05915629
Moved 2661.724 393.4462 411 0.07742167 0.05915629
Moved 2661.755 426.0229 411 0.1528308 0.05915629
Moved 2661.785 442.709 411 0.1914559 0.05915629
Moved 2661.816 452.0318 411 0.2130366 0.05915629
Ended 2661.847 456 411 0.2222222 0.05915629
Accept 2661.877 0 come
Began 2662.093 176 381 -0.4259259 -0.01800419
Stationary 2662.123 176 381 -0.4259259 -0.01800419
Moved 2662.154 194.5735 381 -0.3829317 -0.01800419
Moved 2662.185 236.2418 352.3464 -0.2864772 -0.09170179
Moved 2662.216 294.0197 323.7732 -0.1527321 -0.1651925
Moved 2662.246 352.7294 291.1989 -0.01683007 -0.2489742
Moved 2662.277 403.0689 268.6146 0.09969661 -0.3070612
Moved 2662.308 435.6206 251.8047 0.1750476 -0.3502966
Moved 2662.338 454.8545 240.8591 0.2195707 -0.3784487
Moved 2662.369 463.5806 235.4194 0.2397698 -0.3924398
Moved 2662.4 466.4371 233.5629 0.2463821 -0.3972149
Moved 2662.431 459.342 245.4137 0.2299584 -0.3667343
Moved 2662.461 429.1996 290.8839 0.1601843 -0.2497843
Moved 2662.492 389.7483 347.3021 0.06886175 -0.1046758
Moved 2662.523 346.5 392 -0.03125002 0.01028803
Moved 2662.553 311.6212 413.8043 -0.111988 0.06636906
Moved 2662.584 280.1364 429.938 -0.1848695 0.1078651
Moved 2662.615 264.7271 438.5637 -0.2205392 0.1300506
Moved 2662.646 256.1361 444.5759 -0.2404256 0.1455141
Moved 2662.677 250.4838 450.5162 -0.2535098 0.1607927
Ended 2662.707 249 452 -0.2569445 0.164609
Candidates 2662.83 13 and same anne danger anger games game came fame dance sand damned santa
Began 2663.383 312 452 -0.1111111 0.164609
Stationary 2663.414 312 452 -0.1111111 0.164609
Moved 2663.445 343.0623 452 -0.03920754 0.164609
Moved 2663.475 376.5641 452 0.03834268 0.164609
Moved 2663.506 397.1185 452 0.08592238 0.164609
Moved 2663.537 419.2094 452 0.1370588 0.164609
Moved 2663.568 437.681 452 0.1798171 0.164609
Ended 2663.598 450.5939 452 0.209708 0.164609
Accept 2663.66 0 and
Began 2663.936 202 419 -0.3657407 0.07973251
Stationary 2663.967 202 419 -0.3657407 0.07973251
Moved 2663.998 202 433.2982 -0.3657407 0.1165077
Moved 2664.029 202 467.5984 -0.3657407 0.2047285
Moved 2664.059 212.8183 495.5798 -0.3406984 0.2766968
Moved 2664.09 225.7924 528.5848 -0.3106658 0.3615863
Moved 2664.121 235.6681 551.5588 -0.2878054 0.4206759
Moved 2664.151 244.2592 569.432 -0.2679186 0.466646
Moved 2664.182 249.6573 579.972 -0.2554228 0.4937552
Moved 2664.213 253.5246 587.5737 -0.2464709 0.5133069
Moved 2664.244 256 593.3905 -0.2407407 0.5282677
Moved 2664.274 258 597.9433 -0.2361111 0.5399775
Moved 2664.305 259.7958 601 -0.2319541 0.5478393
Moved 2664.336 260 603.5 -0.2314815 0.5542694
Ended 2664.366 260 604.0515 -0.2314815 0.555688
Candidates 2664.459 13 we sweet are set see e w art were asset at ser water
Began 2665.565 349 422 -0.02546296 0.08744851
Moved 2665.596 342.5991 414.8879 -0.04027988 0.06915602
Moved 2665.626 306.6443 373.9109 -0.1235087 -0.03623743
Moved 2665.657 282.2451 343.0564 -0.1799881 -0.1155957
Moved 2665.688 267.0232 321.0405 -0.2152242 -0.1722209
Moved 2665.719 260.1332 309.3997 -0.2311731 -0.2021614
Moved 2665.749 256.2664 304.2664 -0.240124 -0.2153641
Moved 2665.78 253.3201 298.3201 -0.2469443 -0.2306582
Ended 2665.811 251.8819 295.7639 -0.2502733 -0.2372329
Accept 2665.903 4 see
Began 2666.364 520 523 0.3703704 0.3472221
Stationary 2666.395 520 523 0.3703704 0.3472221
Moved 2666.425 506.495 523 0.3391087 0.3472221
Moved 2666.456 480.6042 523 0.2791765 0.3472221
Moved 2666.487 449.7846 523 0.2078348 0.3472221
Moved 2666.518 408.4615 532.6475 0.1121793 0.3720356
Moved 2666.548 380.687 534.257 0.04788647 0.3761754
Moved 2666.579 353.939 537.1179 -0.01403004 0.3835334
Moved 2666.61 336.0461 537 -0.05544881 0.3832304
Moved 2666.64 321.8949 537 -0.08820622 0.3832304
Moved 2666.671 309.4255 537 -0.1170707 0.3832304
Moved 2666.702 296.2354 538 -0.1476032 0.3858024
Moved 2666.733 283.1621 538 -0.1778655 0.3858024
Moved 2666.763 273.0925 538 -0.2011748 0.3858024
Moved 2666.794 263.502 538 -0.2233751 0.3858024
Moved 2666.825 256.9078 538 -0.2386393 0.3858024
Moved 2666.855 252.087 538 -0.2497986 0.3858024
Moved 2666.886 249.2193 538 -0.2564367 0.3858024
Ended 2666.917 247.5 538 -0.2604167 0.3858024
Candidates 2667.009 13 our per or it pre pure potter port outer peer pie pe pierre
Began 2667.593 327 426 -0.07638887 0.09773654
Moved 2667.624 333.3504 426 -0.06168897 0.09773654
Moved 2667.655 369.9837 426 0.02311031 0.09773654
Moved 2667.685 397.7177 437 0.08730937 0.1260288
Moved 2667.716 421.8129 439.8304 0.1430854 0.1333085
Moved 2667.747 434.7867 441 0.1731174 0.1363167
Moved 2667.777 442.1381 441 0.1901345 0.1363167
Moved 2667.808 446.2008 441 0.199539 0.1363167
Moved 2667.839 448.969 442 0.2059468 0.1388888
Moved 2667.87 451.8404 442 0.2125935 0.1388888
Ended 2667.9 453 442 0.2152778 0.1388888
Accept 2667.962 0 our
Began 2668.177 430 221 0.162037 -0.4295268
Stationary 2668.208 430 221 0.162037 -0.4295268
Stationary 2668.238 430 221 0.162037 -0.4295268
Moved 2668.269 430 230.7712 0.162037 -0.4043949
Moved 2668.3 414.729 260.7538 0.1266875 -0.3272792
Moved 2668.331 391.7567 304.1759 0.0735108 -0.215597
Moved 2668.361 371.7391 339.3587 0.02717386 -0.1251062
Moved 2668.392 352.9029 369.6456 -0.01642848 -0.04720782
Moved 2668.423 333.6945 393.7188 -0.06089246 0.01470868
Moved 2668.454 315.037 416.2434 -0.104081 0.07264243
Moved 2668.484 295.9845 433.8704 -0.148184 0.1179794
Moved 2668.515 275.75 452.4688 -0.1950232 0.1658146
Moved 2668.546 258.5466 466.4534 -0.2348458 0.2017832
Moved 2668.576 244.1861 478.814 -0.2680878 0.233575
Moved 2668.607 232.0371 488.642 -0.2962104 0.2588527
Moved 2668.638 220.6898 497.5861 -0.3224774 0.2818573
Moved 2668.668 209.8328 503.7224 -0.3476091 0.2976399
Moved 2668.699 199.6227 507.5943 -0.3712438 0.3075984
Moved 2668.73 189.5737 510.4754 -0.3945053 0.3150086
Moved 2668.761 182.0991 511 -0.4118077 0.3163579
Moved 2668.792 174.4843 511 -0.4294344 0.3163579
Moved 2668.822 168.5674 511 -0.4431309 0.3163579
Ended 2668.853 162.4038 511 -0.4573987 0.3163579
Candidates 2668.976 13 new be ne mere me mwe knew made bra btw ve he vw
Began 2669.621 292 420 -0.1574074 0.08230445
Stationary 2669.652 292 420 -0.1574074 0.08230445
Moved 2669.683 307.6352 420 -0.1212149 0.08230445
Moved 2669.713 330.7389 420 -0.06773397 0.08230445
Moved 2669.744 351.9351 427.705 -0.01866872 0.1021218
Moved 2669.775 367.3045 429 0.01690865 0.1054526
Moved 2669.806 377.78 430.445 0.0411575 0.1091692
Moved 2669.836 383.6179 430 0.05467107 0.1080246
Moved 2669.867 386.8862 430 0.06223658 0.1080246
Moved 2669.898 390.5169 430 0.07064104 0.1080246
Ended 2669.928 391 430 0.07175922 0.1080246
Accept 2669.99 0 new
Began 2670.205 267 231 -0.2152778 -0.4038066
Stationary 2670.236 267 231 -0.2152778 -0.4038066
Stationary 2670.267 267 231 -0.2152778 -0.4038066
Moved 2670.297 267 244.8402 -0.2152778 -0.3682094
Moved 2670.328 255.963 272.9423 -0.2408263 -0.2959303
Moved 2670.359 241.4283 307.2386 -0.2744715 -0.2077195
Moved 2670.389 222.2037 340.6799 -0.3189729 -0.1217082
Moved 2670.42 207 359.5 -0.3541667 -0.07330247
Moved 2670.451 185.9937 381.6719 -0.4027922 -0.01627612
Moved 2670.482 166.7379 400.0517 -0.4473659 0.03099708
Moved 2670.512 155.7738 410.3016 -0.4727459 0.05736009
Moved 2670.543 148.7501 416.8749 -0.4890044 0.07426658
Moved 2670.574 142.5006 423.9988 -0.5034709 0.09258949
Moved 2670.604 138.6347 429.7307 -0.5124197 0.107332
Moved 2670.635 135.7694 434.2305 -0.5190523 0.1189056
Moved 2670.666 135 442.9562 -0.5208333 0.1413481
Moved 2670.697 151.113 465.113 -0.4835348 0.1983358
Moved 2670.728 180.2694 491.795 -0.416043 0.2669625
Moved 2670.758 210.3118 510.2079 -0.3465005 0.3143207
Moved 2670.789 242.0826 522.7248 -0.2729568 0.3465143
Moved 2670.82 262.735 530.5783 -0.2251505 0.3667137
Moved 2670.85 278.6463 536.3231 -0.1883188 0.3814894
Moved 2670.881 289.9784 541.3914 -0.1620871 0.3945251
Ended 2670.912 292 544 -0.1574074 0.4012345
Candidates 2671.127 13 car career case carry care carr cat vary carter saw far cast carey
Began 2671.526 261 387 -0.2291666 -0.002572055
Moved 2671.557 273.7526 387 -0.1996467 -0.002572055
Moved 2671.588 301.9429 397.4484 -0.1343915 0.02430127
Moved 2671.619 337.2108 408.0527 -0.05275289 0.05157573
Moved 2671.649 359.12 411.52 -0.002037038 0.06049376
Moved 2671.68 372.5941 413 0.02915293 0.06430033
Moved 2671.711 376.2712 414 0.03766487 0.06687239
Ended 2671.741 378 414 0.04166663 0.06687239
Accept 2671.803 0 car
Began 2672.08 347 378 -0.0300926 -0.02572024
Stationary 2672.11 347 378 -0.0300926 -0.02572024
Moved 2672.141 372.78 378 0.02958338 -0.02572024
Moved 2672.172 417.0615 386.6708 0.1320868 -0.003418863
Moved 2672.202 459.5198 392.3705 0.23037 0.01124095
Moved 2672.233 498.7229 397.0602 0.3211178 0.02330301
Moved 2672.264 529.3171 399 0.3919378 0.02829214
Moved 2672.295 550.3085 401.6155 0.440529 0.03501916
Moved 2672.325 565.85 403 0.4765046 0.03858017
Moved 2672.356 575.9673 404 0.4999244 0.04115226
Moved 2672.387 582.2297 404 0.5144206 0.04115226
Moved 2672.417 585.6509 405 0.52234 0.04372424
Moved 2672.448 588.5208 405 0.5289832 0.04372424
Moved 2672.479 591.3975 405 0.5356423 0.04372424
Moved 2672.51 593 405 0.5393519 0.04372424
Moved 2672.541 595.5 405 0.545139 0.04372424
Moved 2672.571 596.2117 405 0.5467863 0.04372424
Moved 2672.602 597.1695 405 0.5490034 0.04372424
Moved 2672.633 598.3734 405 0.5517903 0.04372424
Moved 2672.663 599.2244 405 0.5537602 0.04372424
Moved 2672.694 600.1812 405 0.555975 0.04372424
Moved 2672.725 602.3342 405 0.5609587 0.04372424
Moved 2672.756 603.0571 405 0.5626321 0.04372424
Moved 2672.786 605.0307 405 0.5672007 0.04372424
Moved 2672.817 606.4958 405 0.5705923 0.04372424
Moved 2672.848 607.1216 405 0.5720407 0.04372424
Moved 2672.878 608.3248 405 0.574826 0.04372424
Ended 2672.909 610.1282 405 0.5790004 0.04372424
PhraseEnd 2672.971
