consequences of a wrong turn
consequences of a wrong turn
FixStart
List

0.6 0.6
432 388.8
Began 1364.939 448 403 0.2037037 0.03858017
Stationary 1364.969 448 403 0.2037037 0.03858017
Stationary 1365 448 403 0.2037037 0.03858017
Moved 1365.031 431.6525 386.1959 0.1658621 -0.004640234
Moved 1365.062 409.4003 363.5003 0.1143525 -0.0630137
Moved 1365.092 390.1286 341.4107 0.0697421 -0.1198284
Moved 1365.123 380.5 326.5 0.04745374 -0.158179
Moved 1365.154 370.2491 307.7471 0.02372464 -0.2064118
Moved 1365.185 365.4526 298.1789 0.01262168 -0.2310214
Moved 1365.215 362.401 291.2029 0.005557835 -0.2489639
Moved 1365.246 361 287.9931 0.002314846 -0.2572195
Moved 1365.277 361 287 0.002314846 -0.2597736
Stationary 1365.307 361 287 0.002314846 -0.2597736
Moved 1365.338 387.7203 300.8135 0.06416728 -0.2242451
Moved 1365.369 411.6821 316.2092 0.1196344 -0.1846471
Moved 1365.4 422.9473 325.5578 0.1457113 -0.1606024
Moved 1365.43 448.1501 348.1501 0.2040511 -0.1024946
Moved 1365.461 472.3613 374.9724 0.2600955 -0.03350717
Moved 1365.492 491.1991 401.1487 0.3037017 0.03381874
Moved 1365.522 505.3097 423.4645 0.336365 0.09121533
Moved 1365.553 517.6729 442.942 0.3649834 0.1413116
Moved 1365.584 528.5 458.5 0.3900464 0.181327
Moved 1365.615 533.9001 467.8001 0.4025465 0.2052471
Moved 1365.645 538.3481 475.0445 0.4128429 0.2238797
Moved 1365.676 541.4818 478.9636 0.4200968 0.2339596
Moved 1365.707 542.8862 482.7724 0.4233477 0.2437561
Moved 1365.737 544 485.295 0.4259259 0.2502443
Moved 1365.768 545 487.7012 0.4282407 0.256433
Moved 1365.799 546 488.8125 0.4305556 0.2592913
Moved 1365.83 546 490.0133 0.4305556 0.2623798
Moved 1365.86 546 491.2078 0.4305556 0.265452
Stationary 1365.891 546 491 0.4305556 0.2649176
Moved 1365.922 546 479.3849 0.4305556 0.2350435
Moved 1365.952 533.0385 447.9307 0.4005519 0.1541427
Moved 1365.983 521.0059 408.0202 0.3726989 0.05149225
Moved 1366.014 506.6156 361.4494 0.3393879 -0.06828865
Moved 1366.045 499.122 324.6101 0.3220417 -0.1630399
Moved 1366.075 494.1422 287.0662 0.3105143 -0.2596034
Moved 1366.106 491.6644 258.3084 0.3047787 -0.333569
Moved 1366.137 492 234.8174 0.3055556 -0.3939882
Moved 1366.167 492 218.2955 0.3055556 -0.4364828
Moved 1366.198 492 209.047 0.3055556 -0.46027
Moved 1366.229 492 204.7179 0.3055556 -0.4714046
Moved 1366.26 492 201.9524 0.3055556 -0.4785176
Moved 1366.29 492 198.5447 0.3055556 -0.4872822
Moved 1366.321 492 197.4185 0.3055556 -0.4901789
Moved 1366.352 492 196.5 0.3055556 -0.4925411
Moved 1366.382 492 195.9384 0.3055556 -0.4939858
Stationary 1366.413 492 196 0.3055556 -0.4938272
Stationary 1366.444 492 196 0.3055556 -0.4938272
Stationary 1366.474 492 196 0.3055556 -0.4938272
Stationary 1366.505 492 196 0.3055556 -0.4938272
Stationary 1366.536 492 196 0.3055556 -0.4938272
Moved 1366.567 489.5 196 0.2997685 -0.4938272
Moved 1366.597 487.3131 196 0.2947062 -0.4938272
Moved 1366.628 483.8208 205.0896 0.2866222 -0.4704486
Moved 1366.659 478 212.5 0.2731481 -0.451389
Moved 1366.69 470.1888 221.7168 0.2550667 -0.4276831
Moved 1366.72 465.9375 226.0625 0.2452257 -0.4165059
Moved 1366.751 463.566 230.868 0.2397361 -0.404146
Moved 1366.782 460.1618 234.6764 0.2318561 -0.3943509
Moved 1366.812 457.7517 238.4966 0.2262772 -0.3845252
Moved 1366.843 455.7413 240.2587 0.2216235 -0.3799931
Moved 1366.874 454 242.7463 0.2175926 -0.3735948
Moved 1366.905 451.8491 246.151 0.2126135 -0.364838
Moved 1366.935 449.4447 248.5553 0.207048 -0.3586541
Moved 1366.966 447.2416 250.7584 0.2019483 -0.3529876
Moved 1366.997 444.9021 254.0979 0.1965327 -0.3443985
Moved 1367.027 434.5 260.5 0.1724537 -0.3279321
Moved 1367.058 412.681 271.7081 0.1219467 -0.2991046
Moved 1367.089 389.2384 284.5342 0.06768157 -0.2661158
Moved 1367.12 371.2112 295.5258 0.02595196 -0.2378451
Moved 1367.15 351.4007 306.2997 -0.01990581 -0.2101346
Moved 1367.181 333.6375 316.9083 -0.06102428 -0.1828489
Moved 1367.212 316.5636 328.1688 -0.1005472 -0.1538868
Moved 1367.242 303.3031 338.9141 -0.1312428 -0.1262499
Moved 1367.273 294.4297 346.5703 -0.151783 -0.1065581
Moved 1367.304 288.8058 351.1942 -0.1648013 -0.09466532
Moved 1367.335 284.9951 354.0024 -0.1736226 -0.08744228
Moved 1367.365 284 357.1038 -0.1759259 -0.07946571
Moved 1367.396 281.5 359.5 -0.181713 -0.07330247
Moved 1367.427 281 361.9466 -0.1828704 -0.06700978
Moved 1367.457 280 364.3442 -0.1851852 -0.060843
Moved 1367.488 280 368 -0.1851852 -0.05144041
Moved 1367.519 279.152 373.5439 -0.1871482 -0.03718129
Moved 1367.55 279 380.7619 -0.1875 -0.01861651
Moved 1367.58 279 388.978 -0.1875 0.002515463
Moved 1367.611 279 396.2058 -0.1875 0.02110548
Moved 1367.642 279 408.9757 -0.1875 0.05394982
Moved 1367.672 279 414.4255 -0.1875 0.06796664
Moved 1367.703 286.0724 428.0517 -0.1711287 0.1030135
Moved 1367.734 288.4168 436.2504 -0.1657019 0.1241007
Moved 1367.764 289.4097 440.8193 -0.1634036 0.1358521
Moved 1367.795 290 444.8729 -0.162037 0.1462781
Moved 1367.826 291 449.682 -0.1597222 0.1586471
Moved 1367.857 294.5025 458.7562 -0.1516146 0.1819861
Moved 1367.887 296.9202 465.7605 -0.1460181 0.2000012
Moved 1367.918 298 471.6216 -0.1435185 0.2150761
Moved 1367.949 299.7142 475.4283 -0.1395505 0.2248671
Moved 1367.979 301.1191 478.1191 -0.1362983 0.2317878
Moved 1368.01 305 489 -0.1273148 0.2597736
Moved 1368.041 308.6494 499.9483 -0.118867 0.2879328
Moved 1368.072 311.053 505.053 -0.1133032 0.3010621
Moved 1368.102 312 509.9123 -0.1111111 0.3135603
Moved 1368.133 313 511.8692 -0.1087963 0.3185936
Moved 1368.164 314 513.9654 -0.1064815 0.323985
Moved 1368.194 314 515.1858 -0.1064815 0.3271238
Moved 1368.225 315 517.5 -0.1041667 0.3330761
Moved 1368.256 316 519.1862 -0.1018519 0.3374129
Moved 1368.287 318.2441 522.4883 -0.09665707 0.345906
Moved 1368.317 320.7153 527.7153 -0.09093671 0.35935
Moved 1368.348 322 530.1248 -0.08796295 0.3655473
Moved 1368.379 323.5 532.5 -0.08449072 0.3716563
Moved 1368.41 323 533.3135 -0.08564815 0.3737487
Moved 1368.44 323 534.0453 -0.08564815 0.3756309
Moved 1368.471 324.2249 535.225 -0.08281261 0.378665
Stationary 1368.502 324.2249 535.225 -0.08281261 0.378665
Moved 1368.532 324 536.2089 -0.08333336 0.3811956
Moved 1368.563 324 537.0649 -0.08333336 0.3833973
Moved 1368.594 324 537.8212 -0.08333336 0.3853424
Stationary 1368.624 324 538 -0.08333336 0.3858024
Moved 1368.655 325.4294 538 -0.08002445 0.3858024
Stationary 1368.686 325.4294 538 -0.08002445 0.3858024
Moved 1368.717 325 539 -0.08101851 0.3883744
Stationary 1368.747 325 539 -0.08101851 0.3883744
Stationary 1368.778 325 539 -0.08101851 0.3883744
Stationary 1368.809 325 539 -0.08101851 0.3883744
Stationary 1368.839 325 539 -0.08101851 0.3883744
Stationary 1368.87 325 539 -0.08101851 0.3883744
Moved 1368.901 325 540.096 -0.08101851 0.3911933
Stationary 1368.932 325 540.096 -0.08101851 0.3911933
Stationary 1368.962 325 540 -0.08101851 0.3909464
Stationary 1368.993 325 540 -0.08101851 0.3909464
Stationary 1369.024 325 540 -0.08101851 0.3909464
Stationary 1369.054 325 540 -0.08101851 0.3909464
Stationary 1369.085 325 540 -0.08101851 0.3909464
Stationary 1369.116 325 540 -0.08101851 0.3909464
Stationary 1369.147 325 540 -0.08101851 0.3909464
Stationary 1369.177 325 540 -0.08101851 0.3909464
Moved 1369.208 318 540 -0.09722222 0.3909464
Stationary 1369.239 318 540 -0.09722222 0.3909464
Moved 1369.269 316.9744 540 -0.09959637 0.3909464
Stationary 1369.3 316.9744 540 -0.09959637 0.3909464
Stationary 1369.331 316.9744 540 -0.09959637 0.3909464
Moved 1369.362 315.9005 540 -0.1020823 0.3909464
Stationary 1369.392 315.9005 540 -0.1020823 0.3909464
Moved 1369.423 314.8745 540 -0.1044571 0.3909464
Moved 1369.454 313.9181 540 -0.1066711 0.3909464
Moved 1369.484 312.8321 540 -0.1091849 0.3909464
Moved 1369.515 311.6857 540 -0.1118387 0.3909464
Moved 1369.546 310.8784 540 -0.1137074 0.3909464
Moved 1369.577 309.6864 540 -0.1164666 0.3909464
Stationary 1369.607 309.6864 540 -0.1164666 0.3909464
Moved 1369.638 307.8425 540 -0.120735 0.3909464
Moved 1369.669 308 529.5 -0.1203704 0.3639403
Moved 1369.699 306.6857 533 -0.1234128 0.3729423
Moved 1369.73 305.946 531.946 -0.1251251 0.3702314
Stationary 1369.761 305.946 531.946 -0.1251251 0.3702314
Moved 1369.792 304.8433 532 -0.1276776 0.3703703
Moved 1369.822 305 530.8472 -0.1273148 0.3674052
Moved 1369.853 303.6864 531 -0.1303555 0.3677982
Stationary 1369.884 303.6864 531 -0.1303555 0.3677982
Moved 1369.914 302.9499 529.9499 -0.1320605 0.3650973
Stationary 1369.945 302.9499 529.9499 -0.1320605 0.3650973
Moved 1369.976 300.7677 528.7678 -0.1371117 0.362057
Moved 1370.007 295.9182 526.2788 -0.1483374 0.3556553
Moved 1370.037 290.4695 523.4695 -0.1609503 0.3484297
Moved 1370.068 282.4828 520.8276 -0.179438 0.3416346
Moved 1370.099 278 518.5 -0.1898148 0.335648
Moved 1370.129 272.9631 517.321 -0.2014743 0.3326158
Moved 1370.16 268.826 516 -0.2110508 0.329218
Moved 1370.191 264.0178 513.5089 -0.222181 0.3228109
Moved 1370.222 262.1025 513.1025 -0.2266146 0.3217656
Moved 1370.252 261 513 -0.2291666 0.321502
Moved 1370.283 260 513 -0.2314815 0.321502
Stationary 1370.314 260 513 -0.2314815 0.321502
Moved 1370.344 275.7677 513 -0.1949821 0.321502
Moved 1370.375 297.5 523 -0.1446759 0.3472221
Moved 1370.406 329.2569 524 -0.07116467 0.3497942
Moved 1370.437 364.6869 525 0.01084924 0.3523662
Moved 1370.467 400.7866 525 0.09441346 0.3523662
Moved 1370.498 432.8822 525 0.1687089 0.3523662
Moved 1370.529 458.6452 525 0.2283454 0.3523662
Moved 1370.559 487 525 0.2939814 0.3523662
Moved 1370.59 502.7349 525 0.3304049 0.3523662
Moved 1370.621 509.7292 525 0.3465953 0.3523662
Moved 1370.651 513.7637 525 0.3559346 0.3523662
Moved 1370.682 514.5 525 0.3576389 0.3523662
Moved 1370.713 515 525 0.3587963 0.3523662
Moved 1370.744 495.5406 525 0.3137514 0.3523662
Moved 1370.774 474.5051 525 0.265058 0.3523662
Moved 1370.805 442.8263 530.4232 0.1917276 0.3663146
Moved 1370.836 411.6514 534.6124 0.1195634 0.3770893
Moved 1370.867 385.7959 539.0371 0.05971263 0.3884698
Moved 1370.897 360.2738 543.8593 0.0006336967 0.4008726
Moved 1370.928 342.0383 544 -0.04157807 0.4012345
Moved 1370.959 325.2348 544 -0.08047501 0.4012345
Moved 1370.989 311.1141 544 -0.1131618 0.4012345
Moved 1371.02 299.9064 544 -0.1391056 0.4012345
Moved 1371.051 293.3369 544 -0.1543127 0.4012345
Moved 1371.082 288.3996 544 -0.1657416 0.4012345
Moved 1371.112 284.3027 544 -0.1752253 0.4012345
Moved 1371.143 282.8921 544 -0.1784905 0.4012345
Stationary 1371.174 282.8921 544 -0.1784905 0.4012345
Stationary 1371.204 283 544 -0.1782407 0.4012345
Moved 1371.235 297.3599 533.7841 -0.1450003 0.3749589
Moved 1371.266 321.8203 515.6617 -0.08837884 0.3283479
Moved 1371.297 350.3591 487.9503 -0.02231687 0.2570738
Moved 1371.327 385.2446 448.7205 0.05843659 0.156174
Moved 1371.358 416.5883 410.1603 0.1309915 0.05699656
Moved 1371.389 439.4524 380.4074 0.1839175 -0.01952827
Moved 1371.419 458.6373 353.6611 0.228327 -0.08832029
Moved 1371.45 473.6045 331.0933 0.2629733 -0.1463649
Moved 1371.481 481.1968 313.142 0.2805481 -0.1925362
Moved 1371.511 488.4192 297.022 0.2972665 -0.233997
Moved 1371.542 493 281.5 0.3078704 -0.2739198
Moved 1371.573 494.6789 275.6423 0.3117566 -0.2889859
Moved 1371.604 495 271.9127 0.3125 -0.2985786
Moved 1371.634 495 269.5025 0.3125 -0.3047776
Moved 1371.665 495 267.0901 0.3125 -0.3109822
Moved 1371.696 487.8937 264.9848 0.2960502 -0.3163971
Moved 1371.727 473.025 264 0.2616319 -0.31893
Moved 1371.757 450.8276 264 0.2102491 -0.31893
Moved 1371.788 417.4202 275.1479 0.1329172 -0.2902575
Moved 1371.819 383.5 283.5 0.05439818 -0.2687758
Moved 1371.849 353.4247 290.5959 -0.01522069 -0.250525
Moved 1371.88 328.1431 295.2063 -0.07374281 -0.238667
Moved 1371.911 310.7003 298.6143 -0.1141197 -0.2299017
Moved 1371.942 295.8856 301.0229 -0.1484129 -0.2237067
Moved 1371.972 286.2651 301 -0.1706827 -0.2237656
Moved 1372.003 279.5 302 -0.1863426 -0.2211935
Moved 1372.034 275.0801 302.96 -0.1965739 -0.2187245
Moved 1372.064 272.6359 304.3641 -0.2022317 -0.215113
Moved 1372.095 270.6452 310.4191 -0.2068398 -0.1995394
Moved 1372.126 266.13 338.4398 -0.2172917 -0.1274698
Moved 1372.156 266 379.3423 -0.2175926 -0.02226786
Moved 1372.187 279.4299 417.0337 -0.1865048 0.07467505
Moved 1372.218 287.5757 445.5859 -0.1676487 0.1481117
Moved 1372.249 296.9319 479.0286 -0.145991 0.234127
Moved 1372.279 304.8989 503.0638 -0.1275488 0.2959458
Moved 1372.31 311.0861 521.2151 -0.1132267 0.3426315
Moved 1372.341 316.8968 535.6905 -0.0997759 0.3798623
Moved 1372.371 320 542 -0.09259259 0.3960905
Moved 1372.402 321.9719 546.9437 -0.08802811 0.4088058
Moved 1372.433 323 550.3761 -0.08564815 0.4176339
Moved 1372.464 323 551 -0.08564815 0.4192385
Stationary 1372.494 323 551 -0.08564815 0.4192385
Moved 1372.525 323 529.3986 -0.08564815 0.3636793
Moved 1372.556 307.972 491.617 -0.1204352 0.2665046
Moved 1372.586 300.6747 453.5603 -0.1373271 0.1686221
Moved 1372.617 297.7711 418.5671 -0.1440483 0.07861906
Moved 1372.648 297 389.5997 -0.1458333 0.004114378
Moved 1372.679 297 363.9791 -0.1458333 -0.06178224
Moved 1372.709 297 349 -0.1458333 -0.1003086
Moved 1372.74 297 343.5826 -0.1458333 -0.1142424
Moved 1372.771 297 339.9763 -0.1458333 -0.1235178
Moved 1372.802 297 337.5426 -0.1458333 -0.1297773
Ended 1372.832 304 337 -0.1296296 -0.1311728
Candidates 1372.986 13 consequences observed conferences substances observers instances intended ingredients observes nevada differences barnes summarized
Began 1374.214 339 331 -0.04861111 -0.146605
Stationary 1374.245 339 331 -0.04861111 -0.146605
Stationary 1374.276 339 331 -0.04861111 -0.146605
Moved 1374.307 355.9417 356.9352 -0.009394189 -0.07989915
Moved 1374.337 379.4142 384.6163 0.04494041 -0.008703044
Moved 1374.368 410.5 413 0.1168981 0.06430033
Moved 1374.399 436.4283 442.314 0.1769175 0.1396965
Moved 1374.429 454.4321 464.127 0.2185928 0.1957997
Moved 1374.46 463 477 0.2384259 0.2289094
Moved 1374.491 466.7224 485.5836 0.2470426 0.2509866
Moved 1374.521 468 490.5353 0.25 0.2637223
Moved 1374.552 469 493.6754 0.2523148 0.2717987
Moved 1374.583 469 495.5 0.2523148 0.2764916
Moved 1374.614 453.9417 495 0.2174577 0.2752057
Moved 1374.644 415.8669 457.5153 0.1293214 0.1787945
Moved 1374.675 386.4858 428.4344 0.06130974 0.1039978
Moved 1374.706 361.8161 397.4215 0.004203915 0.02423216
Moved 1374.736 340.4692 366.7507 -0.04521018 -0.05465354
Moved 1374.767 328.045 344.081 -0.07396996 -0.1129604
Moved 1374.798 319.8045 330.0076 -0.09304503 -0.1491576
Moved 1374.829 315.192 320.576 -0.1037222 -0.1734156
Moved 1374.859 312.9792 317.9792 -0.1088443 -0.1800946
Moved 1374.89 312 314.6832 -0.1111111 -0.1885719
Moved 1374.921 311 314 -0.113426 -0.1903292
Ended 1374.952 311 313 -0.113426 -0.1929013
Accept 1375.105 0 consequences
Candidates 1375.105 13 of if off good id is high god food his odd goods its
Began 1375.904 381 332 0.04861106 -0.144033
Stationary 1375.934 381 332 0.04861106 -0.144033
Stationary 1375.965 381 332 0.04861106 -0.144033
Stationary 1375.996 381 332 0.04861106 -0.144033
Moved 1376.026 362.7406 332 0.00634402 -0.144033
Moved 1376.057 346.5576 332 -0.0311166 -0.144033
Moved 1376.088 322.2849 332 -0.08730352 -0.144033
Moved 1376.119 297.7277 332 -0.1441488 -0.144033
Moved 1376.149 274.9113 332 -0.1969647 -0.144033
Moved 1376.18 260.6799 332 -0.2299077 -0.144033
Moved 1376.211 246.6453 332 -0.262395 -0.144033
Moved 1376.241 238.6383 332 -0.2809299 -0.144033
Moved 1376.272 232.8267 332 -0.2943826 -0.144033
Moved 1376.303 229.8321 332 -0.3013145 -0.144033
Moved 1376.334 227.3819 332 -0.3069862 -0.144033
Moved 1376.364 224.9881 332 -0.3125276 -0.144033
Moved 1376.395 224 332 -0.3148148 -0.144033
Moved 1376.426 221.5 332 -0.3206019 -0.144033
Moved 1376.456 221 332 -0.3217593 -0.144033
Moved 1376.487 219.833 332 -0.3244606 -0.144033
Stationary 1376.518 220 332 -0.3240741 -0.144033
Stationary 1376.549 220 332 -0.3240741 -0.144033
Ended 1376.579 220 332 -0.3240741 -0.144033
Accept 1376.702 0 of
Candidates 1376.702 13 a s as da gas sa aa ga fda aaa faa ass ss
Began 1377.347 391 325 0.07175922 -0.1620371
Stationary 1377.378 391 325 0.07175922 -0.1620371
Stationary 1377.409 391 325 0.07175922 -0.1620371
Stationary 1377.439 391 325 0.07175922 -0.1620371
Stationary 1377.47 391 325 0.07175922 -0.1620371
Stationary 1377.501 391 325 0.07175922 -0.1620371
Moved 1377.531 379.9638 332.7253 0.04621247 -0.1421674
Moved 1377.562 366.5 341 0.0150463 -0.1208849
Moved 1377.593 349.0393 352.7255 -0.02537206 -0.09072676
Moved 1377.624 328.8629 364.7107 -0.07207672 -0.05990048
Moved 1377.654 312 375 -0.1111111 -0.03343629
Moved 1377.685 295.2425 389.7575 -0.1499016 0.00452022
Moved 1377.716 285.7655 401.2932 -0.1718392 0.03419008
Moved 1377.746 278.583 410.8893 -0.1884653 0.05887153
Moved 1377.777 273.2527 417.7473 -0.200804 0.07651047
Moved 1377.808 268.441 426.1179 -0.211942 0.09803987
Moved 1377.839 266.6754 431.9738 -0.2160292 0.1131013
Moved 1377.869 265 435.8129 -0.2199074 0.1229756
Moved 1377.9 264 440.4557 -0.2222222 0.134917
Moved 1377.931 264 447.9056 -0.2222222 0.1540782
Moved 1377.962 264 454.4134 -0.2222222 0.1708163
Moved 1377.992 264 460.296 -0.2222222 0.1859465
Moved 1378.023 264 465 -0.2222222 0.1980452
Moved 1378.054 279.7503 471.8573 -0.1857632 0.2156823
Moved 1378.084 304.4084 480.1021 -0.1286843 0.2368881
Moved 1378.115 342.5 489 -0.04050925 0.2597736
Moved 1378.146 381.9059 494.7812 0.05070806 0.2746429
Moved 1378.177 419.3495 499.6687 0.137383 0.2872136
Moved 1378.207 449.8816 504.4803 0.2080593 0.2995891
Moved 1378.238 472.3834 508.7306 0.2601468 0.310521
Moved 1378.269 495.7337 512.5468 0.3141984 0.3203363
Moved 1378.299 508.3999 513 0.3435183 0.321502
Moved 1378.33 517.2676 513 0.3640453 0.321502
Moved 1378.361 521.278 513 0.3733286 0.321502
Moved 1378.391 526 501.8357 0.3842592 0.2927872
Moved 1378.422 513.9991 452.998 0.3564794 0.1671758
Moved 1378.453 480.3527 333.3715 0.2785943 -0.1405055
Moved 1378.484 475 307.5 0.2662037 -0.2070474
Moved 1378.514 473 252.8307 0.2615741 -0.3476577
Moved 1378.545 473 232.7866 0.2615741 -0.3992113
Moved 1378.576 471.2411 220.2057 0.2575026 -0.4315698
Moved 1378.606 468.8401 210.3604 0.2519447 -0.4568921
Moved 1378.637 466.7233 205.4465 0.2470446 -0.4695305
Moved 1378.668 461.6487 197.6487 0.235298 -0.4895867
Moved 1378.699 456.832 192.8319 0.224148 -0.5019755
Moved 1378.729 449.5 191 0.2071759 -0.5066873
Moved 1378.76 434.7957 195.5537 0.1731383 -0.4949751
Moved 1378.791 408.3835 211.3923 0.1119988 -0.4542378
Moved 1378.822 376.4768 236.1254 0.03814081 -0.390624
Moved 1378.852 349.1787 269.4284 -0.0250493 -0.3049681
Moved 1378.883 333.9918 291.0109 -0.06020412 -0.2494575
Moved 1378.914 323.3855 311.2289 -0.08475572 -0.1974565
Moved 1378.944 317.1896 330.0519 -0.09909809 -0.1490435
Moved 1378.975 314.783 340.8681 -0.1046691 -0.121224
Moved 1379.006 313.5 348 -0.1076389 -0.1028807
Moved 1379.036 314 349.7253 -0.1064815 -0.09844328
Moved 1379.067 313 352.1317 -0.1087963 -0.09225405
Moved 1379.098 313 354.5 -0.1087963 -0.08616254
Ended 1379.129 313 357 -0.1087963 -0.07973259
Accept 1379.282 0 a
Candidates 1379.282 13 winds around wind wings settings winner rooms wounds wound twins round wine grounds
Began 1381.187 358 315 -0.004629641 -0.1877573
Stationary 1381.217 358 315 -0.004629641 -0.1877573
Moved 1381.248 358 328.8263 -0.004629641 -0.1521958
Moved 1381.279 350 352.699 -0.02314816 -0.09079473
Moved 1381.309 350 395.6953 -0.02314816 0.01979239
Moved 1381.34 366.0375 449.7572 0.0139756 0.1588404
Moved 1381.371 377.9497 492.8492 0.0415503 0.2696738
Moved 1381.401 387.5699 515.4247 0.06381918 0.3277384
Moved 1381.432 394.5 534.5 0.07986108 0.3768003
Moved 1381.463 396.6609 544.9828 0.08486331 0.4037624
Moved 1381.494 399.0648 551.1296 0.09042779 0.419572
Moved 1381.524 399 555.948 0.09027779 0.4319649
Moved 1381.555 400 557.8813 0.09259263 0.4369375
Moved 1381.586 400 560.0247 0.09259263 0.4424503
Moved 1381.617 400 561.2193 0.09259263 0.4455228
Moved 1381.647 401 562.8464 0.09490739 0.4497077
Moved 1381.678 401 564.1263 0.09490739 0.4529996
Stationary 1381.709 401 564.1263 0.09490739 0.4529996
Moved 1381.739 401 565.1464 0.09490739 0.4556232
Stationary 1381.77 401 565.1464 0.09490739 0.4556232
Moved 1381.801 401 566.0977 0.09490739 0.45807
Stationary 1381.832 401 566.0977 0.09490739 0.45807
Moved 1381.862 401 567.1566 0.09490739 0.4607937
Stationary 1381.893 401 567.1566 0.09490739 0.4607937
Expand 1381.893
Stationary 1381.924 401 567.1566 0.09490739 0.4607937
Moved 1381.954 401 568.0857 0.09490739 0.4631833
Stationary 1381.985 401 568.0857 0.09490739 0.4631833
Stationary 1382.016 401 568.0857 0.09490739 0.4631833
Stationary 1382.047 401 568.0857 0.09490739 0.4631833
Stationary 1382.077 401 568.0857 0.09490739 0.4631833
Stationary 1382.108 401 568.0857 0.09490739 0.4631833
Stationary 1382.139 401 568.0857 0.09490739 0.4631833
Stationary 1382.169 401 568.0857 0.09490739 0.4631833
Stationary 1382.2 401 568 0.09490739 0.4629629
Stationary 1382.231 401 568 0.09490739 0.4629629
Stationary 1382.261 401 568 0.09490739 0.4629629
Stationary 1382.292 401 568 0.09490739 0.4629629
Moved 1382.323 391.4165 568 0.07272333 0.4629629
Moved 1382.354 385.1242 547.0236 0.05815785 0.4090113
Moved 1382.384 370.7734 520.4502 0.02493848 0.340664
Moved 1382.415 357.451 499.5216 -0.005900512 0.2868353
Moved 1382.446 347.1309 480.9791 -0.02978956 0.2391437
Moved 1382.477 341.7561 472.6342 -0.04223123 0.2176804
Moved 1382.507 340 468.6658 -0.04629632 0.2074738
Moved 1382.538 338 466.3726 -0.05092591 0.2015755
Moved 1382.569 337 463.9685 -0.05324075 0.1953922
Stationary 1382.599 337 464 -0.05324075 0.1954732
Moved 1382.63 337 462.6865 -0.05324075 0.1920947
Moved 1382.661 353.887 457.0424 -0.01415054 0.1775782
Moved 1382.692 372.7809 451.2054 0.02958536 0.1625654
Moved 1382.722 397.1941 446.4013 0.08609752 0.150209
Moved 1382.753 418.8982 443.7891 0.1363384 0.1434903
Moved 1382.784 435.8723 441.6808 0.1756305 0.1380679
Moved 1382.814 456.2512 440.2749 0.2228037 0.1344518
Moved 1382.845 473.9258 438.8677 0.2637173 0.1308326
Moved 1382.876 490.5 439 0.3020833 0.1311728
Moved 1382.906 510.22 439 0.3477315 0.1311728
Moved 1382.937 527.6746 439 0.3881355 0.1311728
Moved 1382.968 540.5 437.5 0.4178241 0.1273147
Moved 1382.999 553.5467 438 0.4480248 0.1286007
Moved 1383.029 563.0976 438 0.4701333 0.1286007
Moved 1383.06 569.8805 436.5598 0.4858345 0.1248964
Moved 1383.091 573.8434 437 0.4950079 0.1260288
Moved 1383.121 576.2463 437 0.5005701 0.1260288
Moved 1383.152 577 437 0.5023147 0.1260288
Stationary 1383.183 577 437 0.5023147 0.1260288
Stationary 1383.214 577 437 0.5023147 0.1260288
Moved 1383.244 563.2988 437 0.4705991 0.1260288
Moved 1383.275 531.3209 433.0583 0.396576 0.1158907
Moved 1383.306 508.6743 429.7791 0.3441535 0.1074563
Moved 1383.337 483 427.5 0.2847222 0.1015946
Moved 1383.367 460.5532 425.079 0.2327621 0.09536782
Moved 1383.398 436.0111 421.6679 0.1759517 0.08659434
Moved 1383.429 418.0013 419.6668 0.1342622 0.08144755
Moved 1383.459 395.3804 415.3068 0.08189896 0.0702334
Moved 1383.49 376.9753 411.4938 0.03929476 0.06042649
Moved 1383.521 359.4276 409.3468 -0.001324962 0.05490429
Moved 1383.552 347.7576 406.1515 -0.02833898 0.04668593
Moved 1383.582 337.1174 403.7794 -0.0529689 0.04058473
Moved 1383.613 327 403 -0.07638887 0.03858017
Moved 1383.644 318.8969 401 -0.0951461 0.03343609
Moved 1383.674 313.1183 400 -0.1085226 0.03086416
Moved 1383.705 306.5 398.5 -0.1238426 0.02700609
Moved 1383.736 302.0518 399 -0.1341394 0.02829214
Moved 1383.766 296.2345 399 -0.1476053 0.02829214
Moved 1383.797 289.6381 399 -0.1628748 0.02829214
Moved 1383.828 284.3313 399 -0.1751591 0.02829214
Moved 1383.859 278.1099 399 -0.1895605 0.02829214
Moved 1383.889 274.5886 399 -0.1977117 0.02829214
Moved 1383.92 271.8927 406.751 -0.203952 0.04822778
Moved 1383.951 269.8107 406 -0.2087715 0.04629618
Moved 1383.982 268.5 407 -0.2118056 0.04886827
Moved 1384.012 269 408.314 -0.2106481 0.05224781
Stationary 1384.043 269 408 -0.2106481 0.05144025
Stationary 1384.074 269 408 -0.2106481 0.05144025
Stationary 1384.104 269 408 -0.2106481 0.05144025
Moved 1384.135 286.3748 394.0211 -0.1704288 0.01548622
Moved 1384.166 298.9646 383.8284 -0.1412857 -0.01072958
Moved 1384.197 311.2115 369.5865 -0.1129362 -0.0473597
Moved 1384.227 319.4336 354.4911 -0.09390364 -0.08618531
Moved 1384.258 328.0638 338.4042 -0.07392629 -0.1275612
Moved 1384.289 336.6843 321.6315 -0.05397161 -0.170701
Moved 1384.319 344.5 307 -0.03587961 -0.2083334
Moved 1384.35 348.4093 297.4767 -0.02683034 -0.2328274
Moved 1384.381 352.1129 289.6613 -0.01825715 -0.2529289
Moved 1384.411 355.5 281 -0.01041666 -0.2752058
Moved 1384.442 357 272.3179 -0.006944438 -0.2975363
Moved 1384.473 358 264.96 -0.004629641 -0.3164611
Moved 1384.504 359 255.2943 -0.002314796 -0.3413213
Moved 1384.534 359 251.17 -0.002314796 -0.3519289
Moved 1384.565 359 246.5205 -0.002314796 -0.3638876
Moved 1384.596 359 242 -0.002314796 -0.3755144
Moved 1384.626 359 240.2222 -0.002314796 -0.3800871
Moved 1384.657 359 237.8151 -0.002314796 -0.3862782
Moved 1384.688 359 235.4082 -0.002314796 -0.3924686
Moved 1384.719 359 234.5 -0.002314796 -0.3948045
Moved 1384.749 359 232.5164 -0.002314796 -0.3999065
Moved 1384.78 359 231.8291 -0.002314796 -0.4016742
Stationary 1384.811 359 231.8291 -0.002314796 -0.4016742
Moved 1384.842 359 231 -0.002314796 -0.4038066
Moved 1384.872 359 229.6222 -0.002314796 -0.4073504
Stationary 1384.903 359 230 -0.002314796 -0.4063786
Moved 1384.934 359 228.9164 -0.002314796 -0.4091657
Stationary 1384.964 359 229 -0.002314796 -0.4089506
Moved 1384.995 359 228.1389 -0.002314796 -0.4111653
Stationary 1385.026 359 227.51 -0.002314796 -0.4127829
Stationary 1385.057 359 228 -0.002314796 -0.4115227
Ended 1385.087 359 227 -0.002314796 -0.4140947
Cancel 1385.149
Began 1385.517 386 245 0.06018519 -0.3677984
Stationary 1385.548 386 245 0.06018519 -0.3677984
Stationary 1385.579 386 245 0.06018519 -0.3677984
Stationary 1385.609 386 245 0.06018519 -0.3677984
Moved 1385.64 359.0953 255.5819 -0.002094209 -0.3405816
Moved 1385.671 325.024 261.6791 -0.08096287 -0.3248993
Moved 1385.702 299.9618 269.465 -0.1389773 -0.3048741
Moved 1385.732 270.2034 276.6992 -0.2078625 -0.2862677
Moved 1385.763 243.2519 282.2773 -0.2702504 -0.2719205
Moved 1385.794 220.2752 285.7725 -0.323437 -0.262931
Moved 1385.824 198.7518 288.1783 -0.3732598 -0.256743
Moved 1385.855 181.8905 290 -0.4122905 -0.2520577
Moved 1385.886 169.043 291 -0.4420302 -0.2494857
Moved 1385.917 161.7657 291 -0.4588757 -0.2494857
Moved 1385.947 156 291 -0.4722222 -0.2494857
Moved 1385.978 151.0856 291 -0.4835981 -0.2494857
Moved 1386.009 147.6781 291 -0.491486 -0.2494857
Moved 1386.039 145.5 291 -0.4965277 -0.2494857
Moved 1386.07 144.5007 291 -0.498841 -0.2494857
Moved 1386.101 142.8558 291 -0.5026486 -0.2494857
Moved 1386.132 141.6868 291 -0.5053546 -0.2494857
Stationary 1386.162 141.6868 291 -0.5053546 -0.2494857
Moved 1386.193 140.995 291 -0.506956 -0.2494857
Moved 1386.224 139.7911 291 -0.5097428 -0.2494857
Stationary 1386.254 139.7911 291 -0.5097428 -0.2494857
Ended 1386.285 140 291 -0.5092592 -0.2494857
Accept 1386.347 0 winds
Delete 1386.347 LeftSwipe
Began 1387.176 388 300 0.06481478 -0.2263375
Stationary 1387.207 388 300 0.06481478 -0.2263375
Stationary 1387.237 388 300 0.06481478 -0.2263375
Stationary 1387.268 388 300 0.06481478 -0.2263375
Moved 1387.299 372.4275 314.5724 0.02876739 -0.1888569
Moved 1387.329 353.5 335.5 -0.0150463 -0.1350309
Moved 1387.36 331.5466 350.6356 -0.06586437 -0.09610187
Moved 1387.391 311.6141 365.7042 -0.1120045 -0.0573451
Moved 1387.422 290.0318 382.4762 -0.1619635 -0.01420739
Moved 1387.452 277.0132 392.3246 -0.1920992 0.01112286
Moved 1387.483 266.2796 399.3602 -0.2169453 0.0292185
Moved 1387.514 257.8354 405.1646 -0.2364921 0.04414747
Moved 1387.544 254.0087 407.9913 -0.2453502 0.051418
Moved 1387.575 250.8859 410.1141 -0.2525789 0.05687764
Moved 1387.606 250 412.5526 -0.2546296 0.06314964
Moved 1387.636 250 414.9587 -0.2546296 0.06933825
Moved 1387.667 250 418.7128 -0.2546296 0.07899386
Moved 1387.698 277 429.5 -0.1921296 0.1067386
Moved 1387.729 314.2336 440.3376 -0.1059406 0.1346131
Moved 1387.759 349.422 449.1792 -0.02448604 0.1573538
Moved 1387.79 397.3215 461.2068 0.08639225 0.188289
Moved 1387.821 435.4095 470.3253 0.1745591 0.2117418
Moved 1387.852 456.8289 474.4064 0.224141 0.2222387
Moved 1387.882 477.2697 479.2199 0.2714577 0.234619
Moved 1387.913 498.141 485.0353 0.3197708 0.2495763
Moved 1387.944 510.1261 487.4252 0.3475141 0.2557232
Moved 1387.974 516.3077 488 0.3618234 0.2572016
Moved 1388.005 520.9601 489 0.3725929 0.2597736
Moved 1388.036 524.3627 489 0.3804693 0.2597736
Moved 1388.066 527 489 0.3865741 0.2597736
Moved 1388.097 528 458.4086 0.3888889 0.1810921
Moved 1388.128 501.8789 374.5018 0.3284235 -0.03471759
Moved 1388.159 486.8496 314.7065 0.2936333 -0.188512
Moved 1388.189 477.8095 266.5715 0.2727073 -0.312316
Moved 1388.22 475.5 241 0.2673611 -0.3780865
Moved 1388.251 474 220.12 0.2638889 -0.4317902
Moved 1388.282 473 205.6957 0.2615741 -0.4688898
Moved 1388.312 470.5325 196.1301 0.2558624 -0.4934925
Moved 1388.343 467.1301 192.2601 0.2479862 -0.5034462
Moved 1388.374 464.0197 189.0198 0.2407864 -0.5117805
Moved 1388.404 460.6046 186.6046 0.232881 -0.5179923
Moved 1388.435 455.4076 185.2039 0.220851 -0.5215951
Moved 1388.466 449.5884 183.7942 0.2073805 -0.5252209
Moved 1388.497 444.5259 184 0.1956618 -0.5246913
Moved 1388.527 434.4215 184 0.1722719 -0.5246913
Moved 1388.558 414.6121 202.1566 0.1264169 -0.4779924
Moved 1388.589 388 246.5 0.06481478 -0.3639403
Moved 1388.619 371.3561 279.7452 0.02628734 -0.2784331
Moved 1388.65 359.7565 309.7914 -0.0005636613 -0.2011539
Moved 1388.681 351.5905 341.6382 -0.01946653 -0.1192434
Moved 1388.712 348.128 362.1041 -0.02748152 -0.06660469
Moved 1388.742 348 373.1006 -0.0277778 -0.03832161
Moved 1388.773 346.6166 379.1501 -0.03098001 -0.02276212
Moved 1388.804 347 382.7903 -0.0300926 -0.01339948
Moved 1388.834 347 385.194 -0.0300926 -0.007217234
Moved 1388.865 347 386.6002 -0.0300926 -0.003600493
Moved 1388.896 347 387.5 -0.0300926 -0.001286047
Ended 1388.927 347 388 -0.0300926 -3.924585E-08
Candidates 1389.08 13 winner wine wings winds wrong wind settings front strong around rooms stone rings
Began 1390.432 395 336 0.08101851 -0.1337449
Stationary 1390.462 395 336 0.08101851 -0.1337449
Stationary 1390.493 395 336 0.08101851 -0.1337449
Moved 1390.524 395 344.4943 0.08101851 -0.1118975
Moved 1390.554 395 372.0764 0.08101851 -0.04095595
Moved 1390.585 405.6378 414.6395 0.1056431 0.06851718
Moved 1390.616 424.0733 455.9828 0.1483178 0.174853
Moved 1390.646 447.9614 490.9509 0.2036144 0.2647914
Moved 1390.677 471.9651 513.1721 0.2591785 0.3219447
Moved 1390.708 486.5 526 0.2928241 0.3549381
Moved 1390.739 501.2837 534.693 0.3270456 0.3772967
Moved 1390.769 514.7994 543.1996 0.358332 0.399176
Moved 1390.8 527.5285 546.7057 0.3877975 0.4081936
Moved 1390.831 540.0355 549.8392 0.4167487 0.4162531
Moved 1390.861 554.4834 551 0.4501931 0.4192385
Moved 1390.892 570.5665 551 0.4874226 0.4192385
Moved 1390.923 585.2838 551 0.5214903 0.4192385
Moved 1390.954 594.6765 551 0.5432326 0.4192385
Moved 1390.984 602.5 551 0.5613426 0.4192385
Moved 1391.015 612.9348 543 0.5854972 0.3986624
Moved 1391.046 621.1808 542 0.6045851 0.3960905
Moved 1391.077 627.5 541 0.619213 0.3935184
Moved 1391.107 629.9464 540 0.6248758 0.3909464
Moved 1391.138 632.3548 540 0.630451 0.3909464
Moved 1391.169 634.7569 539.2431 0.6360114 0.3889996
Expand 1391.169
Moved 1391.199 636 539 0.6388888 0.3883744
Moved 1391.23 638.2885 539 0.6441862 0.3883744
Ended 1391.261 639.4799 539 0.6469442 0.3883744
Accept 1391.322 4 wrong
Began 1392.244 440 332 0.1851852 -0.144033
Stationary 1392.274 440 332 0.1851852 -0.144033
Stationary 1392.305 440 332 0.1851852 -0.144033
Stationary 1392.336 440 332 0.1851852 -0.144033
Stationary 1392.366 440 332 0.1851852 -0.144033
Stationary 1392.397 440 332 0.1851852 -0.144033
Stationary 1392.428 440 332 0.1851852 -0.144033
Stationary 1392.459 440 332 0.1851852 -0.144033
Moved 1392.489 440 343.9888 0.1851852 -0.1131977
Moved 1392.52 440 347.2531 0.1851852 -0.1048017
Moved 1392.551 440 351.5346 0.1851852 -0.09378966
Moved 1392.582 440 353.9399 0.1851852 -0.08760318
Moved 1392.612 440 357.3465 0.1851852 -0.07884139
Moved 1392.643 440 361.7068 0.1851852 -0.06762649
Moved 1392.674 440 366.5858 0.1851852 -0.05507771
Moved 1392.704 440 374.0552 0.1851852 -0.03586624
Moved 1392.735 440 385.3624 0.1851852 -0.00678392
Moved 1392.766 440 395.4336 0.1851852 0.01911921
Moved 1392.797 421.3006 417.9739 0.1418995 0.07709339
Moved 1392.827 410.6667 437.4999 0.1172842 0.1273145
Moved 1392.858 405.8369 445.2447 0.1061039 0.1472342
Moved 1392.889 401.5542 453.3375 0.09619018 0.1680491
Moved 1392.919 399 456.569 0.09027779 0.1763605
Moved 1392.95 398.027 458.973 0.08802542 0.1825437
Moved 1392.981 398 461.38 0.08796295 0.1887345
Moved 1393.011 398 462.5 0.08796295 0.1916151
Moved 1393.042 406.8279 467.6484 0.1083979 0.2048569
Moved 1393.073 425.2792 475.8547 0.1511093 0.2259636
Moved 1393.104 452.2964 482.3828 0.213649 0.2427539
Moved 1393.134 489.6439 487.2938 0.3001016 0.2553852
Moved 1393.165 508.2493 487 0.3431698 0.2546296
Moved 1393.196 523.7654 487 0.3790866 0.2546296
Moved 1393.226 531.2115 487 0.396323 0.2546296
Moved 1393.257 538.8777 487 0.4140687 0.2546296
Moved 1393.288 542.6514 487 0.4228043 0.2546296
Stationary 1393.319 543 487 0.4236111 0.2546296
Moved 1393.349 524.1273 487 0.3799242 0.2546296
Moved 1393.38 478.5314 478.4708 0.2743782 0.2326924
Moved 1393.411 434.8874 478 0.1733505 0.2314814
Moved 1393.442 390.3227 475.4747 0.07019143 0.2249862
Moved 1393.472 377.2723 475 0.0399823 0.2237653
Moved 1393.503 374.7449 473.8724 0.03413181 0.2208653
Moved 1393.534 369.9276 474 0.02298047 0.2211934
Moved 1393.564 367.5118 474 0.01738856 0.2211934
Moved 1393.595 368 467.6272 0.01851857 0.2048023
Moved 1393.626 384.17 448.24 0.055949 0.1549381
Moved 1393.656 407.0475 407.7858 0.1089063 0.05088943
Moved 1393.687 418.736 385.6016 0.135963 -0.006168742
Moved 1393.718 446.0229 313.6868 0.1991272 -0.1911347
Moved 1393.749 472.7884 252.4021 0.2610841 -0.34876
Moved 1393.779 485.5109 224.2228 0.2905346 -0.4212377
Moved 1393.81 490 211.5 0.300926 -0.4539609
Moved 1393.841 500.6405 186.5347 0.3255568 -0.5181723
Moved 1393.872 509.3875 163.9666 0.3458045 -0.5762178
Moved 1393.902 516.5 149.5 0.3622685 -0.6134259
Moved 1393.933 517.9471 142.1586 0.3656184 -0.6323082
Moved 1393.964 518 136.8833 0.3657407 -0.6458763
Moved 1393.994 518 133.5349 0.3657407 -0.6544883
Ended 1394.025 518 132.5 0.3657407 -0.6571501
Candidates 1394.117 13 turn return item torn town form firm teen them then term grown open
Began 1394.701 370 339 0.02314816 -0.1260288
Stationary 1394.732 370 339 0.02314816 -0.1260288
Moved 1394.762 425.2921 352.3466 0.1511392 -0.09170131
Moved 1394.793 482 353 0.2824074 -0.09002065
Moved 1394.824 554.7924 348.3939 0.4509082 -0.1018677
Moved 1394.854 587.5388 342.9102 0.5267103 -0.1159717
Moved 1394.885 617.2651 340.5612 0.5955211 -0.1220134
Moved 1394.916 632.1642 340 0.6300098 -0.1234569
Moved 1394.947 639.8676 340 0.6478418 -0.1234569
Moved 1394.977 648 340 0.6666666 -0.1234569
Moved 1395.008 648.7654 340 0.6684383 -0.1234569
Moved 1395.039 651.1718 340 0.6740088 -0.1234569
Ended 1395.069 652.3744 340 0.6767925 -0.1234569
Accept 1395.131 0 turn
PhraseEnd 1395.131
