get rid of that immediately
get rid of that immediately
FixStart
Radial

0.6 0.6
432 388.8
Began 2628.626 511 571 0.349537 0.4706789
Stationary 2628.657 511 571 0.349537 0.4706789
Stationary 2628.688 511 571 0.349537 0.4706789
Moved 2628.719 500.5705 571 0.3253947 0.4706789
Moved 2628.749 495.5 571 0.3136574 0.4706789
Moved 2628.78 489.2474 571 0.2991837 0.4706789
Moved 2628.811 483.5011 571 0.2858822 0.4706789
Moved 2628.841 479.4312 571 0.2764612 0.4706789
Moved 2628.872 476.3425 571 0.2693114 0.4706789
Moved 2628.903 473.4715 567.3007 0.2626656 0.4611643
Moved 2628.933 471.7994 564 0.2587949 0.4526748
Moved 2628.964 470.6602 564 0.2561578 0.4526748
Moved 2628.995 468.2222 563.2222 0.2505144 0.4506744
Moved 2629.026 466.3497 563 0.2461799 0.4501028
Moved 2629.056 463.8527 563 0.2403999 0.4501028
Moved 2629.087 457.8625 563 0.2265335 0.4501028
Moved 2629.118 451.1731 563 0.2110487 0.4501028
Moved 2629.148 441.7391 563 0.1892108 0.4501028
Moved 2629.179 430.3353 563 0.1628133 0.4501028
Moved 2629.21 414.556 563 0.1262871 0.4501028
Moved 2629.24 397.5959 563 0.08702754 0.4501028
Moved 2629.271 388.8044 570.7319 0.06667694 0.4699893
Moved 2629.302 381.951 572 0.05081246 0.4732509
Moved 2629.333 377.6019 573 0.04074504 0.4758229
Moved 2629.363 374.7313 574.2687 0.03410021 0.479086
Moved 2629.394 374 574.8077 0.03240744 0.4804725
Moved 2629.425 373 576.5 0.0300926 0.484825
Moved 2629.456 372 577.5533 0.02777775 0.4875342
Moved 2629.486 372 581.8336 0.02777775 0.498543
Moved 2629.517 372 599.5432 0.02777775 0.5440926
Moved 2629.548 377.5637 629.743 0.04065672 0.6217667
Moved 2629.578 382.6783 659.7828 0.052496 0.6990296
Moved 2629.609 384 678.1211 0.0555556 0.7461962
Moved 2629.64 386 699.5965 0.06018519 0.8014311
Moved 2629.67 386.9555 711.8222 0.06239712 0.832876
Moved 2629.701 387.8366 721.3464 0.06443659 0.8573725
Moved 2629.732 388 726.6621 0.06481478 0.8710445
Moved 2629.763 389 732.4479 0.06712963 0.8859257
Moved 2629.793 389 734.0367 0.06712963 0.890012
Moved 2629.824 389 736.7349 0.06712963 0.8969519
Moved 2629.855 390 739.5269 0.06944448 0.9041326
Moved 2629.885 391 742.4028 0.07175922 0.9115297
Moved 2629.916 392 745.2756 0.07407407 0.9189187
Moved 2629.947 393.5 746.5 0.07754634 0.9220678
Moved 2629.978 397.3776 750.6888 0.0865223 0.9328417
Moved 2630.008 413.5448 754 0.1239464 0.9413579
Moved 2630.039 441.3738 754 0.1883652 0.9413579
Moved 2630.07 458.6881 738.2495 0.2284447 0.9008474
Moved 2630.101 471.2591 724.5557 0.2575443 0.8656266
Moved 2630.131 480.0549 713.9451 0.277905 0.838336
Moved 2630.162 485.3322 708.6678 0.2901208 0.8247626
Moved 2630.193 489.0923 702.8155 0.2988247 0.8097104
Moved 2630.223 491.9653 699.0695 0.3054752 0.8000756
Moved 2630.254 494.5 696.5 0.3113426 0.793467
Moved 2630.285 496.3623 694.6377 0.3156536 0.788677
Ended 2630.315 497 694 0.3171296 0.7870369
Candidates 2630.408 13 set sweet date art at gary are get asset we sat street st
Began 2631.759 456 621 0.2222222 0.5992797
Stationary 2631.79 456 621 0.2222222 0.5992797
Stationary 2631.821 456 621 0.2222222 0.5992797
Stationary 2631.851 456 621 0.2222222 0.5992797
Stationary 2631.882 456 621 0.2222222 0.5992797
Ended 2631.913 456 621 0.2222222 0.5992797
NextCandidatePanel 2631.974
Began 2632.896 428 656 0.1574074 0.6893002
Moved 2632.926 428 643.3818 0.1574074 0.6568461
Moved 2632.957 449.8761 610.2478 0.2080465 0.5716249
Moved 2632.988 465.2105 575.579 0.2435429 0.4824561
Moved 2633.018 478.8936 548.5916 0.2752166 0.4130442
Moved 2633.049 488.7796 530.4409 0.2981009 0.3663601
Moved 2633.08 496.4133 516.449 0.3157715 0.3303728
Moved 2633.111 500.2867 509.7133 0.3247376 0.3130486
Moved 2633.141 502.5118 505.4882 0.3298884 0.3021815
Moved 2633.172 504.3849 503 0.3342243 0.2957818
Moved 2633.203 505 499.8766 0.3356481 0.2877483
Ended 2633.233 505 499.8766 0.3356481 0.2877483
Accept 2633.295 7 get
Began 2633.878 463 580 0.2384259 0.4938271
Stationary 2633.909 463 580 0.2384259 0.4938271
Stationary 2633.94 463 580 0.2384259 0.4938271
Stationary 2633.97 463 580 0.2384259 0.4938271
Stationary 2634.001 463 580 0.2384259 0.4938271
Stationary 2634.032 463 580 0.2384259 0.4938271
Stationary 2634.063 463 580 0.2384259 0.4938271
Stationary 2634.093 463 580 0.2384259 0.4938271
Moved 2634.124 463 592.3356 0.2384259 0.5255545
Moved 2634.155 452.584 600.6241 0.2143147 0.5468726
Moved 2634.185 447.4919 608.2621 0.2025275 0.5665178
Moved 2634.216 441.1604 620.4528 0.1878712 0.5978723
Moved 2634.247 432.556 633.9254 0.1679537 0.632524
Moved 2634.278 428.0174 646.9652 0.1574477 0.6660626
Moved 2634.308 417.5669 677.2994 0.1332566 0.7440826
Moved 2634.339 409.5388 705.114 0.1146733 0.8156222
Moved 2634.37 406.3963 717.811 0.1073989 0.8482794
Moved 2634.4 405 724.2895 0.1041667 0.864942
Moved 2634.431 404 730.0287 0.1018518 0.8797035
Moved 2634.462 404 732.8858 0.1018518 0.8870518
Moved 2634.493 404 735.5 0.1018518 0.8937756
Moved 2634.523 404 736 0.1018518 0.8950616
Moved 2634.554 425.0879 736 0.1506664 0.8950616
Moved 2634.585 449.292 736 0.2066944 0.8950616
Moved 2634.615 477.0005 720.5998 0.2708344 0.8554521
Moved 2634.646 501.4075 710.5396 0.3273322 0.8295771
Moved 2634.677 520.7538 703.2985 0.3721154 0.8109528
Moved 2634.708 532.8384 699.7904 0.4000891 0.80193
Moved 2634.738 541.2749 696.2417 0.4196178 0.7928025
Moved 2634.769 547.2399 694.38 0.4334258 0.7880144
Moved 2634.8 550.4951 693 0.4409609 0.784465
Moved 2634.831 553.0017 692 0.4467632 0.7818928
Moved 2634.861 554.8654 691 0.4510773 0.7793208
Moved 2634.892 557.1721 690 0.4564169 0.7767489
Stationary 2634.923 557.1721 690 0.4564169 0.7767489
Moved 2634.953 558 688.5 0.4583333 0.7728907
Moved 2634.984 539.4023 683.8672 0.4152832 0.7609751
Moved 2635.015 500.3357 666.6678 0.3248512 0.7167383
Moved 2635.045 475 655 0.2662037 0.6867283
Moved 2635.076 443.1542 644.8167 0.1924866 0.6605365
Moved 2635.107 415.3319 633.3328 0.128083 0.6309997
Moved 2635.138 397.7457 624.8728 0.08737425 0.6092407
Moved 2635.168 386.9445 618.7778 0.06237159 0.5935643
Moved 2635.199 377.0709 612.0355 0.03951599 0.5762227
Moved 2635.23 370.2969 607.6484 0.0238354 0.5649393
Moved 2635.26 364.5478 603.7739 0.01052727 0.5549739
Moved 2635.291 360.2347 601 0.0005433957 0.5478393
Moved 2635.322 356.3547 598.3547 -0.00843823 0.5410356
Moved 2635.353 353.4872 596.4872 -0.01507605 0.5362324
Moved 2635.383 352 594.9855 -0.01851852 0.53237
Moved 2635.414 350.1048 594 -0.02290547 0.5298353
Moved 2635.445 349.5 594 -0.02430553 0.5298353
Ended 2635.475 349 593 -0.02546296 0.5272633
Candidates 2635.598 13 rid grid this gross ross the road ride rod rights wide toys roots
Began 2636.09 326 646 -0.07870371 0.6635801
Moved 2636.121 341.2711 646 -0.04335389 0.6635801
Moved 2636.151 376.8072 646 0.03890564 0.6635801
Moved 2636.182 415.36 646 0.128148 0.6635801
Moved 2636.213 445.5176 646 0.1979574 0.6635801
Moved 2636.243 462.9949 646 0.2384142 0.6635801
Moved 2636.274 473.7937 646 0.2634113 0.6635801
Moved 2636.305 478.544 646 0.2744075 0.6635801
Moved 2636.335 481.6396 646 0.2815731 0.6635801
Ended 2636.366 484 646 0.287037 0.6635801
Accept 2636.427 0 rid
Began 2636.581 417 583 0.1319444 0.5015431
Stationary 2636.612 417 583 0.1319444 0.5015431
Stationary 2636.643 417 583 0.1319444 0.5015431
Stationary 2636.673 417 583 0.1319444 0.5015431
Moved 2636.704 438.7677 597.0101 0.1823326 0.5375773
Moved 2636.735 457.3468 612.1223 0.2253398 0.5764462
Moved 2636.766 475.7141 625.4463 0.2678567 0.6107156
Moved 2636.796 498.6167 639.7604 0.3208719 0.6475319
Moved 2636.827 519.9825 653.4891 0.3703299 0.6828421
Moved 2636.858 533.8262 662.0957 0.4023753 0.7049786
Moved 2636.888 544.985 668.7388 0.428206 0.7220647
Moved 2636.919 554.5031 673.6688 0.4502387 0.7347446
Moved 2636.95 562.2854 677.2854 0.4682532 0.7440466
Moved 2636.98 567.5072 679.5072 0.4803407 0.7497612
Moved 2637.011 570.3627 681.3627 0.4869508 0.7545337
Moved 2637.042 571.5 681 0.4895833 0.7536006
Moved 2637.073 572 682 0.4907407 0.7561726
Moved 2637.103 574 682 0.4953703 0.7561726
Moved 2637.134 574 683.1107 0.4953703 0.7590294
Moved 2637.165 575 683 0.4976852 0.7587448
Stationary 2637.196 575 683 0.4976852 0.7587448
Moved 2637.226 575 684.1495 0.4976852 0.7617012
Moved 2637.257 536.1865 671.5932 0.407839 0.7294062
Moved 2637.288 480.4375 648.9323 0.2787904 0.6711222
Moved 2637.318 431.3867 624.4279 0.1652471 0.6080964
Moved 2637.349 417.4807 615.3204 0.1330571 0.5846718
Moved 2637.38 400.9708 606.4854 0.09483984 0.561948
Moved 2637.41 387.4749 599.2374 0.06359924 0.5433061
Moved 2637.441 378.2394 593.7465 0.04222085 0.5291832
Moved 2637.472 370.5291 589.1763 0.02437283 0.5174288
Moved 2637.503 362.7303 584.7303 0.006320079 0.5059934
Moved 2637.533 356.987 581.4935 -0.006974588 0.4976682
Moved 2637.564 353.6287 578.6287 -0.01474848 0.4902999
Moved 2637.595 350.1131 578 -0.0228863 0.488683
Moved 2637.625 348.1841 576.1841 -0.02735173 0.4840125
Moved 2637.656 345.5 574.5 -0.03356482 0.479681
Moved 2637.687 344.5 575 -0.03587961 0.480967
Moved 2637.718 345 573.97 -0.03472224 0.4783179
Ended 2637.748 345 574 -0.03472224 0.478395
Candidates 2637.871 13 of off good if god is goods food odd high pd hood his
Began 2638.178 363 632 0.006944438 0.6275719
Stationary 2638.209 363 632 0.006944438 0.6275719
Stationary 2638.24 363 632 0.006944438 0.6275719
Stationary 2638.271 363 632 0.006944438 0.6275719
Moved 2638.301 383.3407 632 0.05402942 0.6275719
Moved 2638.332 419.2394 639.723 0.1371283 0.6474356
Moved 2638.363 446.7057 643.9673 0.2007075 0.658352
Moved 2638.393 465.2015 646 0.2435221 0.6635801
Moved 2638.424 477.9233 647 0.2729707 0.6661521
Moved 2638.455 489.0155 648 0.2986471 0.6687242
Moved 2638.486 500.6075 649 0.3254802 0.6712963
Moved 2638.516 510.9314 650.7328 0.3493782 0.6757532
Moved 2638.547 520.5659 652 0.3716803 0.6790121
Moved 2638.578 526.7637 653.3818 0.3860272 0.6825663
Moved 2638.608 530.254 653 0.3941064 0.6815844
Moved 2638.639 531.5 653 0.3969907 0.6815844
Ended 2638.67 533.2526 653 0.4010478 0.6815844
Accept 2638.731 0 of
Began 2639.008 433 577 0.1689814 0.4861111
Stationary 2639.038 433 577 0.1689814 0.4861111
Stationary 2639.069 433 577 0.1689814 0.4861111
Stationary 2639.1 433 577 0.1689814 0.4861111
Moved 2639.131 423.8854 596.4583 0.147883 0.536158
Moved 2639.161 414.2099 622.3702 0.125486 0.6028039
Moved 2639.192 407.3841 647.6557 0.1096854 0.6678387
Moved 2639.223 403.7718 664.1409 0.1013236 0.7102389
Moved 2639.253 401.8294 689.5353 0.09682735 0.7755538
Moved 2639.284 402 715.482 0.09722222 0.842289
Moved 2639.315 402 719.782 0.09722222 0.8533486
Moved 2639.345 402 725.9556 0.09722222 0.8692274
Moved 2639.376 402 730.3503 0.09722222 0.8805304
Moved 2639.407 402 733.1985 0.09722222 0.8878562
Moved 2639.438 409 735.7941 0.113426 0.8945319
Moved 2639.469 409 737 0.113426 0.8976335
Moved 2639.499 410.4782 738 0.1168476 0.9002057
Moved 2639.53 413.6794 728.6223 0.1242578 0.876086
Moved 2639.561 427.1989 696.7803 0.1555529 0.7941878
Moved 2639.591 439.9336 663.5594 0.1850314 0.7087432
Moved 2639.622 451.6665 630.3338 0.2121909 0.6232864
Moved 2639.653 458 606.5 0.2268519 0.5619856
Moved 2639.683 462.0658 588.6055 0.2362634 0.5159605
Moved 2639.714 464.9458 573.1627 0.2429301 0.4762413
Moved 2639.745 466.8181 564.3637 0.2472642 0.4536103
Moved 2639.776 468.2356 559.7644 0.2505452 0.4417807
Moved 2639.806 468 555.8036 0.25 0.4315935
Moved 2639.837 468 552.9365 0.25 0.4242193
Moved 2639.868 468 551.503 0.25 0.4205323
Moved 2639.898 450.6688 550 0.2098816 0.4166666
Moved 2639.929 423.5677 562.0891 0.1471475 0.4477598
Moved 2639.96 400.2373 567.4407 0.09314199 0.4615242
Moved 2639.99 384.2986 572.629 0.05624682 0.4748687
Moved 2640.021 362.7024 577.614 0.006255607 0.4876901
Moved 2640.052 345.5751 580.485 -0.03339087 0.4950745
Moved 2640.083 329.9149 580 -0.06964147 0.4938271
Moved 2640.114 309.748 580.9169 -0.1163241 0.4961852
Moved 2640.144 295.011 581.7978 -0.1504374 0.498451
Moved 2640.175 284.666 582 -0.1743843 0.4989711
Moved 2640.206 275.5 582 -0.1956018 0.4989711
Moved 2640.236 265.7397 582 -0.2181952 0.4989711
Moved 2640.267 257.1961 582 -0.2379719 0.4989711
Moved 2640.298 251.4056 582 -0.251376 0.4989711
Moved 2640.328 248.7825 582 -0.257448 0.4989711
Moved 2640.359 248 586.3483 -0.2592593 0.5101551
Moved 2640.39 263.6034 605.3621 -0.2231402 0.5590587
Moved 2640.421 300.6857 632.1551 -0.1373015 0.6279708
Moved 2640.451 331.5177 650.6785 -0.06593123 0.6756133
Moved 2640.482 379.7509 676.7148 0.04571974 0.742579
Moved 2640.513 404.7134 687.7615 0.1035032 0.7709913
Moved 2640.543 428.5211 696.3662 0.1586136 0.7931228
Moved 2640.574 447.9321 704.1729 0.2035465 0.8132015
Moved 2640.605 456.9212 707.4606 0.2243547 0.821658
Moved 2640.635 462.658 709 0.2376343 0.8256172
Moved 2640.666 464.9031 710 0.2428312 0.8281891
Moved 2640.697 466 710.7719 0.2453704 0.8301746
Ended 2640.728 467.2096 711 0.2481703 0.8307611
Candidates 2640.851 13 that what thai today yay friday trust suggest okay threat theater great user
Began 2641.219 304 685 -0.1296296 0.7638888
Moved 2641.25 314.8368 685 -0.1045445 0.7638888
Moved 2641.281 355.3871 685 -0.01067797 0.7638888
Moved 2641.311 402.8385 685 0.09916326 0.7638888
Moved 2641.342 436.2689 685 0.1765483 0.7638888
Moved 2641.373 471.8712 685 0.2589611 0.7638888
Moved 2641.403 489.641 685 0.3000948 0.7638888
Moved 2641.434 499.9421 685 0.32394 0.7638888
Moved 2641.465 504.964 677.518 0.3355648 0.7446449
Moved 2641.496 509.709 677 0.3465486 0.7433126
Moved 2641.526 512.2249 676 0.3523725 0.7407405
Moved 2641.557 513.8256 675 0.3560778 0.7381686
Moved 2641.588 515.322 675 0.3595416 0.7381686
Moved 2641.618 516.0394 675 0.3612022 0.7381686
Ended 2641.649 517 674 0.3634259 0.7355967
Accept 2641.71 0 that
Began 2641.925 435 602 0.1736111 0.5504114
Stationary 2641.956 435 602 0.1736111 0.5504114
Stationary 2641.987 435 602 0.1736111 0.5504114
Moved 2642.018 446.2599 614.2599 0.1996758 0.5819442
Moved 2642.048 460.7184 625.432 0.2331445 0.610679
Moved 2642.079 480.5162 641.2635 0.2789726 0.6513978
Moved 2642.11 500.8088 657.6932 0.3259462 0.6936554
Moved 2642.141 517.9014 668.9437 0.3655125 0.7225915
Moved 2642.171 532.6566 679.1252 0.3996679 0.7487787
Moved 2642.202 545.5895 686.7948 0.4296055 0.768505
Moved 2642.233 553.5474 693.5474 0.4480263 0.7858727
Moved 2642.263 558.6751 697.8375 0.4598961 0.7969071
Moved 2642.294 562.6503 700.6503 0.4690979 0.8041414
Moved 2642.325 564.5244 702.5244 0.473436 0.8089616
Moved 2642.355 566.3931 704 0.4777618 0.8127571
Moved 2642.386 566 705 0.4768519 0.8153291
Stationary 2642.417 566 705 0.4768519 0.8153291
Stationary 2642.448 566 705 0.4768519 0.8153291
Moved 2642.478 552 672 0.4444444 0.7304525
Moved 2642.509 541.8019 639.0093 0.4208377 0.6456
Moved 2642.54 536.0345 609.3452 0.4074874 0.5693033
Moved 2642.571 533.16 580.7606 0.4008334 0.4957834
Moved 2642.601 532 560.1751 0.3981481 0.4428371
Moved 2642.632 532 536.8595 0.3981481 0.382869
Moved 2642.663 532 522.235 0.3981481 0.3452545
Moved 2642.693 532 508.8968 0.3981481 0.3109485
Moved 2642.724 540 498.756 0.4166667 0.2848662
Moved 2642.755 542.4377 489.6869 0.4223095 0.2615403
Moved 2642.786 544.295 482.1151 0.4266087 0.2420654
Moved 2642.816 545 476.2922 0.4282407 0.2270889
Moved 2642.847 546 471.3254 0.4305556 0.2143141
Moved 2642.878 546 468.4528 0.4305556 0.2069259
Moved 2642.908 547 465.5776 0.4328704 0.1995308
Moved 2642.939 547 464.5 0.4328704 0.1967592
Moved 2642.97 547 463.6796 0.4328704 0.194649
Moved 2643.001 530.1243 475.4827 0.3938062 0.2250068
Moved 2643.031 504 503.5 0.3333333 0.2970678
Moved 2643.062 466.8562 556.9063 0.2473524 0.4344296
Moved 2643.093 441.2718 594.5923 0.1881291 0.5313587
Moved 2643.124 424.8242 618.8461 0.1500561 0.5937397
Moved 2643.154 413.7972 631.5035 0.1245306 0.6262949
Moved 2643.185 395.6771 655.8521 0.0825858 0.68892
Moved 2643.216 382.4012 670.5988 0.05185465 0.7268488
Moved 2643.246 372.9568 680.0432 0.02999266 0.7511398
Moved 2643.277 366.8975 686.1025 0.0159664 0.7667245
Moved 2643.308 359.7316 694.6912 -0.0006213785 0.7888147
Moved 2643.339 349.1133 707.1823 -0.02520074 0.8209421
Moved 2643.369 344.3017 712.6983 -0.03633866 0.8351292
Moved 2643.4 341 715.6678 -0.04398147 0.8427671
Moved 2643.431 339.4618 718 -0.04754205 0.8487654
Moved 2643.461 339 719 -0.04861111 0.8513374
Moved 2643.492 338 720 -0.05092591 0.8539094
Stationary 2643.523 338 720 -0.05092591 0.8539094
Stationary 2643.553 338 720 -0.05092591 0.8539094
Moved 2643.584 353 685 -0.01620372 0.7638888
Moved 2643.615 361.3797 662.2407 0.003193716 0.7053515
Moved 2643.646 368.9346 640.2615 0.02068192 0.6488207
Moved 2643.676 373.8432 624.627 0.03204455 0.6086084
Moved 2643.707 376.3182 616.0454 0.03777365 0.5865365
Moved 2643.738 377 610.4208 0.03935188 0.5720699
Moved 2643.769 378 607.8452 0.04166663 0.5654455
Moved 2643.799 379 604.9706 0.04398147 0.5580518
Moved 2643.83 380 603.4465 0.04629632 0.5541317
Moved 2643.861 385.2868 603 0.05853424 0.5529835
Moved 2643.891 398.2356 614.9267 0.08850822 0.5836591
Moved 2643.922 413.0109 624.4348 0.1227104 0.6081141
Moved 2643.953 448.6518 645.9911 0.2052125 0.6635572
Moved 2643.983 472.7731 663.6951 0.2610489 0.7090921
Moved 2644.014 490.4768 678.064 0.3020297 0.7460494
Moved 2644.045 503.8011 689.801 0.3328728 0.7762371
Moved 2644.076 518.9671 704.1393 0.3679794 0.8131152
Moved 2644.106 534.4799 717.7839 0.4038885 0.8482096
Moved 2644.137 546 727.5 0.4305556 0.8731995
Moved 2644.168 551.1799 731.09 0.442546 0.8824328
Moved 2644.198 553.9611 733.9611 0.4489841 0.8898175
Moved 2644.229 556 735.8328 0.4537037 0.8946314
Moved 2644.26 557.2634 736 0.4566282 0.8950616
Moved 2644.291 558.5 737 0.4594907 0.8976335
Moved 2644.321 558 737 0.4583333 0.8976335
Moved 2644.352 498.5396 706.7488 0.3206934 0.8198271
Moved 2644.383 452.0952 680.4345 0.2131833 0.7521462
Moved 2644.414 407.676 654.6272 0.1103611 0.6857695
Moved 2644.444 369.4482 631.9281 0.02187073 0.627387
Moved 2644.475 343.1355 616.5677 -0.03903821 0.58788
Moved 2644.506 319.9612 603.9807 -0.09268229 0.5555056
Moved 2644.536 302.2782 595.3669 -0.1336153 0.5333509
Moved 2644.567 289.3996 589.1998 -0.1634268 0.517489
Moved 2644.598 278.1442 584.0721 -0.189481 0.5043005
Moved 2644.628 268.5197 579.1732 -0.21176 0.4917005
Moved 2644.659 260.9053 575.3018 -0.2293859 0.4817431
Moved 2644.69 254 572.5 -0.2453704 0.474537
Moved 2644.721 249.9103 572 -0.2548374 0.4732509
Moved 2644.751 248.039 572 -0.259169 0.4732509
Moved 2644.782 246.5 572 -0.2627315 0.4732509
Stationary 2644.813 246.5 572 -0.2627315 0.4732509
Moved 2644.844 246 572 -0.2638889 0.4732509
Moved 2644.874 287.9083 618.5505 -0.1668789 0.5929797
Moved 2644.905 330.9068 645.9468 -0.06734531 0.6634433
Moved 2644.936 363.7859 666.1906 0.008763571 0.7155107
Moved 2644.966 389.8107 680.6061 0.06900618 0.7525875
Moved 2644.997 408.6612 690.8306 0.1126418 0.7788851
Moved 2645.028 423.1783 698.507 0.146246 0.7986289
Moved 2645.059 434.5879 704.2939 0.1726571 0.8135132
Moved 2645.089 440.5201 708.5201 0.1863892 0.8243827
Moved 2645.12 444.3862 711.3862 0.1953385 0.8317546
Moved 2645.151 446.9356 712.9356 0.2012398 0.8357397
Moved 2645.181 448 714.8084 0.2037037 0.8405566
Moved 2645.212 449 716 0.2060185 0.8436211
Moved 2645.243 449 717 0.2060185 0.8461932
Moved 2645.273 436.7108 719.0723 0.1775712 0.8515234
Moved 2645.304 414.5558 719 0.1262866 0.8513374
Moved 2645.335 384.8886 719 0.05761256 0.8513374
Moved 2645.366 364.6519 719 0.01076827 0.8513374
Moved 2645.396 345.6943 719 -0.03311495 0.8513374
Moved 2645.427 336.6282 719 -0.05410139 0.8513374
Moved 2645.458 334.0026 719 -0.06017919 0.8513374
Moved 2645.489 333 719 -0.06249999 0.8513374
Moved 2645.519 342.8696 704.9006 -0.03965373 0.8150735
Moved 2645.55 376.3579 689.0413 0.03786544 0.774283
Moved 2645.581 407.8747 667.3663 0.110821 0.7185345
Moved 2645.611 451.3135 646.6757 0.2113737 0.6653178
Moved 2645.642 486.3713 628.8409 0.2925263 0.6194465
Moved 2645.673 523.8644 611.9731 0.3793158 0.5760625
Moved 2645.704 551.5699 597.239 0.4434488 0.5381659
Moved 2645.734 573.6855 581.9389 0.4946425 0.498814
Moved 2645.765 588.7366 572.6317 0.529483 0.4748757
Moved 2645.796 596.5 567 0.5474536 0.4603909
Moved 2645.826 600.1522 564.9239 0.5559078 0.4550511
Moved 2645.857 602.9473 562.0527 0.562378 0.4476664
Moved 2645.888 603.5 561.5 0.5636574 0.4462448
Moved 2645.918 603 562 0.5624999 0.4475308
Moved 2645.949 589.6993 580.5608 0.5317115 0.4952694
Moved 2645.98 550.9775 626.0225 0.4420775 0.6121977
Moved 2646.011 515.9927 665.0073 0.3610941 0.7124673
Moved 2646.042 486.6255 697.3745 0.2931146 0.795716
Moved 2646.072 458.3685 724.228 0.2277048 0.8647839
Moved 2646.103 442.595 733.843 0.1911922 0.8895136
Moved 2646.134 431.7824 742.3741 0.166163 0.9114559
Moved 2646.164 423.6836 747.6582 0.1474158 0.9250467
Moved 2646.195 418.9374 751 0.1364291 0.9336418
Moved 2646.226 414.5975 753.4025 0.1263832 0.9398211
Moved 2646.256 411.1122 755 0.1183154 0.9439299
Moved 2646.287 409.6284 756.3716 0.1148806 0.9474577
Moved 2646.318 407.7469 757 0.1105252 0.9490739
Moved 2646.349 407 758 0.1087963 0.951646
Ended 2646.379 407 758 0.1087963 0.951646
Candidates 2646.502 13 immediately indirectly indicator undoubtedly broadly unexpectedly instructor invisible investigative inspector nearly intake initially
Began 2646.994 371 713 0.025463 0.8359053
Moved 2647.024 406.4944 717.9963 0.107626 0.8487557
Moved 2647.055 435.0196 723.502 0.1736563 0.8629165
Moved 2647.085 463.6108 729.1527 0.2398399 0.8774502
Moved 2647.116 499.2358 733.8726 0.3223051 0.8895898
Moved 2647.147 524.6654 737.8093 0.3811699 0.8997151
Moved 2647.178 540.3989 739 0.41759 0.9027777
Moved 2647.208 549.6588 740 0.439025 0.9053497
Moved 2647.239 556.0942 740 0.4539217 0.9053497
Moved 2647.27 560.9734 741 0.4652162 0.9079216
Ended 2647.301 563.8312 741 0.4718315 0.9079216
Accept 2647.362 0 immediately
Began 2647.546 463 705 0.2384259 0.8153291
Moved 2647.577 504.6143 705 0.3347555 0.8153291
Moved 2647.608 555.877 691.434 0.453419 0.7804372
Moved 2647.638 611.5 683.5 0.5821759 0.7600306
Moved 2647.669 638.4776 675.7045 0.6446241 0.7399806
Moved 2647.7 663.2483 664.8936 0.7019636 0.7121749
Moved 2647.731 677.6308 658.1846 0.7352566 0.6949192
Moved 2647.761 684.9501 654.3666 0.7521994 0.6850992
Moved 2647.792 690.2968 651.7032 0.764576 0.6782488
Moved 2647.823 695.1714 648.8286 0.7758598 0.6708553
Moved 2647.854 697.019 647.981 0.7801366 0.6686752
Moved 2647.884 699 647.3849 0.7847222 0.6671423
Moved 2647.915 700.0439 647 0.7871386 0.6661521
Moved 2647.946 701.5 646 0.7905092 0.6635801
Moved 2647.976 702.2495 644.7505 0.792244 0.6603665
Moved 2648.007 703.1404 645 0.7943065 0.6610081
Moved 2648.038 704.0669 643.9331 0.7964512 0.658264
Moved 2648.069 705 643 0.7986111 0.6558642
Moved 2648.099 706.0061 643 0.8009401 0.6558642
Moved 2648.13 706 641.5 0.8009259 0.6520061
Ended 2648.161 706 641.5 0.8009259 0.6520061
PhraseEnd 2648.222
