quit while you are ahead
quit while you are ahead
Basic
List

0.6 0.6
432 388.8
Began 1081.858 407 422 0.1087963 0.08744851
Moved 1081.889 390.6885 417.3639 0.0710382 0.07552437
Moved 1081.92 375.2326 412 0.03526062 0.06172835
Moved 1081.95 358.7673 410.9667 -0.002853523 0.0590707
Moved 1081.981 339.4017 411 -0.04768118 0.05915629
Moved 1082.012 320.222 411 -0.09207874 0.05915629
Moved 1082.042 303.6436 411 -0.1304545 0.05915629
Moved 1082.073 290.8896 411 -0.1599777 0.05915629
Moved 1082.104 280.7041 418.6905 -0.1835554 0.07893636
Moved 1082.135 270.5341 420.8665 -0.2070969 0.08453302
Moved 1082.165 262.5 425 -0.2256944 0.09516452
Moved 1082.196 256.4821 428.5179 -0.2396248 0.1042128
Moved 1082.227 252.8674 433.2652 -0.2479921 0.1164228
Moved 1082.257 251 443.0126 -0.2523148 0.1414933
Moved 1082.288 250 452.2734 -0.2546296 0.1653123
Moved 1082.319 250 462.764 -0.2546296 0.1922941
Moved 1082.35 260.5222 474.2611 -0.2302727 0.2218649
Moved 1082.38 263.3663 481.3663 -0.2236891 0.2401395
Moved 1082.411 263 494 -0.2245371 0.2726337
Moved 1082.442 257.2489 505.2864 -0.2378498 0.3016624
Moved 1082.473 253.5586 513.3242 -0.2463921 0.3223358
Moved 1082.503 253 515 -0.2476852 0.326646
Moved 1082.534 252 517.1069 -0.25 0.3320649
Moved 1082.565 249.026 518 -0.2568842 0.3343621
Moved 1082.596 244.1566 519.8434 -0.2681561 0.3391033
Moved 1082.626 240.3965 521.3018 -0.27686 0.3428543
Moved 1082.657 237.7379 523.2621 -0.2830141 0.3478963
Moved 1082.688 234.8638 524 -0.2896672 0.3497942
Moved 1082.719 231.9823 526.0178 -0.2963374 0.3549838
Moved 1082.749 229.9059 527.5471 -0.3011438 0.3589173
Moved 1082.78 226.5669 529.4332 -0.308873 0.3637683
Moved 1082.811 221.0327 533.4836 -0.3216835 0.3741862
Moved 1082.841 221 536.0212 -0.3217593 0.3807128
Moved 1082.872 221 540.8853 -0.3217593 0.3932233
Moved 1082.903 259.943 545 -0.2316134 0.4038065
Moved 1082.934 307.5327 545 -0.121452 0.4038065
Moved 1082.964 364.5103 529.7944 0.01044055 0.3646974
Moved 1082.995 420.9511 517.5409 0.1410906 0.3331812
Moved 1083.026 457.3484 509.1629 0.2253435 0.3116329
Moved 1083.056 481.5 505 0.28125 0.3009258
Moved 1083.087 503.5994 501.6287 0.332406 0.2922547
Moved 1083.118 515.8865 501 0.3608483 0.2906378
Moved 1083.149 522.1785 501 0.3754133 0.2906378
Moved 1083.179 524 501 0.3796296 0.2906378
Moved 1083.21 525 500.4749 0.3819444 0.2892871
Moved 1083.241 526.5 500 0.3854167 0.2880658
Moved 1083.271 526 499 0.3842592 0.2854938
Moved 1083.302 526 496.2297 0.3842592 0.2783686
Moved 1083.333 507.7833 490.3567 0.3420909 0.263263
Moved 1083.364 488.1673 484.4092 0.2966835 0.2479661
Moved 1083.395 459.9413 479.9117 0.2313456 0.2363984
Moved 1083.425 419.0565 477 0.1367048 0.2289094
Moved 1083.456 391.8338 477 0.07368942 0.2289094
Moved 1083.487 368.7853 477 0.02033641 0.2289094
Moved 1083.517 355.8549 477 -0.009595106 0.2289094
Moved 1083.548 340.0909 477 -0.04608577 0.2289094
Moved 1083.579 327.1024 477 -0.07615174 0.2289094
Moved 1083.61 318.447 482.4357 -0.09618759 0.24289
Moved 1083.64 309.8721 486.564 -0.1160369 0.253508
Moved 1083.671 301.6982 489.434 -0.134958 0.2608898
Moved 1083.702 294.0665 493.6224 -0.1526239 0.2716624
Moved 1083.733 288.2745 495.8628 -0.1660313 0.2774248
Moved 1083.763 283.2637 499.7363 -0.1776304 0.2873876
Ended 1083.794 281.8232 500 -0.1809648 0.2880658
Candidates 1083.948 13 detroit height fruit jewelry store theory sept harris cross therefore deputy hewitt kept
Began 1084.962 90 437 -0.6250001 0.1260288
Stationary 1084.992 90 437 -0.6250001 0.1260288
Stationary 1085.023 90 437 -0.6250001 0.1260288
Ended 1085.054 90 437 -0.6250001 0.1260288
Accept 1085.115 0 detroit
Delete 1085.115 LeftSwipe
Began 1085.638 375 451 0.03472219 0.162037
Stationary 1085.668 375 451 0.03472219 0.162037
Stationary 1085.699 375 451 0.03472219 0.162037
Moved 1085.73 385.5118 463.7678 0.05905519 0.1948759
Moved 1085.761 388.7636 470.2908 0.06658246 0.2116533
Moved 1085.791 391 479.9045 0.07175922 0.2363797
Moved 1085.822 391 489.0172 0.07175922 0.2598177
Moved 1085.853 391 497.1487 0.07175922 0.2807321
Moved 1085.884 380.0917 501.9083 0.04650861 0.2929739
Moved 1085.914 373.337 507.8315 0.03087272 0.3082085
Moved 1085.945 366.5811 512.7094 0.01523405 0.3207546
Moved 1085.976 361.6284 515.1858 0.003769398 0.3271238
Moved 1086.006 351.4961 519.252 -0.01968503 0.3375821
Moved 1086.037 338.0179 520.9964 -0.05088443 0.3420689
Moved 1086.068 323.6534 521 -0.08413578 0.3420781
Moved 1086.099 303.597 521 -0.1305624 0.3420781
Moved 1086.13 278.9764 521 -0.1875547 0.3420781
Moved 1086.16 260.2551 508.7517 -0.2308911 0.3105753
Moved 1086.191 245.6498 504.33 -0.2646994 0.2992025
Moved 1086.222 229.8415 499.1366 -0.3012928 0.285845
Moved 1086.252 216.4683 493.3873 -0.3322493 0.2710579
Moved 1086.283 204.1091 488.6437 -0.3608584 0.2588571
Moved 1086.314 194.8999 484.3 -0.3821761 0.2476851
Moved 1086.345 183.6716 478.8358 -0.4081675 0.2336312
Moved 1086.375 172.6357 474.0905 -0.4337138 0.221426
Moved 1086.406 165.0163 470.6721 -0.4513512 0.212634
Moved 1086.437 159.6799 470 -0.4637038 0.2109053
Stationary 1086.467 159.6799 470 -0.4637038 0.2109053
Moved 1086.498 157.8541 470 -0.4679302 0.2109053
Stationary 1086.529 157.8541 470 -0.4679302 0.2109053
Stationary 1086.56 158 470 -0.4675925 0.2109053
Stationary 1086.59 158 470 -0.4675925 0.2109053
Stationary 1086.621 158 470 -0.4675925 0.2109053
Moved 1086.652 158 478.1818 -0.4675925 0.2319489
Moved 1086.683 158 479.043 -0.4675925 0.234164
Stationary 1086.713 158 479 -0.4675925 0.2340534
Moved 1086.744 156.8132 479 -0.4703399 0.2340534
Moved 1086.775 152.2962 479 -0.4807958 0.2340534
Moved 1086.806 142.0735 479 -0.5044596 0.2340534
Moved 1086.836 130.4837 479 -0.5312878 0.2340534
Moved 1086.867 115.6275 468.1261 -0.565677 0.2060856
Moved 1086.898 99.49087 461.9963 -0.6030304 0.1903197
Moved 1086.928 89.15 458.7571 -0.6269675 0.1819884
Moved 1086.959 80.77465 454.9099 -0.6463549 0.1720932
Moved 1086.99 72.6505 452.2169 -0.665161 0.1651668
Moved 1087.021 65.52673 449.2634 -0.6816511 0.1575703
Ended 1087.051 56.54042 447.7915 -0.7024527 0.1537847
Delete 1087.113 LeftSwipe
Began 1087.543 281 512 -0.1828704 0.31893
Stationary 1087.574 281 512 -0.1828704 0.31893
Moved 1087.604 268.3133 512 -0.2122377 0.31893
Moved 1087.635 258.2786 505.65 -0.2354662 0.3025977
Moved 1087.666 243.2223 503.2444 -0.2703188 0.2964105
Moved 1087.697 229.4976 503 -0.302089 0.2957818
Moved 1087.727 218.5172 502 -0.3275066 0.2932098
Moved 1087.758 212.0134 502 -0.3425615 0.2932098
Moved 1087.789 206.2771 501 -0.3558401 0.2906378
Moved 1087.82 200.5439 501 -0.3691113 0.2906378
Moved 1087.85 195 501 -0.3819444 0.2906378
Moved 1087.881 189.5874 499.8625 -0.3944735 0.287712
Moved 1087.912 182.9635 500 -0.4098067 0.2880658
Moved 1087.943 176.232 500 -0.4253889 0.2880658
Moved 1087.973 170.3913 500 -0.4389091 0.2880658
Moved 1088.004 164.4401 500 -0.452685 0.2880658
Moved 1088.035 160.5 500 -0.4618056 0.2880658
Moved 1088.065 153.9526 500 -0.4769615 0.2880658
Moved 1088.096 152.6137 500 -0.4800609 0.2880658
Moved 1088.127 149.6987 500 -0.4868087 0.2880658
Moved 1088.158 148.8832 500 -0.4886964 0.2880658
Moved 1088.188 149 507.8102 -0.4884259 0.3081539
Moved 1088.219 149 510.6146 -0.4884259 0.3153667
Moved 1088.25 149 512.4944 -0.4884259 0.3202016
Moved 1088.281 149 515.3704 -0.4884259 0.3275986
Moved 1088.311 155.1112 516.873 -0.4742797 0.3314635
Moved 1088.342 159.7058 518.7059 -0.4636438 0.3361776
Moved 1088.373 165.1536 519.5384 -0.4510334 0.3383188
Moved 1088.404 189 521 -0.3958333 0.3420781
Moved 1088.434 228.4958 511.6689 -0.3044078 0.3180783
Moved 1088.465 279.6895 498.8276 -0.1859038 0.2850504
Moved 1088.496 320.6315 489.2566 -0.09113073 0.2604335
Moved 1088.526 352.8852 482.2787 -0.01646941 0.2424862
Moved 1088.557 385.8909 474.4218 0.05993257 0.2222782
Moved 1088.588 401.8122 472 0.0967875 0.2160493
Moved 1088.619 411.0994 471 0.1182857 0.2134772
Moved 1088.649 414.6056 471 0.1264018 0.2134772
Moved 1088.68 416.2384 471 0.1301815 0.2134772
Moved 1088.711 418.3482 471 0.1350652 0.2134772
Moved 1088.742 420.9109 470 0.1409975 0.2109053
Moved 1088.772 429.0223 470 0.1597739 0.2109053
Moved 1088.803 442.142 469 0.1901435 0.2083333
Moved 1088.834 455.008 469 0.2199258 0.2083333
Moved 1088.865 463.0141 469 0.2384585 0.2083333
Moved 1088.895 472.625 469 0.2607059 0.2083333
Moved 1088.926 478.7471 469 0.2748775 0.2083333
Moved 1088.957 480 469 0.2777778 0.2083333
Moved 1088.987 481 469 0.2800926 0.2083333
Stationary 1089.018 481 469 0.2800926 0.2083333
Moved 1089.049 459.5499 480.8167 0.2304395 0.2387261
Moved 1089.08 444.0782 486.6406 0.1946253 0.2537052
Moved 1089.11 425.1741 496.913 0.150866 0.2801258
Moved 1089.141 402.7558 505.5332 0.09897182 0.3022973
Moved 1089.172 381.1668 514.2777 0.0489972 0.3247883
Moved 1089.203 374.5 515.5 0.03356477 0.327932
Moved 1089.233 361.5 520 0.003472269 0.3395061
Moved 1089.264 350.556 521.2888 -0.02186119 0.342821
Moved 1089.295 338.6532 523 -0.04941384 0.3472221
Moved 1089.325 327.0217 524 -0.07633875 0.3497942
Moved 1089.356 318.3889 524 -0.0963221 0.3497942
Moved 1089.387 312.2516 524 -0.1105288 0.3497942
Moved 1089.418 306.2299 524 -0.1244679 0.3497942
Moved 1089.448 301.2223 524 -0.1360595 0.3497942
Moved 1089.479 299.3468 524 -0.140401 0.3497942
Moved 1089.51 297.9132 524 -0.1437194 0.3497942
Ended 1089.541 298 525 -0.1435185 0.3523662
Candidates 1089.663 13 require equity edit quit quote earlier quite early write wait resort white air
Began 1090.954 310 385 -0.1157407 -0.007716127
Stationary 1090.985 310 385 -0.1157407 -0.007716127
Stationary 1091.016 310 385 -0.1157407 -0.007716127
Moved 1091.046 292.7367 385 -0.155702 -0.007716127
Moved 1091.077 273.4419 385 -0.2003661 -0.007716127
Moved 1091.108 249.2902 400.3549 -0.2562728 0.03177698
Moved 1091.139 227.7437 410.1282 -0.3061488 0.05691395
Moved 1091.169 211.5 417 -0.34375 0.0745884
Moved 1091.2 199.2472 424.4517 -0.372113 0.09375422
Moved 1091.231 188.9565 432.029 -0.3959339 0.1132432
Moved 1091.261 179.3162 442.5784 -0.4182496 0.1403765
Moved 1091.292 173.3591 449.9613 -0.432039 0.1593654
Moved 1091.323 168.399 458.9015 -0.4435208 0.1823597
Moved 1091.354 165.8348 465.4957 -0.4494566 0.1993202
Moved 1091.384 163.9637 474.1454 -0.4537878 0.2215673
Moved 1091.415 162 484.7236 -0.4583334 0.2487747
Moved 1091.446 159.5852 498.0738 -0.463923 0.2831115
Moved 1091.477 157.7125 507.8625 -0.4682581 0.3082882
Moved 1091.507 155.1287 520.3564 -0.4742391 0.3404229
Moved 1091.538 153 533.8293 -0.4791667 0.3750752
Moved 1091.569 152 545.7265 -0.4814814 0.4056751
Moved 1091.599 151 552.8956 -0.4837963 0.424114
Moved 1091.63 150 558.9213 -0.4861112 0.4396124
Moved 1091.661 149.1705 565.659 -0.4880312 0.4569418
Moved 1091.692 149 570.3794 -0.4884259 0.4690827
Moved 1091.722 148 575 -0.4907407 0.480967
Moved 1091.753 146.871 579.2581 -0.4933542 0.4919187
Moved 1091.784 145.9995 584.001 -0.4953716 0.5041177
Moved 1091.814 146 588.8748 -0.4953704 0.5166531
Moved 1091.845 145 592.6174 -0.4976852 0.5262793
Moved 1091.876 143.7166 597.5668 -0.5006559 0.539009
Moved 1091.907 144 602.3087 -0.5000001 0.5512053
Moved 1091.938 144 606.0291 -0.5000001 0.5607742
Moved 1091.968 144 609.5 -0.5000001 0.5697016
Moved 1091.999 143 612.4104 -0.5023148 0.5771871
Moved 1092.03 143 615.2774 -0.5023148 0.5845612
Moved 1092.061 141.5 616.5 -0.505787 0.5877057
Moved 1092.091 141 619.7091 -0.5069445 0.5959595
Moved 1092.122 139.4164 622.5836 -0.5106102 0.6033528
Ended 1092.153 137.9795 623 -0.5139364 0.6044238
Accept 1092.214 3 quit
Began 1092.767 416 476 0.1296297 0.2263374
Stationary 1092.798 416 476 0.1296297 0.2263374
Stationary 1092.829 416 476 0.1296297 0.2263374
Moved 1092.859 404.7457 468.8381 0.103578 0.2079169
Moved 1092.89 394.3362 464.6681 0.0794818 0.1971915
Moved 1092.921 386.3765 460.9177 0.06105661 0.1875453
Moved 1092.952 377.7578 457.5859 0.04110595 0.1789761
Moved 1092.982 365.5761 454.7152 0.01290778 0.1715925
Moved 1093.013 353.8655 455 -0.01420021 0.172325
Moved 1093.044 340.4944 455 -0.04515191 0.172325
Moved 1093.075 332.2709 455 -0.06418779 0.172325
Moved 1093.105 325.8227 455 -0.07911409 0.172325
Moved 1093.136 320.0897 455 -0.09238496 0.172325
Moved 1093.167 314.1706 462.8294 -0.1060867 0.1924623
Moved 1093.198 308.6051 465.6974 -0.1189697 0.199839
Moved 1093.228 302.4827 469.2587 -0.133142 0.2089985
Moved 1093.259 294.64 474.24 -0.1512962 0.2218106
Moved 1093.29 286.0235 479.9843 -0.1712418 0.2365851
Moved 1093.32 278.0681 483.288 -0.1896573 0.2450822
Moved 1093.351 268.8357 488.7762 -0.2110285 0.2591981
Moved 1093.382 261.5056 493.4944 -0.2279962 0.2713332
Moved 1093.413 253.6325 497.245 -0.246221 0.2809798
Moved 1093.443 243.2262 501.3869 -0.2703098 0.2916329
Moved 1093.474 233.2977 506.1349 -0.2932924 0.3038447
Moved 1093.505 224.6783 509.4406 -0.3132446 0.312347
Moved 1093.535 219.6964 512 -0.3247769 0.31893
Moved 1093.566 217.5 512 -0.3298611 0.31893
Moved 1093.597 216.8629 512 -0.3313358 0.31893
Moved 1093.628 215.4142 513 -0.3346894 0.321502
Moved 1093.659 211.8656 515.0672 -0.3429038 0.3268189
Moved 1093.689 207.0195 518 -0.3541216 0.3343621
Moved 1093.72 213.8205 520 -0.3383784 0.3395061
Moved 1093.751 272.0883 504.2117 -0.2034993 0.2988984
Moved 1093.781 329.714 486.0953 -0.07010643 0.2523028
Moved 1093.812 371.7759 472.1804 0.02725899 0.2165132
Moved 1093.843 408.1002 453.9454 0.1113431 0.1696125
Moved 1093.874 429 441.5 0.1597223 0.1376028
Moved 1093.904 446.0594 431.7644 0.1992114 0.1125627
Moved 1093.935 455.8365 424.1635 0.2218438 0.09301287
Moved 1093.966 460.1574 420.6851 0.231846 0.08406658
Moved 1093.997 462 418.2813 0.2361111 0.07788379
Moved 1094.027 463 413.8232 0.2384259 0.06641753
Moved 1094.058 463 409.5386 0.2384259 0.05539752
Moved 1094.089 463 409 0.2384259 0.05401234
Stationary 1094.12 463 409 0.2384259 0.05401234
Moved 1094.15 464.4935 455.2011 0.241883 0.1728423
Moved 1094.181 470.8685 489.8511 0.25664 0.2619626
Moved 1094.212 476.1667 512.7499 0.2689043 0.3208586
Moved 1094.242 482.9717 534.934 0.2846568 0.3779166
Moved 1094.273 486.8713 550.4854 0.2936836 0.4179149
Moved 1094.304 489.7334 559.2001 0.3003088 0.4403293
Moved 1094.335 491.2837 562.2837 0.3038974 0.4482605
Moved 1094.365 491 565.1603 0.3032407 0.4556592
Moved 1094.396 493.0378 565 0.3079578 0.4552468
Moved 1094.427 497.3426 548.2869 0.3179227 0.4122605
Moved 1094.458 502.8658 518.6711 0.3307078 0.3360881
Moved 1094.488 508.6143 488.3139 0.3440146 0.2580089
Moved 1094.519 513.3571 464.5715 0.3549933 0.1969432
Moved 1094.55 516 444.7762 0.3611111 0.1460292
Moved 1094.58 518.6163 426.9187 0.3671673 0.1000995
Moved 1094.611 520.4898 413.5508 0.3715042 0.06571711
Moved 1094.642 521 407.2834 0.3726852 0.04959718
Moved 1094.673 522 401.2244 0.375 0.03401321
Moved 1094.703 522 392.4821 0.375 0.01152792
Moved 1094.734 522 385.3691 0.375 -0.006766888
Moved 1094.765 522 379.8028 0.375 -0.02108342
Moved 1094.795 522 373.9936 0.375 -0.03602471
Moved 1094.826 522 367.6988 0.375 -0.05221512
Moved 1094.857 512.0094 367 0.3518736 -0.05401234
Moved 1094.888 499.2324 367 0.3222971 -0.05401234
Moved 1094.918 475.7475 383.9394 0.2679339 -0.01044403
Moved 1094.949 453.7338 398.1521 0.2169764 0.02611129
Moved 1094.98 436.9752 409.6832 0.1781832 0.05576957
Moved 1095.011 421.9214 420.2471 0.1433367 0.08294003
Moved 1095.041 405.254 434.746 0.1047547 0.1202313
Moved 1095.072 391.3486 446.6514 0.07256617 0.1508524
Moved 1095.103 380.0042 457.9958 0.04630606 0.1800302
Moved 1095.134 368.5596 470.4404 0.01981397 0.2120379
Moved 1095.164 359.5501 480.9331 -0.001041343 0.2390254
Moved 1095.195 350.9361 492.4185 -0.02098118 0.2685661
Moved 1095.226 342.3227 500.7849 -0.04091963 0.2900844
Moved 1095.256 336.231 509.3069 -0.0550208 0.3120034
Moved 1095.287 329.7074 516.2926 -0.07012183 0.3299706
Moved 1095.318 322.6735 523.3265 -0.08640394 0.3480619
Moved 1095.349 315.9536 530.0464 -0.1019594 0.3653458
Moved 1095.379 310.2102 535.8949 -0.1152541 0.380388
Moved 1095.41 305.2332 540.7668 -0.1267751 0.3929187
Moved 1095.441 300.3685 544.3157 -0.1380359 0.4020465
Moved 1095.472 293.6218 550.3782 -0.1536533 0.4176394
Moved 1095.502 287.879 553.0605 -0.1669467 0.4245382
Moved 1095.533 285.3098 554.6902 -0.1728941 0.42873
Moved 1095.564 280.0905 556.4548 -0.1849758 0.4332683
Moved 1095.594 276.67 557 -0.1928935 0.4346707
Moved 1095.625 271.6012 557 -0.2046269 0.4346707
Moved 1095.656 267.4662 557 -0.2141986 0.4346707
Moved 1095.687 263.3652 557 -0.2236917 0.4346707
Moved 1095.717 259 557 -0.2337963 0.4346707
Moved 1095.748 255.6389 557 -0.2415767 0.4346707
Moved 1095.779 253.0969 550 -0.2474609 0.4166666
Moved 1095.81 250.2319 549 -0.2540929 0.4140946
Moved 1095.84 248.3681 548 -0.2584073 0.4115225
Moved 1095.871 245.8942 546.8942 -0.2641339 0.4086783
Moved 1095.902 243.9874 545.9874 -0.2685476 0.4063462
Ended 1095.933 242 546 -0.2731481 0.4063785
Candidates 1095.994 13 while whole people felt yellow fertile style stroke strike apple trailer for settle
Began 1097.008 361 526 0.002314846 0.3549381
Stationary 1097.039 361 526 0.002314846 0.3549381
Moved 1097.07 350.7514 526 -0.0214088 0.3549381
Moved 1097.1 341.2751 526 -0.0433447 0.3549381
Moved 1097.131 330.6324 519 -0.06798059 0.3369341
Moved 1097.162 321.0138 516.6713 -0.09024585 0.3309445
Moved 1097.193 314.5931 517 -0.1051085 0.33179
Moved 1097.223 310.5587 516 -0.1144476 0.329218
Moved 1097.254 307.4059 516 -0.1217456 0.329218
Moved 1097.285 304.5317 516 -0.1283988 0.329218
Moved 1097.315 301.6522 516 -0.1350644 0.329218
Moved 1097.346 300.0847 516 -0.1386929 0.329218
Moved 1097.377 298.2098 516 -0.1430329 0.329218
Moved 1097.408 296.3361 516 -0.1473702 0.329218
Moved 1097.438 294.9176 516 -0.1506538 0.329218
Moved 1097.469 295 525.6215 -0.150463 0.3539646
Moved 1097.5 295 524.5 -0.150463 0.3510802
Moved 1097.531 295 526.8093 -0.150463 0.3570198
Moved 1097.561 309.9566 530.6522 -0.1158411 0.3669038
Moved 1097.592 353.6834 536 -0.01462172 0.3806583
Moved 1097.623 372.0239 536 0.02783319 0.3806583
Moved 1097.654 403.5958 536 0.1009162 0.3806583
Moved 1097.684 430.9301 536 0.16419 0.3806583
Moved 1097.715 455.2753 536 0.2205446 0.3806583
Moved 1097.746 477.7016 527.2984 0.2724574 0.3582777
Moved 1097.776 498.0595 528 0.3195823 0.3600822
Moved 1097.807 520.3817 527 0.3712538 0.3575102
Moved 1097.838 540.4526 525.5068 0.4177143 0.3536696
Moved 1097.869 546.732 526 0.43225 0.3549381
Moved 1097.899 548.9319 525 0.4373423 0.3523662
Moved 1097.93 549.5 525 0.4386574 0.3523662
Moved 1097.961 549 522.3149 0.4375 0.34546
Moved 1097.992 526.3735 516.3494 0.3851238 0.3301167
Moved 1098.022 486.6313 506.635 0.293128 0.3051312
Moved 1098.053 455.3385 502.0339 0.220691 0.293297
Moved 1098.084 432.9721 499.162 0.1689169 0.2859104
Moved 1098.115 418.2764 496.6553 0.134899 0.2794631
Moved 1098.145 407.3446 496 0.109594 0.2777777
Moved 1098.176 399.8277 495 0.09219369 0.2752057
Moved 1098.207 398.5 495 0.08912037 0.2752057
Ended 1098.237 399 495 0.09027779 0.2752057
Accept 1098.33 0 while
Candidates 1098.33 13 you to roy toy root report terror reply error too deputy output territory
Began 1099.159 364 281 0.009259283 -0.2752058
Moved 1099.19 356.9957 281 -0.006954323 -0.2752058
Moved 1099.221 331.5527 269.4211 -0.06585032 -0.3049869
Moved 1099.251 306.3437 261.4777 -0.1242045 -0.3254176
Moved 1099.282 289.7641 256.9214 -0.1625831 -0.3371364
Moved 1099.313 275.3521 253.088 -0.1959443 -0.3469959
Moved 1099.344 262.8354 249.2089 -0.2249182 -0.3569731
Moved 1099.375 253 248 -0.2476852 -0.3600824
Moved 1099.405 244.0839 247 -0.2683243 -0.3626543
Moved 1099.436 237.7872 246 -0.2829 -0.3652264
Moved 1099.467 230.0664 246 -0.3007722 -0.3652264
Moved 1099.497 223.9648 246 -0.3148964 -0.3652264
Moved 1099.528 218.2238 246 -0.3281856 -0.3652264
Moved 1099.559 214.7322 246 -0.336268 -0.3652264
Moved 1099.589 212.8663 246 -0.3405871 -0.3652264
Moved 1099.62 210.3698 246 -0.3463661 -0.3652264
Moved 1099.651 206.0154 255.9846 -0.3564459 -0.3395458
Moved 1099.682 203.625 267.8752 -0.3619792 -0.3089631
Moved 1099.713 201.0639 280.6804 -0.3679076 -0.2760278
Moved 1099.743 195.4302 297.1395 -0.3809485 -0.2336948
Moved 1099.774 189.06 312.2333 -0.3956943 -0.1948733
Moved 1099.805 178.4105 326.5895 -0.4203459 -0.157949
Moved 1099.835 168.842 339.1974 -0.4424953 -0.125521
Moved 1099.866 162.1649 347.7527 -0.4579517 -0.1035168
Moved 1099.897 155.4089 355.3867 -0.4735906 -0.08388213
Moved 1099.928 148.5 362.5 -0.4895833 -0.06558649
Moved 1099.958 144.5301 367.4699 -0.498773 -0.05280381
Moved 1099.989 141.8973 372.2054 -0.5048673 -0.04062409
Moved 1100.02 140 375.9492 -0.5092592 -0.03099489
Moved 1100.051 138.4868 378.5132 -0.5127619 -0.02440033
Moved 1100.081 138 381.3846 -0.513889 -0.01701504
Moved 1100.112 137 384.2574 -0.5162037 -0.009625988
Moved 1100.143 137 387.1289 -0.5162037 -0.002240506
Moved 1100.173 137 388.626 -0.5162037 0.001610101
Moved 1100.204 137 390.5003 -0.5162037 0.006430747
Stationary 1100.235 137 391 -0.5162037 0.007715971
Moved 1100.266 137 392.374 -0.5162037 0.01124986
Moved 1100.296 137 393.1093 -0.5162037 0.0131412
Moved 1100.327 135.3273 394.6727 -0.5200757 0.01716217
Moved 1100.358 125.7068 396.5489 -0.5423454 0.0219878
Moved 1100.389 106.3913 397 -0.5870573 0.02314815
Moved 1100.419 84.86847 397 -0.6368786 0.02314815
Moved 1100.45 66.14169 397 -0.6802276 0.02314815
Moved 1100.481 49.5 398.5 -0.71875 0.02700609
Moved 1100.511 44.77669 398 -0.7296836 0.02572008
Moved 1100.542 39.8048 398 -0.7411926 0.02572008
Moved 1100.573 38.03083 398 -0.745299 0.02572008
Moved 1100.604 37 398 -0.7476851 0.02572008
Moved 1100.634 34.6195 398 -0.7531956 0.02572008
Ended 1100.665 31 398 -0.761574 0.02572008
Accept 1100.727 0 you
Delete 1100.727 LeftSwipe
Began 1101.341 95 485 -0.613426 0.2494856
Stationary 1101.372 95 485 -0.613426 0.2494856
Stationary 1101.403 95 485 -0.613426 0.2494856
Stationary 1101.433 95 485 -0.613426 0.2494856
Stationary 1101.464 95 485 -0.613426 0.2494856
Stationary 1101.495 95 485 -0.613426 0.2494856
Stationary 1101.526 95 485 -0.613426 0.2494856
Stationary 1101.556 95 485 -0.613426 0.2494856
Stationary 1101.587 95 485 -0.613426 0.2494856
Stationary 1101.618 95 485 -0.613426 0.2494856
Stationary 1101.649 95 485 -0.613426 0.2494856
Stationary 1101.679 95 485 -0.613426 0.2494856
Stationary 1101.71 95 485 -0.613426 0.2494856
Stationary 1101.741 95 485 -0.613426 0.2494856
Moved 1101.771 105.9137 485 -0.5881627 0.2494856
Moved 1101.802 107.4128 485 -0.5846925 0.2494856
Moved 1101.833 110.3612 485 -0.5778677 0.2494856
Moved 1101.864 112.2413 485 -0.5735154 0.2494856
Moved 1101.894 115.1156 485 -0.5668619 0.2494856
Moved 1101.925 117.6521 485 -0.5609905 0.2494856
Moved 1101.956 119.2621 485 -0.5572637 0.2494856
Moved 1101.987 121.5 485 -0.5520834 0.2494856
Moved 1102.017 123.9387 485 -0.5464383 0.2494856
Moved 1102.048 129.3566 476.2145 -0.5338967 0.226889
Moved 1102.079 135.309 472.691 -0.5201179 0.2178265
Moved 1102.109 144.0895 465.4329 -0.4997929 0.1991587
Moved 1102.14 151.2272 458.7728 -0.4832704 0.1820288
Moved 1102.171 155.9455 452.109 -0.4723484 0.1648893
Moved 1102.202 159.822 445.5341 -0.4633751 0.1479785
Moved 1102.233 162.5 441 -0.4571759 0.1363167
Moved 1102.263 164.2095 435.3715 -0.4532188 0.1218402
Moved 1102.294 166.0805 425.678 -0.4488878 0.09690834
Moved 1102.325 167.9525 417.1424 -0.4445543 0.07495468
Moved 1102.355 169 407.9107 -0.4421296 0.05121054
Moved 1102.386 171.3969 398.8092 -0.4365812 0.02780137
Moved 1102.417 173.2717 391.185 -0.4322415 0.008191827
Moved 1102.448 175.1431 385.7138 -0.4279095 -0.005880206
Moved 1102.478 177 379.6456 -0.4236111 -0.02148781
Moved 1102.509 179 374.36 -0.4189815 -0.03508226
Moved 1102.54 181.414 367.172 -0.4133935 -0.05357004
Moved 1102.571 182.9423 363.1155 -0.4098558 -0.06400356
Moved 1102.601 184 360.2119 -0.4074074 -0.07147149
Moved 1102.632 185.5 357.5 -0.4039352 -0.07844657
Moved 1102.663 185.5281 356 -0.4038701 -0.0823046
Moved 1102.693 186.5 356 -0.4016204 -0.0823046
Moved 1102.724 187 355 -0.4004629 -0.08487654
Moved 1102.755 187.815 355 -0.3985763 -0.08487654
Moved 1102.786 188.5 355 -0.3969907 -0.08487654
Moved 1102.816 189.1714 355 -0.3954365 -0.08487654
Moved 1102.847 191.0692 362.4844 -0.3910435 -0.06562645
Moved 1102.878 195.7838 368.7838 -0.3801301 -0.04942442
Moved 1102.909 204.921 377.5368 -0.3589791 -0.02691159
Moved 1102.939 217.4993 390.4993 -0.3298628 0.006428078
Moved 1102.97 223.2491 396.4982 -0.316553 0.02185751
Moved 1103.001 227.1234 400.1234 -0.3075847 0.03118154
Moved 1103.031 229.6606 402.6606 -0.3017116 0.03770722
Moved 1103.062 231 404 -0.2986111 0.04115226
Moved 1103.093 232.4035 405 -0.2953623 0.04372424
Moved 1103.124 232 406.5 -0.2962963 0.04758226
Moved 1103.154 234.5 407 -0.2905093 0.04886827
Moved 1103.185 235.6351 408.6351 -0.2878817 0.05307385
Moved 1103.216 243.9795 412.9897 -0.268566 0.06427392
Moved 1103.247 258.4858 419.1822 -0.2349866 0.08020107
Moved 1103.277 279.4654 426.7709 -0.1864226 0.0997192
Moved 1103.308 305.9655 432.5931 -0.1250799 0.114694
Moved 1103.339 333 439 -0.06249999 0.1311728
Moved 1103.37 352.3142 443.3755 -0.01779119 0.1424266
Moved 1103.4 369.3318 447.1327 0.02160132 0.1520901
Moved 1103.431 382.7513 449.9378 0.05266507 0.159305
Moved 1103.462 391.1788 452.3929 0.07217318 0.1656197
Moved 1103.492 396.7688 454 0.08511304 0.169753
Moved 1103.523 401.2583 456.2584 0.09550542 0.1755615
Moved 1103.554 406.2516 457 0.107064 0.1774691
Moved 1103.585 410.321 458 0.1164839 0.180041
Moved 1103.615 413.5318 459 0.1239162 0.1826131
Moved 1103.646 416.4073 459 0.1305725 0.1826131
Moved 1103.677 418.5 459 0.1354167 0.1826131
Moved 1103.708 420.5 459 0.1400463 0.1826131
Moved 1103.738 421.1072 459 0.141452 0.1826131
Moved 1103.769 422 459 0.1435185 0.1826131
Stationary 1103.8 422 459 0.1435185 0.1826131
Moved 1103.831 382.7574 450.4545 0.05267928 0.1606339
Moved 1103.861 322.8719 450 -0.08594463 0.1594649
Moved 1103.892 268.5 450 -0.2118056 0.1594649
Moved 1103.923 228.9194 458.22 -0.3034274 0.180607
Moved 1103.953 197.0422 460 -0.3772172 0.1851851
Moved 1103.984 173.3274 461.9636 -0.4321126 0.1902356
Moved 1104.015 151.2453 463 -0.4832284 0.1929011
Moved 1104.046 135.982 466.8072 -0.5185602 0.2026933
Moved 1104.076 122.901 468 -0.5488403 0.2057612
Moved 1104.107 108.2406 469 -0.5827764 0.2083333
Moved 1104.138 98.23223 469 -0.6059439 0.2083333
Moved 1104.168 89.89361 469 -0.6252462 0.2083333
Ended 1104.199 86 469 -0.6342593 0.2083333
Candidates 1104.261 6 sq q iraq nasdaq iq you
Began 1104.875 87 436 -0.6319444 0.1234567
Stationary 1104.906 87 436 -0.6319444 0.1234567
Ended 1104.937 87 436 -0.6319444 0.1234567
Accept 1104.998 0 sq
Delete 1104.998 LeftSwipe
Began 1105.613 420 501 0.1388889 0.2906378
Stationary 1105.644 420 501 0.1388889 0.2906378
Stationary 1105.674 420 501 0.1388889 0.2906378
Stationary 1105.705 420 501 0.1388889 0.2906378
Stationary 1105.736 420 501 0.1388889 0.2906378
Stationary 1105.767 420 501 0.1388889 0.2906378
Moved 1105.797 407.2719 501 0.1094257 0.2906378
Moved 1105.828 401.3838 510.1566 0.09579588 0.3141888
Moved 1105.859 393.1382 508 0.07670879 0.3086419
Moved 1105.889 387.6841 508 0.06408343 0.3086419
Moved 1105.92 382.921 508 0.05305787 0.3086419
Moved 1105.951 379.4419 508 0.04500448 0.3086419
Moved 1105.982 375.1324 508 0.03502876 0.3086419
Moved 1106.012 372.5 508 0.02893518 0.3086419
Stationary 1106.043 372.5 508 0.02893518 0.3086419
Moved 1106.074 369.254 508 0.02142131 0.3086419
Moved 1106.105 365.3807 508 0.01245538 0.3086419
Moved 1106.135 361.5104 508 0.003496309 0.3086419
Moved 1106.166 361 508 0.002314846 0.3086419
Stationary 1106.197 361 508 0.002314846 0.3086419
Stationary 1106.228 361 508 0.002314846 0.3086419
Moved 1106.258 374 508 0.03240744 0.3086419
Moved 1106.289 395.046 508 0.081125 0.3086419
Moved 1106.32 425.3112 499.9689 0.1511832 0.2879857
Moved 1106.35 454.0005 496 0.2175939 0.2777777
Moved 1106.381 468.3996 494 0.2509249 0.2726337
Moved 1106.412 483.0348 493 0.2848027 0.2700616
Moved 1106.443 494.8966 492 0.3122606 0.2674896
Moved 1106.473 501.2239 492 0.3269071 0.2674896
Moved 1106.504 502.5919 492 0.3300739 0.2674896
Moved 1106.535 505.4663 492 0.3367275 0.2674896
Moved 1106.566 506 492 0.337963 0.2674896
Moved 1106.596 507 492 0.3402778 0.2674896
Stationary 1106.627 507 492 0.3402778 0.2674896
Moved 1106.658 508.0522 492 0.3427135 0.2674896
Stationary 1106.688 508 492 0.3425926 0.2674896
Moved 1106.719 500.5215 492 0.3252813 0.2674896
Moved 1106.75 465.6334 491 0.2445217 0.2649176
Moved 1106.781 441.8039 488.756 0.1893609 0.2591459
Moved 1106.811 422.9987 489 0.1458302 0.2597736
Moved 1106.842 411.4965 487.8121 0.1192047 0.2567182
Moved 1106.873 397.7187 488 0.08731166 0.2572016
Moved 1106.904 388.1907 488 0.06525636 0.2572016
Moved 1106.934 383.021 488 0.05328944 0.2572016
Moved 1106.965 379.6374 488 0.04545689 0.2572016
Moved 1106.996 378.5 488 0.04282405 0.2572016
Moved 1107.027 379 488 0.04398147 0.2572016
Ended 1107.057 379 488 0.04398147 0.2572016
Candidates 1107.15 13 you toy i output root utility roy your tour u for it error
Began 1108.164 151 381 -0.4837963 -0.01800419
Stationary 1108.194 151 381 -0.4837963 -0.01800419
Stationary 1108.225 151 381 -0.4837963 -0.01800419
Stationary 1108.256 151 381 -0.4837963 -0.01800419
Stationary 1108.286 151 381 -0.4837963 -0.01800419
Stationary 1108.317 151 381 -0.4837963 -0.01800419
Stationary 1108.348 151 381 -0.4837963 -0.01800419
Stationary 1108.379 151 381 -0.4837963 -0.01800419
Stationary 1108.409 151 381 -0.4837963 -0.01800419
Stationary 1108.44 151 381 -0.4837963 -0.01800419
Stationary 1108.471 151 381 -0.4837963 -0.01800419
Stationary 1108.502 151 381 -0.4837963 -0.01800419
Stationary 1108.532 151 381 -0.4837963 -0.01800419
Stationary 1108.563 151 381 -0.4837963 -0.01800419
Stationary 1108.594 151 381 -0.4837963 -0.01800419
Stationary 1108.625 151 381 -0.4837963 -0.01800419
Stationary 1108.655 151 381 -0.4837963 -0.01800419
Stationary 1108.686 151 381 -0.4837963 -0.01800419
Moved 1108.717 160.5039 381 -0.4617965 -0.01800419
Moved 1108.748 163.3878 381 -0.4551209 -0.01800419
Moved 1108.778 170.7449 381 -0.4380906 -0.01800419
Moved 1108.809 192.277 399.0216 -0.3882477 0.02834771
Moved 1108.84 231.0985 432.9764 -0.2983831 0.1156801
Moved 1108.87 254.0092 456.0092 -0.2453491 0.1749205
Moved 1108.901 263.5626 464.5626 -0.2232347 0.1969201
Moved 1108.932 276.8633 479.8405 -0.1924461 0.2362151
Moved 1108.963 287.3613 494.042 -0.1681451 0.2727417
Moved 1108.993 292.727 505.908 -0.1557246 0.3032612
Moved 1109.024 297.1939 515.7909 -0.1453845 0.3286802
Moved 1109.055 300.0956 523.2869 -0.1386675 0.3479601
Moved 1109.086 302.9696 530.9088 -0.1320148 0.3675637
Moved 1109.116 304 535.6948 -0.1296296 0.3798733
Moved 1109.147 304 540 -0.1296296 0.3909464
Moved 1109.178 304 543.698 -0.1296296 0.4004577
Moved 1109.208 304 547.5699 -0.1296296 0.4104163
Moved 1109.239 304 549.0083 -0.1296296 0.4141159
Moved 1109.27 304 550.5265 -0.1296296 0.4180208
Moved 1109.301 304 553.4011 -0.1296296 0.4254141
Moved 1109.331 289.8997 554 -0.1622693 0.4269547
Moved 1109.362 281.5728 554 -0.1815446 0.4269547
Moved 1109.393 273.1223 554 -0.2011058 0.4269547
Moved 1109.424 264.226 543.8173 -0.2216991 0.4007647
Moved 1109.454 254.5987 538.0658 -0.2439846 0.3859716
Moved 1109.485 246.9806 531.9871 -0.261619 0.370337
Moved 1109.516 233.0625 522.6875 -0.2938369 0.3464184
Moved 1109.547 226.4323 516.6215 -0.3091844 0.3308166
Moved 1109.577 223.2312 513.2312 -0.3165945 0.3220966
Moved 1109.608 220.4425 510.4425 -0.3230498 0.3149241
Moved 1109.639 219.0066 509.0066 -0.3263736 0.3112308
Moved 1109.669 218 508 -0.3287037 0.3086419
Ended 1109.7 218 508 -0.3287037 0.3086419
Accept 1109.792 0 you
Candidates 1109.792 13 are art see ate at set asset dates arts street date were se
Began 1110.315 218 397 -0.3287037 0.02314815
Stationary 1110.346 218 397 -0.3287037 0.02314815
Stationary 1110.376 218 397 -0.3287037 0.02314815
Moved 1110.407 204.671 397 -0.3595579 0.02314815
Moved 1110.438 197.4358 397 -0.3763061 0.02314815
Moved 1110.469 189.8926 397 -0.3937672 0.02314815
Moved 1110.499 182.2274 397 -0.4115105 0.02314815
Moved 1110.53 178 397 -0.4212963 0.02314815
Moved 1110.561 173.6362 397 -0.4313976 0.02314815
Moved 1110.591 169.5311 397 -0.4409003 0.02314815
Moved 1110.622 166.8943 397 -0.4470038 0.02314815
Moved 1110.653 164.3611 397 -0.4528678 0.02314815
Moved 1110.684 162.5 397 -0.4571759 0.02314815
Moved 1110.714 159.6213 397 -0.4638397 0.02314815
Moved 1110.745 159 397 -0.4652778 0.02314815
Moved 1110.776 158 397 -0.4675925 0.02314815
Stationary 1110.807 158 397 -0.4675925 0.02314815
Stationary 1110.837 158 397 -0.4675925 0.02314815
Moved 1110.868 177.2399 404.2099 -0.4230558 0.04169209
Moved 1110.899 223.2317 414.7208 -0.3165932 0.06872636
Moved 1110.929 260.3618 415 -0.230644 0.06944436
Moved 1110.96 291.8188 410.4391 -0.1578269 0.05771358
Moved 1110.991 316.7295 402.4811 -0.1001631 0.03724573
Moved 1111.022 334.2675 396.9108 -0.05956605 0.02291868
Moved 1111.052 344.7369 393.0877 -0.0353313 0.01308559
Moved 1111.083 349 390.5 -0.02546296 0.006429962
Moved 1111.114 349.5 389.5 -0.02430553 0.003857946
Moved 1111.145 349 386.7701 -0.02546296 -0.003163255
Moved 1111.175 327 375.5 -0.07638882 -0.03215028
Moved 1111.206 303.8311 369.3539 -0.1300207 -0.0479582
Moved 1111.237 286.5 369 -0.1701389 -0.04886839
Moved 1111.267 274.455 369 -0.1980207 -0.04886839
Moved 1111.298 263.9718 387.2852 -0.2222874 -0.001838433
Moved 1111.329 256.6093 416.9534 -0.2393303 0.07446866
Moved 1111.36 256.3717 430.9116 -0.2398804 0.1103692
Moved 1111.39 256 455.3641 -0.2407407 0.1732616
Moved 1111.421 256 471.5 -0.2407407 0.2147633
Moved 1111.452 262.3899 495.5912 -0.2259492 0.2767263
Moved 1111.483 269.6614 512.9684 -0.2091171 0.3214206
Moved 1111.513 275.0638 527.6594 -0.1966117 0.3592061
Moved 1111.544 280.0798 538.1197 -0.1850005 0.3861102
Moved 1111.575 281 543.9178 -0.1828704 0.4010232
Moved 1111.605 281 545 -0.1828704 0.4038065
Moved 1111.636 276.1975 545 -0.1939872 0.4038065
Moved 1111.667 265.5069 545 -0.2187341 0.4038065
Moved 1111.698 243.3224 510.3638 -0.270087 0.3147217
Moved 1111.728 214.1786 447.8439 -0.3375494 0.1539195
Moved 1111.759 204.0928 405.3711 -0.3608963 0.0446787
Moved 1111.79 201 372.4321 -0.3680556 -0.04004082
Moved 1111.821 201 351.3173 -0.3680556 -0.09434868
Moved 1111.851 201 339.0064 -0.3680556 -0.1260123
Moved 1111.882 201 329.243 -0.3680556 -0.1511241
Moved 1111.913 201 320.1288 -0.3680556 -0.1745657
Moved 1111.944 210.4895 315.5105 -0.3460891 -0.1864443
Moved 1111.974 216.0795 310.947 -0.3331493 -0.1981815
Moved 1112.005 229.5484 309 -0.3019713 -0.2031893
Moved 1112.036 250.0244 314.4634 -0.2545731 -0.1891373
Moved 1112.067 276.2262 326.2664 -0.1939208 -0.1587799
Moved 1112.097 298.6947 342.3557 -0.1419105 -0.1173979
Moved 1112.128 319.3442 356.1967 -0.09411056 -0.08179864
Moved 1112.159 335.4754 369.5628 -0.05676994 -0.04742084
Moved 1112.189 347 380 -0.0300926 -0.02057613
Moved 1112.22 353.7061 389.0591 -0.01456916 0.002724094
Moved 1112.251 355 393 -0.01157408 0.01285996
Ended 1112.282 355 393 -0.01157408 0.01285996
Accept 1112.374 0 are
Candidates 1112.374 13 added address ahead dead sarah areas assess crash add abstract feed seed sees
Began 1113.603 418 337 0.1342593 -0.1311728
Stationary 1113.634 418 337 0.1342593 -0.1311728
Moved 1113.665 423.8557 352.0192 0.1478141 -0.09254338
Moved 1113.695 430 378 0.162037 -0.02572024
Moved 1113.726 435.4726 407.5995 0.1747052 0.05041013
Moved 1113.757 442.1124 443.3372 0.190075 0.142328
Moved 1113.787 444.9873 452.9557 0.1967299 0.1670672
Moved 1113.818 447.9699 465.3946 0.203634 0.1990601
Moved 1113.849 451.3611 480.8054 0.211484 0.238697
Moved 1113.88 454.2365 494.1825 0.2181401 0.2731031
Moved 1113.91 457.1208 503.3622 0.2248166 0.2967135
Moved 1113.941 459.6624 510.9871 0.2306999 0.3163247
Moved 1113.972 462 518.0505 0.2361111 0.334492
Moved 1114.003 464.3998 524.7997 0.2416663 0.351851
Moved 1114.033 465.9408 530.8224 0.2452333 0.3673416
Moved 1114.064 467 540.4615 0.2476852 0.3921335
Moved 1114.095 467 546.1969 0.2476852 0.4068849
Moved 1114.125 461.7987 551.743 0.2356451 0.4211497
Moved 1114.156 458.8971 554.2057 0.2289285 0.4274838
Moved 1114.187 455.0463 558.9769 0.2200146 0.4397552
Moved 1114.218 452.1498 563.8502 0.2133097 0.4522894
Moved 1114.248 449.5 566.5 0.2071759 0.4591049
Moved 1114.279 447.7477 570.2523 0.2031197 0.4687557
Moved 1114.31 446 575.1282 0.199074 0.4812968
Moved 1114.341 444 579.9998 0.1944444 0.4938266
Moved 1114.371 442 586.8798 0.1898148 0.5115221
Moved 1114.402 441.6273 588.7453 0.1889522 0.5163201
Moved 1114.433 439.7554 594.4892 0.184619 0.5310935
Moved 1114.464 440 599.2478 0.1851852 0.5433328
Moved 1114.494 439 602.6729 0.1828703 0.5521421
Moved 1114.525 439 606.5 0.1828703 0.5619856
Moved 1114.556 439 607 0.1828703 0.5632715
Ended 1114.587 439 608 0.1828703 0.5658435
Accept 1114.648 2 ahead
Began 1114.832 646 515 0.662037 0.326646
Stationary 1114.863 646 515 0.662037 0.326646
Ended 1114.894 646 515 0.662037 0.326646
PhraseEnd 1114.955
