play it again Sam
play it again Sam
Basic
List

0.6 0.6
432 388.8
Began 969.8676 512 436 0.3518519 0.1234567
Stationary 969.8984 512 436 0.3518519 0.1234567
Stationary 969.9291 512 436 0.3518519 0.1234567
Moved 969.9598 504.842 448.0452 0.3352824 0.154437
Moved 969.9905 498.1941 456.8059 0.3198937 0.1769699
Moved 970.0212 493.23 462.54 0.3084028 0.1917182
Moved 970.052 489.3545 465.6456 0.2994316 0.1997056
Moved 970.0827 487.8123 468.1877 0.2958619 0.2062439
Moved 970.1134 484.9421 471.0579 0.2892179 0.2136261
Moved 970.1442 483 472.93 0.2847222 0.2184412
Moved 970.1749 482 474 0.2824074 0.2211934
Moved 970.2056 480.5 475.5 0.2789353 0.2250513
Moved 970.2363 480 476 0.2777778 0.2263374
Moved 970.267 478.5 477 0.2743055 0.2289094
Moved 970.2978 479 478.1722 0.275463 0.2319244
Stationary 970.3286 479 478.1722 0.275463 0.2319244
Moved 970.3593 479 479.1495 0.275463 0.2344381
Moved 970.39 479 480.2495 0.275463 0.237267
Moved 970.4207 488.714 482.714 0.297949 0.2436059
Moved 970.4514 494.1755 488.7633 0.3105915 0.2591648
Moved 970.4822 500.46 497.3799 0.3251389 0.281327
Moved 970.5129 504.025 504.05 0.3333912 0.2984824
Moved 970.5436 507.9041 510.8083 0.3423707 0.3158649
Moved 970.5743 510.7692 514.5385 0.3490029 0.3254589
Moved 970.605 513 518.6553 0.3541666 0.3360475
Moved 970.6358 515.1825 520 0.3592187 0.3395061
Moved 970.6665 517.0554 523.0554 0.363554 0.3473645
Moved 970.6973 518.3713 524.3713 0.3666003 0.3507492
Moved 970.728 519.5822 524 0.3694032 0.3497942
Moved 970.7587 523.61 524 0.3787269 0.3497942
Moved 970.7894 530.3699 500.7054 0.3943747 0.28988
Moved 970.8202 534.0551 468.3946 0.4029052 0.2067761
Moved 970.8508 534 442.241 0.4027778 0.1395087
Moved 970.8817 534 413.7927 0.4027778 0.06633923
Moved 970.9123 524.4519 392.4519 0.3806757 0.01145029
Moved 970.9431 520.5746 369.0855 0.3717004 -0.04864845
Moved 970.9738 516.5463 353.6389 0.3623758 -0.08837727
Moved 971.0045 512.4015 338.6061 0.3527812 -0.1270421
Moved 971.0352 507.0753 325.6882 0.340452 -0.1602671
Moved 971.0659 500.9423 310.8557 0.3262553 -0.1984164
Moved 971.0967 493.5596 300.7462 0.3091658 -0.2244184
Moved 971.1274 478.9836 289.9918 0.2754249 -0.2520789
Moved 971.1581 455.6113 283.4611 0.2213225 -0.2688758
Moved 971.1889 422.8264 283 0.1454315 -0.2700618
Moved 971.2195 387.5841 294.7753 0.06385207 -0.2397755
Moved 971.2503 353.7757 306.5157 -0.01440813 -0.2095789
Moved 971.2811 327 315.5 -0.07638887 -0.1864713
Moved 971.3118 303.5465 323.6229 -0.1306794 -0.165579
Moved 971.3424 278.2606 330.1643 -0.1892117 -0.1487544
Moved 971.3732 256.3929 334.8878 -0.2398312 -0.1366056
Moved 971.4039 239.3841 338.3737 -0.2792034 -0.1276397
Moved 971.4347 221.7362 343.3773 -0.3200551 -0.1147703
Moved 971.4654 208.7973 345 -0.3500064 -0.1105968
Moved 971.4962 193.2943 349.2352 -0.3858927 -0.09970362
Moved 971.5269 183.0955 352.6348 -0.4095012 -0.09095988
Moved 971.5576 172.4719 356.5094 -0.4340929 -0.08099441
Moved 971.5883 163.8546 359.3818 -0.4540403 -0.07360654
Moved 971.6191 158.0768 363.9232 -0.4674147 -0.06192611
Moved 971.6498 152.3579 370.4632 -0.480653 -0.04510503
Moved 971.6805 150 381.4318 -0.4861112 -0.01689354
Moved 971.7112 150 390.8487 -0.4861112 0.007326808
Moved 971.7419 165.6033 405.6033 -0.4499923 0.04527602
Moved 971.7727 189.6059 425.7134 -0.3944308 0.09699939
Moved 971.8034 221.2507 444.0458 -0.3211789 0.1441507
Moved 971.8341 256.5 456 -0.2395834 0.174897
Moved 971.8649 284.1759 462.2176 -0.1755187 0.1908888
Moved 971.8956 307.6455 467.0922 -0.1211909 0.2034264
Moved 971.9263 327.8003 471.9714 -0.07453645 0.2159758
Moved 971.957 341.8944 475.3789 -0.0419111 0.2247399
Moved 971.9877 356.9269 478.3854 -0.007113716 0.2324726
Moved 972.0185 369.0051 480 0.02084513 0.2366254
Moved 972.0493 380.3888 483.1296 0.04719625 0.2446748
Moved 972.08 387.3049 485.6525 0.06320576 0.2511637
Moved 972.1107 393.0528 488.5264 0.07651101 0.2585554
Moved 972.1414 397.4026 490.4026 0.08658022 0.2633812
Moved 972.1721 399.5 491.5 0.09143522 0.2662036
Moved 972.2028 399 491 0.09027779 0.2649176
Ended 972.2336 399 491 0.09027779 0.2649176
Candidates 972.3257 13 play omar monday tomato okay insert lindsey onset polar over last library hillary
Began 972.8788 506 404 0.337963 0.04115226
Stationary 972.9095 506 404 0.337963 0.04115226
Stationary 972.9402 506 404 0.337963 0.04115226
Stationary 972.971 506 404 0.337963 0.04115226
Stationary 973.0017 506 404 0.337963 0.04115226
Stationary 973.0325 506 404 0.337963 0.04115226
Stationary 973.0632 506 404 0.337963 0.04115226
Moved 973.0939 506 413.2002 0.337963 0.0648152
Moved 973.1246 502.0104 418.7098 0.3287278 0.07898613
Moved 973.1554 496.5606 428.3183 0.3161124 0.1036992
Moved 973.1862 492.6854 437.9439 0.3071421 0.1284565
Moved 973.2169 491 447.6075 0.3032407 0.1533115
Moved 973.2476 489.2584 453.4832 0.2992093 0.1684238
Moved 973.2783 488.3846 457.6154 0.2971867 0.1790518
Moved 973.309 486.5116 462.9769 0.2928508 0.1928417
Moved 973.3397 485.9949 466.0051 0.2916549 0.2006304
Moved 973.3705 485 469.8804 0.2893518 0.2105978
Moved 973.4012 483 473.4974 0.2847222 0.2199006
Moved 973.4319 480.5 476.5 0.2789353 0.2276234
Moved 973.4626 479 480.189 0.275463 0.2371116
Moved 973.4934 477 483.0587 0.2708333 0.2444924
Moved 973.524 475 485.9296 0.2662037 0.2518764
Moved 973.5548 472.6493 488 0.2607622 0.2572016
Moved 973.5856 468.3217 492.3392 0.2507446 0.268362
Moved 973.6163 463.5747 495.2126 0.2397563 0.2757526
Moved 973.647 454.7464 497.0845 0.2193204 0.2805672
Moved 973.6777 443.0516 497 0.192249 0.2803498
Moved 973.7085 429.6662 497 0.1612642 0.2803498
Moved 973.7392 420.9862 497 0.1411718 0.2803498
Moved 973.7699 411.3516 497 0.1188693 0.2803498
Moved 973.8006 401.9598 497 0.09712914 0.2803498
Moved 973.8314 389.4567 497 0.06818682 0.2803498
Moved 973.8621 379.5 497 0.0451389 0.2803498
Moved 973.8928 370.8834 497 0.025193 0.2803498
Moved 973.9236 362.3035 497 0.005332132 0.2803498
Moved 973.9543 353.6904 497 -0.01460557 0.2803498
Moved 973.985 345.5 497 -0.03356482 0.2803498
Moved 974.0157 339.5771 497 -0.04727513 0.2803498
Moved 974.0465 334.914 497 -0.05806938 0.2803498
Moved 974.0771 329.0802 497 -0.07157356 0.2803498
Moved 974.1079 326.5005 498 -0.07754515 0.2829217
Moved 974.1386 324.628 499 -0.08187965 0.2854938
Moved 974.1694 324 500.2532 -0.08333336 0.288717
Stationary 974.2001 324 500 -0.08333336 0.2880658
Ended 974.2308 324 500 -0.08333336 0.2880658
Accept 974.3537 0 play
Candidates 974.3537 13 kit lot lit kitty out it lie or lite our joe hour your
Began 974.7225 378 425 0.04166663 0.09516452
Ended 974.7532 378 425 0.04166663 0.09516452
Accept 974.8147 0 kit
Candidates 974.8147 11 g h f j y t u d k r i
Began 975.6442 362 413 0.004629592 0.06430033
Moved 975.675 340.2552 413 -0.04570564 0.06430033
Moved 975.7057 303.8051 413 -0.1300809 0.06430033
Moved 975.7364 274.5 413 -0.1979167 0.06430033
Moved 975.7672 253.0654 403.7236 -0.2475339 0.0404414
Moved 975.7979 243.5602 402 -0.2695367 0.03600815
Moved 975.8286 240.9897 401 -0.2754868 0.03343609
Ended 975.8594 240.9897 401 -0.2754868 0.03343609
Accept 975.9823 0 g
Candidates 975.9823 13 has had d f us hs ga gas ha is g usa he
Began 976.0438 73 391 -0.6643519 0.007715971
Stationary 976.0744 73 391 -0.6643519 0.007715971
Ended 976.1052 73 391 -0.6643519 0.007715971
Accept 976.1666 0 has
Delete 976.1666 LeftSwipe
Began 976.6275 67 341 -0.6782408 -0.1208849
Ended 976.6582 67 341 -0.6782408 -0.1208849
Delete 976.7197 LeftSwipe
Began 976.9041 80 335 -0.6481482 -0.1363169
Stationary 976.9348 80 335 -0.6481482 -0.1363169
Ended 976.9656 80 335 -0.6481482 -0.1363169
Delete 977.0269 LeftSwipe
Began 977.365 396 442 0.08333336 0.1388888
Stationary 977.3957 396 442 0.08333336 0.1388888
Stationary 977.4265 396 442 0.08333336 0.1388888
Stationary 977.4572 396 442 0.08333336 0.1388888
Stationary 977.4879 396 442 0.08333336 0.1388888
Moved 977.5186 383.6923 454.6154 0.05484333 0.1713357
Moved 977.5493 379.8207 458.1793 0.04588117 0.1805023
Moved 977.58 378.2093 460.7906 0.04215121 0.1872186
Moved 977.6108 376.4025 464.5975 0.03796865 0.1970101
Moved 977.6415 376 467.467 0.03703703 0.2043905
Moved 977.6722 375 469.3298 0.03472219 0.2091814
Moved 977.703 375 470.8217 0.03472219 0.2130188
Moved 977.7337 375 472.5 0.03472219 0.2173353
Moved 977.7644 375 473.0621 0.03472219 0.2187809
Moved 977.7951 375 476.4308 0.03472219 0.2274453
Moved 977.8259 387.9271 478.9757 0.06464601 0.233991
Moved 977.8566 396.553 482.851 0.08461336 0.2439583
Moved 977.8873 405.1691 486.723 0.1045582 0.2539172
Moved 977.9181 411.5404 489.1801 0.1193064 0.2602368
Moved 977.9488 423.4533 491.1133 0.1468826 0.2652092
Moved 977.9795 431.9667 493 0.1665896 0.2700616
Moved 978.0103 439.7265 494 0.184552 0.2726337
Moved 978.041 449.7458 495 0.2077448 0.2752057
Moved 978.0717 456.612 497.306 0.2236389 0.2811368
Moved 978.1024 463.3571 497 0.2392525 0.2803498
Moved 978.1331 465.7892 498 0.2448824 0.2829217
Moved 978.1639 467 498 0.2476852 0.2829217
Stationary 978.1946 467 498 0.2476852 0.2829217
Moved 978.2253 450.3207 499 0.2090756 0.2854938
Moved 978.256 428.404 499 0.1583425 0.2854938
Moved 978.2868 400.5184 499 0.09379267 0.2854938
Moved 978.3175 379.8235 499 0.04588773 0.2854938
Moved 978.3482 361.7433 499 0.004035532 0.2854938
Moved 978.3789 344.8771 499 -0.03500665 0.2854938
Moved 978.4097 330.5083 499 -0.06826783 0.2854938
Moved 978.4404 319.7044 499 -0.09327675 0.2854938
Moved 978.4711 312.3661 499 -0.1102635 0.2854938
Moved 978.5018 305.5 499 -0.1261574 0.2854938
Moved 978.5326 302 499 -0.1342593 0.2854938
Moved 978.5633 296.425 499 -0.1471644 0.2854938
Moved 978.5941 291.2798 499 -0.1590745 0.2854938
Moved 978.6248 287.7676 499 -0.1672047 0.2854938
Moved 978.6555 287 499 -0.1689815 0.2854938
Moved 978.6862 286 499 -0.1712963 0.2854938
Ended 978.7169 286 499 -0.1712963 0.2854938
Candidates 978.8398 13 for your it fire hire tour or this hit future hurt tie our
Began 979.608 506 548 0.337963 0.4115225
Stationary 979.6387 506 548 0.337963 0.4115225
Stationary 979.6694 506 548 0.337963 0.4115225
Moved 979.7002 506 554.8112 0.337963 0.4290411
Moved 979.7309 506 567.8951 0.337963 0.4626932
Moved 979.7617 506 582.228 0.337963 0.4995574
Moved 979.7924 506 595.723 0.337963 0.5342668
Moved 979.8231 513 605.4302 0.3541666 0.5592339
Moved 979.8538 515.3389 614.0167 0.3595807 0.5813184
Moved 979.8845 518.2175 623.4351 0.3662443 0.6055429
Moved 979.9153 520 632.2734 0.3703704 0.6282752
Moved 979.946 522 638.2307 0.375 0.6435973
Moved 979.9767 524.4951 644.9902 0.3807757 0.660983
Moved 980.0074 525.7966 655.5933 0.3837886 0.6882542
Moved 980.0382 526 658.4781 0.3842592 0.6956741
Moved 980.0688 526.8015 662.603 0.3861146 0.7062833
Moved 980.0997 527 666.6848 0.3865741 0.7167816
Moved 980.1304 527 669.5526 0.3865741 0.7241576
Moved 980.1611 527 671.5 0.3865741 0.7291666
Moved 980.1918 527 673.9551 0.3865741 0.7354813
Expand 980.1918
Moved 980.2225 527 675.5 0.3865741 0.7394547
Moved 980.2532 527 676.1283 0.3865741 0.7410707
Moved 980.284 527 677.5 0.3865741 0.7445986
Moved 980.3148 513.8414 677 0.3561144 0.7433126
Moved 980.3455 508.105 677 0.3428356 0.7433126
Moved 980.3762 503 677 0.3310186 0.7433126
Moved 980.4069 497.2555 667.6277 0.3177211 0.719207
Moved 980.4376 491.5093 662.5093 0.3044196 0.7060423
Moved 980.4684 487.8916 659.8916 0.2960454 0.6993095
Moved 980.4991 484.7398 656.3699 0.2887495 0.6902518
Moved 980.5298 481.5 653.5 0.28125 0.6828701
Moved 980.5605 478.6281 649.2562 0.2746021 0.6719549
Moved 980.5913 475.7472 646.7472 0.2679333 0.665502
Moved 980.622 474.1813 644.1813 0.2643085 0.6589026
Moved 980.6527 472 641.3088 0.2592593 0.6515142
Moved 980.6835 470 639.438 0.2546296 0.6467027
Moved 980.7142 467.9251 636.925 0.2498266 0.6402392
Moved 980.7449 466 633.0304 0.2453704 0.6302221
Moved 980.7756 463.1595 630.1595 0.2387951 0.6228381
Moved 980.8064 461.2872 627.2872 0.2344611 0.6154504
Moved 980.837 459.7847 624.7847 0.2309831 0.6090142
Moved 980.8678 460 623 0.2314815 0.6044238
Moved 980.8986 460 622 0.2314815 0.6018518
Ended 980.9293 460 622 0.2314815 0.6018518
Accept 980.9907 2 it
Began 981.4517 487 557 0.2939814 0.4346707
Ended 981.4824 487 557 0.2939814 0.4346707
Candidates 981.5438 5 i o p u y
Began 981.5745 385 490 0.05787035 0.2623456
Stationary 981.6052 385 490 0.05787035 0.2623456
Moved 981.636 371.5556 490 0.02674907 0.2623456
Moved 981.6667 351.9536 480.5452 -0.01862596 0.2380278
Moved 981.6974 323.8036 472.7607 -0.08378804 0.2180059
Moved 981.7281 293.4114 462.1371 -0.1541402 0.1906819
Moved 981.7589 271.0298 454.5112 -0.2059496 0.1710678
Moved 981.7896 255.85 447.54 -0.2410881 0.1531377
Moved 981.8203 241.0968 441.3656 -0.2752388 0.1372571
Moved 981.8511 223.5363 434.6145 -0.3158883 0.1198931
Moved 981.8818 210.7365 430.4341 -0.3455175 0.1091413
Moved 981.9125 201.6991 427.9247 -0.3664373 0.102687
Moved 981.9432 190.0749 424.025 -0.3933452 0.09265672
Moved 981.974 183.304 422 -0.4090184 0.08744851
Moved 982.0047 179.2829 421 -0.4183265 0.08487643
Moved 982.0355 178 421 -0.4212963 0.08487643
Moved 982.0662 175.9535 420 -0.4260335 0.08230445
Stationary 982.0969 175.9535 420 -0.4260335 0.08230445
Moved 982.1276 174.9006 420 -0.4284708 0.08230445
Stationary 982.1584 175 420 -0.4282407 0.08230445
Moved 982.1891 175 419 -0.4282407 0.07973251
Stationary 982.2198 175 419 -0.4282407 0.07973251
Stationary 982.2505 175 419 -0.4282407 0.07973251
Moved 982.2813 175 417.9293 -0.4282407 0.07697847
Stationary 982.312 175 417.9293 -0.4282407 0.07697847
Moved 982.3427 175 416.9556 -0.4282407 0.07447411
Stationary 982.3734 175 417 -0.4282407 0.0745884
Stationary 982.4042 175 417 -0.4282407 0.0745884
Moved 982.4349 175 415.5 -0.4282407 0.07073037
Stationary 982.4656 175 415.5 -0.4282407 0.07073037
Moved 982.4963 175 415.0033 -0.4282407 0.0694528
Stationary 982.527 175 415 -0.4282407 0.06944436
Moved 982.5578 175 414.2592 -0.4282407 0.06753886
Stationary 982.5886 175 414 -0.4282407 0.06687239
Moved 982.6193 175 412.7503 -0.4282407 0.06365815
Moved 982.65 174.008 412.008 -0.4305371 0.06174884
Moved 982.6807 173.3493 411 -0.4320617 0.05915629
Moved 982.7114 173 409.5 -0.4328704 0.05529835
Moved 982.7422 172 407.7149 -0.4351852 0.05070706
Moved 982.7728 171 407 -0.4375 0.04886827
Moved 982.8036 170 405 -0.4398148 0.04372424
Moved 982.8344 169 403.4532 -0.4421296 0.03974577
Moved 982.8651 167.5793 403 -0.4454182 0.03858017
Moved 982.8958 168 401.5 -0.4444444 0.03472222
Moved 982.9265 166.8713 400.8713 -0.4470572 0.0331051
Moved 982.9572 166.2619 400 -0.4484677 0.03086416
Moved 982.988 166 399.3896 -0.4490741 0.02929432
Stationary 983.0187 166 399 -0.4490741 0.02829214
Moved 983.0494 164.7758 397.7758 -0.4519079 0.02514337
Stationary 983.0802 165 398 -0.4513889 0.02572008
Stationary 983.1109 165 398 -0.4513889 0.02572008
Stationary 983.1416 165 398 -0.4513889 0.02572008
Moved 983.1724 165 396.9777 -0.4513889 0.02309061
Stationary 983.2031 165 396.9777 -0.4513889 0.02309061
Stationary 983.2338 165 397 -0.4513889 0.02314815
Stationary 983.2645 165 397 -0.4513889 0.02314815
Stationary 983.2952 165 397 -0.4513889 0.02314815
Stationary 983.326 165 397 -0.4513889 0.02314815
Stationary 983.3567 165 397 -0.4513889 0.02314815
Moved 983.3875 162.4224 396 -0.4573555 0.02057605
Ended 983.4182 158.1069 393.5535 -0.4673451 0.01428357
Accept 983.5103 0 i
Candidates 983.5103 13 ya ta used rss grass iraq ideas ra tea ts era uses yes
Began 983.7255 53 389 -0.7106482 0.002572016
Stationary 983.7562 53 389 -0.7106482 0.002572016
Stationary 983.7869 53 389 -0.7106482 0.002572016
Ended 983.8176 53 389 -0.7106482 0.002572016
Accept 983.879 0 ya
Delete 983.879 LeftSwipe
Began 984.2786 114 399 -0.5694444 0.02829214
Stationary 984.3093 114 399 -0.5694444 0.02829214
Stationary 984.34 114 399 -0.5694444 0.02829214
Ended 984.3707 114 399 -0.5694444 0.02829214
Delete 984.4322 LeftSwipe
Began 984.7701 345 328 -0.03472224 -0.1543211
Stationary 984.8009 345 328 -0.03472224 -0.1543211
Stationary 984.8316 345 328 -0.03472224 -0.1543211
Moved 984.8624 327.2262 319.6459 -0.07586524 -0.1758078
Moved 984.8931 318.942 318.2355 -0.09504165 -0.1794354
Moved 984.9238 311.7353 315.3677 -0.1117238 -0.1868117
Moved 984.9545 304.4846 314 -0.1285078 -0.1903292
Moved 984.9853 297.9328 313 -0.1436741 -0.1929013
Moved 985.0159 290.1536 312.0768 -0.1616814 -0.1952758
Moved 985.0467 283.4121 312 -0.1772868 -0.1954732
Moved 985.0775 278.3346 311 -0.1890403 -0.1980453
Moved 985.1082 274.8351 311 -0.1971409 -0.1980453
Moved 985.1389 271.9602 311 -0.2037959 -0.1980453
Moved 985.1696 268.0877 311 -0.2127599 -0.1980453
Moved 985.2003 263 311 -0.2245371 -0.1980453
Moved 985.231 256.3401 311 -0.2399534 -0.1980453
Moved 985.2618 248.3917 311 -0.2583525 -0.1980453
Moved 985.2925 238.7303 311 -0.2807169 -0.1980453
Moved 985.3232 229.0318 318.5936 -0.3031672 -0.1785144
Moved 985.354 217.1498 323.9251 -0.3306718 -0.1648017
Moved 985.3847 209.3837 330.6163 -0.3486488 -0.147592
Moved 985.4155 205.9029 336.1943 -0.3567064 -0.1332453
Moved 985.4461 203 343.9914 -0.3634259 -0.1131909
Moved 985.4769 201 351.0648 -0.3680556 -0.09499796
Moved 985.5076 200 361.957 -0.3703704 -0.06698302
Moved 985.5383 199 368.8489 -0.3726852 -0.04925692
Moved 985.569 199 378.2269 -0.3726852 -0.0251365
Moved 985.5998 199 388.0363 -0.3726852 9.324815E-05
Moved 985.6306 199 394.1036 -0.3726852 0.01569842
Moved 985.6612 207.0571 400.1713 -0.3540345 0.03130477
Moved 985.692 211.8682 407.7365 -0.3428976 0.05076236
Moved 985.7227 218.5936 414.5936 -0.3273295 0.06839917
Moved 985.7534 226.5 422.5 -0.3090278 0.08873452
Moved 985.7842 231.4295 428.4295 -0.2976168 0.1039852
Moved 985.8149 239.2585 435.1724 -0.2794942 0.121328
Moved 985.8456 249.7744 442.8195 -0.2551518 0.1409966
Moved 985.8763 262.131 449.4207 -0.2265486 0.1579749
Moved 985.907 275.4096 453.7048 -0.1958111 0.1689936
Moved 985.9378 291.1054 456.2211 -0.1594783 0.1754657
Moved 985.9685 309.6489 456 -0.1165534 0.174897
Moved 985.9992 325.3192 456 -0.08027951 0.174897
Moved 986.03 340.6526 456 -0.04478559 0.174897
Moved 986.0607 351.2057 446.1866 -0.02035707 0.1496568
Moved 986.0914 357.9223 444.0777 -0.004809549 0.1442326
Moved 986.1221 362.8172 441.1828 0.006521344 0.1367869
Moved 986.1529 365.6765 437.3235 0.01314004 0.1268609
Moved 986.1836 366 432.9028 0.01388888 0.1154907
Moved 986.2143 366 426.8433 0.01388888 0.09990562
Moved 986.2451 356.8207 416.3283 -0.007359386 0.07286084
Moved 986.2758 340.4384 404.822 -0.0452815 0.04326632
Moved 986.3065 325 395.5 -0.08101851 0.01929004
Moved 986.3372 308.7601 387.3801 -0.1186108 -0.001594559
Moved 986.3679 290.4257 378.7538 -0.1610517 -0.02378126
Moved 986.3987 275.2059 374.0412 -0.1962826 -0.03590227
Moved 986.4294 261.2232 370.6447 -0.2286499 -0.04463831
Moved 986.4601 244.2386 369 -0.2679661 -0.04886839
Moved 986.4909 228.869 367 -0.3035439 -0.05401234
Moved 986.5216 212.5754 366 -0.3412606 -0.05658444
Moved 986.5523 197.7104 366 -0.3756705 -0.05658444
Moved 986.583 183.3676 366 -0.4088714 -0.05658444
Moved 986.6138 172.3331 366 -0.4344141 -0.05658444
Moved 986.6445 163.1129 375.9247 -0.4557573 -0.03105776
Moved 986.6752 158.1883 379.8116 -0.4671566 -0.02106074
Moved 986.7059 155.507 383.7395 -0.4733634 -0.01095815
Moved 986.7367 156 399.1745 -0.4722222 0.02874096
Moved 986.7674 176.4407 413.3777 -0.4249058 0.06527194
Moved 986.7982 204.3389 433.5373 -0.3603266 0.1171226
Moved 986.8289 239.2409 449.8175 -0.279535 0.1589956
Moved 986.8596 273 461 -0.2013889 0.1877571
Moved 986.8903 309.6974 469.4496 -0.1164413 0.2094896
Moved 986.921 335.7732 474.1718 -0.05608057 0.2216353
Moved 986.9518 363.5821 475.9582 0.008292 0.2262298
Moved 986.9825 382.8475 477.4847 0.0528878 0.2301561
Moved 987.0132 407.1376 480.3486 0.1091147 0.2375221
Moved 987.0439 424.3734 481 0.1490125 0.2391974
Moved 987.0746 435.3949 481 0.1745252 0.2391974
Moved 987.1054 442.0364 481 0.1898992 0.2391974
Moved 987.1361 450.667 481 0.2098774 0.2391974
Moved 987.1669 456.826 481 0.2241343 0.2391974
Moved 987.1976 459.9611 481 0.2313914 0.2391974
Moved 987.2283 462.8237 481 0.2380178 0.2391974
Moved 987.259 464 476.1248 0.2407408 0.2266582
Moved 987.2897 465 469.8613 0.2430555 0.2105486
Moved 987.3205 465 461.6692 0.2430555 0.1894783
Moved 987.3512 458.4245 444.4244 0.2278344 0.1451245
Moved 987.382 450.5413 417.8041 0.2095862 0.07665665
Moved 987.4127 444 397.5 0.1944444 0.02443408
Moved 987.4434 436.4999 372.9997 0.1770832 -0.03858111
Moved 987.4741 432.8897 355.3382 0.1687261 -0.0840067
Moved 987.5048 431.0167 344.0501 0.1643905 -0.1130399
Moved 987.5356 430 335.9888 0.162037 -0.1337738
Moved 987.5663 428.6219 327.8658 0.1588471 -0.1546662
Moved 987.597 429 319.2783 0.1597223 -0.1767535
Moved 987.6277 429 311.7516 0.1597223 -0.1961121
Moved 987.6584 429 304.6127 0.1597223 -0.2144735
Moved 987.6892 428 298.8705 0.1574074 -0.2292427
Moved 987.72 428 294.5668 0.1574074 -0.2403116
Moved 987.7507 428 289.0411 0.1574074 -0.2545241
Moved 987.7814 427.154 283.3079 0.155449 -0.2692698
Moved 987.8121 427 279.2796 0.1550926 -0.2796307
Ended 987.8428 427 274.3967 0.1550926 -0.2921895
Candidates 987.9043 13 bargain again variation vacation version certain brain chain austin creation garden marathon radiation
Began 988.7954 426 308 0.1527777 -0.2057614
Stationary 988.8261 426 308 0.1527777 -0.2057614
Stationary 988.8569 426 308 0.1527777 -0.2057614
Moved 988.8876 414.784 319.216 0.1268148 -0.1769136
Moved 988.9183 402.3495 339.3884 0.09803125 -0.12503
Moved 988.949 392.9232 358.1536 0.07621109 -0.07676544
Moved 988.9798 382.0682 381.5074 0.05108386 -0.01669903
Moved 989.0106 374.5063 397.8228 0.03357947 0.02526432
Moved 989.0413 366.9281 415.1437 0.01603732 0.0698141
Moved 989.072 360.2966 432.308 0.0006865461 0.1139608
Moved 989.1027 355 446.5 -0.01157408 0.1504629
Moved 989.1334 350.3133 459.7167 -0.02242292 0.1844565
Moved 989.1641 342.3824 474.2352 -0.0407815 0.2217983
Moved 989.1948 329.6714 493.5751 -0.07020513 0.2715407
Moved 989.2256 318.4794 508.1508 -0.09611248 0.3090296
Moved 989.2563 309.5 518.5 -0.1168982 0.335648
Moved 989.287 304.2773 524.7227 -0.1289876 0.3516529
Moved 989.3178 299.5289 530.4711 -0.1399794 0.3664378
Moved 989.3485 297.2591 535.4818 -0.1452335 0.3793254
Moved 989.3792 294.3881 539.2238 -0.1518794 0.38895
Moved 989.41 292.5142 542.4858 -0.1562171 0.3973399
Moved 989.4407 290.9695 545.061 -0.1597928 0.4039633
Moved 989.4714 289.2658 548.4683 -0.1637365 0.4127271
Moved 989.5021 286.3564 555.931 -0.1704714 0.4319211
Moved 989.5329 284.4767 562.5699 -0.1748224 0.4489965
Moved 989.5636 282.9542 567.0916 -0.1783467 0.4606263
Moved 989.5943 282 572.8195 -0.1805555 0.4753588
Moved 989.625 280.2381 577.5239 -0.1846341 0.4874585
Moved 989.6558 280 581.5 -0.1851852 0.4976851
Moved 989.6865 279 585.4043 -0.1875 0.507727
Moved 989.7172 278 588.0767 -0.1898148 0.5146003
Moved 989.748 277.0578 590.9422 -0.1919958 0.5219706
Moved 989.7787 277 593.3601 -0.1921296 0.5281895
Moved 989.8094 276 595 -0.1944444 0.5324073
Moved 989.8401 276 597 -0.1944444 0.5375513
Moved 989.8709 275 599 -0.1967592 0.5426954
Moved 989.9016 275 600.6086 -0.1967592 0.5468329
Moved 989.9323 274 602 -0.199074 0.5504114
Moved 989.9631 274 603.3593 -0.199074 0.5539076
Stationary 989.9938 274 603 -0.199074 0.5529835
Moved 990.0245 272.8558 604.1442 -0.2017226 0.5559263
Moved 990.0552 272 604 -0.2037037 0.5555555
Ended 990.0859 272 604 -0.2037037 0.5555555
Expand 990.1167
Accept 990.2396 1 again
Began 990.6084 375 335 0.03472219 -0.1363169
Stationary 990.639 375 335 0.03472219 -0.1363169
Stationary 990.6698 375 335 0.03472219 -0.1363169
Moved 990.7005 360.0244 335 5.642574E-05 -0.1363169
Moved 990.7313 352.3538 326.4512 -0.01769965 -0.1583045
Moved 990.762 345.1579 323.5789 -0.03435681 -0.1656922
Moved 990.7927 339.4179 320.7089 -0.04764378 -0.1730738
Moved 990.8234 334.2498 319 -0.05960703 -0.1774692
Moved 990.8541 328.5863 317 -0.07271687 -0.1826131
Moved 990.8849 323.8384 315.4193 -0.08370733 -0.1866789
Moved 990.9156 319.5453 313.5453 -0.09364515 -0.1914987
Moved 990.9464 315.083 313 -0.1039744 -0.1929013
Moved 990.9771 312.1699 312 -0.1107179 -0.1954732
Moved 991.0078 308.298 310 -0.1196806 -0.2006174
Moved 991.0385 304 308.5 -0.1296296 -0.2044754
Moved 991.0692 295.5042 309 -0.1492957 -0.2031893
Moved 991.0999 281.0122 309 -0.1828421 -0.2031893
Moved 991.1306 266.6401 309 -0.2161108 -0.2031893
Moved 991.1614 255.8408 309 -0.2411092 -0.2031893
Moved 991.1921 243.2354 318.2549 -0.2702884 -0.1793857
Moved 991.2229 235.7539 325.2462 -0.2876068 -0.1614039
Moved 991.2536 231.0071 332.9893 -0.2985946 -0.1414884
Moved 991.2844 229 339.27 -0.3032407 -0.1253345
Moved 991.3151 229 347.3242 -0.3032407 -0.1046189
Moved 991.3456 228 354.659 -0.3055556 -0.0857536
Moved 991.3765 228 361.6617 -0.3055556 -0.06774243
Moved 991.4072 228 369.9042 -0.3055556 -0.04654284
Moved 991.438 228 377.2 -0.3055556 -0.02777798
Moved 991.4687 235 387.3268 -0.2893518 -0.001731409
Moved 991.4995 235 389.9555 -0.2893518 0.005029592
Moved 991.5302 235 392.8488 -0.2893518 0.01247096
Moved 991.5609 235 396.7241 -0.2893518 0.02243835
Moved 991.5916 223 399.5 -0.3171296 0.02957815
Moved 991.6223 222.8567 401 -0.3174614 0.03343609
Moved 991.6531 217.9655 401 -0.3287835 0.03343609
Moved 991.6838 212.2104 401 -0.3421055 0.03343609
Moved 991.7145 208.6977 401 -0.3502368 0.03343609
Moved 991.7452 201.1439 401 -0.3677225 0.03343609
Moved 991.7759 194.5763 391.7175 -0.3829251 0.009561507
Moved 991.8066 184.938 386.969 -0.4052361 -0.002651803
Moved 991.8374 175.2353 383.4117 -0.4276961 -0.01180115
Moved 991.8682 166.21 380 -0.4485879 -0.02057613
Moved 991.8989 163.3309 380 -0.4552525 -0.02057613
Moved 991.9296 160.0986 378.0986 -0.4627348 -0.02546671
Moved 991.9603 157.2572 378 -0.4693121 -0.02572024
Moved 991.991 155.3887 377 -0.4736373 -0.02829226
Moved 992.0217 153.7582 377 -0.4774116 -0.02829226
Moved 992.0526 154 375.6846 -0.4768519 -0.03167548
Stationary 992.0833 154 375.6846 -0.4768519 -0.03167548
Stationary 992.114 154 376 -0.4768519 -0.03086435
Moved 992.1447 169 373.5 -0.4421296 -0.03729432
Moved 992.1754 197.9645 369.8363 -0.3750821 -0.04671732
Moved 992.2062 235.2662 368 -0.2887356 -0.05144041
Moved 992.2369 262.0522 367 -0.2267309 -0.05401234
Moved 992.2676 294.9287 366 -0.150628 -0.05658444
Moved 992.2983 307.5812 364.7132 -0.1213399 -0.05989404
Moved 992.329 327.0235 365 -0.07633458 -0.05915646
Moved 992.3598 346.2063 364 -0.03192991 -0.06172839
Moved 992.3905 363.6621 363.3896 0.008477072 -0.06329823
Moved 992.4212 382.3367 362 0.05170544 -0.06687243
Moved 992.452 396.7526 357.6495 0.0850755 -0.07806212
Moved 992.4827 407.6633 354.1683 0.1103317 -0.08701567
Moved 992.5132 423.0808 349.2298 0.1460204 -0.09971759
Moved 992.5442 433.9244 344.3585 0.1711213 -0.1122466
Moved 992.5749 442.5353 340.9764 0.1910539 -0.1209454
Moved 992.6056 449.0431 337.9857 0.2061182 -0.1286378
Moved 992.6364 453.76 335.12 0.2170371 -0.1360082
Moved 992.6671 457.4901 332.2549 0.2256715 -0.1433773
Moved 992.6978 460.5 328 0.2326389 -0.1543211
Moved 992.7285 462.1595 324.8405 0.2364803 -0.1624473
Moved 992.7592 464.0209 315.9372 0.2407891 -0.1853468
Moved 992.7899 465.9035 308.1929 0.245147 -0.2052651
Moved 992.8207 467.3126 302.3748 0.2484088 -0.2202295
Moved 992.8514 468 295.4185 0.25 -0.2381212
Moved 992.8821 470.1532 290.6936 0.2549843 -0.2502737
Moved 992.9128 471.0239 286.9761 0.2569997 -0.2598351
Moved 992.9436 471.586 282.8281 0.2583009 -0.270504
Moved 992.9744 472 279.5442 0.2592593 -0.2789502
Moved 993.0051 473 273.3329 0.2615741 -0.2949257
Moved 993.0358 473.8983 268.2034 0.2636535 -0.308119
Moved 993.0665 474 261.819 0.2638889 -0.3245398
Moved 993.0972 474 255.7804 0.2638889 -0.340071
Moved 993.128 474 251.5118 0.2638889 -0.3510498
Moved 993.1587 474 249.0176 0.2638889 -0.3574651
Moved 993.1894 474 245.1451 0.2638889 -0.367425
Moved 993.2202 474 242.5 0.2638889 -0.3742284
Moved 993.2509 474 240.5 0.2638889 -0.3793725
Moved 993.2816 474 239.9585 0.2638889 -0.3807652
Ended 993.3123 474 237.9905 0.2638889 -0.3858269
Candidates 993.3738 13 cam can van ban fan jam jan adam man saddam scan dan csn
Began 995.5554 72 390 -0.6666667 0.005143954
Stationary 995.5862 72 390 -0.6666667 0.005143954
Ended 995.6169 72 390 -0.6666667 0.005143954
Accept 995.6783 0 cam
Delete 995.6783 LeftSwipe
Began 996.3851 412 309 0.1203704 -0.2031893
Stationary 996.4158 412 309 0.1203704 -0.2031893
Stationary 996.4465 412 309 0.1203704 -0.2031893
Moved 996.4773 396.0845 309 0.08352895 -0.2031893
Moved 996.5079 385.0723 309 0.05803784 -0.2031893
Moved 996.5387 373.441 317.3044 0.03111343 -0.1818304
Moved 996.5695 365.9147 318.0427 0.01369148 -0.1799314
Moved 996.6002 359.1504 319 -0.001966755 -0.1774692
Moved 996.6309 355.0321 320.4839 -0.01149977 -0.1736525
Moved 996.6616 348.2117 322 -0.02728775 -0.1697531
Moved 996.6924 345.3403 323 -0.03393446 -0.1671811
Moved 996.7231 344.1778 323.8221 -0.03662542 -0.1650666
Moved 996.7538 342.3635 324.6365 -0.04082531 -0.1629719
Moved 996.7845 340.7462 325 -0.04456902 -0.1620371
Moved 996.8152 338.617 327.383 -0.04949774 -0.155908
Moved 996.846 335.2239 327.888 -0.05735199 -0.1546091
Moved 996.8767 327.4782 331.7609 -0.0752819 -0.144648
Moved 996.9075 319.0991 335.6337 -0.0946781 -0.1346871
Moved 996.9382 305.5 343.5 -0.1261574 -0.1144548
Moved 996.9689 290.6837 351.1582 -0.1604545 -0.0947577
Moved 996.9996 275.9085 357.4549 -0.1946562 -0.07856251
Moved 997.0303 262.2729 364.3636 -0.2262203 -0.06079324
Moved 997.0611 253.5433 369.3044 -0.2464275 -0.04808544
Moved 997.0918 244.7682 375.1545 -0.2667403 -0.03303881
Moved 997.1226 235.2112 379.8944 -0.2888629 -0.02084779
Moved 997.1533 227.3544 384.8228 -0.30705 -0.00817189
Moved 997.184 220.8069 389.7954 -0.3222062 0.004617785
Moved 997.2147 216.4579 394.5421 -0.3322735 0.01682639
Moved 997.2454 213.8584 397.1415 -0.3382907 0.02351215
Moved 997.2762 213 399.7562 -0.3402778 0.0302372
Moved 997.3069 212 402.5494 -0.3425926 0.03742136
Moved 997.3376 212 404.2097 -0.3425926 0.04169146
Moved 997.3683 210.7071 406 -0.3455855 0.04629618
Moved 997.3991 211 407.5 -0.3449074 0.05015428
Moved 997.4297 208.3239 408 -0.3511021 0.05144025
Moved 997.4606 202.9273 408 -0.3635942 0.05144025
Moved 997.4913 192.3764 408 -0.3880175 0.05144025
Moved 997.522 185.1413 401.3297 -0.4047655 0.03428424
Moved 997.5527 176.5455 396.3636 -0.4246631 0.02151136
Moved 997.5834 168.2265 391.6132 -0.4439202 0.009293222
Moved 997.6142 161.5251 386.6834 -0.4594326 -0.003386329
Moved 997.6449 156.8297 383.9149 -0.4703016 -0.01050706
Moved 997.6756 154.0447 381.0447 -0.4767483 -0.0178892
Moved 997.7064 152.5 378.5 -0.4803241 -0.02443423
Moved 997.7371 151.6748 377.6747 -0.4822344 -0.02655673
Moved 997.7678 152 375.5 -0.4814814 -0.03215028
Moved 997.7985 152 373.9252 -0.4814814 -0.03620077
Moved 997.8293 152 370.4658 -0.4814814 -0.04509835
Moved 997.86 172.8891 366.8889 -0.4331272 -0.05429829
Moved 997.8907 192.9887 363.5731 -0.3866003 -0.06282649
Moved 997.9214 212.0772 358.4065 -0.3424139 -0.07611506
Moved 997.9521 233.6026 356.1998 -0.2925867 -0.08179079
Moved 997.9829 262.0656 354 -0.2266999 -0.08744855
Moved 998.0137 299.7029 354 -0.1395766 -0.08744855
Moved 998.0444 312.6889 354 -0.1095165 -0.08744855
Moved 998.0751 331.6781 354 -0.06555989 -0.08744855
Moved 998.1058 350.787 354 -0.02132649 -0.08744855
Moved 998.1364 368.907 354 0.02061804 -0.08744855
Moved 998.1673 381.8042 354 0.05047271 -0.08744855
Moved 998.198 398.5439 354 0.0892219 -0.08744855
Moved 998.2287 419.8041 349.0392 0.1384355 -0.1002079
Moved 998.2595 432.3684 344.1579 0.1675194 -0.1127626
Moved 998.2902 441.2174 339.1884 0.1880033 -0.1255443
Moved 998.3209 449.5488 334.4512 0.2072888 -0.1377284
Moved 998.3517 455.2804 329.7196 0.2205565 -0.1498981
Moved 998.3824 459.755 326.4901 0.2309143 -0.1582047
Moved 998.4131 463.544 320.912 0.2396852 -0.1725515
Moved 998.4438 467.4017 313.7948 0.2486152 -0.1908571
Moved 998.4745 471.2856 305.1434 0.2576054 -0.2131087
Moved 998.5053 474.7852 298.6446 0.2657064 -0.2298236
Moved 998.536 477 291.3472 0.2708333 -0.2485925
Moved 998.5668 479.5224 285.9552 0.2766722 -0.262461
Moved 998.5975 481.3882 280.2237 0.2809911 -0.2772025
Moved 998.6282 482 278.0707 0.2824074 -0.2827398
Moved 998.6589 483.8028 274.1972 0.2865805 -0.2927027
Moved 998.6896 484 270.329 0.287037 -0.3026518
Moved 998.7204 484 266.8571 0.287037 -0.3115816
Moved 998.7511 484 260.8943 0.287037 -0.3269179
Moved 998.7818 484 255.1301 0.287037 -0.3417436
Moved 998.8126 484 248.3859 0.287037 -0.3590899
Moved 998.8433 484 243.2561 0.287037 -0.3722837
Moved 998.874 484 238.7592 0.287037 -0.38385
Moved 998.9047 484 234.892 0.287037 -0.3937964
Moved 998.9354 484 232.2675 0.287037 -0.4005467
Moved 998.9662 473.5 229.5 0.2627315 -0.4076646
Ended 998.9969 476 227 0.2685185 -0.4140947
Candidates 999.0584 13 cam jam van can fan ban jan man adam saddam main dan been
Began 1000.195 115 378 -0.5671296 -0.02572024
Stationary 1000.226 115 378 -0.5671296 -0.02572024
Ended 1000.257 115 378 -0.5671296 -0.02572024
Accept 1000.318 0 cam
Delete 1000.318 LeftSwipe
Began 1001.056 434 342 0.1712963 -0.1183128
Stationary 1001.086 434 342 0.1712963 -0.1183128
Moved 1001.117 427.8324 342 0.1570194 -0.1183128
Moved 1001.148 410.0524 342 0.1158621 -0.1183128
Moved 1001.179 389.2705 342 0.06775578 -0.1183128
Moved 1001.209 384.5283 342 0.05677839 -0.1183128
Moved 1001.24 376.7919 342 0.03887007 -0.1183128
Moved 1001.271 370.2797 342 0.02379566 -0.1183128
Moved 1001.302 368.8359 342 0.02045353 -0.1183128
Moved 1001.332 365.9697 342 0.01381884 -0.1183128
Moved 1001.363 363.5 342 0.008101861 -0.1183128
Moved 1001.394 361.5775 342 0.003651679 -0.1183128
Moved 1001.424 359.8506 342 -0.0003457069 -0.1183128
Moved 1001.455 357.9134 342 -0.004830062 -0.1183128
Moved 1001.486 353.3863 342 -0.0153096 -0.1183128
Moved 1001.517 349.8472 342 -0.02350191 -0.1183128
Moved 1001.547 343.5959 342 -0.03797248 -0.1183128
Moved 1001.578 323.032 342 -0.08557404 -0.1183128
Moved 1001.609 314.7704 342 -0.104698 -0.1183128
Moved 1001.639 294.6135 342 -0.1513577 -0.1183128
Moved 1001.67 277.7707 342 -0.1903457 -0.1183128
Moved 1001.701 266.5 349 -0.2164352 -0.1003086
Moved 1001.732 256.8968 351 -0.2386649 -0.09516476
Moved 1001.762 251.2056 353.8972 -0.2518388 -0.08771308
Moved 1001.793 246.2287 355.7713 -0.2633594 -0.08289281
Moved 1001.824 242.7582 358.2418 -0.271393 -0.07653868
Moved 1001.855 239.8196 361.1804 -0.2781954 -0.06898048
Moved 1001.885 239 364.0576 -0.2800926 -0.0615802
Moved 1001.916 238 367.8749 -0.2824074 -0.05176206
Moved 1001.947 238 370.1342 -0.2824074 -0.04595124
Moved 1001.977 237 376.5 -0.2847222 -0.02957819
Moved 1002.008 237 386.3438 -0.2847222 -0.004259902
Moved 1002.039 236 393.2148 -0.287037 0.01341258
Moved 1002.07 235.4743 399.0514 -0.2882539 0.02842432
Moved 1002.1 235 403.8048 -0.2893518 0.04065019
Moved 1002.131 231.5412 405.4588 -0.2973583 0.04490421
Moved 1002.162 228.2629 406 -0.3049471 0.04629618
Moved 1002.193 220.5782 406 -0.3227357 0.04629618
Moved 1002.223 211.303 406 -0.344206 0.04629618
Moved 1002.254 202.5 394 -0.3645833 0.01543206
Moved 1002.285 188.7758 389.8655 -0.3963524 0.004798041
Moved 1002.315 173.3229 383.1614 -0.4321229 -0.01244494
Moved 1002.346 164.4089 378.2044 -0.4527572 -0.02519443
Moved 1002.377 159.4856 377 -0.4641536 -0.02829226
Moved 1002.408 154.3529 374.3528 -0.4760351 -0.03510079
Moved 1002.438 152.914 374 -0.4793657 -0.03600823
Moved 1002.469 151.0485 372.0485 -0.483684 -0.04102754
Moved 1002.5 149.5307 372 -0.4871975 -0.04115226
Moved 1002.531 150 370.6255 -0.4861112 -0.04468753
Moved 1002.561 149 369.8876 -0.4884259 -0.04658538
Stationary 1002.592 149 369.8876 -0.4884259 -0.04658538
Moved 1002.623 155.029 368.3301 -0.47447 -0.05059128
Moved 1002.654 173.7714 364.4612 -0.4310848 -0.06054207
Moved 1002.684 199.6793 363 -0.3711128 -0.06430049
Moved 1002.715 224.4872 363 -0.3136871 -0.06430049
Moved 1002.746 249.6966 362 -0.2553318 -0.06687243
Moved 1002.776 269.8141 362 -0.2087636 -0.06687243
Moved 1002.807 288 362 -0.1666667 -0.06687243
Moved 1002.838 305.3952 362 -0.1264 -0.06687243
Moved 1002.869 318.8069 362 -0.09535427 -0.06687243
Moved 1002.899 334.0641 362 -0.06003668 -0.06687243
Moved 1002.93 346.3463 362 -0.03160576 -0.06687243
Moved 1002.961 359.1983 362 -0.00185584 -0.06687243
Moved 1002.992 370.3736 362 0.02401292 -0.06687243
Moved 1003.022 384.1133 362 0.05581776 -0.06687243
Moved 1003.053 388.4774 362 0.06591985 -0.06687243
Moved 1003.084 396.7192 360.6404 0.08499821 -0.07036947
Moved 1003.114 405.6975 355.3025 0.1057812 -0.08409853
Moved 1003.145 412.706 350.2939 0.1220046 -0.09698059
Moved 1003.176 420.3571 343.6428 0.1397156 -0.1140875
Moved 1003.207 426.0983 336.9017 0.1530054 -0.1314258
Moved 1003.237 430.4191 329.7427 0.1630072 -0.1498389
Moved 1003.268 433.9548 322.1807 0.1711917 -0.1692884
Moved 1003.299 435.8263 313.6948 0.1755238 -0.1911141
Moved 1003.33 437 304.8784 0.1782407 -0.2137901
Moved 1003.36 438.5 297.5 0.181713 -0.2327676
Moved 1003.391 439.0799 290.7604 0.1830552 -0.250102
Moved 1003.422 439.9548 284.0903 0.1850807 -0.2672574
Moved 1003.452 441 278.3459 0.1875 -0.282032
Moved 1003.483 442 273.4295 0.1898148 -0.2946773
Moved 1003.514 443 267.4787 0.1921296 -0.3099828
Moved 1003.545 445.1188 260.6436 0.1970343 -0.3275628
Moved 1003.575 446 252.9993 0.199074 -0.3472242
Moved 1003.606 447.5228 247.4316 0.202599 -0.3615441
Moved 1003.637 449.3944 242.6056 0.2069315 -0.3739569
Moved 1003.667 450 238.7303 0.2083333 -0.383924
Moved 1003.698 451 235.1222 0.2106482 -0.3932043
Moved 1003.729 452 232.2914 0.2129629 -0.4004852
Moved 1003.76 452.5845 230 0.214316 -0.4063786
Moved 1003.79 453 227.5444 0.2152778 -0.4126944
Ended 1003.821 453 227 0.2152778 -0.4140947
Candidates 1003.944 13 jan jam man ban fan van can cam lamb adam beam mann been
Began 1004.866 44 456 -0.7314814 0.174897
Stationary 1004.897 44 456 -0.7314814 0.174897
Stationary 1004.927 44 456 -0.7314814 0.174897
Ended 1004.958 44 456 -0.7314814 0.174897
Accept 1005.02 0 jan
Delete 1005.02 LeftSwipe
Began 1005.388 100 421 -0.6018518 0.08487643
Stationary 1005.419 100 421 -0.6018518 0.08487643
Stationary 1005.45 100 421 -0.6018518 0.08487643
Stationary 1005.481 100 421 -0.6018518 0.08487643
Stationary 1005.511 100 421 -0.6018518 0.08487643
Stationary 1005.542 100 421 -0.6018518 0.08487643
Stationary 1005.573 100 421 -0.6018518 0.08487643
Stationary 1005.603 100 421 -0.6018518 0.08487643
Stationary 1005.634 100 421 -0.6018518 0.08487643
Moved 1005.665 109 431.5 -0.5810185 0.1118827
Moved 1005.696 110 428 -0.5787036 0.1028806
Moved 1005.726 111.5 429.5 -0.5752315 0.1067386
Moved 1005.757 112.1248 429 -0.5737852 0.1054526
Moved 1005.788 113.4199 430 -0.5707874 0.1080246
Stationary 1005.818 113.4199 430 -0.5707874 0.1080246
Moved 1005.849 114.1407 430 -0.5691187 0.1080246
Moved 1005.88 115.732 430 -0.5654352 0.1080246
Moved 1005.911 119.1985 430.5992 -0.557411 0.1095659
Moved 1005.941 131.3689 432.4738 -0.5292387 0.1143871
Moved 1005.972 148.072 435.012 -0.4905742 0.1209156
Moved 1006.003 160.5079 436 -0.4617872 0.1234567
Moved 1006.034 172.3628 436 -0.4343454 0.1234567
Moved 1006.064 174.3647 437.1824 -0.4297112 0.1264979
Moved 1006.095 177.1009 437 -0.4233776 0.1260288
Moved 1006.126 178.3739 437 -0.4204307 0.1260288
Moved 1006.157 179.2037 437 -0.41851 0.1260288
Moved 1006.187 180.2244 437 -0.4161471 0.1260288
Moved 1006.218 181.0665 437 -0.414198 0.1260288
Stationary 1006.249 181 437 -0.4143519 0.1260288
Stationary 1006.279 181 437 -0.4143519 0.1260288
Stationary 1006.31 181 437 -0.4143519 0.1260288
Ended 1006.341 181 437 -0.4143519 0.1260288
Candidates 1006.433 13 a as was saw ass aw q sa sq add aware s read
Began 1006.986 58 413 -0.6990741 0.06430033
Stationary 1007.017 58 413 -0.6990741 0.06430033
Ended 1007.048 58 413 -0.6990741 0.06430033
Accept 1007.109 0 a
Delete 1007.109 LeftSwipe
Began 1007.631 249 423 -0.2569445 0.09002049
Stationary 1007.662 249 423 -0.2569445 0.09002049
Stationary 1007.693 249 423 -0.2569445 0.09002049
Moved 1007.724 236.5299 423 -0.2858105 0.09002049
Moved 1007.754 229.5641 423 -0.3019351 0.09002049
Moved 1007.785 223.6242 423 -0.3156847 0.09002049
Moved 1007.816 217.9025 415.4512 -0.3289295 0.07060494
Moved 1007.847 212.8737 415 -0.3405701 0.06944436
Moved 1007.877 207.097 415 -0.3539421 0.06944436
Moved 1007.908 202.3545 415 -0.3649201 0.06944436
Moved 1007.939 197.6259 415 -0.3758661 0.06944436
Moved 1007.969 194.8051 415 -0.3823957 0.06944436
Moved 1008 190.8843 415 -0.3914715 0.06944436
Moved 1008.031 188.0726 415 -0.3979801 0.06944436
Moved 1008.062 185.5 415 -0.4039352 0.06944436
Moved 1008.092 182.6483 415 -0.4105363 0.06944436
Moved 1008.123 181.5 415 -0.4131944 0.06944436
Moved 1008.154 178.9084 415 -0.4191935 0.06944436
Moved 1008.185 175.7683 413.7683 -0.4264623 0.06627644
Moved 1008.215 168.1536 409.1536 -0.4440888 0.05440747
Moved 1008.246 165.289 407.6445 -0.4507199 0.05052606
Moved 1008.277 159.5519 402.5519 -0.4640002 0.03742783
Moved 1008.307 157 401 -0.4699074 0.03343609
Moved 1008.338 155.7799 399.7798 -0.4727318 0.03029788
Moved 1008.369 159.7542 396.9274 -0.4635318 0.0229613
Moved 1008.4 177.4301 390.8387 -0.4226154 0.007301142
Moved 1008.43 205.4179 385.0647 -0.3578289 -0.007549685
Moved 1008.461 233.1493 379.3701 -0.2936358 -0.02219628
Moved 1008.492 259.8271 373.6346 -0.2318817 -0.03694817
Moved 1008.523 282.7149 369.8094 -0.1789006 -0.04678639
Moved 1008.553 307.4723 363.8951 -0.121592 -0.06199833
Moved 1008.584 329.4088 357.2217 -0.070813 -0.07916234
Moved 1008.615 354.0175 346.593 -0.01384839 -0.1064995
Moved 1008.645 383.9504 334.8652 0.05544066 -0.1366636
Moved 1008.676 406.5808 325.6516 0.1078259 -0.1603613
Moved 1008.707 419.968 320.016 0.1388148 -0.1748561
Moved 1008.738 429.1277 314.2482 0.1600179 -0.189691
Moved 1008.768 443.9386 303.8369 0.1943022 -0.2164691
Moved 1008.799 453.7722 296.2278 0.2170652 -0.2360395
Moved 1008.83 461.2476 291.7524 0.2343695 -0.2475505
Moved 1008.861 466.3825 288.3087 0.2462559 -0.2564077
Moved 1008.891 472.1237 283.8763 0.2595457 -0.267808
Moved 1008.922 477.8553 279.5724 0.2728132 -0.2788777
Moved 1008.953 479.9741 277.0259 0.2777179 -0.2854273
Moved 1008.983 483 271.7247 0.2847222 -0.299062
Moved 1009.014 484 268.5873 0.287037 -0.3071316
Moved 1009.045 485 263.4312 0.2893518 -0.3203931
Moved 1009.076 486 256.6537 0.2916667 -0.3378248
Moved 1009.106 486 251.0857 0.2916667 -0.3521459
Moved 1009.137 486 246.1693 0.2916667 -0.3647909
Moved 1009.168 486 243.5 0.2916667 -0.3716564
Moved 1009.199 486 240.7539 0.2916667 -0.3787194
Ended 1009.229 486 239 0.2916667 -0.3832304
Candidates 1009.291 13 Sam am damn san adam saddam an dan fan team ann seem cam
Began 1010.796 648 423 0.6666666 0.09002049
Stationary 1010.827 648 423 0.6666666 0.09002049
Stationary 1010.858 648 423 0.6666666 0.09002049
Ended 1010.889 648 423 0.6666666 0.09002049
Accept 1010.95 0 Sam
PhraseEnd 1010.95
