my car always breaks in the winter
my car always breaks in the winter
FixStart
List

0.6 0.6
432 388.8
Began 2874.811 478 349 0.2731481 -0.1003086
Moved 2874.842 483.636 327.3392 0.2861945 -0.1560205
Moved 2874.872 503.7159 292.5682 0.3326757 -0.2454523
Moved 2874.903 527.3143 258.9142 0.3873016 -0.3320107
Moved 2874.934 548.6556 231.7925 0.4367029 -0.4017684
Moved 2874.964 563.5325 215.4675 0.4711399 -0.4437563
Moved 2874.995 573.5273 205.9818 0.4942761 -0.4681537
Moved 2875.026 578.1149 201.8851 0.5048956 -0.4786905
Moved 2875.057 579.9509 202 0.5091457 -0.4783951
Moved 2875.087 581 227.2272 0.511574 -0.4135104
Moved 2875.118 581 255.9514 0.511574 -0.3396311
Moved 2875.149 581 288.8759 0.511574 -0.254949
Moved 2875.18 568.7171 344.7917 0.4831414 -0.1111324
Moved 2875.21 562.0429 385.571 0.4676919 -0.006247508
Moved 2875.241 553.1882 414.0392 0.447195 0.06697325
Moved 2875.272 542.9886 443.6971 0.4235847 0.1432538
Moved 2875.302 535.3943 462.4131 0.4060055 0.1913918
Moved 2875.333 525.7849 480.4302 0.3837613 0.237732
Moved 2875.364 517.5305 495.3217 0.3646539 0.2760332
Moved 2875.395 510.0184 508.4724 0.3472649 0.3098568
Moved 2875.426 506.6423 514.7154 0.3394497 0.325914
Ended 2875.456 507 517 0.3402778 0.33179
Candidates 2875.548 13 my no buy not but mit mi ny mt by bmi mr mo
Began 2876.071 450 463 0.2083333 0.1929011
Moved 2876.102 450 450.1044 0.2083333 0.1597334
Moved 2876.132 445.3231 426.1539 0.1975072 0.0981325
Moved 2876.163 434.6144 402.9717 0.1727186 0.03850748
Moved 2876.194 423.8936 380.7872 0.1479018 -0.01855159
Moved 2876.225 414.3215 364.5358 0.1257441 -0.06035031
Moved 2876.255 403.958 350.1974 0.1017546 -0.09722886
Moved 2876.286 392.5496 339.8397 0.07534634 -0.1238692
Moved 2876.317 381.5113 332.8371 0.04979461 -0.1418799
Moved 2876.347 370.856 327.964 0.02512962 -0.1544137
Moved 2876.378 361.3494 326.3373 0.003123681 -0.1585974
Moved 2876.409 347.9391 326 -0.02791872 -0.1594652
Moved 2876.44 334.5748 326 -0.05885457 -0.1594652
Moved 2876.47 322.2253 336.4648 -0.0874415 -0.1325493
Moved 2876.501 312.202 347.4976 -0.1106436 -0.104173
Moved 2876.532 301.7352 359.2648 -0.1348722 -0.07390755
Moved 2876.563 290.2473 371.7527 -0.1614646 -0.04178844
Moved 2876.593 278.7586 387.8621 -0.1880589 -0.0003546648
Moved 2876.624 271.4943 401.0114 -0.2048742 0.03346537
Moved 2876.655 263.9017 418.896 -0.2224497 0.07946493
Moved 2876.686 260 441.0129 -0.2314815 0.1363499
Moved 2876.716 258.9916 453.0759 -0.2338158 0.1673764
Moved 2876.747 259 470.2553 -0.2337963 0.211562
Moved 2876.778 284.2507 492.4006 -0.1753455 0.26852
Moved 2876.808 298.9138 510.3707 -0.1414033 0.3147393
Moved 2876.839 313.5692 525.5692 -0.1074787 0.35383
Moved 2876.87 332.8468 540.7056 -0.06285468 0.3927613
Moved 2876.901 350.0408 551.0204 -0.02305369 0.419291
Moved 2876.931 365 558.5 0.01157403 0.4385287
Moved 2876.962 380.8882 566.1329 0.04835218 0.4581606
Moved 2876.993 393.9643 571.4821 0.07862101 0.4719189
Moved 2877.024 405.3355 577.2237 0.1049434 0.4866863
Moved 2877.054 415.3638 582.0114 0.128157 0.4990005
Ended 2877.085 418 583 0.1342593 0.5015431
Accept 2877.177 0 my
Candidates 2877.177 13 car cat career case carry care vary carr vast cast bar bay bare
Began 2877.7 443 398 0.1921296 0.02572008
Moved 2877.73 421.2775 398 0.141846 0.02572008
Moved 2877.761 378.8375 388.0985 0.04360527 0.0002533713
Moved 2877.792 338.4391 384.6525 -0.04990941 -0.008609951
Moved 2877.823 294.8293 383 -0.150858 -0.01286016
Moved 2877.853 277.1678 383 -0.1917413 -0.01286016
Moved 2877.884 274 383 -0.199074 -0.01286016
Moved 2877.915 280.4446 390.0891 -0.184156 0.005372993
Moved 2877.946 336.0691 408.0975 -0.05539556 0.05169114
Moved 2877.976 443.2734 416.7512 0.1927625 0.07394853
Moved 2878.007 517.897 419 0.3655025 0.07973251
Moved 2878.038 551.0527 419 0.4422516 0.07973251
Moved 2878.068 574.563 419 0.4966737 0.07973251
Moved 2878.099 589.5 419 0.5312501 0.07973251
Moved 2878.13 597.0439 419 0.5487128 0.07973251
Moved 2878.161 599 419 0.5532407 0.07973251
Moved 2878.191 589.8013 412 0.5319475 0.06172835
Moved 2878.222 553.5 411 0.4479167 0.05915629
Moved 2878.253 471.4413 421.6396 0.257966 0.0865216
Moved 2878.284 381.5747 433.2639 0.04994144 0.1164195
Moved 2878.314 316.5352 449.4627 -0.100613 0.158083
Moved 2878.345 281.809 460.2896 -0.1809977 0.1859298
Moved 2878.376 260.5404 464 -0.2302306 0.1954732
Moved 2878.406 247.199 465 -0.2611136 0.1980452
Moved 2878.437 240 465 -0.2777777 0.1980452
Moved 2878.468 239.4076 465 -0.2791491 0.1980452
Moved 2878.499 225.2704 471.3837 -0.3118741 0.2144641
Moved 2878.53 215.3765 483.8314 -0.3347767 0.2464798
Moved 2878.56 212 491.827 -0.3425926 0.2670447
Moved 2878.591 217.3259 492 -0.3302642 0.2674896
Moved 2878.622 248.6794 445.6411 -0.2576865 0.1482538
Moved 2878.652 273.9676 370.6541 -0.1991491 -0.04461414
Moved 2878.683 280.9843 328.1412 -0.1829067 -0.1539577
Moved 2878.714 284.8627 299.0988 -0.173929 -0.2286556
Moved 2878.745 286.7336 284.7992 -0.1695981 -0.2654342
Moved 2878.775 288.5 280.5 -0.1655093 -0.2764919
Moved 2878.806 291.2896 280 -0.159052 -0.2777778
Moved 2878.837 316.0881 320.1602 -0.1016478 -0.1744851
Moved 2878.867 351.4277 376.6415 -0.01984333 -0.02921438
Moved 2878.898 404.3455 447.696 0.1026515 0.153539
Moved 2878.929 467.5652 520.826 0.2489935 0.3416307
Moved 2878.96 496.2509 542.0007 0.3153956 0.3960921
Moved 2878.99 524.0055 560.0031 0.3796423 0.4423946
Moved 2879.021 544.4041 571.702 0.4268612 0.4724846
Moved 2879.052 556.3395 579.893 0.4544895 0.4935519
Moved 2879.083 564.9354 586.6236 0.4743876 0.5108631
Moved 2879.113 567 589.8819 0.4791667 0.5192435
Moved 2879.144 567 591 0.4791667 0.5221192
Moved 2879.175 551.9263 591 0.444274 0.5221192
Moved 2879.206 513.2733 571.8184 0.3547992 0.4727839
Moved 2879.236 466.1867 545.6153 0.2458025 0.4053891
Moved 2879.267 408.1667 512.8333 0.1114969 0.3210733
Moved 2879.298 358.0312 478.8474 -0.004557421 0.2336608
Moved 2879.328 314 444 -0.1064815 0.1440329
Moved 2879.359 281.7108 416.8281 -0.1812249 0.07414621
Moved 2879.39 258.1333 395.1333 -0.2358025 0.01834689
Moved 2879.421 240.8285 377.8284 -0.27586 -0.02616145
Moved 2879.451 228.6388 363.3666 -0.3040768 -0.06335756
Moved 2879.482 217.3064 350.0753 -0.3303092 -0.09754306
Moved 2879.513 209.6931 341.6931 -0.3479326 -0.1191023
Moved 2879.543 205.0575 335.0575 -0.3586633 -0.1361691
Moved 2879.574 202.4586 332.4586 -0.3646791 -0.1428534
Moved 2879.605 200.5855 329.5855 -0.369015 -0.1502431
Ended 2879.636 201 330 -0.3680556 -0.149177
Accept 2879.728 0 car
Candidates 2879.728 13 laura australia media russia alaska extra data atlanta area minnesota alabama india arabia
Began 2880.727 471 322 0.2569444 -0.1697531
Moved 2880.758 427.6006 322 0.1564828 -0.1697531
Moved 2880.788 347.2233 322 -0.02957577 -0.1697531
Moved 2880.819 277.8969 322 -0.1900536 -0.1697531
Moved 2880.85 203.2037 322 -0.3629543 -0.1697531
Moved 2880.88 151.6065 322 -0.4823923 -0.1697531
Moved 2880.911 115.7811 322 -0.5653214 -0.1697531
Moved 2880.942 93.92881 322 -0.6159055 -0.1697531
Moved 2880.973 77.5 322 -0.6539352 -0.1697531
Ended 2881.003 77.5 322 -0.6539352 -0.1697531
Accept 2881.065 0 laura
Delete 2881.065 LeftSwipe
Began 2881.372 388 289 0.06481478 -0.2546296
Stationary 2881.403 388 289 0.06481478 -0.2546296
Moved 2881.434 373.9065 289 0.03219088 -0.2546296
Moved 2881.464 351.3606 289 -0.0199987 -0.2546296
Moved 2881.495 328.2486 289 -0.07349863 -0.2546296
Moved 2881.526 301.4297 294.8881 -0.1355795 -0.2394855
Moved 2881.557 279.5422 301.4351 -0.1862449 -0.2226465
Moved 2881.587 256.5 305.5 -0.2395834 -0.2121914
Moved 2881.618 239.2612 311.2955 -0.2794879 -0.1972851
Moved 2881.649 227.9468 314.0177 -0.3056786 -0.1902837
Moved 2881.679 224.116 315 -0.3145462 -0.1877573
Moved 2881.71 222.6866 316.3134 -0.317855 -0.1843792
Moved 2881.741 221 318.2839 -0.3217593 -0.1793109
Moved 2881.772 221 320.151 -0.3217593 -0.1745088
Moved 2881.802 221 323.027 -0.3217593 -0.1671118
Moved 2881.833 246.226 332.0452 -0.2633657 -0.1439167
Moved 2881.864 290.8939 339.7858 -0.1599678 -0.1240076
Moved 2881.895 353.3211 340 -0.01546035 -0.1234569
Moved 2881.925 410.2098 330.4185 0.1162265 -0.1481006
Moved 2881.956 478.2297 318.9617 0.2736798 -0.1775676
Moved 2881.987 513.4603 313.454 0.3552323 -0.1917337
Moved 2882.018 536.9187 310.5831 0.4095341 -0.1991177
Moved 2882.048 555.4821 306.1479 0.4525048 -0.2105248
Moved 2882.079 572.7611 300.2065 0.4925025 -0.2258064
Moved 2882.11 588.9839 293.6721 0.5300552 -0.242613
Moved 2882.141 599.5 289.5 0.5543981 -0.2533437
Moved 2882.171 606.1119 285.8881 0.5697035 -0.2626337
Moved 2882.202 609 284.022 0.576389 -0.2674331
Moved 2882.233 609 282.5968 0.576389 -0.2710988
Moved 2882.263 568.774 282 0.4832733 -0.2726338
Moved 2882.294 469.9201 311.2667 0.2544448 -0.1973595
Moved 2882.325 428.3312 319.3337 0.1581741 -0.1766108
Moved 2882.356 391.1669 325.9722 0.07214566 -0.1595366
Moved 2882.386 361.1507 334.9398 0.002663533 -0.1364718
Moved 2882.417 330.4332 345.07 -0.06844158 -0.1104167
Moved 2882.448 300.447 357.9283 -0.1378543 -0.07734479
Moved 2882.479 278.3791 366.4828 -0.1889372 -0.05534254
Moved 2882.509 243.5242 386.3399 -0.26962 -0.00426987
Moved 2882.54 228.2918 396.825 -0.3048801 0.02269788
Moved 2882.571 225.5 398.5 -0.3113426 0.02700609
Moved 2882.602 216.9226 408.308 -0.3311977 0.05223254
Moved 2882.632 210.7181 416.2819 -0.3455599 0.07274133
Moved 2882.663 210 419.5 -0.3472222 0.08101848
Moved 2882.694 210 420 -0.3472222 0.08230445
Moved 2882.724 210 422.0632 -0.3472222 0.087611
Stationary 2882.755 210 422 -0.3472222 0.08744851
Stationary 2882.786 210 422 -0.3472222 0.08744851
Stationary 2882.817 210 422 -0.3472222 0.08744851
Moved 2882.847 210 377.2335 -0.3472222 -0.0276918
Moved 2882.878 218.0792 333.4952 -0.3285204 -0.1401874
Moved 2882.909 220.9549 301.4062 -0.3218637 -0.2227208
Moved 2882.939 222.4507 276.4928 -0.3184011 -0.2867984
Moved 2882.97 224 260.3763 -0.3148148 -0.3282501
Moved 2883.001 226.1929 253.6141 -0.3097386 -0.3456427
Moved 2883.032 229.6091 252 -0.3018309 -0.3497943
Moved 2883.063 248.6707 259.2771 -0.2577068 -0.3310775
Moved 2883.093 280.7797 285.3347 -0.1833804 -0.2640569
Moved 2883.124 311.4232 307.3962 -0.1124464 -0.2073144
Moved 2883.155 340.7254 331.1519 -0.04461711 -0.1462143
Moved 2883.186 374.1413 355.1808 0.03273448 -0.0844114
Moved 2883.216 401.982 374.1874 0.0971805 -0.03552629
Moved 2883.247 427.268 394.8011 0.1557129 0.01749258
Moved 2883.278 445.2474 411.2474 0.1973319 0.05979255
Moved 2883.308 464.3132 431.2151 0.2414658 0.11115
Moved 2883.339 483.6819 450.6819 0.2863006 0.1612187
Moved 2883.37 496.1451 463.1451 0.3151508 0.1932745
Moved 2883.401 504.3524 472.5286 0.3341491 0.2174089
Moved 2883.431 507.0418 475.0418 0.3403745 0.2238729
Moved 2883.462 508 476 0.3425926 0.2263374
Stationary 2883.493 508 476 0.3425926 0.2263374
Moved 2883.523 489.8652 456.5602 0.3006139 0.1763378
Moved 2883.554 462.5937 428.5937 0.2374854 0.1044075
Moved 2883.585 440.8317 405.6027 0.1871103 0.04527445
Moved 2883.616 412.8864 382.0228 0.1224222 -0.01537354
Moved 2883.646 388.436 362.8815 0.06582419 -0.06460511
Moved 2883.677 363.7941 345.4244 0.008782645 -0.1095052
Moved 2883.708 342.5118 330.0079 -0.04048184 -0.1491568
Moved 2883.739 320.8031 314.5026 -0.09073346 -0.1890364
Moved 2883.769 306.708 302.281 -0.123361 -0.2204707
Moved 2883.8 293.824 291.2592 -0.1531852 -0.2488191
Moved 2883.831 280.9396 279.9517 -0.1830103 -0.2779021
Moved 2883.862 269.4753 269.3564 -0.209548 -0.3051532
Moved 2883.892 259.7426 260.7426 -0.2320774 -0.3273082
Moved 2883.923 252.3577 253.3577 -0.249172 -0.3463024
Moved 2883.954 247.6833 249.8417 -0.2599924 -0.3553455
Ended 2883.985 245.976 248 -0.2639444 -0.3600824
Candidates 2884.107 13 always speakers alaska salaries selected galleries paid domestic electric apparatus thesis laid delayed
Began 2885.122 445 357 0.1967593 -0.07973259
Moved 2885.152 445 340.9437 0.1967593 -0.1210296
Moved 2885.183 433.0605 305.3627 0.1691214 -0.2125445
Moved 2885.214 433 272.399 0.1689814 -0.2973275
Moved 2885.245 433 242.522 0.1689814 -0.3741719
Moved 2885.275 446.0754 218.4656 0.1992486 -0.4360454
Moved 2885.306 453.1379 202.5863 0.215597 -0.4768871
Moved 2885.337 458.2269 191.5463 0.227377 -0.5052823
Moved 2885.367 462.9756 182.0734 0.2383693 -0.5296467
Moved 2885.398 464.8398 177.1603 0.2426846 -0.5422833
Moved 2885.429 465 174.4562 0.2430555 -0.5492382
Moved 2885.46 447.178 185.0497 0.201801 -0.5219916
Moved 2885.49 424.2379 219.3337 0.1486988 -0.4338125
Moved 2885.521 396.2191 287.7537 0.08384039 -0.2578351
Moved 2885.552 389.3686 312.0446 0.06798278 -0.1953587
Moved 2885.583 373.0821 372.6716 0.03028264 -0.0394249
Moved 2885.613 365.2296 405.5681 0.0121055 0.04518525
Moved 2885.644 358.748 432.1343 -0.002898276 0.113514
Moved 2885.675 355.3286 446.3569 -0.01081338 0.1500949
Moved 2885.706 352.4632 457.684 -0.01744633 0.1792282
Moved 2885.736 352 468.5681 -0.01851852 0.2072222
Moved 2885.767 352 478.6106 -0.01851852 0.2330519
Moved 2885.798 352 492.8298 -0.01851852 0.2696239
Moved 2885.829 352 503.9426 -0.01851852 0.2982063
Moved 2885.859 352 512.5402 -0.01851852 0.3203193
Moved 2885.89 352 519.1456 -0.01851852 0.3373085
Moved 2885.921 359.9182 524.8364 -0.0001893441 0.3519454
Moved 2885.951 361 528.781 0.002314846 0.3620909
Moved 2885.982 361 531.5 0.002314846 0.3690843
Moved 2886.013 361 531 0.002314846 0.3677982
Stationary 2886.044 361 531 0.002314846 0.3677982
Moved 2886.074 343.7397 516.6473 -0.03763949 0.3308828
Moved 2886.105 322.6969 495.6969 -0.08634975 0.2769981
Moved 2886.136 284.792 456.4413 -0.1740927 0.176032
Moved 2886.167 254.4501 416.3876 -0.2443285 0.07301319
Moved 2886.197 232.2673 387.9925 -0.2956776 -1.938745E-05
Moved 2886.228 214.2576 360.3864 -0.3373667 -0.07102275
Moved 2886.259 200.5215 338.0344 -0.3691631 -0.1285123
Moved 2886.29 194.2951 326.2377 -0.3835762 -0.1588537
Moved 2886.32 190.1102 317.3305 -0.3932635 -0.1817632
Moved 2886.351 188 312.2856 -0.3981482 -0.1947388
Stationary 2886.382 188 312 -0.3981482 -0.1954732
Moved 2886.412 205.2945 312 -0.3581145 -0.1954732
Moved 2886.443 247.7622 334.8966 -0.2598098 -0.1365829
Moved 2886.474 306.1684 356.009 -0.1246101 -0.08228145
Moved 2886.505 365.7924 370.1777 0.01340826 -0.04583924
Moved 2886.535 424 378 0.1481481 -0.02572024
Moved 2886.566 464.7114 381.1069 0.2423875 -0.01772908
Moved 2886.597 501.7156 381 0.3280454 -0.01800419
Moved 2886.628 529.9074 381 0.3933042 -0.01800419
Moved 2886.658 544.5976 372.6805 0.4273092 -0.03940213
Moved 2886.689 559.4398 368.4241 0.4616661 -0.05034968
Moved 2886.72 570.5795 362.7103 0.4874524 -0.06504561
Moved 2886.75 579.0337 355.9663 0.5070225 -0.08239125
Moved 2886.781 581.5513 353.4487 0.5128503 -0.08886658
Moved 2886.812 582 351.7874 0.513889 -0.09313944
Moved 2886.843 548.3342 342.509 0.4359587 -0.1170037
Moved 2886.874 471.0636 327.7006 0.2570917 -0.1550911
Moved 2886.904 403.6798 317.0023 0.1011106 -0.1826072
Moved 2886.935 358.8692 313.4579 -0.002617588 -0.1917234
Moved 2886.966 324.3234 312 -0.08258466 -0.1954732
Moved 2886.996 300.4732 312 -0.1377935 -0.1954732
Moved 2887.027 280.21 320.8271 -0.1846991 -0.1727698
Moved 2887.058 264.215 325.6962 -0.2217245 -0.1602464
Moved 2887.089 255 331 -0.2430556 -0.146605
Moved 2887.119 248.8382 338.1618 -0.257319 -0.1281847
Moved 2887.15 244.05 343.9001 -0.2684029 -0.1134259
Moved 2887.181 241.18 348.6399 -0.2750462 -0.1012348
Moved 2887.211 238.7023 351.2977 -0.2807818 -0.09439892
Ended 2887.242 239 352 -0.2800926 -0.09259266
Accept 2887.334 0 always
Candidates 2887.334 13 breaks meals vessels brands veterans brand beans crafts means versus cracks versions cells
Began 2888.041 444 261 0.1944444 -0.3266461
Stationary 2888.072 444 261 0.1944444 -0.3266461
Moved 2888.103 457.8619 282.5515 0.2265322 -0.2712154
Moved 2888.134 473.1684 306.2526 0.2619639 -0.2102558
Moved 2888.164 494.9907 337.1309 0.3124783 -0.1308363
Moved 2888.195 517.4457 364.3071 0.3644576 -0.06093845
Moved 2888.226 545.8127 396.1253 0.4301221 0.02089838
Moved 2888.256 563.0001 426.0001 0.4699076 0.0977369
Moved 2888.287 576.7342 450.1013 0.5016995 0.1597254
Moved 2888.318 586.0931 468.2795 0.5233638 0.2064801
Moved 2888.349 591.8421 480.6841 0.5366716 0.238385
Moved 2888.379 593 488.9339 0.5393519 0.2596036
Moved 2888.41 594 493.8354 0.5416667 0.2722104
Moved 2888.441 594 495 0.5416667 0.2752057
Stationary 2888.472 594 495 0.5416667 0.2752057
Moved 2888.502 585.4011 472.1375 0.5217618 0.216403
Moved 2888.533 563.3222 410.3753 0.4706533 0.05754957
Moved 2888.564 553.0862 378.8793 0.4469588 -0.02345866
Moved 2888.594 539.4242 335.6423 0.4153338 -0.134665
Moved 2888.625 527.4213 266.2128 0.3875492 -0.3132386
Moved 2888.656 519.6935 222.5479 0.3696609 -0.4255457
Moved 2888.687 514.9474 185.6843 0.3586745 -0.5203593
Moved 2888.718 511 156.9968 0.349537 -0.5941439
Moved 2888.748 510 136.0446 0.3472221 -0.6480336
Moved 2888.779 510 120.2004 0.3472221 -0.6887849
Moved 2888.81 510 110.606 0.3472221 -0.7134621
Moved 2888.84 514.3339 95.76172 0.3572543 -0.7516417
Moved 2888.871 518 88.50818 0.3657407 -0.7702979
Moved 2888.902 518 85.31726 0.3657407 -0.7785048
Ended 2888.933 518 85 0.3657407 -0.779321
Accept 2889.025 0 breaks
Candidates 2889.025 13 in on upon inn join pin him ion job john un gun ibm
Began 2889.394 455 303 0.2199073 -0.2186215
Stationary 2889.424 455 303 0.2199073 -0.2186215
Moved 2889.455 455 331.3101 0.2199073 -0.1458076
Moved 2889.486 455 371 0.2199073 -0.04372435
Moved 2889.516 455 420.7784 0.2199073 0.08430649
Moved 2889.547 455 438.0566 0.2199073 0.1287462
Moved 2889.578 455 456.9455 0.2199073 0.1773289
Moved 2889.609 455 466.8231 0.2199073 0.2027343
Moved 2889.639 455 473.2284 0.2199073 0.2192087
Moved 2889.67 455 475.5 0.2199073 0.2250513
Moved 2889.701 467.8737 475 0.2497076 0.2237653
Moved 2889.732 488.5918 454.382 0.2976662 0.1707354
Moved 2889.762 507.5576 426.6155 0.3415685 0.09931968
Moved 2889.793 518.7547 396.9811 0.3674878 0.02309956
Moved 2889.824 522 365.4075 0.375 -0.05810828
Moved 2889.854 522 331.7099 0.375 -0.1447791
Moved 2889.885 512.0334 299.6835 0.3519292 -0.2271516
Moved 2889.916 503.9749 269.5829 0.3332752 -0.3045707
Moved 2889.947 496.3896 245.9739 0.3157166 -0.3652935
Moved 2889.978 479.4356 221.4357 0.2764714 -0.4284062
Moved 2890.008 463.5464 213.3638 0.2396907 -0.4491673
Moved 2890.039 438.5438 213 0.1818143 -0.4501029
Moved 2890.07 415.83 242.1487 0.1292362 -0.3751321
Moved 2890.1 392.9673 273.4282 0.07631321 -0.2946807
Moved 2890.131 372.7367 312.0304 0.02948304 -0.1953951
Moved 2890.162 350.2682 371.7026 -0.02252728 -0.04191709
Moved 2890.193 339.488 407.4199 -0.0474814 0.04994828
Moved 2890.223 335.8784 425.7293 -0.05583694 0.09704028
Moved 2890.254 335 453.3487 -0.05787035 0.1680779
Moved 2890.285 335 479.153 -0.05787035 0.234447
Moved 2890.315 349.7872 506.7872 -0.02364069 0.3055226
Ended 2890.346 349.7872 506.7872 -0.02364069 0.3055226
Accept 2890.408 1 on
Began 2891.33 408 293 0.1111111 -0.2443416
Stationary 2891.361 408 293 0.1111111 -0.2443416
Stationary 2891.391 408 293 0.1111111 -0.2443416
Stationary 2891.422 408 293 0.1111111 -0.2443416
Stationary 2891.453 408 293 0.1111111 -0.2443416
Stationary 2891.483 408 293 0.1111111 -0.2443416
Moved 2891.514 421.5074 277.4926 0.1423783 -0.2842269
Moved 2891.545 431.7592 263.9877 0.1661094 -0.3189618
Moved 2891.576 437.5984 257.4017 0.1796258 -0.3359011
Moved 2891.606 441.3466 255 0.1883022 -0.3420782
Moved 2891.637 450.189 278.1143 0.2087709 -0.2826279
Moved 2891.668 467.9737 354.8685 0.2499391 -0.08521492
Moved 2891.698 473.7046 384.5968 0.2632051 -0.008753199
Moved 2891.729 484.1543 418.2515 0.2873942 0.07780718
Moved 2891.76 493.0023 444.6722 0.3078758 0.1457617
Moved 2891.791 497.2346 457.173 0.3176727 0.1779141
Moved 2891.822 501.1068 465.3204 0.3266361 0.1988693
Moved 2891.852 503.5 469.5 0.3321759 0.2096193
Stationary 2891.883 503.5 469.5 0.3321759 0.2096193
Moved 2891.914 504 470 0.3333333 0.2109053
Moved 2891.944 505 445.9138 0.3356481 0.1489552
Moved 2891.975 505 409.6379 0.3356481 0.0556531
Moved 2892.006 493.7427 373.5704 0.3095896 -0.03711331
Moved 2892.037 491 341.5394 0.3032407 -0.1194975
Moved 2892.067 488.6286 314.6576 0.2977514 -0.188638
Moved 2892.098 489 289.8579 0.2986111 -0.2524231
Moved 2892.129 489 265.3102 0.2986111 -0.3155603
Moved 2892.159 488 245.4789 0.2962963 -0.3665666
Moved 2892.19 488 223.9242 0.2962963 -0.4220057
Moved 2892.221 488 202.8422 0.2962963 -0.476229
Moved 2892.252 488 171.725 0.2962963 -0.556263
Moved 2892.282 488 153.9933 0.2962963 -0.6018692
Moved 2892.313 488 143.5436 0.2962963 -0.628746
Moved 2892.344 488 138.2001 0.2962963 -0.6424896
Moved 2892.375 495.509 128.7819 0.3136783 -0.6667134
Moved 2892.406 496.9461 121.1617 0.3170049 -0.6863124
Moved 2892.436 499.6155 113.769 0.323184 -0.7053266
Moved 2892.467 502.3552 107.2897 0.3295259 -0.7219916
Moved 2892.498 506.4426 99.33618 0.3389875 -0.7424482
Moved 2892.528 508.0492 95.95081 0.3427064 -0.7511554
Moved 2892.559 509 93.44666 0.3449074 -0.757596
Ended 2892.59 509 92 0.3449074 -0.7613169
Candidates 2892.682 13 in inn him um upon ibm on un gun john gunn jim join
Began 2893.358 429 268 0.1597223 -0.308642
Moved 2893.389 417.5762 268 0.1332783 -0.308642
Moved 2893.42 373.4838 268 0.03121247 -0.308642
Moved 2893.45 300.4849 268 -0.1377665 -0.308642
Moved 2893.481 230.0391 273.1711 -0.3008354 -0.2953417
Moved 2893.512 133.8269 289.6346 -0.523549 -0.2529974
Moved 2893.542 116.2165 292.6306 -0.5643135 -0.2452919
Moved 2893.573 96 297 -0.6111112 -0.2340535
Moved 2893.604 85.90555 301.6981 -0.6344779 -0.2219699
Ended 2893.635 81.60698 303.131 -0.6444283 -0.2182845
Accept 2893.696 0 in
Delete 2893.696 LeftSwipe
Began 2893.85 431 270 0.1643519 -0.303498
Moved 2893.881 378.1662 270 0.04205128 -0.303498
Moved 2893.911 294.1721 270 -0.1523794 -0.303498
Moved 2893.942 201 280.5 -0.3680556 -0.2764919
Moved 2893.973 129.2808 287.6468 -0.5340722 -0.2581102
Moved 2894.004 86.1605 288 -0.6338877 -0.2572017
Moved 2894.034 51.12952 289 -0.714978 -0.2546296
Ended 2894.065 45.5 289 -0.7280093 -0.2546296
Delete 2894.157 LeftSwipe
Began 2894.372 399 270 0.09027779 -0.303498
Moved 2894.403 410.0189 270 0.1157845 -0.303498
Moved 2894.434 443.6858 280.0676 0.1937172 -0.2776041
Moved 2894.465 469.7188 293.5536 0.2539786 -0.2429178
Moved 2894.495 490.1131 301.6674 0.3011876 -0.2220489
Moved 2894.526 514.0687 313.0344 0.3566404 -0.1928129
Moved 2894.557 535.3541 327.1101 0.4059123 -0.1566099
Moved 2894.587 550 341 0.4398148 -0.1208849
Moved 2894.618 559.1993 351.1993 0.4611096 -0.09465197
Moved 2894.649 566.8404 360.7606 0.4787971 -0.07006021
Moved 2894.68 571.5783 367.5783 0.4897646 -0.05252493
Moved 2894.71 575.2249 373.4499 0.4982058 -0.03742312
Moved 2894.741 578.1757 380.3513 0.5050362 -0.01967254
Moved 2894.772 580 385.0477 0.5092593 -0.007593484
Moved 2894.803 580 387.5 0.5092593 -0.001286047
Moved 2894.833 580 387 0.5092593 -0.002572055
Moved 2894.864 563.7233 373.436 0.4715816 -0.03745876
Moved 2894.895 535.243 329.8644 0.405655 -0.1495257
Moved 2894.926 512.3892 290.431 0.3527527 -0.2509491
Moved 2894.956 491.4465 244.6162 0.3042743 -0.3687855
Moved 2894.987 481.5 216 0.28125 -0.4423869
Moved 2895.018 476.2451 196.7352 0.2690859 -0.4919362
Moved 2895.048 475.1096 187.4382 0.2664573 -0.5158482
Moved 2895.079 473.2461 181.4922 0.2621438 -0.5311415
Moved 2895.11 473 175.7603 0.2615741 -0.5458841
Moved 2895.141 473 171.519 0.2615741 -0.5567926
Moved 2895.171 473 161.926 0.2615741 -0.581466
Moved 2895.202 473 147.5504 0.2615741 -0.6184403
Moved 2895.233 478.3459 135.9452 0.2739487 -0.6482892
Moved 2895.264 482.4038 125.9904 0.2833422 -0.6738932
Moved 2895.294 487.1 110.5001 0.2942129 -0.7137343
Moved 2895.325 492.9753 91.07422 0.3078131 -0.763698
Moved 2895.356 497.8443 78.6228 0.319084 -0.7957231
Ended 2895.386 500 72.16382 0.324074 -0.812336
Candidates 2895.479 13 on in job join him john jon pm pb jim inn pin ion
Began 2896.37 416 260 0.1296297 -0.3292181
Stationary 2896.401 416 260 0.1296297 -0.3292181
Stationary 2896.431 416 260 0.1296297 -0.3292181
Moved 2896.462 401.5 279 0.0960648 -0.2803498
Moved 2896.493 392.1224 300.0478 0.07435739 -0.2262145
Moved 2896.524 387.8317 326.6826 0.06442527 -0.1577094
Moved 2896.554 385.956 346.2202 0.06008327 -0.1074585
Moved 2896.585 385 361.7303 0.05787035 -0.06756606
Moved 2896.616 384 381.8129 0.0555556 -0.01591325
Moved 2896.647 380.7206 396.6763 0.04796436 0.02231543
Moved 2896.677 376.7019 407.5961 0.03866186 0.05040153
Moved 2896.708 371.6309 418.4227 0.02692342 0.07824772
Moved 2896.739 364.3426 429.6574 0.01005232 0.1071435
Moved 2896.77 354.3247 439.2565 -0.01313726 0.1318324
Moved 2896.8 343.1772 444.9114 -0.03894175 0.146377
Moved 2896.831 330.9337 448.8133 -0.06728321 0.1564127
Moved 2896.862 320.9328 451.689 -0.09043325 0.1638092
Moved 2896.893 313.8813 455.1187 -0.1067561 0.1726301
Moved 2896.923 308.7462 459.2538 -0.1186431 0.183266
Moved 2896.954 304.9942 464.0058 -0.1273282 0.1954882
Moved 2896.985 303 468.8691 -0.1319445 0.2079967
Moved 2897.015 300.5 474 -0.1377315 0.2211934
Moved 2897.046 300 477.2785 -0.1388889 0.2296257
Moved 2897.077 300 481.2922 -0.1388889 0.239949
Moved 2897.108 300 485.0182 -0.1388889 0.2495323
Moved 2897.138 300 487.5185 -0.1388889 0.2559631
Moved 2897.169 300 489.5 -0.1388889 0.2610596
Moved 2897.2 300 490 -0.1388889 0.2623456
Ended 2897.23 300 490 -0.1388889 0.2623456
Accept 2897.292 1 in
Began 2897.63 379 342 0.04398147 -0.1183128
Stationary 2897.661 379 342 0.04398147 -0.1183128
Moved 2897.692 360.3079 362.6921 0.0007127722 -0.06509247
Moved 2897.722 347.5 384 -0.02893518 -0.01028807
Moved 2897.753 337.512 402.1388 -0.05205562 0.03636517
Moved 2897.784 330.9563 424.1966 -0.06723081 0.09309816
Moved 2897.814 327.1006 444.497 -0.07615606 0.1453111
Moved 2897.845 325.6972 455.2112 -0.07940471 0.1728684
Moved 2897.876 326 466.8292 -0.07870371 0.20275
Moved 2897.907 326 471.1449 -0.07870371 0.21385
Moved 2897.938 326 473.0272 -0.07870371 0.2186913
Moved 2897.968 337.9445 475 -0.0510545 0.2237653
Moved 2897.999 357.2031 475 -0.006474257 0.2237653
Moved 2898.03 377.0343 450.9658 0.03943115 0.1619489
Moved 2898.06 389.48 432.832 0.06824076 0.1153086
Moved 2898.091 402.2085 400.4301 0.09770484 0.03197026
Moved 2898.122 408.2189 368.6866 0.1116178 -0.04967434
Moved 2898.153 410 340.1956 0.1157407 -0.1229537
Moved 2898.183 410 309.1638 0.1157407 -0.202768
Moved 2898.214 404.0878 279.8648 0.1020551 -0.2781256
Moved 2898.245 397.2782 251.6693 0.08629222 -0.3506449
Moved 2898.276 391 237.5 0.07175922 -0.3870885
Moved 2898.306 380.3296 231.7318 0.04705916 -0.4019244
Moved 2898.337 359.9964 231 -8.245309E-06 -0.4038066
Moved 2898.368 331.2068 253.0345 -0.06665091 -0.3471334
Moved 2898.398 307.6734 279.9083 -0.1211264 -0.2780138
Moved 2898.429 282.3977 317.6705 -0.179635 -0.1808886
Moved 2898.46 269.4073 343.1853 -0.2097052 -0.1152641
Moved 2898.491 261.9907 363.0327 -0.2268734 -0.0642165
Moved 2898.521 258.4236 382.4585 -0.2351306 -0.01425292
Moved 2898.552 255.5398 399.3011 -0.241806 0.02906669
Moved 2898.583 252.6791 416.2463 -0.248428 0.07264996
Moved 2898.614 252 437.0869 -0.25 0.1262521
Moved 2898.644 250 453.8883 -0.2546296 0.1694658
Moved 2898.675 248 469.9346 -0.2592593 0.2107371
Moved 2898.706 247 485.2674 -0.2615741 0.2501733
Moved 2898.737 247 497.8204 -0.2615741 0.2824599
Moved 2898.767 246 506.4802 -0.2638889 0.3047329
Ended 2898.798 244.7409 508.2591 -0.2668035 0.3093083
Candidates 2898.921 13 the that hence subset five fence river rnase else rice rubber denver dive
Began 2899.689 356 307 -0.009259283 -0.2083334
Stationary 2899.72 356 307 -0.009259283 -0.2083334
Moved 2899.751 372.623 329.7051 0.02921999 -0.1499356
Moved 2899.781 378.1392 337.1392 0.04198889 -0.1308148
Moved 2899.812 379.9496 342.8991 0.04617949 -0.1160004
Moved 2899.843 380 347.821 0.04629632 -0.103341
Moved 2899.874 380 352.4008 0.04629632 -0.09156199
Moved 2899.904 369.3589 357.4274 0.0216642 -0.07863339
Moved 2899.935 356.6419 365.1432 -0.00777329 -0.05878801
Moved 2899.966 343.2221 377.7779 -0.03883764 -0.0262915
Moved 2899.997 331.4933 392.1334 -0.06598776 0.01063104
Moved 2900.027 320.4047 407.3929 -0.09165575 0.04987878
Moved 2900.058 311.4864 422.2841 -0.1123001 0.08817923
Moved 2900.089 302.6302 437.6164 -0.1328005 0.1276141
Moved 2900.12 298.6783 444.3217 -0.1419485 0.1448603
Moved 2900.15 296.4691 448.5308 -0.1470621 0.1556862
Moved 2900.181 294.8003 449 -0.1509252 0.156893
Moved 2900.212 291.7321 450 -0.1580274 0.1594649
Moved 2900.242 288.4624 450 -0.1655962 0.1594649
Moved 2900.273 273.7476 434.7476 -0.1996583 0.1202356
Moved 2900.304 265.3766 426.8942 -0.2190357 0.1000364
Moved 2900.335 250.7659 412.7659 -0.2528568 0.06369818
Moved 2900.365 230.4613 397.3295 -0.299858 0.02399562
Moved 2900.396 216.7748 388.3874 -0.3315397 0.0009962954
Moved 2900.427 207.6371 387 -0.3526919 -0.002572055
Moved 2900.458 203.8015 387 -0.3615706 -0.002572055
Moved 2900.488 202 403.2589 -0.3657407 0.03924609
Moved 2900.519 202 416.6855 -0.3657407 0.07377946
Moved 2900.55 215 433.5 -0.3356481 0.1170266
Moved 2900.581 233.1316 453.4869 -0.2936769 0.1684332
Moved 2900.611 250.1116 467.1116 -0.2543713 0.2034762
Moved 2900.642 279.1094 484.6051 -0.1872467 0.2484698
Moved 2900.673 319.1008 499.1844 -0.09467413 0.285968
Moved 2900.703 387.0695 507 0.06266097 0.3060699
Moved 2900.734 414.1751 507 0.1254053 0.3060699
Moved 2900.765 465.8837 493.0291 0.2451012 0.2701364
Moved 2900.796 490.0066 484.7475 0.3009413 0.2488361
Moved 2900.826 511.3091 471.3065 0.3502526 0.2142655
Moved 2900.857 526.4648 455.0422 0.3853352 0.1724336
Moved 2900.888 537.0847 440.8588 0.4099183 0.1359537
Moved 2900.919 544.8063 424.581 0.4277924 0.09408683
Moved 2900.949 547.7804 412.8784 0.4346768 0.06398743
Moved 2900.98 548 399.4403 0.4351853 0.02942462
Moved 2901.011 519.3306 359.1627 0.3688207 -0.07417019
Moved 2901.042 488.6249 316.4885 0.2977428 -0.1839289
Moved 2901.072 467.7974 282.2958 0.2495311 -0.2718731
Moved 2901.103 440.48 227.248 0.1862963 -0.4134567
Moved 2901.134 434.6243 211.2169 0.1727415 -0.454689
Moved 2901.165 427.5946 185.3783 0.1564689 -0.5211464
Moved 2901.195 423.9205 158.2845 0.1479641 -0.590832
Moved 2901.226 423 141.6412 0.1458333 -0.6336388
Moved 2901.257 423 128.0275 0.1458333 -0.6686537
Moved 2901.287 421.6405 119.9216 0.1426865 -0.6895018
Moved 2901.318 422 115.5482 0.1435185 -0.7007505
Moved 2901.349 422 113.5 0.1435185 -0.7060186
Moved 2901.38 422 112.9227 0.1435185 -0.7075033
Moved 2901.41 419.5459 113 0.1378377 -0.7073046
Moved 2901.441 405.0117 151.9688 0.1041937 -0.6070762
Moved 2901.472 396.2668 194.3994 0.08395086 -0.497944
Moved 2901.503 392.831 254.5358 0.07599761 -0.3432723
Moved 2901.533 391 277.3297 0.07175922 -0.284646
Moved 2901.564 388.8747 314.2548 0.06683966 -0.1896738
Moved 2901.595 388 345.0591 0.06481478 -0.1104447
Moved 2901.625 388 368.8287 0.06481478 -0.04930888
Moved 2901.656 388 388 0.06481478 -3.924585E-08
Moved 2901.687 388 403.8945 0.06481478 0.04088096
Moved 2901.718 396.1688 424.1814 0.08372395 0.0930591
Moved 2901.749 398 445.345 0.08796295 0.1474923
Moved 2901.779 398 457.8909 0.08796295 0.1797605
Moved 2901.81 398 467.8885 0.08796295 0.2054746
Moved 2901.841 377.7195 475.6403 0.04101723 0.2254121
Moved 2901.871 360.8169 479.169 0.001890957 0.2344881
Moved 2901.902 334.7932 479 -0.05834897 0.2340534
Moved 2901.933 303.02 475.1266 -0.1318982 0.2240911
Moved 2901.963 277.1767 466.1504 -0.1917206 0.201004
Moved 2901.994 255.1934 456.0967 -0.2426078 0.1751457
Moved 2902.025 236.8359 447.3344 -0.2851021 0.1526089
Moved 2902.056 224.8805 442.2935 -0.3127766 0.1396437
Moved 2902.086 216.843 438.843 -0.3313821 0.1307688
Moved 2902.117 213.9115 438 -0.3381677 0.1286007
Moved 2902.148 214 436.5 -0.3379629 0.1247428
Moved 2902.179 214 437 -0.3379629 0.1260288
Moved 2902.209 225.5 437 -0.3113426 0.1260288
Moved 2902.24 248.7037 449.8111 -0.2576304 0.1589791
Moved 2902.271 278.6223 456.295 -0.1883742 0.1756557
Moved 2902.302 308.1423 459 -0.120041 0.1826131
Moved 2902.332 326.7576 460 -0.07694995 0.1851851
Moved 2902.363 338.6875 460 -0.04933447 0.1851851
Moved 2902.394 342.2897 460 -0.04099597 0.1851851
Moved 2902.425 344 460 -0.03703703 0.1851851
Ended 2902.455 344 460 -0.03703703 0.1851851
Accept 2902.578 0 the
Candidates 2902.578 13 winter time winner tongue frontier geometry front wine wonder tribute tone role rome
Began 2903.193 499 428 0.3217593 0.1028806
Stationary 2903.224 499 428 0.3217593 0.1028806
Stationary 2903.254 499 428 0.3217593 0.1028806
Stationary 2903.285 499 428 0.3217593 0.1028806
Stationary 2903.316 499 428 0.3217593 0.1028806
Stationary 2903.346 499 428 0.3217593 0.1028806
Stationary 2903.377 499 428 0.3217593 0.1028806
Moved 2903.408 515.3484 409.4654 0.3596029 0.05520934
Moved 2903.439 546.4958 399.7512 0.4317034 0.03022425
Moved 2903.469 578.3844 393.7693 0.5055194 0.01483866
Moved 2903.5 608.9161 392 0.5761947 0.01028803
Moved 2903.531 629.1511 392 0.6230351 0.01028803
Moved 2903.562 645.3195 392 0.6604617 0.01028803
Moved 2903.593 661.3096 399.7585 0.697476 0.03024309
Moved 2903.623 677 406 0.7337962 0.04629618
Moved 2903.654 685.7261 409.1815 0.7539957 0.05447917
Moved 2903.685 691.1084 412.0542 0.7664546 0.0618678
Moved 2903.715 694.9261 414 0.775292 0.06687239
Moved 2903.746 697.3157 415 0.7808233 0.06944436
Ended 2903.777 698 416 0.7824075 0.07201634
Accept 2903.838 0 winter
PhraseEnd 2903.838
