drugs should be avoided
drugs should be avoided
FixStart
List

0.6 0.6
432 388.8
Began 2557.041 440 389 0.1851852 0.002572016
Stationary 2557.072 440 389 0.1851852 0.002572016
Moved 2557.103 426.9317 389 0.1549345 0.002572016
Moved 2557.133 403.0242 389 0.09959301 0.002572016
Moved 2557.164 381.8948 389 0.05068232 0.002572016
Moved 2557.195 363.7166 381 0.008603136 -0.01800419
Moved 2557.225 346.07 377.814 -0.03224542 -0.02619857
Moved 2557.256 333.8244 376.2061 -0.06059175 -0.03033406
Moved 2557.287 325.2051 375 -0.0805438 -0.03343629
Moved 2557.318 320.0685 375 -0.09243398 -0.03343629
Moved 2557.348 318.5 375 -0.0960648 -0.03343629
Moved 2557.379 318 375 -0.09722222 -0.03343629
Moved 2557.41 323.732 395.0155 -0.08395378 0.01804387
Moved 2557.44 334.2982 413.5964 -0.05949492 0.06583425
Moved 2557.471 344.3387 432.6773 -0.03625314 0.1149107
Moved 2557.502 349.989 447.9779 -0.02317374 0.1542641
Moved 2557.533 353.711 458.4221 -0.01455779 0.1811266
Moved 2557.563 356.7201 467.1603 -0.00759239 0.2036016
Moved 2557.594 358 473.3514 -0.004629641 0.219525
Moved 2557.625 360 480.3196 0 0.2374474
Moved 2557.656 362 485.9595 0.004629592 0.2519535
Moved 2557.686 363.8449 492.6899 0.008900364 0.269264
Moved 2557.717 365 497.826 0.01157403 0.2824743
Moved 2557.748 366 501.2821 0.01388888 0.2913634
Moved 2557.779 368.1512 504.1512 0.01886855 0.2987427
Moved 2557.809 369.7626 505.7626 0.0225986 0.3028874
Moved 2557.84 372.5533 507.5533 0.02905856 0.3074929
Moved 2557.871 381.6902 510.4225 0.05020887 0.3148728
Moved 2557.902 404.6577 511 0.1033742 0.3163579
Moved 2557.932 425.1801 511 0.1508797 0.3163579
Moved 2557.963 443.3208 506.3509 0.1928722 0.3044004
Moved 2557.994 456.5976 501.4675 0.2236056 0.2918401
Moved 2558.024 465.2012 499.5996 0.2435213 0.287036
Moved 2558.055 471.8341 500 0.2588753 0.2880658
Moved 2558.086 478.4399 500 0.2741664 0.2880658
Moved 2558.117 483.3602 500 0.285556 0.2880658
Moved 2558.147 486.1491 500 0.2920119 0.2880658
Moved 2558.178 490.0676 500 0.3010824 0.2880658
Moved 2558.209 492 506.6052 0.3055556 0.3050545
Moved 2558.24 493.3738 507 0.3087358 0.3060699
Moved 2558.27 494 507 0.3101851 0.3060699
Stationary 2558.301 494 507 0.3101851 0.3060699
Moved 2558.332 494 493.533 0.3101851 0.2714326
Moved 2558.363 480.0407 474.0814 0.277872 0.2214025
Moved 2558.393 471.9462 452.8387 0.2591348 0.1667661
Moved 2558.424 463.8247 431.8659 0.240335 0.1128238
Moved 2558.455 455.1772 412.3544 0.2203175 0.06263972
Moved 2558.485 450.4633 399.3898 0.2094057 0.0292946
Moved 2558.516 445.7433 387.4865 0.1984798 -0.001320819
Moved 2558.547 441 377.5 0.1875 -0.02700625
Moved 2558.578 435.2604 365.8906 0.1742138 -0.05686583
Moved 2558.608 428.2686 359.1791 0.1580293 -0.07412796
Moved 2558.639 415.5447 355.2206 0.1285758 -0.08430912
Moved 2558.67 392.1126 355 0.07433484 -0.08487654
Moved 2558.701 372.0118 366.3705 0.02780517 -0.05563139
Moved 2558.731 345.6858 380.1571 -0.03313472 -0.02017213
Moved 2558.762 326.5618 389.7191 -0.07740334 0.004421555
Moved 2558.793 312.9049 396.5475 -0.1090165 0.02198435
Moved 2558.823 301.6141 401.6929 -0.1351524 0.03521833
Moved 2558.854 289.1548 405.2113 -0.1639935 0.04426768
Moved 2558.885 280.7518 406 -0.1834448 0.04629618
Moved 2558.916 273.8694 407 -0.1993764 0.04886827
Moved 2558.947 268.0277 407 -0.2128987 0.04886827
Moved 2558.977 263.6451 407 -0.2230437 0.04886827
Ended 2559.008 263 407 -0.2245371 0.04886827
Candidates 2559.131 13 drugs africa asia aids did swiss stuffed syria signs settings around series artists
Began 2559.684 390 395 0.06944448 0.01800408
Stationary 2559.715 390 395 0.06944448 0.01800408
Moved 2559.746 377.132 395 0.03965745 0.01800408
Moved 2559.776 356.4417 395 -0.008236915 0.01800408
Moved 2559.807 337.5 395 -0.05208333 0.01800408
Moved 2559.838 322.7375 395 -0.08625587 0.01800408
Moved 2559.868 313.6447 395 -0.1073038 0.01800408
Moved 2559.899 302.033 395 -0.1341829 0.01800408
Moved 2559.93 292.4811 395 -0.1562937 0.01800408
Moved 2559.961 283.8491 395 -0.1762753 0.01800408
Moved 2559.991 275.2447 395 -0.1961929 0.01800408
Moved 2560.022 268.7519 395 -0.2112225 0.01800408
Moved 2560.053 261.9379 395 -0.2269957 0.01800408
Moved 2560.083 253.3469 387.449 -0.2468821 -0.001417325
Moved 2560.114 247.1679 386.584 -0.2611854 -0.003642055
Moved 2560.145 243.0331 386 -0.2707568 -0.005144111
Moved 2560.176 241 385 -0.275463 -0.007716127
Moved 2560.207 239.747 385 -0.2783633 -0.007716127
Stationary 2560.237 240 385 -0.2777777 -0.007716127
Moved 2560.268 272.0946 398.8893 -0.2034847 0.02800753
Moved 2560.299 305.2145 405.8036 -0.1268183 0.04579116
Moved 2560.329 336.228 411.6062 -0.05502786 0.06071549
Moved 2560.36 363.5 415.5 0.008101861 0.07073037
Moved 2560.391 381.4718 419.2103 0.04970332 0.08027327
Moved 2560.422 401.6252 423.0893 0.09635469 0.09025016
Moved 2560.452 420.7414 424 0.140605 0.09259254
Moved 2560.483 434.8194 425.4774 0.173193 0.09639241
Moved 2560.514 458.1033 428.3448 0.227091 0.1037674
Moved 2560.544 491.525 429 0.3044559 0.1054526
Moved 2560.575 510.2463 431.1558 0.3477924 0.1109973
Moved 2560.606 537.6722 432.0747 0.4112782 0.1133608
Moved 2560.637 555.6464 434.9411 0.4528852 0.1207332
Moved 2560.667 562.8829 438.1298 0.4696364 0.1289345
Moved 2560.698 574.66 444.796 0.4968981 0.1460801
Moved 2560.729 582.5653 452.348 0.5151975 0.1655039
Moved 2560.76 586.6603 460.6413 0.5246767 0.1868345
Moved 2560.79 589 474.1337 0.5300926 0.2215372
Moved 2560.821 589 491.1991 0.5300926 0.2654297
Moved 2560.852 589 502.6183 0.5300926 0.2948001
Moved 2560.883 589 509.7707 0.5300926 0.3131962
Moved 2560.913 589 515 0.5300926 0.326646
Moved 2560.944 582 515.5 0.513889 0.327932
Moved 2560.975 580.5 516 0.5104166 0.329218
Moved 2561.006 581 516 0.511574 0.329218
Stationary 2561.036 581 516 0.511574 0.329218
Moved 2561.067 581 502.934 0.511574 0.2956119
Moved 2561.098 590.3439 486.7962 0.5332035 0.2541053
Moved 2561.128 594.0462 463.6306 0.5417737 0.1945231
Moved 2561.159 595 445.6987 0.5439815 0.148402
Moved 2561.19 595 429.6285 0.5439815 0.1070692
Moved 2561.221 596.3428 415.286 0.5470898 0.07018007
Moved 2561.251 596 409.1868 0.5462963 0.05449283
Moved 2561.282 596 402.5162 0.5462963 0.037336
Moved 2561.313 596 396.7739 0.5462963 0.0225666
Moved 2561.344 596 393.033 0.5462963 0.01294477
Moved 2561.374 596 389.0267 0.5462963 0.002640696
Moved 2561.405 596 385.3029 0.5462963 -0.006936979
Moved 2561.436 587.2792 381.5583 0.5261093 -0.01656819
Moved 2561.467 584.3132 377.3132 0.5192436 -0.02748662
Moved 2561.497 582.8788 375.8788 0.5159231 -0.03117597
Moved 2561.528 580.5 373.5 0.5104166 -0.03729432
Moved 2561.559 579 371.1366 0.5069445 -0.04337303
Moved 2561.589 576.7203 370 0.5016673 -0.04629637
Moved 2561.62 574.8753 367.8753 0.4973966 -0.05176112
Moved 2561.651 572.8784 367 0.492774 -0.05401234
Moved 2561.682 570.0137 365.0137 0.4861429 -0.05912113
Moved 2561.712 566.8904 364 0.4789129 -0.06172839
Moved 2561.743 559.7133 361.5711 0.4622992 -0.06797555
Moved 2561.774 549.7763 361 0.4392969 -0.06944452
Moved 2561.805 533.1187 360 0.4007377 -0.07201654
Moved 2561.835 499.4637 365.6909 0.3228326 -0.05737956
Moved 2561.866 462.1309 374.1448 0.2364141 -0.03563578
Moved 2561.897 424.7013 383.3246 0.1497716 -0.01202509
Moved 2561.927 393.6689 388.9443 0.07793734 0.002428651
Moved 2561.958 368.5017 392.8123 0.01967997 0.0123772
Moved 2561.989 348.1966 393 -0.02732262 0.01285996
Moved 2562.02 333.5 393 -0.06134262 0.01285996
Moved 2562.05 322.4961 393 -0.08681452 0.01285996
Moved 2562.081 312.1208 393 -0.1108315 0.01285996
Moved 2562.112 304.3363 387.1769 -0.1288512 -0.002117
Moved 2562.143 298.4853 385 -0.1423952 -0.007716127
Moved 2562.173 289.3368 383 -0.1635722 -0.01286016
Moved 2562.204 284.9101 382 -0.1738193 -0.01543218
Moved 2562.235 281.031 382 -0.1827986 -0.01543218
Ended 2562.266 281 382 -0.1828704 -0.01543218
Accept 2562.388 0 drugs
Candidates 2562.388 13 sold should skills alpha dolls along schools fails songs shopping dallas shipping falls
Began 2563.357 441 333 0.1875 -0.141461
Stationary 2563.387 441 333 0.1875 -0.141461
Stationary 2563.418 441 333 0.1875 -0.141461
Moved 2563.449 426.1452 355.246 0.1531138 -0.08424398
Moved 2563.479 414.1137 379.7346 0.1252632 -0.02125877
Moved 2563.51 401.4293 403.1414 0.09590118 0.03894374
Moved 2563.541 391.1461 422.7078 0.07209748 0.08926882
Moved 2563.572 384 437 0.0555556 0.1260288
Moved 2563.603 376.9273 451.1816 0.0391837 0.1625041
Moved 2563.633 371.1046 462.7909 0.025705 0.1923634
Moved 2563.664 366.3706 472.2587 0.01474688 0.2167147
Moved 2563.695 361.4446 482.1107 0.003344119 0.2420542
Moved 2563.725 358.7648 490.7055 -0.002859185 0.2641601
Moved 2563.756 354.8989 499.3033 -0.01180813 0.286274
Moved 2563.787 351.0184 506.9631 -0.02079065 0.305975
Moved 2563.818 347.5096 513.4711 -0.02891292 0.3227138
Moved 2563.848 344.6419 519.7162 -0.03555114 0.3387761
Moved 2563.879 341.783 527.6509 -0.04216894 0.3591844
Moved 2563.91 340.1681 532.6638 -0.04590715 0.3720775
Moved 2563.94 337.3436 539.3127 -0.05244528 0.3891788
Moved 2563.971 336 544.5236 -0.05555556 0.402581
Moved 2564.002 335 549.7861 -0.05787035 0.4161163
Moved 2564.033 334 552.9267 -0.06018519 0.4241941
Moved 2564.063 333.2078 555.7922 -0.06201898 0.4315641
Moved 2564.094 333 558.6631 -0.06249999 0.4389483
Moved 2564.125 333 560.098 -0.06249999 0.4426389
Moved 2564.156 332 562.0414 -0.06481484 0.4476373
Ended 2564.186 332 562 -0.06481484 0.4475308
Accept 2564.248 1 should
Began 2564.647 391 411 0.07175922 0.05915629
Stationary 2564.678 391 411 0.07175922 0.05915629
Stationary 2564.709 391 411 0.07175922 0.05915629
Moved 2564.74 391 390.0569 0.07175922 0.005290302
Moved 2564.77 373.8594 364.6484 0.0320819 -0.06006068
Moved 2564.801 366.1915 341.6703 0.01433224 -0.1191607
Moved 2564.832 359.4536 320.5877 -0.001264711 -0.1733857
Moved 2564.863 356.7762 300.4336 -0.007462453 -0.2252223
Moved 2564.893 356 282.1949 -0.009259283 -0.2721324
Moved 2564.924 356 266.8314 -0.009259283 -0.3116478
Moved 2564.955 356 254.3386 -0.009259283 -0.3437794
Moved 2564.985 364.9572 246.5642 0.01147499 -0.3637752
Moved 2565.016 369.6806 240.3193 0.02240886 -0.3798372
Moved 2565.047 372.2143 235.7858 0.02827386 -0.3914976
Moved 2565.078 373.8097 233.1903 0.03196697 -0.3981731
Moved 2565.108 376.2307 232 0.03757119 -0.4012346
Moved 2565.139 380.9726 232 0.04854769 -0.4012346
Moved 2565.17 389.4171 232 0.06809523 -0.4012346
Moved 2565.2 398.4632 246.3291 0.08903524 -0.3643799
Moved 2565.231 408.1691 256.8922 0.1115025 -0.3372116
Moved 2565.262 414.1887 269.9717 0.1254368 -0.3035708
Moved 2565.293 416 282.9092 0.1296297 -0.2702955
Moved 2565.323 416 299.0828 0.1296297 -0.2286967
Moved 2565.354 398.624 321.8768 0.08940745 -0.1700701
Moved 2565.385 384.9883 344.5175 0.05784342 -0.1118379
Moved 2565.416 373.0379 362.3469 0.03018031 -0.06598021
Moved 2565.446 353.8605 392.5668 -0.01421173 0.01174574
Moved 2565.477 339.9988 411.0015 -0.04629905 0.05916014
Moved 2565.508 327.5111 430.2333 -0.07520572 0.1086246
Moved 2565.539 321.1071 444.2321 -0.09002974 0.1446298
Moved 2565.569 315.3638 459.5905 -0.1033245 0.1841319
Moved 2565.6 310.6252 472.9371 -0.1142935 0.2184595
Moved 2565.631 307.8347 494.8267 -0.1207531 0.2747599
Moved 2565.662 306.3999 501.4005 -0.1240744 0.2916678
Moved 2565.692 305 512.4059 -0.1273148 0.319974
Moved 2565.723 302.6684 520.9948 -0.132712 0.3420647
Moved 2565.754 302 529.5027 -0.1342593 0.3639472
Moved 2565.784 301 542.7797 -0.1365741 0.3980957
Moved 2565.815 301 553.7253 -0.1365741 0.4262481
Moved 2565.846 299.5587 562.324 -0.1399104 0.4483641
Moved 2565.877 300 568.9444 -0.1388889 0.4653918
Moved 2565.907 300 575.6931 -0.1388889 0.4827495
Moved 2565.938 299 580.4281 -0.1412037 0.4949281
Moved 2565.969 299 583.1724 -0.1412037 0.5019866
Moved 2566 298 585 -0.1435185 0.5066872
Ended 2566.03 298 587 -0.1435185 0.5118312
Candidates 2566.123 13 be beer ve net bet new crew ne me meet ct vw chat
Began 2566.676 400 508 0.09259263 0.3086419
Stationary 2566.707 400 508 0.09259263 0.3086419
Stationary 2566.737 400 508 0.09259263 0.3086419
Stationary 2566.768 400 508 0.09259263 0.3086419
Moved 2566.799 400 492.6666 0.09259263 0.269204
Moved 2566.829 400 483.9313 0.09259263 0.2467367
Moved 2566.86 400 477.1993 0.09259263 0.2294221
Moved 2566.891 400 470.144 0.09259263 0.2112758
Moved 2566.922 387.5799 463.3866 0.06384233 0.1938955
Moved 2566.952 373.9292 456.6431 0.03224363 0.176551
Moved 2566.983 349.0804 453 -0.02527674 0.167181
Moved 2567.014 323.4582 453 -0.08458744 0.167181
Moved 2567.044 290.7981 461.8404 -0.1601896 0.1899187
Moved 2567.075 264.8026 469.324 -0.2203642 0.2091667
Moved 2567.106 238 476.5 -0.2824074 0.2276234
Moved 2567.137 215.8358 482.3881 -0.3337134 0.2427676
Moved 2567.167 196.5998 489.1143 -0.3782412 0.2600676
Moved 2567.198 186.2119 493.9294 -0.4022872 0.272452
Moved 2567.229 182.6794 495 -0.4104644 0.2752057
Moved 2567.26 182 497.1531 -0.412037 0.2807436
Moved 2567.29 182 500.1664 -0.412037 0.2884938
Moved 2567.321 195.1156 506.1156 -0.3816768 0.3037952
Moved 2567.352 212.2702 518.4401 -0.341967 0.3354941
Moved 2567.383 233.8195 528.4323 -0.2920844 0.3611941
Moved 2567.413 260.1278 534.6951 -0.2311857 0.3773021
Moved 2567.444 286.9169 536 -0.1691738 0.3806583
Moved 2567.475 319.549 536 -0.09363671 0.3806583
Moved 2567.506 344.9962 524.1265 -0.03473113 0.3501194
Moved 2567.536 367.5246 508.9789 0.01741807 0.3111596
Moved 2567.567 382.026 495.9688 0.05098611 0.2776975
Moved 2567.598 392.5972 479.9399 0.0754565 0.2364708
Moved 2567.628 397.7434 456.5663 0.08736889 0.1763535
Moved 2567.659 398 427 0.08796295 0.1003086
Moved 2567.69 398 402.8824 0.08796295 0.0382779
Moved 2567.721 398 384.8986 0.08796295 -0.007976995
Moved 2567.751 400.8894 369.553 0.09465138 -0.04744604
Moved 2567.782 403.3074 358.7703 0.1002487 -0.07517944
Moved 2567.813 406.282 351.4359 0.1071344 -0.09404343
Moved 2567.844 408.139 346.861 0.1114329 -0.1058102
Moved 2567.874 408 343.9875 0.1111111 -0.1132009
Moved 2567.905 408 342.7482 0.1111111 -0.1163884
Stationary 2567.936 408 343 0.1111111 -0.1157408
Moved 2567.967 409.1632 343 0.1138037 -0.1157408
Moved 2567.997 412.6651 370.7722 0.12191 -0.0443103
Moved 2568.028 421.8631 404.305 0.1432016 0.04193667
Moved 2568.059 436.9578 444.0986 0.178143 0.1442865
Moved 2568.089 452.7287 478.9123 0.2146498 0.2338278
Moved 2568.12 463.746 503.5343 0.2401527 0.2971561
Moved 2568.151 476.2726 528.5452 0.2691495 0.3614843
Moved 2568.182 487.7663 551.841 0.2957553 0.4214016
Moved 2568.212 497 568 0.3171296 0.4629629
Moved 2568.243 504.3148 581.5246 0.334062 0.4977483
Moved 2568.274 508.9421 591.9131 0.3447734 0.5244679
Moved 2568.304 512.8406 600.5219 0.3537977 0.5466096
Moved 2568.335 516.2636 605.5272 0.3617213 0.5594833
Moved 2568.366 520.2217 610.2217 0.3708835 0.5715578
Moved 2568.397 523.0912 613.0912 0.3775259 0.5789382
Moved 2568.427 526.9606 615.9606 0.3864828 0.5863183
Moved 2568.458 530.5 617 0.3946759 0.5889916
Moved 2568.489 534.3969 618 0.4036964 0.5915637
Moved 2568.52 539.5319 618 0.4155831 0.5915637
Moved 2568.55 542.8513 618 0.4232668 0.5915637
Moved 2568.581 548.3474 618 0.4359894 0.5915637
Moved 2568.612 554.1008 608.8992 0.4493074 0.5681564
Moved 2568.643 565.5 596.5 0.4756944 0.5362654
Moved 2568.673 569.7477 589.3364 0.485527 0.5178403
Moved 2568.704 576.5602 575.8795 0.5012968 0.4832289
Moved 2568.735 582.3143 563.0573 0.5146164 0.45025
Moved 2568.766 588 551 0.5277778 0.4192385
Moved 2568.796 591.1263 540.7473 0.5350146 0.3928684
Moved 2568.827 594.8856 527.2861 0.5437165 0.3582462
Moved 2568.858 596.8049 516.5853 0.5481596 0.3307234
Moved 2568.888 598.233 509.3011 0.5514652 0.3119883
Moved 2568.919 599 502.6153 0.5532407 0.2947923
Moved 2568.95 600.0546 498.9454 0.5556819 0.2853533
Moved 2568.981 600 495.082 0.5555555 0.2754166
Moved 2569.011 600 492.5165 0.5555555 0.2688182
Moved 2569.042 600 489.6532 0.5555555 0.2614536
Moved 2569.073 600 486.7859 0.5555555 0.2540789
Moved 2569.104 600 485.1967 0.5555555 0.2499913
Moved 2569.134 600 483.392 0.5555555 0.2453498
Moved 2569.165 600 481.7626 0.5555555 0.2411589
Moved 2569.196 600 480.884 0.5555555 0.2388991
Moved 2569.227 600 479.6849 0.5555555 0.2358151
Stationary 2569.257 600 479.6849 0.5555555 0.2358151
Moved 2569.288 600 478.813 0.5555555 0.2335726
Moved 2569.319 600 477.7518 0.5555555 0.2308429
Moved 2569.349 600 476.8273 0.5555555 0.2284652
Stationary 2569.38 600 476.8273 0.5555555 0.2284652
Moved 2569.411 600 475.9387 0.5555555 0.2261797
Stationary 2569.442 600 476 0.5555555 0.2263374
Moved 2569.472 600 474.5 0.5555555 0.2224794
Moved 2569.503 600 475 0.5555555 0.2237653
Stationary 2569.534 600 475 0.5555555 0.2237653
Stationary 2569.565 600 475 0.5555555 0.2237653
Moved 2569.595 591.9347 474 0.5368859 0.2211934
Moved 2569.626 586.4979 474 0.5243006 0.2211934
Moved 2569.657 569.0002 474 0.4837967 0.2211934
Moved 2569.688 528.8906 482.1387 0.3909505 0.2421261
Moved 2569.718 484.0959 491.2945 0.287259 0.265675
Moved 2569.749 427.1398 504.2337 0.1554162 0.2989549
Moved 2569.78 378.6366 513.4258 0.04314025 0.3225971
Moved 2569.811 340.8261 517 -0.04438405 0.33179
Moved 2569.841 312.0474 517 -0.1110014 0.33179
Moved 2569.872 288.6125 517 -0.165249 0.33179
Moved 2569.903 273.1807 517 -0.2009705 0.33179
Moved 2569.933 255.9993 517 -0.2407424 0.33179
Moved 2569.964 244.1838 517 -0.2680931 0.33179
Moved 2569.995 237.6737 517 -0.2831629 0.33179
Moved 2570.026 233.9101 517 -0.2918749 0.33179
Moved 2570.056 232.5 517 -0.2951389 0.33179
Moved 2570.087 231.8698 517 -0.2965978 0.33179
Moved 2570.118 230.7736 517 -0.2991351 0.33179
Moved 2570.148 228.8698 518.1302 -0.303542 0.3346969
Moved 2570.179 226.5 528.5 -0.3090278 0.3613682
Moved 2570.21 226 543.3182 -0.3101852 0.3994808
Moved 2570.241 226 561.9927 -0.3101852 0.447512
Moved 2570.271 226 574.5 -0.3101852 0.479681
Moved 2570.302 226 597.4241 -0.3101852 0.5386421
Moved 2570.333 233.6616 609.3081 -0.29245 0.5692079
Moved 2570.364 237.0511 625.6277 -0.284604 0.6111823
Moved 2570.394 242.7999 645.7998 -0.2712964 0.6630651
Moved 2570.425 248.5303 658.0607 -0.2580317 0.6946005
Moved 2570.456 251.8048 663.6096 -0.2504518 0.7088724
Moved 2570.487 255.649 671.2981 -0.2415532 0.7286472
Moved 2570.517 258.5286 676.5286 -0.2348875 0.7421002
Moved 2570.548 260.0207 679.0207 -0.2314336 0.7485099
Moved 2570.579 262 680 -0.2268519 0.7510287
Stationary 2570.609 262 680 -0.2268519 0.7510287
Moved 2570.64 263 680 -0.2245371 0.7510287
Stationary 2570.671 263 680 -0.2245371 0.7510287
Moved 2570.702 266.226 680 -0.2170694 0.7510287
Moved 2570.732 272.2872 669.7128 -0.203039 0.7245699
Moved 2570.763 279.1618 662.1176 -0.1871255 0.7050349
Moved 2570.794 288.0133 650.4833 -0.1666359 0.6751112
Moved 2570.825 297.1206 635.7588 -0.1455541 0.6372396
Moved 2570.855 309.0004 614.2493 -0.1180545 0.5819167
Moved 2570.886 320.744 585.0192 -0.0908704 0.5067366
Moved 2570.917 331.8367 548.2044 -0.06519288 0.4120483
Moved 2570.948 340.4825 512.0699 -0.04517938 0.3191098
Moved 2570.978 345.7106 480.7363 -0.0330773 0.2385193
Moved 2571.009 349.9062 454.844 -0.02336522 0.1719237
Moved 2571.04 353.7668 434.6326 -0.01442879 0.1199399
Moved 2571.071 355 420.4677 -0.01157408 0.08350725
Moved 2571.101 355 413.7757 -0.01157408 0.06629547
Moved 2571.132 355 408.9703 -0.01157408 0.05393601
Ended 2571.163 355 408.9703 -0.01157408 0.05393601
Accept 2571.255 0 be
Candidates 2571.255 13 advised avoided declared calculated asked announced allowed administered alfred abused aboard exposed called
Began 2572.146 394 401 0.07870366 0.03343609
Moved 2572.177 388.1486 435.0457 0.0651588 0.1210022
Moved 2572.208 374.6066 468.9835 0.03381163 0.2082907
Moved 2572.238 364.1175 498.7063 0.00953128 0.2847383
Moved 2572.269 355.911 519.2076 -0.009465268 0.3374681
Moved 2572.3 349.197 541.3104 -0.02500688 0.3943168
Moved 2572.331 344.4404 556.1191 -0.03601755 0.4324052
Moved 2572.361 341.7766 566.8934 -0.0421837 0.4601167
Moved 2572.392 338.8251 581.8744 -0.04901588 0.498648
Moved 2572.423 338 595.1964 -0.05092591 0.5329123
Moved 2572.454 338 604.7371 -0.05092591 0.5574514
Moved 2572.484 338 613.676 -0.05092591 0.5804422
Moved 2572.515 338 627.143 -0.05092591 0.6150796
Moved 2572.546 338 630.3004 -0.05092591 0.6232005
Moved 2572.576 338 637.3028 -0.05092591 0.6412107
Moved 2572.607 338 644.1303 -0.05092591 0.6587713
Moved 2572.638 338 649.8768 -0.05092591 0.6735515
Moved 2572.669 338 653.305 -0.05092591 0.6823686
Moved 2572.699 338 655 -0.05092591 0.6867283
Ended 2572.73 338 655 -0.05092591 0.6867283
Accept 2572.792 1 avoided
Began 2572.976 156 421 -0.4722222 0.08487643
Moved 2573.007 177.7729 421 -0.421822 0.08487643
Moved 2573.037 253.9008 421 -0.2456 0.08487643
Moved 2573.068 357.2023 411.0777 -0.006476094 0.05935614
Moved 2573.099 453.9287 402.5439 0.2174276 0.03740723
Moved 2573.13 566.1703 388.5682 0.477246 0.001461359
Moved 2573.16 613.3057 382.7694 0.5863557 -0.01345324
Moved 2573.191 637.1573 377.4095 0.6415678 -0.02723905
Moved 2573.222 667.205 370.1979 0.7111228 -0.04578743
Ended 2573.253 670 369 0.7175926 -0.04886839
PhraseEnd 2573.314
