our fax number has changed
our fax number has changed
FixStart
Radial

0.6 0.6
432 388.8
Began 3119.999 381 220 0.04861106 -0.4320988
Stationary 3120.03 381 220 0.04861106 -0.4320988
Moved 3120.06 391.0265 239.292 0.07182062 -0.3824795
Moved 3120.091 418 268 0.1342593 -0.308642
Moved 3120.122 450.1823 294.5458 0.2087552 -0.2403659
Moved 3120.153 472.093 313.093 0.2594744 -0.1926622
Moved 3120.183 486.2126 326.2126 0.2921589 -0.1589182
Moved 3120.214 494.6913 336.2551 0.3117854 -0.1330887
Moved 3120.245 499.4375 342.8751 0.3227721 -0.1160622
Moved 3120.276 501 345.3055 0.3263889 -0.1098108
Moved 3120.306 501 347.0801 0.3263889 -0.1052468
Moved 3120.337 501 348.207 0.3263889 -0.1023482
Moved 3120.368 463.0346 350 0.2385061 -0.09773669
Moved 3120.398 425.6493 350 0.151966 -0.09773669
Moved 3120.429 395.2934 350 0.08169769 -0.09773669
Moved 3120.46 361.4693 350 0.00340114 -0.09773669
Moved 3120.491 336.9177 350 -0.05343134 -0.09773669
Moved 3120.521 312.7732 350 -0.1093214 -0.09773669
Moved 3120.552 291.6322 350 -0.1582587 -0.09773669
Moved 3120.583 265.7659 351.026 -0.2181346 -0.09509781
Moved 3120.614 242.7561 355.784 -0.2713979 -0.08286016
Moved 3120.644 222.5 359.5 -0.318287 -0.07330247
Ended 3120.675 219 360 -0.3263889 -0.07201654
Candidates 3120.767 13 how iq power outer hire peter our owe per or pierre gore pete
Began 3122.365 395 294 0.08101851 -0.2417696
Stationary 3122.396 395 294 0.08101851 -0.2417696
Moved 3122.427 361.858 294 0.004300872 -0.2417696
Moved 3122.457 328.3334 294 -0.07330224 -0.2417696
Moved 3122.488 301.4426 294 -0.1355496 -0.2417696
Ended 3122.519 286.2145 302.1362 -0.1707997 -0.2208431
Cancel 3122.58
Began 3122.98 327 241 -0.07638887 -0.3780865
Stationary 3123.01 327 241 -0.07638887 -0.3780865
Stationary 3123.041 327 241 -0.07638887 -0.3780865
Moved 3123.072 352.7169 262.7169 -0.01685908 -0.3222303
Moved 3123.103 375.3827 286.4374 0.03560811 -0.2612208
Moved 3123.134 398.5802 311.5203 0.08930613 -0.1967071
Moved 3123.164 420.0677 337.6948 0.1390457 -0.1293858
Moved 3123.195 434.0694 355.449 0.171457 -0.08372169
Moved 3123.226 446.0013 369.2015 0.1990769 -0.04835019
Moved 3123.256 457.2123 383.3539 0.2250286 -0.01194989
Moved 3123.287 464.8844 392.8266 0.242788 0.01241405
Moved 3123.318 469.6284 398.6284 0.2537696 0.02733642
Moved 3123.349 472.3978 401.3978 0.2601801 0.03445935
Moved 3123.379 474.2558 404.2558 0.2644809 0.0418101
Moved 3123.41 474 405 0.2638889 0.04372424
Moved 3123.441 474 406 0.2638889 0.04629618
Moved 3123.471 474 407 0.2638889 0.04886827
Stationary 3123.502 474 407 0.2638889 0.04886827
Moved 3123.533 453.5811 407 0.2166228 0.04886827
Moved 3123.564 433.4897 400.7025 0.1701149 0.0326708
Moved 3123.594 411.3941 395.342 0.1189678 0.01888373
Moved 3123.625 391.315 390.9471 0.07248839 0.007580062
Moved 3123.656 371.6028 386.9432 0.02685825 -0.00271805
Moved 3123.687 349.3732 386 -0.02459909 -0.005144111
Moved 3123.717 330.2357 384.1765 -0.06889895 -0.00983407
Moved 3123.748 314.5398 383 -0.105232 -0.01286016
Moved 3123.779 299.9195 383 -0.1390752 -0.01286016
Moved 3123.81 284.535 383 -0.1746875 -0.01286016
Moved 3123.84 271.2526 382 -0.2054338 -0.01543218
Moved 3123.871 260.1146 381 -0.2312162 -0.01800419
Moved 3123.902 247.1312 378.6262 -0.2612704 -0.02410959
Moved 3123.932 240.2505 378 -0.2771979 -0.02572024
Moved 3123.963 235.869 377 -0.2873402 -0.02829226
Ended 3123.994 234.5 377 -0.2905093 -0.02829226
Candidates 3124.055 13 our or it how for your out pre per hope gore got outer
Began 3124.67 232 323 -0.2962963 -0.1671811
Stationary 3124.701 232 323 -0.2962963 -0.1671811
Moved 3124.731 256.138 323 -0.2404212 -0.1671811
Moved 3124.762 285.1779 323 -0.1731993 -0.1671811
Moved 3124.793 304.2796 323 -0.1289825 -0.1671811
Moved 3124.823 317.2291 323 -0.09900679 -0.1671811
Moved 3124.854 323.8578 323 -0.08366247 -0.1671811
Ended 3124.885 328 323 -0.07407407 -0.1671811
Accept 3124.947 0 our
Began 3125.377 356 305 -0.009259283 -0.2134774
Stationary 3125.407 356 305 -0.009259283 -0.2134774
Stationary 3125.438 356 305 -0.009259283 -0.2134774
Stationary 3125.469 356 305 -0.009259283 -0.2134774
Moved 3125.5 339.4028 299.6367 -0.04767865 -0.227272
Moved 3125.531 321.5298 296 -0.08905128 -0.2366256
Moved 3125.561 299.5 293.5 -0.1400463 -0.2430556
Moved 3125.592 277.5336 294 -0.1908945 -0.2417696
Moved 3125.623 248.6873 294 -0.2576683 -0.2417696
Moved 3125.653 230.3047 294 -0.3002207 -0.2417696
Moved 3125.684 210.1973 294 -0.3467655 -0.2417696
Moved 3125.715 196.9627 294 -0.3774013 -0.2417696
Moved 3125.746 183.6448 301 -0.4082295 -0.2237656
Moved 3125.776 175.1314 302 -0.4279366 -0.2211935
Moved 3125.807 168.5 302 -0.4432871 -0.2211935
Moved 3125.838 164.3527 302 -0.4528874 -0.2211935
Moved 3125.868 159.6046 302 -0.4638782 -0.2211935
Moved 3125.899 156.9332 302 -0.470062 -0.2211935
Moved 3125.93 154.3902 302 -0.4759486 -0.2211935
Moved 3125.961 152.7618 302 -0.479718 -0.2211935
Moved 3125.991 151.6271 302 -0.4823446 -0.2211935
Moved 3126.022 151 302 -0.4837963 -0.2211935
Moved 3126.053 149.5 302 -0.4872685 -0.2211935
Moved 3126.083 150 302 -0.4861112 -0.2211935
Stationary 3126.114 150 302 -0.4861112 -0.2211935
Moved 3126.145 166.186 293.7874 -0.4486434 -0.2423164
Moved 3126.176 189.0891 278.7084 -0.395627 -0.2810999
Moved 3126.207 212.216 262.115 -0.3420925 -0.3237784
Moved 3126.237 232.8995 245.4004 -0.2942142 -0.3667686
Moved 3126.268 247.1 234.0833 -0.2613425 -0.3958764
Moved 3126.299 258.1034 224.8966 -0.2358717 -0.4195046
Moved 3126.329 265.7552 219.1632 -0.2181593 -0.434251
Moved 3126.36 270 216.5 -0.2083333 -0.4411008
Moved 3126.391 272.2892 214 -0.2030342 -0.4475308
Moved 3126.422 274.1569 212 -0.1987109 -0.4526749
Moved 3126.452 275.0146 209.9855 -0.1967256 -0.4578564
Stationary 3126.483 275.0146 209.9855 -0.1967256 -0.4578564
Moved 3126.514 276.2246 208.7754 -0.1939245 -0.4609686
Moved 3126.544 276 206.5 -0.1944444 -0.466821
Moved 3126.575 277 205.5 -0.1921296 -0.469393
Moved 3126.606 277 204.7878 -0.1921296 -0.4712248
Moved 3126.637 277.5848 204 -0.1907759 -0.473251
Moved 3126.667 278.5 204 -0.1886574 -0.473251
Moved 3126.698 278 202.7509 -0.1898148 -0.4764638
Moved 3126.729 279 201.1024 -0.1875 -0.4807037
Moved 3126.76 283.5467 197.2267 -0.1769752 -0.4906722
Moved 3126.79 289.9326 192.3558 -0.162193 -0.5032
Moved 3126.821 295.3574 188.8213 -0.1496356 -0.5122909
Moved 3126.852 299.1003 187 -0.1409715 -0.5169753
Moved 3126.883 301.5 184.5 -0.1354167 -0.5234053
Moved 3126.913 303.5 184 -0.130787 -0.5246913
Moved 3126.944 304.3158 182.6842 -0.1288986 -0.5280756
Moved 3126.975 306.1692 182 -0.1246083 -0.5298353
Moved 3127.005 307.0125 182 -0.1226561 -0.5298353
Moved 3127.036 307 180.5254 -0.1226852 -0.5336282
Moved 3127.067 308.8929 180 -0.1183034 -0.5349795
Moved 3127.098 309.5 180 -0.1168982 -0.5349795
Moved 3127.128 310.0498 180 -0.1156255 -0.5349795
Moved 3127.159 310 178.6963 -0.1157407 -0.5383326
Moved 3127.19 311.0769 179 -0.1132478 -0.5375513
Moved 3127.22 312.0074 179 -0.111094 -0.5375513
Moved 3127.251 313.249 179 -0.10822 -0.5375513
Moved 3127.282 314.2005 179 -0.1060174 -0.5375513
Moved 3127.313 315 177.6698 -0.1041667 -0.5409728
Moved 3127.344 316.3745 178 -0.100985 -0.5401235
Moved 3127.374 317.2487 178 -0.0989613 -0.5401235
Moved 3127.405 318.5 177 -0.0960648 -0.5426955
Ended 3127.436 318 177 -0.09722222 -0.5426955
Candidates 3127.528 13 ac an fax ab sc can dan ann san abc ssc dc fan
Began 3128.296 373 232 0.0300926 -0.4012346
Stationary 3128.327 373 232 0.0300926 -0.4012346
Stationary 3128.358 373 232 0.0300926 -0.4012346
Stationary 3128.388 373 232 0.0300926 -0.4012346
Stationary 3128.419 373 232 0.0300926 -0.4012346
Stationary 3128.45 373 232 0.0300926 -0.4012346
Stationary 3128.48 373 232 0.0300926 -0.4012346
Moved 3128.511 363.2321 238.8375 0.007481774 -0.3836484
Moved 3128.542 347.9782 259.5327 -0.02782822 -0.3304201
Moved 3128.573 337.8618 281.7018 -0.05124589 -0.2734006
Moved 3128.604 331 297.5 -0.06712963 -0.2327676
Moved 3128.634 326.7981 307.4037 -0.07685617 -0.2072949
Moved 3128.665 322.049 316.9264 -0.08784945 -0.1828026
Moved 3128.696 319.1533 321.8467 -0.09455249 -0.1701474
Moved 3128.726 317.6794 325.6413 -0.09796446 -0.1603877
Moved 3128.757 317 327.2929 -0.09953702 -0.1561397
Moved 3128.788 317 329 -0.09953702 -0.151749
Ended 3128.819 317 329 -0.09953702 -0.151749
Accept 3128.911 2 fax
Began 3129.157 310 298 -0.1157407 -0.2314816
Stationary 3129.187 310 298 -0.1157407 -0.2314816
Stationary 3129.218 310 298 -0.1157407 -0.2314816
Moved 3129.249 323.4409 285.6791 -0.08462752 -0.263171
Moved 3129.28 347.0798 264.9202 -0.02990777 -0.3165634
Moved 3129.31 370.9226 241.0774 0.02528369 -0.3778874
Moved 3129.341 389.566 219.912 0.06843994 -0.4323252
Moved 3129.372 401.909 206.0909 0.09701162 -0.4678731
Moved 3129.403 415.4834 188.3958 0.1284338 -0.5133854
Moved 3129.433 422.9908 179.0092 0.1458121 -0.5375278
Moved 3129.464 427.8652 174.2695 0.1570954 -0.5497183
Moved 3129.495 429 173 0.1597223 -0.5529835
Moved 3129.525 430 170.8575 0.162037 -0.558494
Moved 3129.556 431.5 171 0.1655093 -0.5581277
Moved 3129.587 431 169.8048 0.1643519 -0.5612016
Moved 3129.618 432 169.4553 0.1666667 -0.5621005
Moved 3129.648 432 168.5 0.1666667 -0.5645577
Stationary 3129.679 432 168.5 0.1666667 -0.5645577
Moved 3129.71 423.4189 197.3041 0.1468031 -0.4904731
Moved 3129.74 410.3139 255.6931 0.1164675 -0.3402955
Moved 3129.771 400.1983 304.609 0.09305159 -0.2144831
Moved 3129.802 394.0393 343.2836 0.07879476 -0.1150114
Moved 3129.833 389.9954 375.046 0.06943375 -0.03331801
Moved 3129.864 387.1184 397.2898 0.06277402 0.02389346
Moved 3129.894 383.252 408.9919 0.05382409 0.05399154
Moved 3129.925 382 414.368 0.05092591 0.06781899
Moved 3129.956 380 418.1244 0.04629632 0.07748035
Moved 3129.986 379 419.9901 0.04398147 0.08227905
Moved 3130.017 377.5714 420 0.0406746 0.08230445
Moved 3130.048 378 351.1669 0.04166663 -0.09473533
Moved 3130.079 390.8301 284.7427 0.07136603 -0.2655796
Moved 3130.109 400.444 238.9277 0.09362042 -0.3834164
Moved 3130.14 408.2884 205.3722 0.1117786 -0.4697218
Moved 3130.171 413.0759 183.2345 0.1228608 -0.5266603
Moved 3130.201 418.42 163.0596 0.1352316 -0.5785505
Moved 3130.232 422.2835 149.5823 0.1441749 -0.6132143
Moved 3130.263 424.8549 142.29 0.1501272 -0.63197
Moved 3130.294 426 136.275 0.1527777 -0.6474408
Moved 3130.324 426 132.5 0.1527777 -0.6571501
Moved 3130.355 426 131.9847 0.1527777 -0.6584754
Stationary 3130.386 426 132 0.1527777 -0.6584362
Moved 3130.417 403.9476 143.4077 0.1017306 -0.6290954
Moved 3130.447 383.4694 154.2653 0.05432725 -0.6011696
Moved 3130.478 368.0658 162.5605 0.01867076 -0.579834
Moved 3130.509 346.349 172.2604 -0.03159945 -0.554886
Moved 3130.54 333.0089 178.9946 -0.06247937 -0.5375652
Moved 3130.57 316.7661 187.6169 -0.1000784 -0.5153885
Moved 3130.601 302.1023 195.6559 -0.1340225 -0.4947122
Moved 3130.632 287.2694 207.4421 -0.1683578 -0.4643978
Moved 3130.662 270.0454 224.9546 -0.2082282 -0.4193555
Moved 3130.693 255.1592 240.8408 -0.2426871 -0.3784958
Moved 3130.724 237.6829 259.4228 -0.2831414 -0.3307027
Moved 3130.755 222.9001 279.9399 -0.3173609 -0.2779325
Moved 3130.785 209.8263 296.4672 -0.3476244 -0.235424
Moved 3130.816 201.4428 308.2621 -0.3670307 -0.2050872
Moved 3130.847 191.8346 322.609 -0.3892718 -0.1681867
Moved 3130.877 184.8221 336.7668 -0.4055044 -0.1317726
Moved 3130.908 181.5389 345.3832 -0.4131044 -0.1096112
Moved 3130.939 179 352.96 -0.4189815 -0.09012363
Moved 3130.97 178 360.6011 -0.4212963 -0.07047041
Moved 3131 178 372.6689 -0.4212963 -0.03943172
Moved 3131.031 186.2009 383.8578 -0.4023128 -0.01065384
Moved 3131.062 194.2946 396.3928 -0.3835773 0.02158624
Moved 3131.093 206.9118 406.9119 -0.3543707 0.04864155
Moved 3131.123 224.9288 416.3879 -0.3126647 0.07301397
Moved 3131.154 243.7663 421.7903 -0.2690594 0.08690928
Moved 3131.185 261.5528 425.2588 -0.227887 0.09583017
Moved 3131.216 276.6796 428.1359 -0.1928714 0.1032301
Moved 3131.246 287.2363 429 -0.1684346 0.1054526
Moved 3131.277 294.5225 430 -0.1515684 0.1080246
Moved 3131.308 299.8018 430 -0.1393477 0.1080246
Moved 3131.338 302.2715 430 -0.1336308 0.1080246
Ended 3131.369 303.5 430 -0.130787 0.1080246
Candidates 3131.461 13 number money monday monster binary mine boundary line move june under none nice
Began 3131.953 219 331 -0.3263889 -0.146605
Stationary 3131.984 219 331 -0.3263889 -0.146605
Moved 3132.014 234.5855 331 -0.2903114 -0.146605
Moved 3132.045 253.1148 331 -0.2474194 -0.146605
Moved 3132.076 270.8414 331 -0.2063856 -0.146605
Moved 3132.107 285.9738 331 -0.171357 -0.146605
Moved 3132.137 295.7181 324 -0.1488007 -0.164609
Moved 3132.168 302 322.5 -0.1342593 -0.1684671
Ended 3132.199 302 323 -0.1342593 -0.1671811
Accept 3132.291 0 number
Began 3132.506 327 250 -0.07638887 -0.3549383
Stationary 3132.537 327 250 -0.07638887 -0.3549383
Stationary 3132.568 327 250 -0.07638887 -0.3549383
Stationary 3132.598 327 250 -0.07638887 -0.3549383
Stationary 3132.629 327 250 -0.07638887 -0.3549383
Stationary 3132.66 327 250 -0.07638887 -0.3549383
Stationary 3132.691 327 250 -0.07638887 -0.3549383
Stationary 3132.721 327 250 -0.07638887 -0.3549383
Moved 3132.752 310.9376 250 -0.1135704 -0.3549383
Moved 3132.783 300.3937 250 -0.1379776 -0.3549383
Moved 3132.813 287.9211 250 -0.1668493 -0.3549383
Moved 3132.844 275.8311 258.8338 -0.1948355 -0.3322176
Moved 3132.875 263.8654 260 -0.2225337 -0.3292181
Moved 3132.906 254.8482 260 -0.243407 -0.3292181
Moved 3132.937 248.8643 261 -0.2572586 -0.3266461
Moved 3132.967 243.0232 261 -0.2707796 -0.3266461
Moved 3132.998 239.1638 261.8362 -0.2797135 -0.3244953
Moved 3133.029 236.2952 262 -0.2863537 -0.3240741
Moved 3133.059 234.9114 262 -0.2895569 -0.3240741
Moved 3133.09 232.5 262 -0.2951389 -0.3240741
Moved 3133.121 231.7472 263.2527 -0.2968814 -0.320852
Moved 3133.152 229.6261 263 -0.3017915 -0.3215021
Moved 3133.182 228.8926 263 -0.3034893 -0.3215021
Moved 3133.213 227.6261 263 -0.3064212 -0.3215021
Moved 3133.244 225.947 263 -0.3103079 -0.3215021
Moved 3133.274 224.3756 263 -0.3139455 -0.3215021
Moved 3133.305 221.0189 263 -0.3217155 -0.3215021
Moved 3133.336 216.2866 263 -0.3326698 -0.3215021
Moved 3133.367 211.7773 263 -0.3431081 -0.3215021
Moved 3133.397 206.2132 263 -0.355988 -0.3215021
Moved 3133.428 200.6887 263 -0.3687761 -0.3215021
Moved 3133.459 195.4768 263 -0.3808407 -0.3215021
Moved 3133.49 191.9613 263 -0.3889786 -0.3215021
Moved 3133.52 188.0763 263 -0.3979716 -0.3215021
Moved 3133.551 185.2154 263 -0.404594 -0.3215021
Moved 3133.582 183.346 263 -0.4089213 -0.3215021
Moved 3133.613 180.8415 263 -0.4147188 -0.3215021
Moved 3133.643 177.9761 263 -0.4213517 -0.3215021
Moved 3133.674 176.5219 263 -0.4247178 -0.3215021
Moved 3133.705 172 256 -0.4351852 -0.3395062
Moved 3133.735 168.3622 256 -0.443606 -0.3395062
Moved 3133.766 162.6203 255 -0.4568976 -0.3420782
Moved 3133.797 157.885 254 -0.4678587 -0.3446502
Moved 3133.828 154.4299 253 -0.4758567 -0.3472223
Moved 3133.858 151.5613 253 -0.4824969 -0.3472223
Moved 3133.889 151 253 -0.4837963 -0.3472223
Stationary 3133.92 151 253 -0.4837963 -0.3472223
Stationary 3133.95 151 253 -0.4837963 -0.3472223
Moved 3133.981 161.4481 253 -0.4596108 -0.3472223
Moved 3134.012 172.9279 253 -0.4330372 -0.3472223
Moved 3134.043 182.0096 260 -0.4120148 -0.3292181
Moved 3134.073 191.6326 261 -0.3897394 -0.3266461
Moved 3134.104 198.7511 261 -0.3732613 -0.3266461
Moved 3134.135 203.6176 261 -0.3619964 -0.3266461
Moved 3134.166 206.1134 261 -0.3562189 -0.3266461
Ended 3134.196 207 261 -0.3541667 -0.3266461
Candidates 3134.442 13 as add gas ass ad a dad sad ads sa had adds da
Began 3136.04 357 254 -0.006944438 -0.3446502
Stationary 3136.071 357 254 -0.006944438 -0.3446502
Stationary 3136.102 357 254 -0.006944438 -0.3446502
Moved 3136.132 330.6644 254 -0.06790658 -0.3446502
Moved 3136.163 307.7055 254 -0.1210521 -0.3446502
Moved 3136.194 282.2538 254 -0.1799679 -0.3446502
Moved 3136.225 262.577 261 -0.2255162 -0.3266461
Moved 3136.255 250.8123 262 -0.2527492 -0.3240741
Ended 3136.286 246.5264 263.1579 -0.2626705 -0.321096
Cancel 3136.378
Began 3136.686 311 287 -0.113426 -0.2597736
Stationary 3136.716 311 287 -0.113426 -0.2597736
Moved 3136.747 328.7347 287 -0.07237345 -0.2597736
Moved 3136.778 345.1438 287 -0.03438935 -0.2597736
Moved 3136.808 359.9467 287 -0.000123481 -0.2597736
Moved 3136.839 375.351 295.8914 0.0355347 -0.2369051
Moved 3136.87 385.4137 297.1379 0.05882809 -0.2336987
Moved 3136.901 390.6705 299.6705 0.07099648 -0.227185
Moved 3136.931 392 301.545 0.07407407 -0.2223638
Moved 3136.962 392 303.2024 0.07407407 -0.2181009
Moved 3136.993 381.6887 306.2889 0.05020529 -0.2101623
Moved 3137.024 361.3918 306 0.00322173 -0.2109054
Moved 3137.054 327.7979 306 -0.07454192 -0.2109054
Moved 3137.085 299.7536 306 -0.1394593 -0.2109054
Moved 3137.116 273.4265 297.5829 -0.2004016 -0.2325542
Moved 3137.146 251.2987 293.0598 -0.2516235 -0.2441879
Moved 3137.177 231.3091 290.187 -0.2978955 -0.2515767
Moved 3137.208 213.6156 285.6462 -0.3388528 -0.2632556
Moved 3137.239 194.3362 282.6302 -0.3834809 -0.2710128
Moved 3137.27 179.7053 282 -0.4173489 -0.2726338
Moved 3137.3 158.1978 280 -0.4671348 -0.2777778
Moved 3137.331 143.5465 278.0781 -0.5010497 -0.282721
Moved 3137.362 137.5615 278 -0.514904 -0.2829219
Moved 3137.392 126.0771 278 -0.5414881 -0.2829219
Moved 3137.423 119.7961 278 -0.5560275 -0.2829219
Moved 3137.454 115.3626 278 -0.5662903 -0.2829219
Moved 3137.485 112.4913 278 -0.5729367 -0.2829219
Moved 3137.515 111 287.6298 -0.5763888 -0.2581538
Moved 3137.546 111 286.0852 -0.5763888 -0.2621265
Moved 3137.577 118.5673 292.2702 -0.5588721 -0.2462187
Moved 3137.607 136.1203 300.2481 -0.51824 -0.2256994
Moved 3137.638 151.4675 304.4935 -0.4827142 -0.2147801
Moved 3137.669 163.1059 307.0265 -0.4557734 -0.2082653
Moved 3137.7 172.7064 308 -0.43355 -0.2057614
Moved 3137.73 178.5391 309 -0.4200484 -0.2031893
Ended 3137.761 182 309 -0.412037 -0.2031893
Candidates 3137.853 13 has had as ha a gas ass law add laws jar sa da
Began 3138.437 191 318 -0.3912037 -0.1800412
Stationary 3138.468 191 318 -0.3912037 -0.1800412
Stationary 3138.499 191 318 -0.3912037 -0.1800412
Moved 3138.529 207.6393 318 -0.3526868 -0.1800412
Moved 3138.56 239.5372 318 -0.278849 -0.1800412
Moved 3138.591 249.7113 318 -0.2552979 -0.1800412
Moved 3138.622 266.284 318 -0.2169352 -0.1800412
Moved 3138.652 274.5241 318 -0.1978609 -0.1800412
Moved 3138.683 279.3181 318 -0.1867636 -0.1800412
Ended 3138.714 280 318 -0.1851852 -0.1800412
Accept 3138.806 0 has
Began 3139.083 283 330 -0.1782407 -0.149177
Stationary 3139.113 283 330 -0.1782407 -0.149177
Stationary 3139.144 283 330 -0.1782407 -0.149177
Stationary 3139.175 283 330 -0.1782407 -0.149177
Stationary 3139.206 283 330 -0.1782407 -0.149177
Moved 3139.236 260.6902 301.2537 -0.2298837 -0.2231131
Moved 3139.267 247.5527 278.1949 -0.2602946 -0.2824205
Moved 3139.298 236.1349 257.2698 -0.2867248 -0.3362403
Moved 3139.328 229.5025 242.5042 -0.3020775 -0.3742178
Moved 3139.359 224.2328 230.4656 -0.314276 -0.4051811
Moved 3139.39 221.7567 220.0269 -0.3200076 -0.4320297
Moved 3139.42 219.1748 213.5244 -0.3259843 -0.4487542
Moved 3139.451 218 210.3715 -0.3287037 -0.4568635
Moved 3139.482 218 207.6244 -0.3287037 -0.4639291
Stationary 3139.513 218 207.6244 -0.3287037 -0.4639291
Moved 3139.543 234.5616 219.2485 -0.2903666 -0.4340316
Moved 3139.574 254.4971 238.4972 -0.2442196 -0.3845237
Moved 3139.605 276.4422 260.4422 -0.1934208 -0.3280808
Moved 3139.636 298.5 285 -0.1423611 -0.2649178
Moved 3139.666 313.4518 298.3615 -0.1077505 -0.2305519
Moved 3139.697 321.8974 308.7947 -0.08820052 -0.2037173
Moved 3139.728 325.8257 313.8257 -0.07910729 -0.1907776
Moved 3139.759 326 316.2396 -0.07870371 -0.1845689
Moved 3139.789 326 317.3755 -0.07870371 -0.1816472
Moved 3139.82 294.3324 317 -0.1520083 -0.1826131
Moved 3139.851 258.7323 308.061 -0.234416 -0.2056044
Moved 3139.882 223.223 304.0372 -0.3166135 -0.2159538
Moved 3139.912 191.7591 303 -0.3894464 -0.2186215
Moved 3139.943 165.0071 303 -0.4513724 -0.2186215
Moved 3139.974 148.1831 303 -0.4903169 -0.2186215
Moved 3140.004 135.7858 303 -0.5190144 -0.2186215
Moved 3140.035 130.0363 303 -0.5323235 -0.2186215
Moved 3140.066 128 312.6404 -0.5370371 -0.1938262
Moved 3140.097 142.8375 312.9274 -0.5026909 -0.1930881
Moved 3140.127 182.7945 315 -0.4101979 -0.1877573
Moved 3140.158 226.3355 294.9991 -0.3094085 -0.2392
Moved 3140.189 261.5 275.5 -0.2280093 -0.2893519
Moved 3140.219 288.7187 262.608 -0.165003 -0.3225104
Moved 3140.25 312.5252 248.3391 -0.1098954 -0.3592102
Moved 3140.281 331.0744 235.5553 -0.06695743 -0.3920904
Moved 3140.312 341.9263 229.5369 -0.04183735 -0.4075699
Moved 3140.343 358.8877 220.6449 -0.002574871 -0.4304401
Moved 3140.373 368.0977 215.9512 0.01874457 -0.4425125
Moved 3140.404 372.9174 213.0825 0.02990147 -0.4498907
Moved 3140.435 376 212 0.03703703 -0.4526749
Moved 3140.465 378.3344 211 0.04244079 -0.455247
Moved 3140.496 379.374 209.626 0.04484713 -0.458781
Stationary 3140.527 379.374 209.626 0.04484713 -0.458781
Moved 3140.558 371.7976 217.2024 0.02730926 -0.4392943
Moved 3140.588 350.2477 236.8142 -0.02257476 -0.3888524
Moved 3140.619 320.8229 257.9836 -0.09068772 -0.3344043
Moved 3140.65 302.9452 271.7123 -0.1320713 -0.2990938
Moved 3140.68 294.0947 278.1242 -0.1525586 -0.2826024
Moved 3140.711 276.7558 289.9465 -0.1926949 -0.2521953
Moved 3140.742 266.5 296 -0.2164352 -0.2366256
Moved 3140.773 255.7479 301.126 -0.2413243 -0.2234413
Moved 3140.803 248.1585 304.9208 -0.2588924 -0.2136812
Moved 3140.834 240.4414 308.5586 -0.276756 -0.2043247
Moved 3140.865 234.5789 312.4211 -0.2903265 -0.1943903
Moved 3140.896 229.6831 316.1584 -0.3016596 -0.1847777
Moved 3140.926 225.9655 320.0345 -0.3102649 -0.1748084
Moved 3140.957 221.1999 323.8 -0.3212965 -0.1651234
Moved 3140.988 218.1241 326.4379 -0.3284163 -0.1583388
Moved 3141.019 213.3916 330.6084 -0.3393713 -0.1476122
Moved 3141.049 209.831 335.338 -0.3476134 -0.1354477
Moved 3141.08 206.2324 340.5352 -0.3559435 -0.1220803
Moved 3141.111 201.8855 348.2289 -0.3660057 -0.1022918
Moved 3141.141 197.5765 354.847 -0.3759804 -0.08527002
Moved 3141.172 191.4155 362.8767 -0.3902419 -0.06461759
Moved 3141.203 185.4298 373.1403 -0.4040976 -0.03821934
Moved 3141.234 181.2755 385.6226 -0.4137141 -0.006114896
Moved 3141.264 179.4113 398.3548 -0.4180294 0.02663267
Moved 3141.295 178 409.3879 -0.4212963 0.05500997
Moved 3141.326 178 419.9863 -0.4212963 0.08226912
Moved 3141.357 177 426.7198 -0.4236111 0.09958784
Moved 3141.387 177 435.4445 -0.4236111 0.122028
Moved 3141.418 177 441.3237 -0.4236111 0.1371492
Moved 3141.449 177 445.0854 -0.4236111 0.1468246
Moved 3141.479 176 448.9474 -0.4259259 0.1567578
Moved 3141.51 176 451.5 -0.4259259 0.163323
Moved 3141.541 175 452 -0.4282407 0.164609
Stationary 3141.572 175 452 -0.4282407 0.164609
Moved 3141.603 175 439.5684 -0.4282407 0.1326346
Moved 3141.633 175 415.2752 -0.4282407 0.07015216
Moved 3141.664 188.3619 381.5523 -0.3973103 -0.01658357
Moved 3141.695 195.6545 355.3821 -0.3804294 -0.08389367
Moved 3141.725 200.1939 336.0306 -0.3699216 -0.1336661
Moved 3141.756 205.5042 317.7354 -0.3576292 -0.1807218
Moved 3141.787 209.6148 302.5409 -0.3481139 -0.2198023
Moved 3141.818 211 295.0417 -0.3449074 -0.2390902
Moved 3141.848 213.3451 289.3098 -0.3394788 -0.2538329
Ended 3141.879 214 288 -0.3379629 -0.2572017
Candidates 3142.002 13 changed changes chambers chances named banned camera names james cameras landed managed handed
Began 3142.494 160 324 -0.462963 -0.164609
Stationary 3142.524 160 324 -0.462963 -0.164609
Moved 3142.555 176.8648 324 -0.4239241 -0.164609
Moved 3142.586 201.393 324 -0.3671459 -0.164609
Moved 3142.616 226.3032 324 -0.3094833 -0.164609
Moved 3142.647 251.5341 324 -0.2510785 -0.164609
Moved 3142.678 267.4554 324 -0.2142237 -0.164609
Moved 3142.709 275.8871 324 -0.1947057 -0.164609
Ended 3142.74 277.5 324 -0.1909722 -0.164609
Accept 3142.801 0 changed
Began 3142.985 165 330 -0.4513889 -0.149177
Moved 3143.016 171.0719 330 -0.4373337 -0.149177
Moved 3143.047 195.8156 330 -0.3800566 -0.149177
Moved 3143.077 235.1093 330 -0.2890988 -0.149177
Moved 3143.108 284.4877 330 -0.1747971 -0.149177
Moved 3143.139 326.6393 330 -0.07722382 -0.149177
Moved 3143.17 363.748 320.7731 0.008676051 -0.1729088
Moved 3143.2 391.3973 319 0.07267902 -0.1774692
Moved 3143.231 424.5237 314.9476 0.1493603 -0.187892
Moved 3143.262 440.5956 313.0809 0.1865638 -0.1926933
Moved 3143.293 453.8923 312 0.2173433 -0.1954732
Moved 3143.323 465.253 309.6868 0.2436411 -0.2014229
Moved 3143.354 472.5476 310 0.2605269 -0.2006174
Moved 3143.385 476.0553 309 0.2686465 -0.2031893
Moved 3143.416 479.6758 309 0.2770272 -0.2031893
Ended 3143.446 480.5 309 0.2789353 -0.2031893
PhraseEnd 3143.508
