where did you get such a silly idea
where did you get such a silly idea
Basic
Radial

0.6 0.6
432 388.8
Began 1039.107 255 533 -0.2430556 0.3729423
Stationary 1039.138 255 533 -0.2430556 0.3729423
Stationary 1039.169 255 533 -0.2430556 0.3729423
Moved 1039.199 270 511.5 -0.2083333 0.317644
Moved 1039.23 282.5304 493.3635 -0.1793279 0.2709967
Moved 1039.261 302.8391 470.1877 -0.132317 0.2113882
Moved 1039.292 318.112 452.888 -0.09696295 0.1668929
Moved 1039.322 339.2695 436.5844 -0.04798735 0.1249598
Moved 1039.353 348.9539 430.8835 -0.0255697 0.1102969
Moved 1039.384 362.737 420.5578 0.006335676 0.08373908
Moved 1039.414 372.0638 412.9575 0.02792537 0.06419091
Moved 1039.445 381.2526 405.8737 0.04919579 0.04597142
Moved 1039.476 390.2852 400.1432 0.07010449 0.03123256
Moved 1039.507 395.3082 398 0.08173198 0.02572008
Moved 1039.537 397.8516 396 0.08761931 0.02057605
Moved 1039.568 400.676 396 0.09415735 0.02057605
Moved 1039.599 402 400.9326 0.09722222 0.03326286
Moved 1039.63 402 421.2637 0.09722222 0.08555479
Moved 1039.66 364.4401 455.5938 0.01027803 0.1738522
Moved 1039.691 338.3655 476.1465 -0.05007977 0.2267143
Moved 1039.722 318.1515 487.7706 -0.0968716 0.2566115
Moved 1039.752 301 495.5 -0.1365741 0.2764916
Moved 1039.783 289.5575 500.177 -0.1630613 0.288521
Moved 1039.814 277.1595 502.9468 -0.1917605 0.2956451
Moved 1039.845 264.7285 503 -0.220536 0.2957818
Moved 1039.875 253.8142 503 -0.2458004 0.2957818
Moved 1039.906 242.2214 503 -0.2726356 0.2957818
Moved 1039.937 232.6183 503 -0.294865 0.2957818
Moved 1039.968 223.0426 503 -0.3170311 0.2957818
Moved 1039.998 216.9552 499.3433 -0.3311221 0.2863768
Moved 1040.029 212.2175 495 -0.3420891 0.2752057
Moved 1040.06 209.7385 494 -0.3478276 0.2726337
Moved 1040.09 208.1766 494 -0.351443 0.2726337
Stationary 1040.121 208 494 -0.3518518 0.2726337
Moved 1040.152 220.4441 494 -0.323046 0.2726337
Moved 1040.183 243.1115 494 -0.2705753 0.2726337
Moved 1040.213 262.08 494 -0.2266667 0.2726337
Moved 1040.244 281.3614 501 -0.1820339 0.2906378
Moved 1040.275 296.8264 502 -0.1462351 0.2932098
Moved 1040.306 310.5 502 -0.1145833 0.2932098
Moved 1040.336 316.0607 502 -0.1017114 0.2932098
Moved 1040.367 322.7826 502 -0.08615147 0.2932098
Moved 1040.398 326.767 502 -0.07692824 0.2932098
Moved 1040.428 329.2568 502 -0.07116487 0.2932098
Moved 1040.459 330.5 502 -0.06828706 0.2932098
Moved 1040.49 331.3185 502 -0.06639232 0.2932098
Stationary 1040.521 331.3185 502 -0.06639232 0.2932098
Stationary 1040.551 331 502 -0.06712963 0.2932098
Moved 1040.582 320.2199 502 -0.09208346 0.2932098
Moved 1040.613 309.8953 502 -0.115983 0.2932098
Moved 1040.644 297.0095 502 -0.1458113 0.2932098
Moved 1040.674 282.4795 503 -0.1794455 0.2957818
Moved 1040.705 267.7571 503 -0.2135253 0.2957818
Moved 1040.736 254.3919 503 -0.2444632 0.2957818
Ended 1040.766 250 503 -0.2546296 0.2957818
Candidates 1040.889 13 there the where these register what here get he free whereas wheat her
Began 1041.535 171 418 -0.4375 0.07716041
Stationary 1041.565 171 418 -0.4375 0.07716041
Stationary 1041.596 171 418 -0.4375 0.07716041
Moved 1041.627 189.9875 418 -0.3935474 0.07716041
Moved 1041.658 198.7807 418 -0.3731929 0.07716041
Moved 1041.688 206.2648 418 -0.3558685 0.07716041
Moved 1041.719 211.9843 418 -0.3426288 0.07716041
Moved 1041.75 215.8607 418 -0.3336557 0.07716041
Moved 1041.781 219.4152 418 -0.3254278 0.07716041
Moved 1041.811 222.2922 418 -0.318768 0.07716041
Moved 1041.842 224.5 418 -0.3136574 0.07716041
Moved 1041.873 226.7666 418 -0.3084107 0.07716041
Moved 1041.903 229.5516 418 -0.3019639 0.07716041
Moved 1041.934 232.4132 418 -0.2953398 0.07716041
Moved 1041.965 234.2803 418 -0.2910178 0.07716041
Moved 1041.996 235.3136 418 -0.288626 0.07716041
Moved 1042.026 236.1024 418 -0.2868 0.07716041
Moved 1042.057 237.3729 418 -0.283859 0.07716041
Moved 1042.088 239.1825 418 -0.2796701 0.07716041
Stationary 1042.119 239 418 -0.2800926 0.07716041
Stationary 1042.149 239 418 -0.2800926 0.07716041
Moved 1042.18 239 423.7275 -0.2800926 0.09189162
Moved 1042.211 230.1283 437.7628 -0.300629 0.1279905
Moved 1042.241 219.9138 460.1724 -0.3242736 0.1856286
Moved 1042.272 208.3219 491.8198 -0.3511068 0.2670261
Moved 1042.303 198.7233 515.0711 -0.3733256 0.3268289
Moved 1042.333 192.025 537.2501 -0.388831 0.3838735
Moved 1042.364 186.6109 551.9728 -0.4013637 0.4217406
Moved 1042.395 182.9419 563.1743 -0.4098566 0.450551
Moved 1042.426 180.3074 571.3851 -0.415955 0.4716694
Moved 1042.457 177.1043 579.7915 -0.4233697 0.4932908
Moved 1042.487 175.6704 581.3296 -0.4266888 0.4972467
Moved 1042.518 174 584.1982 -0.4305556 0.5046248
Moved 1042.549 172.3065 586 -0.4344758 0.5092591
Moved 1042.579 171.4436 587.5564 -0.4364731 0.5132622
Moved 1042.61 170.5 588.5 -0.4386574 0.5156891
Moved 1042.641 171 589 -0.4375 0.5169753
Ended 1042.672 171 589 -0.4375 0.5169753
Accept 1042.733 2 where
Began 1043.747 251 374 -0.2523148 -0.03600823
Stationary 1043.778 251 374 -0.2523148 -0.03600823
Stationary 1043.809 251 374 -0.2523148 -0.03600823
Moved 1043.839 276.9245 388.8629 -0.1923044 0.002219157
Moved 1043.87 339.9153 428.2645 -0.04649232 0.103561
Moved 1043.901 394.9127 461.1262 0.08081635 0.1880818
Moved 1043.932 412.8372 471.2248 0.1223083 0.2140554
Moved 1043.962 428.9337 479.5602 0.1595687 0.2354942
Moved 1043.993 441.7391 487.2435 0.1892109 0.2552557
Moved 1044.024 451.8449 493.23 0.212604 0.2706532
Moved 1044.054 459.4467 497.4822 0.2302006 0.28159
Moved 1044.085 463.0206 501.0206 0.2384735 0.2906907
Moved 1044.116 466.8846 503.8846 0.247418 0.298057
Moved 1044.147 469.7728 506 0.2541036 0.3034978
Moved 1044.177 472 507.6345 0.2592593 0.3077019
Moved 1044.208 473 509.1399 0.2615741 0.3115737
Moved 1044.239 474 510.0096 0.2638889 0.3138105
Stationary 1044.27 474 510 0.2638889 0.3137859
Stationary 1044.3 474 510 0.2638889 0.3137859
Moved 1044.331 458.158 500.851 0.2272176 0.2902544
Moved 1044.362 426.1782 486.1719 0.1531902 0.2524996
Moved 1044.392 382.3661 463.6644 0.05177339 0.1946101
Moved 1044.423 347.6519 445.5011 -0.02858351 0.1478937
Moved 1044.454 309.3252 425.9443 -0.1173028 0.09759334
Moved 1044.484 282.6391 411.8196 -0.1790761 0.06126427
Moved 1044.515 260.0367 400.5183 -0.2313966 0.03219726
Moved 1044.546 243.6611 392.8306 -0.2693029 0.0124243
Moved 1044.577 233.1942 387.3981 -0.2935319 -0.00154821
Moved 1044.608 226.0492 384.5246 -0.3100713 -0.008938793
Moved 1044.638 221.9971 383 -0.3194511 -0.01286016
Moved 1044.669 219.1312 381.1312 -0.3260851 -0.01766668
Ended 1044.7 219 381 -0.3263889 -0.01800419
Candidates 1044.761 13 did dos this asia does aids food his foods soda dogs dod aid
Began 1045.314 202 388 -0.3657407 -3.924585E-08
Stationary 1045.345 202 388 -0.3657407 -3.924585E-08
Moved 1045.376 236.4103 388 -0.2860873 -3.924585E-08
Moved 1045.406 271 388 -0.2060186 -3.924585E-08
Moved 1045.437 297.7411 388 -0.1441177 -3.924585E-08
Moved 1045.468 313.243 388 -0.1082338 -3.924585E-08
Moved 1045.499 322.7999 388 -0.08611133 -3.924585E-08
Moved 1045.529 329.083 388 -0.07156719 -3.924585E-08
Moved 1045.56 333.3525 388 -0.0616841 -3.924585E-08
Moved 1045.591 337.2187 388 -0.05273451 -3.924585E-08
Moved 1045.622 339.5 388 -0.04745369 -3.924585E-08
Moved 1045.652 341.5 388 -0.04282405 -3.924585E-08
Ended 1045.683 341.5 388 -0.04282405 -3.924585E-08
Accept 1045.744 0 did
Began 1046.021 226 522 -0.3101852 0.3446501
Stationary 1046.052 226 522 -0.3101852 0.3446501
Moved 1046.083 235.4805 522 -0.2882397 0.3446501
Moved 1046.113 267 522 -0.2152778 0.3446501
Moved 1046.144 299.9394 522 -0.1390292 0.3446501
Moved 1046.175 329.2686 514.7911 -0.0711374 0.3261086
Moved 1046.205 351.271 512.1041 -0.02020602 0.3191977
Moved 1046.236 364.6269 510.6746 0.01071036 0.3155211
Moved 1046.267 383.532 509 0.05447229 0.3112139
Moved 1046.298 396.5237 507 0.08454551 0.3060699
Moved 1046.328 407.132 506 0.1091018 0.3034978
Moved 1046.359 415.0936 505 0.1275315 0.3009258
Moved 1046.39 421.8343 504 0.1431349 0.2983539
Moved 1046.421 429.5583 504 0.1610146 0.2983539
Moved 1046.451 436.6189 504 0.1773586 0.2983539
Moved 1046.482 448.5124 504 0.2048897 0.2983539
Moved 1046.513 462.7316 504 0.2378047 0.2983539
Moved 1046.543 475.1833 504 0.2666278 0.2983539
Moved 1046.574 481.915 504 0.2822107 0.2983539
Moved 1046.605 488.6633 504 0.2978317 0.2983539
Moved 1046.636 491.7087 504 0.3048812 0.2983539
Moved 1046.666 494.2621 504 0.310792 0.2983539
Moved 1046.697 495.2944 504 0.3131815 0.2983539
Stationary 1046.728 495 504 0.3125 0.2983539
Moved 1046.759 468.4893 504 0.2511326 0.2983539
Moved 1046.789 435.3488 504 0.1744184 0.2983539
Moved 1046.82 404.1304 504 0.1021538 0.2983539
Moved 1046.851 379.9555 504 0.0461932 0.2983539
Moved 1046.881 363.9096 504 0.009049973 0.2983539
Moved 1046.912 352.4471 504 -0.01748368 0.2983539
Moved 1046.943 345.2292 504 -0.03419171 0.2983539
Moved 1046.974 339.4859 504 -0.04748642 0.2983539
Moved 1047.004 337.1475 504 -0.05289942 0.2983539
Moved 1047.035 336 504 -0.05555556 0.2983539
Ended 1047.066 336 504 -0.05555556 0.2983539
Candidates 1047.158 13 error quote wrote write wit quite root report terror wire worry witty store
Began 1048.234 369 451 0.02083332 0.162037
Stationary 1048.264 369 451 0.02083332 0.162037
Stationary 1048.295 369 451 0.02083332 0.162037
Stationary 1048.326 369 451 0.02083332 0.162037
Stationary 1048.356 369 451 0.02083332 0.162037
Moved 1048.387 361.6509 451 0.003821552 0.162037
Moved 1048.418 342.7654 446.7654 -0.03989483 0.1511456
Moved 1048.449 323.9279 440.866 -0.08350034 0.1359721
Moved 1048.479 301.6796 440 -0.1350009 0.1337448
Moved 1048.51 284.4457 438 -0.1748942 0.1286007
Moved 1048.541 272.6763 436.2255 -0.2021381 0.1240366
Moved 1048.572 266.3977 436 -0.216672 0.1234567
Moved 1048.602 260.6646 436 -0.229943 0.1234567
Moved 1048.633 259 435 -0.2337963 0.1208847
Ended 1048.664 259 435 -0.2337963 0.1208847
Cancel 1048.725
Began 1048.971 362 588 0.004629592 0.5144032
Stationary 1049.002 362 588 0.004629592 0.5144032
Stationary 1049.032 362 588 0.004629592 0.5144032
Moved 1049.063 375.9857 588 0.03700395 0.5144032
Moved 1049.094 397.4214 588 0.08662353 0.5144032
Moved 1049.125 416.4681 579.7903 0.1307133 0.4932877
Moved 1049.155 433.3377 576.9324 0.1697633 0.4859373
Moved 1049.186 444.0817 574.3061 0.1946335 0.4791823
Moved 1049.217 454.8375 571.5406 0.2195312 0.4720694
Moved 1049.247 465.2949 568.6763 0.2437382 0.4647022
Moved 1049.278 473.5574 565.8142 0.2628644 0.457341
Moved 1049.309 481.2887 563.2371 0.2807608 0.4507127
Moved 1049.34 489.9287 560.3571 0.300761 0.4433051
Moved 1049.37 496.5345 557.4885 0.3160522 0.4359271
Moved 1049.401 504.1317 553.6227 0.3336383 0.4259843
Moved 1049.432 513.6484 549.1758 0.3556677 0.4145467
Moved 1049.463 523.3415 545.2195 0.3781053 0.4043711
Moved 1049.493 531.2846 542.3577 0.3964922 0.3970105
Moved 1049.524 537.2009 540.8995 0.4101874 0.39326
Moved 1049.555 542.012 537.988 0.421324 0.3857716
Moved 1049.585 544.8828 537.1172 0.4279693 0.3835319
Moved 1049.616 547 536.2585 0.4328704 0.3813233
Moved 1049.647 548.2961 536 0.4358706 0.3806583
Moved 1049.678 548 534.5 0.4351853 0.3768003
Moved 1049.708 548 531.9013 0.4351853 0.3701165
Moved 1049.739 521.9391 523.9797 0.374859 0.3497419
Moved 1049.77 489.9001 515.3 0.3006947 0.3274178
Moved 1049.801 465.3443 510.4099 0.2438524 0.31484
Moved 1049.831 445.8269 506.8324 0.1986735 0.3056388
Moved 1049.862 430.3339 505 0.1628099 0.3009258
Moved 1049.893 416.5974 503 0.1310124 0.2957818
Moved 1049.923 408.0676 502 0.1112675 0.2932098
Moved 1049.954 401.3228 502 0.09565453 0.2932098
Moved 1049.985 398 502 0.08796295 0.2932098
Moved 1050.016 397 502 0.0856481 0.2932098
Ended 1050.046 395.8242 502 0.08292645 0.2932098
Candidates 1050.139 13 you i toy root your roy output u tour to o error report
Began 1050.692 260 438 -0.2314815 0.1286007
Stationary 1050.722 260 438 -0.2314815 0.1286007
Moved 1050.753 285.7148 438 -0.1719564 0.1286007
Moved 1050.784 315.9902 428.2069 -0.1018746 0.1034127
Moved 1050.815 336.3128 429 -0.0548314 0.1054526
Moved 1050.845 349.068 428.233 -0.02530565 0.1034799
Moved 1050.876 359.253 428 -0.00172928 0.1028806
Moved 1050.907 367.4817 428 0.01731873 0.1028806
Moved 1050.938 371.0728 428 0.02563149 0.1028806
Ended 1050.968 373 428 0.0300926 0.1028806
Accept 1051.03 0 you
Began 1051.276 293 414 -0.1550926 0.06687239
Stationary 1051.306 293 414 -0.1550926 0.06687239
Stationary 1051.337 293 414 -0.1550926 0.06687239
Stationary 1051.368 293 414 -0.1550926 0.06687239
Moved 1051.398 293 439.1156 -0.1550926 0.1314701
Moved 1051.429 293 447.4358 -0.1550926 0.1528698
Moved 1051.46 287.0197 465.2328 -0.1689359 0.1986439
Moved 1051.491 282.5 485.5 -0.1793981 0.2507715
Moved 1051.521 279.8273 496.5182 -0.185585 0.2791105
Moved 1051.552 276.9539 507.1382 -0.1922363 0.3064255
Moved 1051.583 274.0799 512.8402 -0.1988891 0.3210909
Moved 1051.614 271.6593 517.6813 -0.2044923 0.3335425
Moved 1051.644 268.6732 521.3268 -0.2114047 0.3429187
Moved 1051.675 266.8019 524 -0.2157364 0.3497942
Moved 1051.706 264.929 527.0709 -0.2200717 0.3576926
Moved 1051.736 264.4276 528.5724 -0.2212325 0.3615547
Moved 1051.767 264 530.2217 -0.2222222 0.3657966
Moved 1051.798 264 531.5 -0.2222222 0.3690843
Moved 1051.829 277.4456 533.8891 -0.1910981 0.375229
Moved 1051.859 301.8586 535 -0.1345865 0.3780863
Moved 1051.89 324.2099 535 -0.08284738 0.3780863
Moved 1051.921 339.3696 535 -0.04775548 0.3780863
Moved 1051.952 346.9819 535 -0.03013457 0.3780863
Moved 1051.982 353.7263 535 -0.01452232 0.3780863
Moved 1052.013 357.736 535 -0.005240689 0.3780863
Moved 1052.044 360.5 535 0.001157423 0.3780863
Moved 1052.074 363.5 535 0.008101861 0.3780863
Moved 1052.105 364.0219 535 0.009309848 0.3780863
Moved 1052.136 365.3734 535 0.0124385 0.3780863
Ended 1052.167 366.1652 535 0.01427134 0.3780863
Candidates 1052.259 13 get feet ferry dry street grey set et try are hey terry were
Began 1052.812 339 433 -0.04861111 0.1157406
Stationary 1052.843 339 433 -0.04861111 0.1157406
Stationary 1052.873 339 433 -0.04861111 0.1157406
Moved 1052.904 368.157 433 0.01888186 0.1157406
Moved 1052.935 383.1915 433 0.05368412 0.1157406
Moved 1052.965 395.4529 433 0.08206675 0.1157406
Moved 1052.996 402.9636 433 0.09945274 0.1157406
Moved 1053.027 410.6836 433 0.1173231 0.1157406
Moved 1053.058 414.8995 433 0.1270823 0.1157406
Moved 1053.089 417.7591 433 0.1337016 0.1157406
Ended 1053.119 419.1906 433 0.1370153 0.1157406
Accept 1053.15 0 get
Began 1053.488 213 396 -0.3402778 0.02057605
Stationary 1053.519 213 396 -0.3402778 0.02057605
Stationary 1053.549 213 396 -0.3402778 0.02057605
Moved 1053.58 250.3257 413.8539 -0.2538756 0.06649653
Moved 1053.611 325.4541 452.7271 -0.07996738 0.1664789
Moved 1053.642 340.6357 461.1649 -0.04482483 0.1881813
Moved 1053.672 363.5038 471.689 0.008110802 0.2152493
Moved 1053.703 385.0005 480.2859 0.05787154 0.2373609
Moved 1053.734 403.9538 488.9769 0.1017449 0.2597143
Moved 1053.765 419.4439 496.722 0.1376017 0.2796347
Moved 1053.795 429.485 501.7425 0.1608449 0.2925474
Moved 1053.826 434.1949 504 0.1717474 0.2983539
Moved 1053.857 438.1413 506 0.1808827 0.3034978
Moved 1053.887 440.0084 506 0.1852045 0.3034978
Moved 1053.918 441 492.8284 0.1875 0.2696204
Moved 1053.949 418.8487 442.3199 0.1362237 0.1397115
Moved 1053.98 395.7056 383.4112 0.08265188 -0.01180264
Moved 1054.01 383.447 348.2028 0.05427549 -0.1023591
Moved 1054.041 374.7314 319.4378 0.03410032 -0.1763432
Moved 1054.072 367.9076 296.7227 0.01830459 -0.2347667
Moved 1054.103 362.1647 283.3293 0.005010863 -0.2692147
Moved 1054.133 359.7098 274.1295 -0.000671645 -0.2928768
Moved 1054.164 357.2 269.2 -0.006481459 -0.3055555
Moved 1054.195 355.3364 264.3364 -0.01079539 -0.318065
Moved 1054.225 354 260.4634 -0.01388888 -0.3280261
Moved 1054.256 352.7974 258.7974 -0.01667276 -0.3323113
Moved 1054.287 353 257.5992 -0.01620372 -0.3353931
Stationary 1054.318 353 258 -0.01620372 -0.3343622
Moved 1054.348 353 263.0051 -0.01620372 -0.3214889
Moved 1054.379 367.9126 281.2776 0.01831621 -0.2744916
Moved 1054.41 393.915 313.1438 0.07850707 -0.1925314
Moved 1054.441 418.8716 341.8394 0.1362768 -0.1187259
Moved 1054.471 437.2129 360.2129 0.1787336 -0.0714689
Moved 1054.502 447.4687 370.8359 0.2024738 -0.04414648
Ended 1054.533 456.6994 384.1656 0.2238412 -0.009862052
Candidates 1054.625 13 sick stuck suck stick stock dick such which drunk duck adding quick struck
Began 1056.254 400 426 0.09259263 0.09773654
Stationary 1056.284 400 426 0.09259263 0.09773654
Stationary 1056.315 400 426 0.09259263 0.09773654
Stationary 1056.346 400 426 0.09259263 0.09773654
Stationary 1056.376 400 426 0.09259263 0.09773654
Stationary 1056.407 400 426 0.09259263 0.09773654
Stationary 1056.438 400 426 0.09259263 0.09773654
Stationary 1056.469 400 426 0.09259263 0.09773654
Stationary 1056.499 400 426 0.09259263 0.09773654
Moved 1056.53 388.6122 426 0.06623209 0.09773654
Moved 1056.561 384.7493 426 0.05729 0.09773654
Moved 1056.592 379.3631 426 0.044822 0.09773654
Moved 1056.622 374.6309 433 0.03386786 0.1157406
Moved 1056.653 367.8848 434 0.01825194 0.1183127
Moved 1056.684 361.145 434 0.00265042 0.1183127
Moved 1056.714 353.1233 434 -0.01591831 0.1183127
Moved 1056.745 344.5028 434 -0.03587315 0.1183127
Moved 1056.776 334.1512 434 -0.05983522 0.1183127
Moved 1056.807 323.4005 434 -0.0847211 0.1183127
Moved 1056.838 306.6266 434 -0.1235494 0.1183127
Moved 1056.868 293.3226 434 -0.1543458 0.1183127
Moved 1056.899 284.5374 434 -0.1746819 0.1183127
Moved 1056.93 279.2879 434 -0.1868336 0.1183127
Moved 1056.96 275.7676 434 -0.1949824 0.1183127
Ended 1056.991 275.7676 434 -0.1949824 0.1183127
Cancel 1057.052
Began 1057.636 279 364 -0.1875 -0.06172839
Stationary 1057.667 279 364 -0.1875 -0.06172839
Stationary 1057.698 279 364 -0.1875 -0.06172839
Stationary 1057.729 279 364 -0.1875 -0.06172839
Moved 1057.759 298.2525 383.2525 -0.142934 -0.0122108
Moved 1057.79 328.1836 414.1156 -0.07364904 0.06716967
Moved 1057.821 357.2767 445.2767 -0.006303837 0.1473166
Moved 1057.852 379.5 467.5 0.0451389 0.2044752
Moved 1057.882 401.8875 487.6516 0.09696186 0.2563055
Moved 1057.913 418.5632 503.4505 0.1355629 0.2969405
Moved 1057.944 429.9341 512.9506 0.1618844 0.3213748
Moved 1057.974 437.035 518.035 0.1783218 0.334452
Moved 1058.005 445.1539 523.7693 0.1971155 0.3492008
Moved 1058.036 449.2554 526 0.2066098 0.3549381
Moved 1058.067 452.1206 528 0.2132422 0.3600822
Moved 1058.097 453 529 0.2152778 0.3626543
Moved 1058.128 454 529 0.2175926 0.3626543
Moved 1058.159 454 512.5904 0.2175926 0.3204485
Moved 1058.189 411.2261 453.0435 0.1185789 0.1672927
Moved 1058.22 378.6219 394.2437 0.04310618 0.01605885
Moved 1058.251 358.7927 350.9439 -0.002794713 -0.09530894
Moved 1058.282 341.5307 317.0527 -0.04275302 -0.1824777
Moved 1058.312 334.9203 300.8405 -0.05805498 -0.2241757
Moved 1058.343 328.2075 287.415 -0.07359371 -0.2587062
Moved 1058.374 323.4717 276.9435 -0.08455614 -0.2856393
Moved 1058.405 319.5 268.5 -0.09375001 -0.307356
Moved 1058.435 314.5993 262.399 -0.1050942 -0.3230479
Moved 1058.466 310.8629 256.8629 -0.1137433 -0.3372868
Moved 1058.497 308.0599 252.1198 -0.1202318 -0.3494863
Moved 1058.528 305.6457 249.6456 -0.1258201 -0.3558498
Moved 1058.558 303.6535 248 -0.1304317 -0.3600824
Moved 1058.589 302.5 247 -0.1331019 -0.3626543
Stationary 1058.619 302.5 247 -0.1331019 -0.3626543
Moved 1058.65 307.07 258.07 -0.1225231 -0.3341821
Moved 1058.681 329.7337 287.6672 -0.07006079 -0.2580577
Moved 1058.712 370.8367 340.1265 0.02508491 -0.1231316
Moved 1058.743 389.3559 361.1719 0.06795356 -0.06900246
Moved 1058.773 411.4059 388.1401 0.118995 0.0003603947
Moved 1058.804 425.4244 404.4244 0.1514454 0.04224369
Moved 1058.835 432.9603 414.4405 0.1688897 0.06800534
Moved 1058.865 437.9918 419.9918 0.1805365 0.08228325
Moved 1058.896 440.8665 423.8665 0.1871909 0.09224903
Moved 1058.927 442.7352 425.7352 0.1915167 0.09705563
Ended 1058.958 443.5 426.5 0.193287 0.09902258
Candidates 1059.019 13 sick dick such rich stuck fuck duck stick suck stock which dutch shock
Began 1060.187 312 347 -0.1111111 -0.1054527
Stationary 1060.218 312 347 -0.1111111 -0.1054527
Stationary 1060.248 312 347 -0.1111111 -0.1054527
Stationary 1060.279 312 347 -0.1111111 -0.1054527
Moved 1060.31 302.1737 368.9131 -0.1338572 -0.0490917
Moved 1060.34 298.9748 376.3753 -0.1412621 -0.02989891
Moved 1060.371 288.8328 392.709 -0.1647388 0.01211151
Moved 1060.402 281.8714 403.1929 -0.1808533 0.03907643
Moved 1060.433 275.0797 411.8804 -0.1965747 0.06142074
Moved 1060.463 271.1811 416.8189 -0.2055992 0.07412266
Moved 1060.494 268.3062 420.6938 -0.2122541 0.08408883
Moved 1060.525 267 423.1915 -0.2152778 0.09051291
Moved 1060.556 266 426.0645 -0.2175926 0.09790251
Ended 1060.586 265 427.5 -0.2199074 0.1015946
Accept 1060.709 2 such
Began 1060.986 193 329 -0.3865741 -0.151749
Stationary 1061.016 193 329 -0.3865741 -0.151749
Stationary 1061.047 193 329 -0.3865741 -0.151749
Stationary 1061.078 193 329 -0.3865741 -0.151749
Ended 1061.109 193 329 -0.3865741 -0.151749
Candidates 1061.17 6 a s z x d c
Began 1061.754 271 387 -0.2060186 -0.002572055
Moved 1061.785 279.3844 387 -0.1866101 -0.002572055
Moved 1061.815 299.4219 387 -0.1402271 -0.002572055
Moved 1061.846 319.6598 387 -0.09338006 -0.002572055
Moved 1061.877 334.8004 387 -0.05833229 -0.002572055
Moved 1061.908 348.3473 387 -0.02697378 -0.002572055
Moved 1061.938 362.1375 394 0.00494798 0.01543206
Moved 1061.969 370.5945 396.1982 0.02452443 0.02108586
Moved 1062 375.2596 396 0.0353232 0.02057605
Ended 1062.031 378 397 0.04166663 0.02314815
Accept 1062.092 0 a
Began 1062.584 363 325 0.006944438 -0.1620371
Stationary 1062.614 363 325 0.006944438 -0.1620371
Stationary 1062.645 363 325 0.006944438 -0.1620371
Moved 1062.676 386.3917 357.7397 0.06109199 -0.0778301
Moved 1062.706 412.865 386.865 0.1223727 -0.002919303
Moved 1062.737 436.0514 410.6301 0.1760448 0.05820497
Moved 1062.768 457.5883 435.4854 0.2258988 0.122133
Moved 1062.799 473.7245 451.7245 0.2632512 0.1639003
Moved 1062.829 489.8961 467.8961 0.3006854 0.2054939
Moved 1062.86 500.7531 479.0648 0.3258173 0.2342199
Moved 1062.891 509.096 487.096 0.3451295 0.2548765
Moved 1062.922 513.0892 492.1784 0.3543731 0.2679485
Moved 1062.952 516 494.951 0.3611111 0.2750798
Moved 1062.983 517.3992 495 0.3643501 0.2752057
Moved 1063.014 519.3547 482.8077 0.3688766 0.2438469
Moved 1063.045 520.2255 451.7455 0.3708923 0.1639545
Moved 1063.075 522 427.2086 0.375 0.1008452
Moved 1063.106 525.9583 407.2919 0.3841628 0.04961896
Moved 1063.137 529.5236 389.3351 0.3924156 0.003433973
Moved 1063.167 532 376.7944 0.3981481 -0.02882098
Moved 1063.198 535.2673 370.1981 0.4057114 -0.04578696
Moved 1063.229 537.1406 366.7189 0.4100476 -0.05473525
Moved 1063.26 537 365.8196 0.4097222 -0.05704832
Moved 1063.29 538.1038 365 0.4122773 -0.05915646
Stationary 1063.321 538 365 0.4120371 -0.05915646
Stationary 1063.352 538 365 0.4120371 -0.05915646
Moved 1063.383 517.7155 388.8557 0.3650822 0.002200751
Moved 1063.413 488.0502 422.2719 0.2964126 0.08814784
Moved 1063.444 465.8059 446.6617 0.2449211 0.1508789
Moved 1063.475 452.5934 458.3253 0.2143365 0.1808778
Moved 1063.505 437.3043 467.8478 0.1789452 0.2053698
Moved 1063.536 421.1227 480.0645 0.1414877 0.2367912
Moved 1063.567 408.5 488.5 0.1122685 0.2584876
Moved 1063.598 401.6053 497.592 0.09630848 0.2818725
Moved 1063.628 393.8685 506.1973 0.07839927 0.3040053
Moved 1063.659 389.0617 510.9383 0.06727238 0.3161993
Moved 1063.69 386 514.514 0.06018519 0.3253959
Moved 1063.721 383.6207 517.3793 0.05467753 0.3327657
Ended 1063.751 382.7341 518 0.05262514 0.3343621
Candidates 1063.844 13 holy built color fully billy fly guilty july comply computer cult guilt cooler
Began 1065.472 381 459 0.04861106 0.1826131
Stationary 1065.503 381 459 0.04861106 0.1826131
Stationary 1065.533 381 459 0.04861106 0.1826131
Ended 1065.564 381 459 0.04861106 0.1826131
NextCandidatePanel 1065.626
Began 1066.64 381 449 0.04861106 0.156893
Stationary 1066.671 381 449 0.04861106 0.156893
Ended 1066.701 381 449 0.04861106 0.156893
NextCandidatePanel 1066.763
Began 1067.562 401 432 0.09490739 0.1131687
Stationary 1067.592 401 432 0.09490739 0.1131687
Moved 1067.623 377.9668 432 0.04158983 0.1131687
Moved 1067.654 355.3669 432 -0.01072481 0.1131687
Moved 1067.685 334.542 432 -0.05893057 0.1131687
Moved 1067.715 319.8014 432 -0.09305228 0.1131687
Ended 1067.746 316 432 -0.1018519 0.1131687
Cancel 1067.807
Began 1068.268 276 406 -0.1944444 0.04629618
Stationary 1068.299 276 406 -0.1944444 0.04629618
Stationary 1068.33 276 406 -0.1944444 0.04629618
Moved 1068.361 292.5 422.5 -0.15625 0.08873452
Moved 1068.391 313.6595 444.6595 -0.1072697 0.1457291
Moved 1068.422 333.4018 464.4019 -0.06156985 0.1965067
Moved 1068.453 351.602 482.6021 -0.01943976 0.2433179
Moved 1068.484 364.8639 495.3866 0.01125912 0.2762
Moved 1068.514 378.4282 506.0711 0.04265775 0.3036807
Moved 1068.545 389.6799 512.2266 0.06870349 0.3195129
Moved 1068.576 401.3732 519.1866 0.09577125 0.337414
Moved 1068.606 411.4532 523.6133 0.1191046 0.3487995
Moved 1068.637 421.4406 527.4802 0.1422237 0.3587454
Moved 1068.668 431.3936 530.3484 0.1652628 0.3661223
Moved 1068.699 441.745 533.8725 0.1892245 0.3751864
Moved 1068.729 457.1519 538.576 0.2248887 0.3872838
Moved 1068.76 467.6374 541.6594 0.2491606 0.3952143
Moved 1068.791 475.0502 543 0.26632 0.3986624
Moved 1068.822 480.1091 543 0.2780304 0.3986624
Moved 1068.852 484.8439 543 0.2889906 0.3986624
Moved 1068.883 489.5975 543 0.2999942 0.3986624
Moved 1068.914 496.5 520 0.3159723 0.3395061
Moved 1068.944 496 488.5529 0.3148148 0.2586235
Moved 1068.975 496 458.7207 0.3148148 0.1818947
Moved 1069.006 496 433.7373 0.3148148 0.117637
Moved 1069.037 496 413.68 0.3148148 0.06604932
Moved 1069.067 497 384.2043 0.3171296 -0.009762681
Moved 1069.098 498 371.6902 0.3194444 -0.04194919
Moved 1069.129 499.0491 366.9018 0.3218729 -0.054265
Moved 1069.16 499 362.4291 0.3217593 -0.06576891
Moved 1069.19 499 358.5563 0.3217593 -0.07572966
Moved 1069.221 500.3109 357 0.3247938 -0.07973259
Moved 1069.252 500 356 0.324074 -0.0823046
Moved 1069.282 500 353.5 0.324074 -0.08873464
Moved 1069.313 500 353 0.324074 -0.09002065
Moved 1069.344 500 352 0.324074 -0.09259266
Moved 1069.375 488.7444 367.3486 0.2980193 -0.05311573
Moved 1069.405 463.9209 402.7721 0.2405577 0.03799399
Moved 1069.436 442.5756 430.9742 0.1911471 0.1105304
Moved 1069.467 425 451 0.150463 0.162037
Moved 1069.498 411.4517 466.5483 0.1191011 0.2020275
Moved 1069.528 400.9713 479.0287 0.09484103 0.2341272
Moved 1069.559 393.2438 493.3906 0.07695317 0.2710662
Moved 1069.59 387.3618 502.2764 0.06333759 0.2939207
Moved 1069.62 385 508.3053 0.05787035 0.3094271
Moved 1069.651 382 513.1719 0.05092591 0.3219442
Moved 1069.682 379.9563 517.0438 0.04619509 0.3319026
Moved 1069.713 380 518.0911 0.04629632 0.3345964
Moved 1069.743 378.5 520.5 0.04282405 0.3407921
Moved 1069.774 379 521.3734 0.04398147 0.3430385
Ended 1069.805 379 522 0.04398147 0.3446501
Candidates 1069.927 13 fully silly supply reply truly apply file guilty stole stroke role front guilt
Began 1070.727 291 427 -0.1597222 0.1003086
Stationary 1070.757 291 427 -0.1597222 0.1003086
Moved 1070.788 304.6523 427 -0.1281198 0.1003086
Moved 1070.819 334.4298 442.1719 -0.05919034 0.139331
Moved 1070.85 355.0619 453.3211 -0.01143073 0.1680069
Moved 1070.88 371.2861 461.9144 0.02612521 0.1901091
Moved 1070.911 382.3304 469.6652 0.05169074 0.2100442
Moved 1070.942 391.5686 478.5685 0.07307539 0.2329437
Moved 1070.973 398.3749 485.3749 0.08883078 0.2504499
Moved 1071.003 402.5628 491.1257 0.09852509 0.2652408
Moved 1071.034 406.4341 498.3023 0.1074863 0.2836993
Moved 1071.065 408.9922 502.9844 0.1134079 0.2957417
Moved 1071.095 410 507.7126 0.1157407 0.3079027
Moved 1071.126 411 513.4503 0.1180555 0.32266
Moved 1071.157 411 519.1928 0.1180555 0.33743
Moved 1071.188 411 526.3101 0.1180555 0.3557358
Moved 1071.218 402.0295 532.9409 0.09729057 0.3727903
Moved 1071.249 397.3186 538.6814 0.08638561 0.387555
Moved 1071.28 394.5 543 0.07986108 0.3986624
Moved 1071.311 393 544.2813 0.07638891 0.401958
Moved 1071.341 390.9253 546.0747 0.07158627 0.4065706
Moved 1071.372 389.6266 547.3734 0.06858002 0.409911
Ended 1071.403 390 548 0.06944448 0.4115225
Accept 1071.464 1 silly
Began 1071.833 480 532 0.2777778 0.3703703
Stationary 1071.864 480 532 0.2777778 0.3703703
Stationary 1071.894 480 532 0.2777778 0.3703703
Moved 1071.925 458.6026 513.859 0.2282467 0.3237114
Moved 1071.956 443.4204 502.6136 0.1931029 0.2947881
Moved 1071.987 425.9756 489.9854 0.1527214 0.2623082
Moved 1072.017 411.7052 480.5641 0.1196879 0.2380765
Moved 1072.048 399.0596 471.5298 0.09041568 0.2148398
Moved 1072.079 387.6189 461.8951 0.06393274 0.1900595
Moved 1072.11 375.2751 452.5651 0.03535897 0.1660624
Moved 1072.14 362.9105 442.9329 0.006737212 0.1412881
Moved 1072.171 350.1168 436.0584 -0.02287775 0.123607
Moved 1072.202 332.1953 423.9966 -0.06436268 0.09258391
Moved 1072.232 315.3761 413.9174 -0.1032961 0.06665975
Moved 1072.263 300.1161 404.4108 -0.13862 0.04220872
Moved 1072.294 290.1868 400.5934 -0.1616047 0.03239031
Moved 1072.325 279.2747 396.4249 -0.186864 0.02166905
Moved 1072.355 269.6487 395 -0.2091466 0.01800408
Moved 1072.386 258.7321 394 -0.2344165 0.01543206
Moved 1072.417 248.4777 394 -0.2581535 0.01543206
Moved 1072.448 238.1571 394 -0.2820439 0.01543206
Moved 1072.478 227.692 394 -0.3062685 0.01543206
Moved 1072.509 217.8353 394 -0.3290849 0.01543206
Moved 1072.54 206.1772 394 -0.3560713 0.01543206
Moved 1072.571 196.7682 394 -0.3778515 0.01543206
Moved 1072.601 188.6448 394 -0.3966556 0.01543206
Moved 1072.632 181.5685 394 -0.4130359 0.01543206
Moved 1072.663 176.9073 394 -0.4238257 0.01543206
Ended 1072.693 175 394 -0.4282407 0.01543206
Candidates 1072.755 13 is us usa pass id idea pa odds oa its psa ideas ps
Began 1074.537 391 409 0.07175922 0.05401234
Stationary 1074.568 391 409 0.07175922 0.05401234
Moved 1074.599 381.5979 409 0.04999518 0.05401234
Moved 1074.629 366.9495 409 0.0160868 0.05401234
Moved 1074.66 348.1158 409 -0.02750963 0.05401234
Moved 1074.691 319.9833 409 -0.09263124 0.05401234
Moved 1074.721 311.383 409 -0.1125393 0.05401234
Moved 1074.752 300.9945 409 -0.1365869 0.05401234
Moved 1074.783 295.1192 409 -0.1501871 0.05401234
Ended 1074.814 293 409 -0.1550926 0.05401234
Cancel 1074.906
Began 1075.213 489 533 0.2986111 0.3729423
Stationary 1075.244 489 533 0.2986111 0.3729423
Stationary 1075.275 489 533 0.2986111 0.3729423
Stationary 1075.305 489 533 0.2986111 0.3729423
Moved 1075.336 478.5 514 0.2743055 0.324074
Moved 1075.367 467.6222 494.8295 0.2491254 0.2747672
Moved 1075.397 463.309 490.309 0.2391412 0.2631402
Moved 1075.428 453.9613 480.1536 0.217503 0.2370204
Moved 1075.459 441.5923 466.5923 0.1888711 0.2021406
Moved 1075.49 431.0659 456.0659 0.1645044 0.1750666
Moved 1075.52 422.9645 447.9645 0.1457511 0.1542295
Moved 1075.551 415.2817 441.1878 0.1279669 0.1367999
Moved 1075.582 406.7001 434.4667 0.1081021 0.1195131
Moved 1075.613 397.0714 427.7142 0.08581331 0.1021456
Moved 1075.643 388.5 421 0.06597221 0.08487643
Moved 1075.674 378.8881 413.9161 0.04372239 0.06665654
Moved 1075.705 367.4016 405.3013 0.01713345 0.04449915
Moved 1075.735 354.9342 396.7006 -0.01172647 0.02237806
Moved 1075.766 346.1864 391.4576 -0.03197601 0.008892914
Moved 1075.797 334.1021 385.5511 -0.05994882 -0.006298724
Moved 1075.828 322.6296 380.9074 -0.0865055 -0.01824234
Moved 1075.858 313.1075 377.0358 -0.1085474 -0.02820011
Moved 1075.889 306.5 374.5 -0.1238426 -0.03472222
Moved 1075.92 301.2666 372.6333 -0.135957 -0.03952348
Moved 1075.951 296.5368 371.7684 -0.1469055 -0.04174801
Moved 1075.981 293.1986 372 -0.1546328 -0.04115226
Moved 1076.012 288.7852 372 -0.1648491 -0.04115226
Moved 1076.043 284.0923 372 -0.1757122 -0.04115226
Moved 1076.074 282.6542 372 -0.1790411 -0.04115226
Moved 1076.104 280.114 372 -0.1849212 -0.04115226
Moved 1076.135 277.2472 372 -0.1915575 -0.04115226
Moved 1076.166 274.3828 372 -0.1981879 -0.04115226
Moved 1076.196 272.5087 380.4913 -0.2025262 -0.01931265
Moved 1076.227 273 387.0298 -0.2013889 -0.00249533
Moved 1076.258 273 400.4197 -0.2013889 0.03194362
Moved 1076.289 284.4932 415.4797 -0.1747842 0.07067825
Moved 1076.319 290.4747 430.6614 -0.1609382 0.1097258
Moved 1076.35 294.192 452.3436 -0.1523334 0.1654928
Moved 1076.381 296 468.2179 -0.1481481 0.2063217
Moved 1076.412 296 478.7434 -0.1481481 0.2333934
Moved 1076.442 296 484.8905 -0.1481481 0.249204
Moved 1076.473 296 487.3053 -0.1481481 0.2554148
Moved 1076.504 296 490.1736 -0.1481481 0.262792
Moved 1076.534 287.4695 491.7653 -0.1678946 0.2668859
Moved 1076.565 281.9119 492 -0.1807595 0.2674896
Moved 1076.596 272.708 492 -0.2020649 0.2674896
Moved 1076.627 262.144 481.4293 -0.2265185 0.2403017
Moved 1076.657 252.693 472.6931 -0.2483957 0.2178318
Moved 1076.688 243.9187 462.9188 -0.2687066 0.1926923
Moved 1076.719 236.3235 453.7647 -0.2862881 0.1691479
Moved 1076.75 228.6594 444.2125 -0.3040292 0.1445793
Moved 1076.78 223.091 437.1365 -0.316919 0.1263797
Moved 1076.811 216.3685 425.737 -0.3324803 0.0970601
Moved 1076.842 210.6402 411.9206 -0.3457403 0.06152408
Moved 1076.872 206.8076 400.0382 -0.3546119 0.03096247
Moved 1076.903 202.8756 385.5026 -0.3637138 -0.006423526
Moved 1076.934 200.0097 370.0485 -0.3703479 -0.04617157
Moved 1076.965 197.1381 359.5522 -0.3769952 -0.07316817
Moved 1076.995 195.6175 350.8525 -0.380515 -0.09554411
Moved 1077.026 193.7356 344.4711 -0.3848714 -0.111957
Ended 1077.057 194 343 -0.3842593 -0.1157408
Candidates 1077.149 13 idea offers ideas offered is posts posted pages posters used us possess users
Began 1077.825 228 404 -0.3055556 0.04115226
Stationary 1077.856 228 404 -0.3055556 0.04115226
Moved 1077.887 255.1881 404 -0.2426202 0.04115226
Moved 1077.917 293.6824 409.7883 -0.1535129 0.05603975
Moved 1077.948 321.3544 416.4709 -0.08945733 0.0732275
Moved 1077.979 340.5168 419.1034 -0.04509995 0.0799984
Moved 1078.009 352.9054 421.9764 -0.01642262 0.08738776
Moved 1078.04 359.5 423 -0.001157423 0.09002049
Moved 1078.071 363.381 424 0.007826388 0.09259254
Moved 1078.102 366.2638 425 0.01449963 0.09516452
Ended 1078.132 368 426 0.01851857 0.09773654
Accept 1078.194 0 idea
Began 1078.655 175 423 -0.4282407 0.09002049
Moved 1078.686 194.7436 423 -0.3825381 0.09002049
Moved 1078.716 236.0287 433.8179 -0.2869705 0.1178442
Moved 1078.747 290.8751 440.25 -0.1600114 0.1343878
Moved 1078.778 341.7654 444.3843 -0.04220967 0.1450214
Moved 1078.808 379.0958 448.258 0.0442032 0.1549845
Moved 1078.839 416.6049 450.1337 0.13103 0.1598089
Moved 1078.87 447.0009 451 0.201391 0.162037
Moved 1078.901 470.7671 451 0.2564053 0.162037
Moved 1078.931 489.0686 451 0.29877 0.162037
Moved 1078.962 506.7506 451 0.3397006 0.162037
Moved 1078.993 522.4622 451 0.3760698 0.162037
Moved 1079.023 536.5963 451 0.4087876 0.162037
Moved 1079.054 548.1144 451 0.43545 0.162037
Moved 1079.085 556.1151 451 0.45397 0.162037
Moved 1079.116 565.7419 451 0.4762545 0.162037
Moved 1079.146 567.8236 451 0.4810732 0.162037
Moved 1079.177 573.048 451 0.4931667 0.162037
Moved 1079.208 577.4025 451 0.5032465 0.162037
Moved 1079.239 583.1589 451 0.5165715 0.162037
Moved 1079.269 587.8878 451 0.5275181 0.162037
Moved 1079.3 593.2501 451 0.5399309 0.162037
Moved 1079.331 600.1501 451 0.5559031 0.162037
Moved 1079.361 605.776 451 0.5689259 0.162037
Moved 1079.392 612.2884 451 0.5840009 0.162037
Moved 1079.423 617.3546 442.3227 0.5957282 0.1397188
Moved 1079.454 621.5494 441 0.6054383 0.1363167
Moved 1079.484 624.4236 440 0.6120916 0.1337448
Moved 1079.515 626.2939 439 0.616421 0.1311728
Moved 1079.546 627.7974 438 0.6199014 0.1286007
Ended 1079.577 629 438 0.6226851 0.1286007
PhraseEnd 1079.669
