play it again Sam
play it again Sam
FixStart
Radial

0.6 0.6
432 388.8
Began 443.3126 256 264 -0.2407407 -0.31893
Stationary 443.3433 256 264 -0.2407407 -0.31893
Moved 443.374 291.513 301.4165 -0.1585348 -0.2226942
Moved 443.4047 371.7205 368.2089 0.02713064 -0.05090305
Moved 443.4354 401.9333 388.9481 0.09706775 0.002438581
Moved 443.4661 414.7273 396.8636 0.1266836 0.02279737
Moved 443.4969 417 397 0.1319444 0.02314815
Stationary 443.5276 417 397 0.1319444 0.02314815
Moved 443.5583 391.1792 361.759 0.07217406 -0.06749227
Moved 443.589 341.653 320.7346 -0.04247 -0.1730077
Moved 443.6197 296.7229 300.5384 -0.1464748 -0.2249528
Moved 443.6504 247.7215 293.1932 -0.259904 -0.2438448
Moved 443.6811 181.7646 288.7166 -0.412582 -0.2553587
Moved 443.7119 141.3029 286 -0.5062434 -0.2623458
Moved 443.7425 113.0564 282.457 -0.5716286 -0.2714585
Moved 443.7732 97.86716 282 -0.606789 -0.2726338
Moved 443.804 92.1161 282 -0.6201017 -0.2726338
Moved 443.8347 92 292.4787 -0.6203703 -0.2456824
Moved 443.8655 147.6108 327.3493 -0.4916416 -0.1559946
Moved 443.8962 197.4457 354.8746 -0.3762831 -0.08519898
Moved 443.9269 247.6457 378.5391 -0.2600795 -0.02433361
Moved 443.9576 301.2594 403.9124 -0.1359735 0.0409268
Moved 443.9883 331.0033 415.0012 -0.06712198 0.0694475
Moved 444.0191 342.639 418 -0.04018749 0.07716041
Ended 444.0498 344.3311 419.3311 -0.03627057 0.08058414
Candidates 444.1419 13 pay party part okay today past play post pat offset host pai just
Began 445.4935 325 289 -0.08101851 -0.2546296
Moved 445.5243 312.7787 289 -0.1093085 -0.2546296
Moved 445.555 267.8019 289 -0.2134215 -0.2546296
Moved 445.5857 203.5 289 -0.3622685 -0.2546296
Moved 445.6164 144.4476 289 -0.4989639 -0.2546296
Ended 445.6471 133 289 -0.5254629 -0.2546296
Cancel 445.7085
Began 446.0464 215 266 -0.3356481 -0.3137861
Stationary 446.0772 215 266 -0.3356481 -0.3137861
Moved 446.1079 290.4819 309.6725 -0.1609215 -0.2014597
Moved 446.1386 347.8735 345.5197 -0.02807066 -0.10926
Moved 446.1693 373.6541 360.9453 0.03160685 -0.06958533
Moved 446.2 387.4448 368.2224 0.06352961 -0.05086828
Moved 446.2307 394.9712 370.9856 0.08095195 -0.04376132
Moved 446.2614 396.5329 371.5328 0.08456687 -0.04235389
Moved 446.2922 397.5 372.5 0.08680551 -0.03986633
Moved 446.3229 397 372 0.0856481 -0.04115226
Stationary 446.3536 397 372 0.0856481 -0.04115226
Stationary 446.3843 397 372 0.0856481 -0.04115226
Stationary 446.4151 397 372 0.0856481 -0.04115226
Stationary 446.4457 397 372 0.0856481 -0.04115226
Stationary 446.4764 397 372 0.0856481 -0.04115226
Stationary 446.5072 397 372 0.0856481 -0.04115226
Stationary 446.5379 397 372 0.0856481 -0.04115226
Stationary 446.5686 397 372 0.0856481 -0.04115226
Stationary 446.5994 397 372 0.0856481 -0.04115226
Stationary 446.6301 397 372 0.0856481 -0.04115226
Stationary 446.6608 397 372 0.0856481 -0.04115226
Moved 446.6915 397 361.4352 0.0856481 -0.06832507
Moved 446.7222 388.207 343.9509 0.065294 -0.1132951
Moved 446.753 372.1112 300.7144 0.02803515 -0.2245
Moved 446.7836 350.9993 250.9984 -0.0208349 -0.3523703
Moved 446.8144 340.3754 228.8339 -0.04542738 -0.409378
Moved 446.8451 334.1589 221.1589 -0.05981734 -0.429118
Moved 446.8758 318.0054 221 -0.09720981 -0.4295268
Moved 446.9066 277.773 249.3945 -0.1903402 -0.3564956
Moved 446.9373 235.1418 266.7256 -0.2890236 -0.3119199
Moved 446.968 198.8589 272.5427 -0.3730117 -0.2969581
Moved 446.9987 158.6815 273 -0.466015 -0.295782
Moved 447.0294 119.9983 262.9991 -0.5555595 -0.3215045
Moved 447.0601 94.92795 258.1326 -0.6135927 -0.3340212
Moved 447.0909 78.53925 255.3079 -0.6515295 -0.3412864
Moved 447.1216 70.5 255 -0.670139 -0.3420782
Moved 447.1523 68.85042 255 -0.6739573 -0.3420782
Moved 447.183 65.98473 255 -0.6805908 -0.3420782
Stationary 447.2137 65.98473 255 -0.6805908 -0.3420782
Moved 447.2444 65 269.7161 -0.6828703 -0.3042281
Moved 447.2751 136.183 326.6991 -0.5180948 -0.157667
Moved 447.3059 203.3629 370.6167 -0.3625859 -0.04471029
Moved 447.3366 235.9288 389.9573 -0.2872019 0.005034066
Moved 447.3673 258.5 403.5 -0.2349537 0.03986618
Moved 447.398 267.2408 407.4136 -0.2147205 0.04993195
Moved 447.4287 271.2873 410.2873 -0.2053535 0.0573232
Ended 447.4595 273 410 -0.2013889 0.05658428
Candidates 447.5209 13 play okay last player holiday post hillary pay lady lay larry flat polar
Began 448.1967 175 323 -0.4282407 -0.1671811
Moved 448.2274 182.4687 323 -0.4109522 -0.1671811
Moved 448.2581 224.2109 323 -0.3143266 -0.1671811
Moved 448.2888 312.9078 328.7338 -0.1090098 -0.1524338
Moved 448.3195 361.3498 341.4406 0.003124475 -0.1197516
Ended 448.3503 390.2076 345 0.06992499 -0.1105968
Accept 448.5039 0 play
Began 448.5346 217 270 -0.3310185 -0.303498
Stationary 448.5653 217 270 -0.3310185 -0.303498
Moved 448.596 234.1449 294.444 -0.2913312 -0.2406276
Moved 448.6267 287 354.5 -0.1689815 -0.08616254
Moved 448.6574 318.4607 383.4031 -0.0961558 -0.01182328
Moved 448.6882 329.8585 392.8585 -0.06977196 0.01249612
Moved 448.7189 333.8068 396 -0.06063233 0.02057605
Moved 448.7496 335.2393 397.2393 -0.05731637 0.0237636
Stationary 448.7804 335 397 -0.05787035 0.02314815
Moved 448.8111 325.8208 397 -0.07911861 0.02314815
Moved 448.8418 291.1336 386.2267 -0.159413 -0.004560918
Moved 448.8725 258.9081 380.0628 -0.2340089 -0.02041467
Moved 448.9032 230.8877 378 -0.298871 -0.02572024
Moved 448.9339 213.9101 377 -0.338171 -0.02829226
Moved 448.9646 204.5738 377 -0.359783 -0.02829226
Moved 448.9954 201 377 -0.3680556 -0.02829226
Ended 449.0261 201 377 -0.3680556 -0.02829226
Candidates 449.1182 13 it for out or our got your hit foot of if fort hot
Began 449.5483 176 326 -0.4259259 -0.1594652
Moved 449.579 185.5659 326 -0.4037826 -0.1594652
Moved 449.6098 248.2709 333.0654 -0.2586322 -0.1412929
Moved 449.6404 335.5106 352.2532 -0.05668839 -0.09194142
Moved 449.6711 372.8964 361.3607 0.02985279 -0.06851683
Moved 449.7019 397.9908 363.3323 0.08794159 -0.06344572
Ended 449.7326 409 363 0.113426 -0.06430049
Accept 449.794 0 it
Began 449.8555 395 358 0.08101851 -0.07716057
Moved 449.8862 380.6352 352.6352 0.04776656 -0.09095894
Moved 449.9169 323.1674 335.9515 -0.08526076 -0.1338696
Moved 449.9476 279.5965 332.0397 -0.1861193 -0.1439308
Moved 449.9784 242.2612 331 -0.2725434 -0.146605
Moved 450.0091 211.2034 331 -0.3444366 -0.146605
Moved 450.0398 196.785 331 -0.3778125 -0.146605
Moved 450.0705 189.8849 331 -0.3937851 -0.146605
Moved 450.1013 186.5 331 -0.4016204 -0.146605
Moved 450.132 186 336.6307 -0.4027778 -0.1321228
Moved 450.1627 186 340.5 -0.4027778 -0.1221709
Moved 450.1934 186 343.2193 -0.4027778 -0.1151768
Moved 450.2241 186 347.0878 -0.4027778 -0.1052268
Moved 450.2547 201.6922 355.8461 -0.3664533 -0.08270051
Moved 450.2856 218.7811 364.3906 -0.3268955 -0.06072393
Moved 450.3163 241.7694 371.6923 -0.273682 -0.04194369
Moved 450.347 260.525 378.4357 -0.2302662 -0.02459946
Moved 450.3777 281.599 384.1711 -0.1814837 -0.009847962
Moved 450.4084 304.5965 386 -0.1282489 -0.005144111
Moved 450.4391 324.1681 386 -0.08294424 -0.005144111
Moved 450.4699 338.9709 386 -0.04867851 -0.005144111
Moved 450.5006 348.8042 386 -0.0259163 -0.005144111
Moved 450.5313 356.5961 377.202 -0.007879387 -0.0277728
Moved 450.562 360.6726 375 0.001556973 -0.03343629
Moved 450.5927 363 372.4553 0.006944438 -0.03998116
Moved 450.6234 363 368.9016 0.006944438 -0.04912153
Moved 450.6541 363 365.1631 0.006944438 -0.05873676
Moved 450.6849 344.0478 359.4191 -0.03692647 -0.07351047
Moved 450.7156 321.5 352.5 -0.08912037 -0.09130666
Moved 450.7463 298.3207 351 -0.1427761 -0.09516476
Moved 450.777 271.3049 346.8455 -0.2053127 -0.1058501
Moved 450.8078 239.4648 345.0422 -0.2790167 -0.1104882
Moved 450.8384 216.5478 341.3096 -0.3320652 -0.1200885
Moved 450.8692 200.6671 339.6667 -0.3688262 -0.124314
Moved 450.9 196.8046 340 -0.3777671 -0.1234569
Moved 450.9306 194.9314 340 -0.3821033 -0.1234569
Moved 450.9614 211.5641 354.4124 -0.3436016 -0.0863879
Moved 450.9921 266.5753 384.5425 -0.2162609 -0.008892679
Moved 451.0228 330.8731 414.5787 -0.06742328 0.0683607
Moved 451.0535 382.7769 434.4964 0.05272438 0.1195894
Moved 451.0842 434.5661 457.115 0.1726068 0.1777648
Moved 451.115 464.8634 467.9545 0.2427393 0.2056442
Moved 451.1457 481.5838 472.5168 0.2814441 0.2173785
Moved 451.1764 490.0556 475.0186 0.3010547 0.223813
Moved 451.2071 493.8844 475 0.3099176 0.2237653
Moved 451.2378 495.375 475 0.3133681 0.2237653
Moved 451.2685 495 461.5 0.3125 0.1890431
Moved 451.2993 465.482 405.7952 0.2441712 0.04576954
Moved 451.33 442.6942 362.3011 0.1914218 -0.06609803
Moved 451.3607 424.5134 319.1979 0.1493366 -0.1769601
Moved 451.3914 414.7308 294.827 0.1266916 -0.2396426
Moved 451.4221 410.694 273.8577 0.1173471 -0.2935761
Moved 451.4528 407.8187 260.0935 0.1106914 -0.3289777
Moved 451.4835 407 247.7823 0.1087963 -0.3606421
Moved 451.5143 405.3829 240.1486 0.105053 -0.3802764
Moved 451.545 405 235.0105 0.1041667 -0.3934916
Moved 451.5757 405 232.8158 0.1041667 -0.3991364
Ended 451.6064 405 233 0.1041667 -0.3986626
Candidates 451.76 13 again season sharing static design station chain bargain strain stain addressing aug austin
Began 452.1594 216 323 -0.3333333 -0.1671811
Stationary 452.1901 216 323 -0.3333333 -0.1671811
Moved 452.2208 255.0536 323 -0.2429314 -0.1671811
Moved 452.2515 324.1346 333.2266 -0.08302182 -0.1408783
Moved 452.2822 366.2401 339.28 0.01444459 -0.1253086
Moved 452.3129 405.1329 342 0.1044744 -0.1183128
Ended 452.3437 424 342 0.1481481 -0.1183128
Accept 452.4051 0 again
Began 452.4665 394 334 0.07870366 -0.1388889
Stationary 452.4972 394 334 0.07870366 -0.1388889
Moved 452.528 364.24 325.744 0.0098147 -0.1601236
Moved 452.5587 322.7385 320 -0.08625343 -0.1748972
Moved 452.5894 289.2675 319 -0.1637325 -0.1774692
Moved 452.6201 259.1201 319 -0.2335182 -0.1774692
Moved 452.6508 241.5798 326.5882 -0.2741207 -0.1579522
Moved 452.6815 231.8792 327.7069 -0.2965758 -0.1550749
Moved 452.7122 225.0418 330.4791 -0.3124032 -0.1479449
Moved 452.743 220.6523 331 -0.3225642 -0.146605
Moved 452.7737 219 332 -0.3263889 -0.144033
Moved 452.8044 217.2087 333.7913 -0.3305354 -0.1394257
Moved 452.8351 217 334 -0.3310185 -0.1388889
Moved 452.8659 230.9097 329.7021 -0.2988202 -0.1499433
Moved 452.8966 267.2779 312.564 -0.2146344 -0.1940226
Moved 452.9272 309.2932 298.2719 -0.1173769 -0.2307823
Moved 452.958 345.7684 282.9298 -0.03294354 -0.2702423
Moved 452.9887 376.6121 270.2319 0.03845394 -0.3029015
Moved 453.0194 405.9332 261.5858 0.1063267 -0.3251396
Moved 453.0502 438.6645 254.8671 0.1820937 -0.3424202
Moved 453.0809 465.4197 253 0.2440271 -0.3472223
Moved 453.1116 484.8283 251.1953 0.2889545 -0.351864
Moved 453.1423 496.4178 247.2911 0.3157818 -0.3619056
Moved 453.173 501.4422 245.7789 0.3274126 -0.365795
Moved 453.2037 505.1129 245 0.3359096 -0.3677984
Ended 453.2344 505.1129 245 0.3359096 -0.3677984
Candidates 453.2959 13 am Sam an san fan damn dan ann adam saddam ab all ask
Began 453.8181 209 264 -0.349537 -0.31893
Stationary 453.8488 209 264 -0.349537 -0.31893
Moved 453.8796 242.6943 343.9659 -0.271541 -0.1132566
Moved 453.9102 294.183 426.7746 -0.152354 0.09972882
Moved 453.941 351.5348 485.0911 -0.01959547 0.2497199
Ended 453.9717 351.5348 485.0911 -0.01959547 0.2497199
Accept 454.1253 1 Sam
Began 454.156 198 313 -0.375 -0.1929013
Moved 454.1868 213.4038 313 -0.339343 -0.1929013
Moved 454.2175 270.374 336.4008 -0.2074676 -0.1327142
Moved 454.2482 327.5751 351.5724 -0.07505765 -0.0936925
Moved 454.2789 392.9169 366.9861 0.0761966 -0.05404798
Moved 454.3096 455.3472 377.1021 0.2207111 -0.02802954
Moved 454.3404 505.7825 384.4728 0.3374595 -0.009071955
Ended 454.3711 526 390 0.3842592 0.005143954
PhraseEnd 454.4325
