are you talking to me
Basic
0.6 0.6
432 388.8
Began 578.9052 174 238 -0.4305556 -0.3858025
Stationary 578.9359 174 238 -0.4305556 -0.3858025
Stationary 578.9667 174 238 -0.4305556 -0.3858025
Stationary 578.9973 174 238 -0.4305556 -0.3858025
Moved 579.0281 189.4282 256.7956 -0.3948421 -0.33746
Moved 579.0588 210.6736 278.6736 -0.3456631 -0.2811894
Moved 579.0895 233.7106 301.7106 -0.2923367 -0.2219378
Moved 579.1202 252.7444 319.7444 -0.2482769 -0.1755546
Moved 579.1509 267.4896 334.4896 -0.2141445 -0.1376298
Moved 579.1817 276.1177 342.0784 -0.1941721 -0.1181111
Moved 579.2117 281.5899 348.5899 -0.1815048 -0.1013635
Moved 579.2432 287.7355 354.7355 -0.1672788 -0.08555683
Moved 579.2739 294.0143 361.0142 -0.1527448 -0.06940795
Moved 579.3046 299.5491 366.5491 -0.1399327 -0.05517222
Moved 579.3353 305 373.5 -0.1273148 -0.03729432
Moved 579.366 309.9261 377.9261 -0.1159119 -0.02591027
Moved 579.3967 314.4622 382.4622 -0.1054115 -0.01424326
Moved 579.4275 318.4992 387.9984 -0.09606665 -4.120815E-06
Moved 579.4582 321.9788 393.9362 -0.08801211 0.01526805
Moved 579.4889 324 397.7426 -0.08333336 0.02505809
Moved 579.5197 325 401.4922 -0.08101851 0.03470213
Moved 579.5504 325 403.2759 -0.08101851 0.03928997
Moved 579.5811 325 404.5 -0.08101851 0.04243823
Moved 579.6118 315.1034 408.9483 -0.1039273 0.05387926
Moved 579.6426 301.8101 413.238 -0.1346988 0.06491245
Moved 579.6733 288.9972 416 -0.1643583 0.07201634
Moved 579.704 274.0948 419.415 -0.1988547 0.0808
Moved 579.7347 264.2871 423.1782 -0.2215576 0.09047888
Moved 579.7654 257.1118 424.9441 -0.2381672 0.09502073
Moved 579.7961 253.5 426 -0.2465278 0.09773654
Moved 579.8269 248.677 428 -0.2576922 0.1028806
Moved 579.8576 245.0745 429.9255 -0.2660312 0.1078329
Moved 579.8884 243.3028 431 -0.2701324 0.1105966
Moved 579.9191 243 432.0554 -0.2708333 0.113311
Ended 579.9498 243 434 -0.2708333 0.1183127
Began 580.5643 364 444 0.009259283 0.1440329
Stationary 580.595 364 444 0.009259283 0.1440329
Stationary 580.6258 364 444 0.009259283 0.1440329
Stationary 580.6565 364 444 0.009259283 0.1440329
Stationary 580.6873 364 444 0.009259283 0.1440329
Stationary 580.7179 364 444 0.009259283 0.1440329
Stationary 580.7487 364 444 0.009259283 0.1440329
Stationary 580.7794 364 444 0.009259283 0.1440329
Moved 580.8101 383.5 444 0.05439818 0.1440329
Moved 580.8408 398.5649 444 0.08927057 0.1440329
Moved 580.8716 426.4177 454.403 0.1537446 0.1707895
Moved 580.9023 452.2006 457.4667 0.2134272 0.1786695
Moved 580.933 471.291 459.9114 0.2576179 0.1849572
Moved 580.9637 487.2145 461.6429 0.2944781 0.1894106
Moved 580.9944 499.2142 463.4047 0.322255 0.1939421
Moved 581.0251 509.5016 464.1672 0.3460684 0.1959032
Moved 581.0559 516.2138 465 0.3616061 0.1980452
Moved 581.0867 520.3961 465 0.3712872 0.1980452
Moved 581.1173 522 465 0.375 0.1980452
Moved 581.1479 523.3596 465 0.3781473 0.1980452
Stationary 581.1788 523.3596 465 0.3781473 0.1980452
Moved 581.2095 509.3398 465 0.3456941 0.1980452
Moved 581.2403 483.256 465 0.2853148 0.1980452
Moved 581.271 460.5 465 0.2326389 0.1980452
Moved 581.3017 441.2276 466.1104 0.1880269 0.200901
Moved 581.3325 425.6231 468.8754 0.1519053 0.2080126
Moved 581.3632 417.7121 470 0.1335929 0.2109053
Moved 581.3939 412.866 472.067 0.122375 0.2162217
Moved 581.4246 411.1431 473 0.1183868 0.2186213
Ended 581.4553 411 474 0.1180555 0.2211934
Began 582.1927 356 448 -0.009259283 0.1543209
Stationary 582.2235 356 448 -0.009259283 0.1543209
Stationary 582.2542 356 448 -0.009259283 0.1543209
Stationary 582.2849 356 448 -0.009259283 0.1543209
Moved 582.3156 337.2596 438.2595 -0.05263994 0.1292682
Moved 582.3464 299.1834 412.1375 -0.1407792 0.06208204
Moved 582.3771 262.4559 381.9622 -0.2257964 -0.01552935
Moved 582.4078 207.6286 326.6286 -0.3527116 -0.1578482
Moved 582.4385 194.4098 314.3643 -0.3833106 -0.1893922
Moved 582.4693 179.511 299.511 -0.4177987 -0.2275953
Moved 582.5 173.1018 293.1018 -0.4326347 -0.2440798
Moved 582.5307 171.0911 291.0911 -0.4372891 -0.2492513
Moved 582.5615 170 291 -0.4398148 -0.2494857
Moved 582.5922 185.1001 291 -0.4048609 -0.2494857
Moved 582.6229 270.9052 347.4526 -0.2062379 -0.1042886
Moved 582.6536 329.6449 366.051 -0.07026643 -0.0564532
Moved 582.6843 389.2771 373.766 0.06777108 -0.03661018
Moved 582.7151 425.6318 374 0.1519254 -0.03600823
Moved 582.7458 454.8812 374 0.2196325 -0.03600823
Moved 582.7766 478.2287 362.0942 0.2736775 -0.0666302
Moved 582.8073 496.6074 354.6529 0.3162209 -0.0857693
Moved 582.838 507.555 345.445 0.3415625 -0.1094522
Moved 582.8687 513 341 0.3541666 -0.1208849
Moved 582.8994 513 339.5 0.3541666 -0.1247429
Moved 582.9302 507.6743 336.4784 0.3418387 -0.1325145
Moved 582.9609 478.2445 334 0.2737141 -0.1388889
Moved 582.9916 448.2144 334 0.2041998 -0.1388889
Moved 583.0223 421.1276 334 0.1414991 -0.1388889
Moved 583.053 405.0182 341 0.1042089 -0.1208849
Moved 583.0837 394.2305 343 0.07923722 -0.1157408
Moved 583.1144 389.6502 346.6749 0.06863485 -0.106289
Moved 583.1453 384.1624 353.2564 0.0559315 -0.08936108
Moved 583.176 383 366.1672 0.05324075 -0.05615438
Moved 583.2067 389.6243 393.356 0.06857475 0.01377553
Moved 583.2374 402.5967 425.059 0.09860346 0.09531622
Moved 583.2681 419.1034 456.8391 0.1368135 0.1770551
Moved 583.2988 431.769 478.7227 0.1661319 0.2333403
Moved 583.3296 443.5 495 0.193287 0.2752057
Moved 583.3603 451.4719 506.6292 0.2117405 0.3051162
Moved 583.3911 455.9262 513.8525 0.2220514 0.3236945
Moved 583.4218 457 515.6938 0.2245371 0.3284304
Moved 583.4525 458.0721 516 0.2270187 0.329218
Moved 583.4832 451.0112 499.4016 0.210674 0.2865265
Moved 583.5139 422.2571 422.7712 0.1441136 0.08943212
Moved 583.5447 403.5161 363.3064 0.1007317 -0.06351243
Moved 583.5753 393.288 311.4563 0.07705559 -0.1968717
Moved 583.6061 393 266.7826 0.07638891 -0.3117732
Moved 583.6368 393 243.7645 0.07638891 -0.3709761
Moved 583.6675 400.9503 232.4569 0.09479245 -0.4000595
Moved 583.6983 402.5434 221.2828 0.09848018 -0.4287992
Moved 583.7289 407.6632 206.6735 0.1103316 -0.4663749
Moved 583.7597 409.4104 202.5896 0.1143758 -0.4768786
Moved 583.7905 409 203 0.113426 -0.4758231
Moved 583.8212 384.8105 231.1896 0.05743166 -0.4033191
Moved 583.8519 355.9066 272.1359 -0.009475498 -0.2980045
Moved 583.8826 327.444 313.334 -0.07536113 -0.1920423
Moved 583.9133 310.0001 343.7141 -0.1157406 -0.1139041
Moved 583.944 295.2173 375.4568 -0.14996 -0.03226151
Moved 583.9748 288.6036 395.8874 -0.1652694 0.02028642
Moved 584.0055 287 409.3214 -0.1689815 0.05483894
Moved 584.0363 286 417.6424 -0.1712963 0.07624064
Moved 584.067 286 420.6491 -0.1712963 0.083974
Ended 584.0977 286 421 -0.1712963 0.08487643
Began 584.6508 264 474 -0.2222222 0.2211934
Stationary 584.6815 264 474 -0.2222222 0.2211934
Stationary 584.7122 264 474 -0.2222222 0.2211934
Moved 584.7429 300.5197 488.3138 -0.1376858 0.2580087
Moved 584.7737 330.2258 496.0377 -0.06892174 0.2778746
Moved 584.8043 364.3607 499.78 0.01009415 0.2875001
Moved 584.8351 399.511 503.5426 0.09146064 0.2971774
Moved 584.8658 428.0766 505 0.1575847 0.3009258
Moved 584.8965 446.1369 506 0.1993909 0.3034978
Moved 584.9272 461.9822 506 0.2360698 0.3034978
Moved 584.958 479.8523 506 0.2774358 0.3034978
Moved 584.9887 489.1714 506 0.2990078 0.3034978
Moved 585.0194 495.986 506 0.3147824 0.3034978
Moved 585.0502 499.2556 506 0.3223509 0.3034978
Ended 585.0809 500 506 0.324074 0.3034978
Began 585.6339 479 180 0.275463 -0.5349795
Stationary 585.6647 479 180 0.275463 -0.5349795
Moved 585.6954 468.8768 180 0.2520296 -0.5349795
Moved 585.7261 454.0832 195.4272 0.2177851 -0.4953004
Moved 585.7568 414.3729 241.8051 0.1258631 -0.3760159
Moved 585.7875 398.825 264.2545 0.08987268 -0.3182755
Moved 585.8182 358.3329 325.7786 -0.003859152 -0.1600345
Moved 585.849 338.5711 360.3041 -0.04960383 -0.07123444
Moved 585.8797 330.3684 377.1894 -0.06859159 -0.02780514
Moved 585.9105 318.9637 403.7875 -0.09499133 0.04060553
Moved 585.9412 311.6757 431.4145 -0.1118619 0.1116627
Moved 585.9719 310.1214 447.3932 -0.1154598 0.1527602
Moved 586.0026 308.3558 461.5766 -0.1195467 0.1892402
Moved 586.0333 308 469.816 -0.1203704 0.2104322
Moved 586.064 307 474.8607 -0.1226852 0.2234069
Moved 586.0948 304.44 481.12 -0.1286111 0.2395061
Ended 586.1255 302.6993 485.3007 -0.1326406 0.250259
PhraseEnd 587.2931
