we accept personal checks
Basic
0.6 0.6
432 388.8
Began 797.4659 164 382 -0.4537037 -0.01543218
Stationary 797.4966 164 382 -0.4537037 -0.01543218
Stationary 797.5273 164 382 -0.4537037 -0.01543218
Stationary 797.5581 164 382 -0.4537037 -0.01543218
Stationary 797.5887 164 382 -0.4537037 -0.01543218
Moved 797.6196 174.6229 385.7867 -0.4291137 -0.005692572
Moved 797.6503 183.6847 391.4212 -0.4081372 0.008799353
Moved 797.681 191.8424 393 -0.3892537 0.01285996
Moved 797.7117 200.6334 395 -0.3689041 0.01800408
Moved 797.7424 207.3717 397 -0.3533063 0.02314815
Moved 797.7731 213.6885 399 -0.3386841 0.02829214
Moved 797.8039 219.2761 401.1381 -0.3257497 0.03379127
Moved 797.8346 225.019 402 -0.312456 0.03600815
Moved 797.8652 229.8882 403 -0.3011846 0.03858017
Moved 797.896 234 403 -0.2916667 0.03858017
Moved 797.9267 237.6073 404 -0.2833165 0.04115226
Moved 797.9575 243.3624 405 -0.2699946 0.04372424
Moved 797.9882 247.0558 405 -0.261445 0.04372424
Moved 798.0189 249.5659 405 -0.2556344 0.04372424
Ended 798.0496 250 405 -0.2546296 0.04372424
Began 799.1555 154 251 -0.4768519 -0.3523664
Stationary 799.1863 154 251 -0.4768519 -0.3523664
Stationary 799.217 154 251 -0.4768519 -0.3523664
Stationary 799.2477 154 251 -0.4768519 -0.3523664
Stationary 799.2784 154 251 -0.4768519 -0.3523664
Stationary 799.3091 154 251 -0.4768519 -0.3523664
Moved 799.3398 169.5711 251 -0.4408076 -0.3523664
Moved 799.3706 179.5585 237.2649 -0.4176886 -0.3876932
Moved 799.4013 191.0227 226.9773 -0.391151 -0.4141531
Moved 799.4319 202.6491 215.6886 -0.3642381 -0.4431878
Moved 799.4627 211.5 206.5 -0.34375 -0.466821
Moved 799.493 220.4222 198.6833 -0.3230968 -0.4869255
Moved 799.5241 228.9571 190.043 -0.3033401 -0.5091488
Moved 799.5548 239.5732 181.4268 -0.2787657 -0.5313098
Moved 799.5856 245.6008 176.3992 -0.2648129 -0.5442408
Moved 799.6163 252.5717 172.4283 -0.2486767 -0.5544538
Moved 799.647 255.1456 170.8544 -0.2427185 -0.5585022
Moved 799.6777 257.5 169.5 -0.2372685 -0.5619856
Moved 799.7084 259.5287 169 -0.2325725 -0.5632716
Moved 799.7391 261.2035 167.7965 -0.2286957 -0.5663671
Moved 799.7699 262.0911 168 -0.226641 -0.5658437
Moved 799.8006 263.5 167 -0.2233796 -0.5684157
Stationary 799.8313 263.5 167 -0.2233796 -0.5684157
Moved 799.8621 264.173 167 -0.2218217 -0.5684157
Moved 799.8928 265.2494 165.7506 -0.21933 -0.5716291
Moved 799.9235 266.1717 166 -0.2171953 -0.5709877
Stationary 799.9542 266.1717 166 -0.2171953 -0.5709877
Moved 799.9849 267.2831 165 -0.2146226 -0.5735598
Moved 800.0156 268.1474 165 -0.2126217 -0.5735598
Moved 800.0464 269.1556 182.7781 -0.2102879 -0.5278341
Moved 800.0771 269 210.4568 -0.2106481 -0.4566441
Moved 800.1078 269 236.2574 -0.2106481 -0.3902844
Moved 800.1385 269 257.6639 -0.2106481 -0.3352265
Moved 800.1692 259.3584 285.8871 -0.2329666 -0.2626362
Moved 800.2 254.7958 307.4294 -0.2435282 -0.2072289
Moved 800.2307 250.9322 331.5424 -0.2524717 -0.1452101
Moved 800.2614 248.4174 351.6608 -0.258293 -0.09346518
Moved 800.2921 247 377.191 -0.2615741 -0.02780106
Moved 800.3228 246 395.624 -0.2638889 0.01960892
Moved 800.3536 246 409.5084 -0.2638889 0.05532002
Moved 800.3843 246 428.4644 -0.2638889 0.1040751
Moved 800.415 250.3 443.0715 -0.2539351 0.1416447
Moved 800.4457 256.9777 456.9554 -0.2384776 0.1773543
Moved 800.4764 261.0133 469.0534 -0.2291358 0.2084707
Moved 800.5071 267.6746 480.5661 -0.2137163 0.2380815
Moved 800.5379 279.7906 496.3068 -0.18567 0.2785669
Moved 800.5685 296.5 516 -0.1469907 0.329218
Moved 800.5993 332.519 539.4694 -0.06361341 0.3895817
Moved 800.63 359.6547 551.2455 -0.0007992486 0.4198701
Moved 800.6608 377.7391 553.9565 0.04106284 0.4268428
Moved 800.6915 389.8617 554 0.0691244 0.4269547
Moved 800.7222 415.6217 554 0.128754 0.4269547
Moved 800.7529 443.3892 539.2833 0.1930306 0.3891029
Moved 800.7836 470.1766 530.647 0.2550385 0.3668905
Moved 800.8143 487.7591 523.7469 0.2957387 0.3491433
Moved 800.845 501.9877 518.0062 0.3286752 0.3343779
Moved 800.8758 513.4999 514.625 0.3553239 0.3256815
Moved 800.9065 526.6403 512.0599 0.3857413 0.3190841
Moved 800.9373 538.1742 508.2064 0.4124403 0.3091727
Moved 800.968 545.3431 506.3284 0.4290349 0.3043426
Moved 800.9987 552.6456 504.4515 0.445939 0.2995151
Moved 801.0294 558.1345 502.9327 0.4586447 0.2956088
Moved 801.0601 560.9435 501.0565 0.4651471 0.290783
Moved 801.0908 562.3802 501 0.4684726 0.2906378
Moved 801.1215 562 500 0.4675925 0.2880658
Moved 801.1523 544.9066 499 0.4280245 0.2854938
Moved 801.183 505.2353 508.086 0.3361928 0.3088631
Moved 801.2137 457.7741 512.0151 0.2263289 0.3189687
Moved 801.2444 428.3678 515.5527 0.1582588 0.3280675
Moved 801.2751 404.0388 518.423 0.1019417 0.3354501
Moved 801.3058 386.5095 519 0.06136467 0.3369341
Moved 801.3366 375.4753 520.1749 0.03582229 0.3399561
Moved 801.3673 367.96 520 0.01842588 0.3395061
Moved 801.3979 360.8947 520 0.002071063 0.3395061
Moved 801.4288 355.1486 520 -0.01123021 0.3395061
Moved 801.4595 352.0192 521 -0.01847406 0.3420781
Moved 801.4902 350.5929 521 -0.02177571 0.3420781
Moved 801.5209 349.9063 521 -0.02336502 0.3420781
Ended 801.5516 350 522 -0.02314816 0.3446501
Began 802.3503 684 472 0.75 0.2160493
Stationary 802.381 684 472 0.75 0.2160493
Stationary 802.4118 684 472 0.75 0.2160493
Moved 802.4425 673.6187 472 0.7259691 0.2160493
Moved 802.4732 673 472 0.7245371 0.2160493
Moved 802.5039 670.0916 472 0.7178046 0.2160493
Moved 802.5347 668.2223 466.5558 0.7134776 0.2020469
Moved 802.5654 664 465 0.7037036 0.1980452
Moved 802.5961 657.4118 465 0.6884532 0.1980452
Moved 802.6268 630.1165 465 0.6252698 0.1980452
Moved 802.6575 589.9051 478.819 0.5321877 0.2335878
Moved 802.6882 548.7312 485.9879 0.4368778 0.2520265
Moved 802.7189 489.6847 499.3289 0.300196 0.2863395
Moved 802.7497 436.0677 510.8279 0.1760826 0.3159152
Moved 802.7803 389.8821 515.0745 0.06917149 0.3268377
Moved 802.8111 356.4089 516 -0.008312711 0.329218
Moved 802.8418 328.4362 516 -0.07306437 0.329218
Moved 802.8725 306.3131 505.2323 -0.1242751 0.3015234
Moved 802.9033 289.3557 503.0712 -0.1635285 0.2959649
Moved 802.934 275.1539 500.2308 -0.1964031 0.2886593
Moved 802.9647 266.0619 500 -0.2174493 0.2880658
Moved 802.9954 260.4779 499 -0.2303752 0.2854938
Moved 803.0261 255.8091 499 -0.2411827 0.2854938
Moved 803.0569 253.0315 498.0315 -0.2476122 0.2830028
Moved 803.0876 250.5 498 -0.2534722 0.2829217
Moved 803.1183 249.8657 498 -0.2549405 0.2829217
Stationary 803.149 250 498 -0.2546296 0.2829217
Stationary 803.1797 250 498 -0.2546296 0.2829217
Moved 803.2104 259.0132 498 -0.2337657 0.2829217
Moved 803.2411 272.0448 506.0149 -0.2036001 0.3035362
Moved 803.2719 290.639 511.754 -0.1605579 0.3182971
Moved 803.3025 303.2363 513.2473 -0.1313975 0.322138
Moved 803.3333 311.2477 514 -0.1128526 0.324074
Moved 803.364 315.677 514 -0.1025995 0.324074
Moved 803.3947 318.5503 514 -0.09594849 0.324074
Moved 803.4255 321.422 514 -0.08930088 0.324074
Moved 803.4562 323.9573 514 -0.08343215 0.324074
Moved 803.4869 325 514 -0.08101851 0.324074
Moved 803.5176 326 514 -0.07870371 0.324074
Moved 803.5483 327 503.8792 -0.07638887 0.298043
Moved 803.5791 327 494.2928 -0.07638887 0.2733868
Moved 803.6097 296.7521 467.7521 -0.1464072 0.2051236
Moved 803.6405 271.9276 439.9276 -0.2038712 0.1335586
Moved 803.6712 256 424 -0.2407407 0.09259254
Moved 803.702 235.9416 402.6475 -0.2871723 0.03767359
Moved 803.7327 224.3226 389.3226 -0.314068 0.003401713
Moved 803.7634 214.8362 378.8362 -0.3360273 -0.02356957
Moved 803.7941 210.8932 374.8932 -0.3451546 -0.03371101
Moved 803.8248 208.5856 371.5856 -0.3504962 -0.04221818
Moved 803.8556 206.8518 371 -0.3545097 -0.04372435
Stationary 803.8862 207 371 -0.3541667 -0.04372435
Stationary 803.917 207 371 -0.3541667 -0.04372435
Moved 803.9477 242.917 400.0002 -0.2710255 0.03086463
Moved 803.9784 295.7276 439.8747 -0.1487788 0.1334225
Moved 804.0092 380.5924 488.7765 0.04766762 0.2591987
Moved 804.0398 424.9598 513.4056 0.15037 0.3225453
Moved 804.0706 442.6295 523.1777 0.1912719 0.3476791
Moved 804.1013 452.7793 528.5931 0.2147669 0.3616076
Moved 804.132 460.4984 532.3323 0.2326352 0.3712249
Moved 804.1628 467.0937 534.0313 0.2479021 0.3755947
Moved 804.1935 472.8288 535.9144 0.2611778 0.3804382
Moved 804.2242 478 537.5 0.2731481 0.3845164
Moved 804.2549 481.3118 537 0.2808143 0.3832304
Moved 804.2856 482 537 0.2824074 0.3832304
Moved 804.3163 483.0193 537 0.2847669 0.3832304
Moved 804.3471 483 527.1998 0.2847222 0.358024
Moved 804.3778 483 502.1636 0.2847222 0.2936306
Moved 804.4085 449.537 450.0184 0.2072614 0.1595122
Moved 804.4392 410.9472 389.8275 0.1179335 0.00470028
Moved 804.47 375.9784 338.2974 0.03698706 -0.1278361
Moved 804.5007 367.9635 326.1417 0.01843413 -0.1591007
Moved 804.5314 355.0667 305.6166 -0.0114198 -0.2118913
Moved 804.5621 348.0107 294.0179 -0.02775297 -0.2417236
Moved 804.5928 340.2403 281.4806 -0.04574006 -0.2739697
Moved 804.6236 334.4908 272.7363 -0.05904898 -0.2964602
Moved 804.6542 330.3751 264.7502 -0.06857608 -0.3170005
Moved 804.685 327.8014 259.6028 -0.07453372 -0.3302396
Moved 804.7157 324.9303 254.8606 -0.08117994 -0.3424367
Moved 804.7464 323.0569 252.0569 -0.08551648 -0.349648
Moved 804.7771 321.3884 249.3884 -0.08937865 -0.3565113
Moved 804.8079 316.2892 248 -0.1011824 -0.3600824
Moved 804.8386 302.9089 248 -0.1321554 -0.3600824
Moved 804.8693 280.0647 268.7275 -0.1850354 -0.3067709
Moved 804.9 256.5448 287.8491 -0.2394796 -0.2575899
Moved 804.9308 226.7365 313.785 -0.3084804 -0.1908822
Moved 804.9615 209.5311 333.8217 -0.3483077 -0.1393477
Moved 804.9922 198.0876 350.3687 -0.3747973 -0.09678852
Moved 805.0229 190.4442 360.3336 -0.3924902 -0.07115839
Moved 805.0536 184.7057 369.9415 -0.4057738 -0.04644692
Moved 805.0844 181.4794 377.0411 -0.4132421 -0.02818645
Moved 805.1151 178.9675 381.0325 -0.4190566 -0.0179206
Moved 805.1458 177.0837 383.9163 -0.4234174 -0.01050337
Moved 805.1765 177 387.7875 -0.4236111 -0.0005464593
Moved 805.2073 177 390.6667 -0.4236111 0.006858724
Moved 805.2379 177 394.4642 -0.4236111 0.01662604
Moved 805.2687 219.83 410.6459 -0.3244676 0.05824548
Moved 805.2994 277.7079 421.9539 -0.1904911 0.0873298
Moved 805.3301 322.2679 424 -0.08734296 0.09259254
Moved 805.3608 373.3292 424 0.03085464 0.09259254
Moved 805.3915 402.2572 424 0.09781767 0.09259254
Moved 805.4222 431.7572 407.3242 0.1661045 0.04970197
Moved 805.453 462.6905 400.0774 0.2377094 0.03106317
Moved 805.4837 488.05 394 0.296412 0.01543206
Moved 805.5145 499.2021 392.5993 0.3222271 0.01182941
Moved 805.5451 504.5502 393 0.3346071 0.01285996
Moved 805.5759 507.8185 393 0.3421724 0.01285996
Moved 805.6065 512.3589 393 0.3526828 0.01285996
Moved 805.6373 515.5518 393 0.3600735 0.01285996
Moved 805.668 517.5 393 0.3645833 0.01285996
Moved 805.6987 518.2209 393 0.3662522 0.01285996
Moved 805.7295 521.3806 393 0.3735663 0.01285996
Ended 805.7602 524 393 0.3796296 0.01285996
Began 806.6818 298 237 -0.1435185 -0.3883744
Stationary 806.7125 298 237 -0.1435185 -0.3883744
Stationary 806.7433 298 237 -0.1435185 -0.3883744
Stationary 806.774 298 237 -0.1435185 -0.3883744
Stationary 806.8047 298 237 -0.1435185 -0.3883744
Stationary 806.8354 298 237 -0.1435185 -0.3883744
Stationary 806.8661 298 237 -0.1435185 -0.3883744
Stationary 806.8969 298 237 -0.1435185 -0.3883744
Stationary 806.9276 298 237 -0.1435185 -0.3883744
Stationary 806.9583 298 237 -0.1435185 -0.3883744
Moved 806.989 298 246.3823 -0.1435185 -0.364243
Moved 807.0198 303.5799 264.377 -0.1306022 -0.3179603
Moved 807.0504 317.6604 287.6558 -0.09800826 -0.2580871
Moved 807.0812 328.7164 304.803 -0.07241567 -0.213984
Moved 807.1119 339.2793 320.4189 -0.04796465 -0.1738198
Moved 807.1426 348.8281 335.7136 -0.02586082 -0.1344816
Moved 807.1733 355.6131 346.2263 -0.01015479 -0.1074428
Moved 807.204 362.5 354.5 0.005787015 -0.08616254
Moved 807.2348 368.5223 363.7834 0.01972755 -0.06228537
Moved 807.2655 376.2715 373.4072 0.03766537 -0.03753301
Moved 807.2963 382.0236 380.0236 0.05098065 -0.02051546
Moved 807.327 386.5495 385.6484 0.06145706 -0.006048453
Moved 807.3577 393.256 393.256 0.07698139 0.01351847
Moved 807.3884 399.8887 401.8887 0.09233505 0.03572201
Moved 807.4191 404.3472 408.3472 0.1026556 0.05233317
Moved 807.4498 405.6808 411.6808 0.1057425 0.06090729
Moved 807.4805 406 414.554 0.1064815 0.06829713
Moved 807.5112 406 416.2109 0.1064815 0.07255872
Moved 807.542 399.1479 420.9578 0.09062021 0.08476779
Moved 807.5727 385.7281 429.4175 0.05955577 0.1065265
Moved 807.6033 369.6294 437.1853 0.02229035 0.1265053
Moved 807.6342 349.3811 446.8094 -0.02458085 0.1512588
Moved 807.6649 332.1147 453.3794 -0.0645492 0.1681568
Moved 807.6956 317.0176 458.9912 -0.09949619 0.1825905
Moved 807.7263 306.392 463.7386 -0.1240926 0.1948009
Moved 807.757 297 468 -0.1458333 0.2057612
Moved 807.7878 285.7227 470.3193 -0.1719381 0.2117266
Moved 807.8185 279.6108 473.1946 -0.1860861 0.2191218
Moved 807.8492 275.9365 475.0635 -0.1945914 0.2239286
Moved 807.8799 273.3926 476.6074 -0.2004801 0.2278997
Moved 807.9106 272 478.483 -0.2037037 0.2327238
Moved 807.9413 268.6488 479 -0.2114611 0.2340534
Moved 807.972 268 480 -0.212963 0.2366254
Moved 808.0028 266.2625 480 -0.2169849 0.2366254
Moved 808.0335 264.5 480 -0.2210648 0.2366254
Moved 808.0643 263.5161 480 -0.2233425 0.2366254
Moved 808.095 260.9716 480 -0.2292323 0.2366254
Moved 808.1257 254.2811 455.937 -0.2447197 0.174735
Moved 808.1564 250.2161 424.5933 -0.2541294 0.09411854
Moved 808.1871 248 394.0993 -0.2592593 0.01568751
Moved 808.2178 247 363.9171 -0.2615741 -0.06194165
Moved 808.2485 247 337.6171 -0.2615741 -0.1295857
Moved 808.2792 247 320.3801 -0.2615741 -0.1739194
Moved 808.31 247 303.5 -0.2615741 -0.2173355
Moved 808.3408 256.5888 287.1509 -0.2393778 -0.2593857
Moved 808.3715 258.4862 275.0276 -0.2349856 -0.290567
Moved 808.4022 261.1157 263.5373 -0.2288989 -0.3201201
Moved 808.4329 264.6537 255.6926 -0.220709 -0.3402968
Moved 808.4636 267.5293 248.9414 -0.2140525 -0.357661
Moved 808.4943 269 244.1921 -0.2106481 -0.3698762
Moved 808.5251 271.2809 241.7191 -0.2053683 -0.3762368
Moved 808.5557 272 239.2166 -0.2037037 -0.3826735
Moved 808.5865 274.6533 238 -0.1975619 -0.3858025
Moved 808.6172 306.6001 258.9501 -0.1236109 -0.3319186
Moved 808.6479 353.9005 298.7879 -0.01411935 -0.229455
Moved 808.6786 397.6971 343.6635 0.0872618 -0.1140344
Moved 808.7094 424.4791 368.4791 0.1492572 -0.05020816
Moved 808.7401 441.5409 385.5409 0.188752 -0.00632494
Moved 808.7708 455.6061 398.3767 0.2213106 0.02668895
Moved 808.8015 466.4675 408.3506 0.2464526 0.05234216
Moved 808.8323 474.9328 415.9552 0.2660481 0.07190116
Moved 808.863 480.3059 421.3059 0.278486 0.0856633
Moved 808.8937 484.4163 424.4163 0.2880007 0.0936633
Moved 808.9244 486.2917 425 0.2923419 0.09516452
Moved 808.9551 487.5 426 0.2951388 0.09773654
Stationary 808.9857 487.5 426 0.2951388 0.09773654
Moved 809.0165 487 426 0.2939814 0.09773654
Moved 809.0473 477.16 426 0.2712037 0.09773654
Moved 809.078 445.9761 413.6587 0.1990188 0.0659945
Moved 809.1087 395.6461 406.7205 0.08251419 0.04814937
Moved 809.1395 373.9132 407 0.03220648 0.04886827
Moved 809.1702 341.047 407 -0.04387269 0.04886827
Moved 809.2009 320.2546 407 -0.09200324 0.04886827
Moved 809.2316 300.8585 407 -0.1369016 0.04886827
Moved 809.2623 287.4967 407 -0.1678317 0.04886827
Moved 809.293 275.1404 412.4034 -0.1964342 0.06276581
Moved 809.3238 266.1114 414 -0.2173347 0.06687239
Moved 809.3545 256.6652 415 -0.2392009 0.06944436
Moved 809.3852 250.9618 415 -0.2524033 0.06944436
Moved 809.416 247.2937 416 -0.2608942 0.07201634
Moved 809.4467 244.5094 416 -0.2673394 0.07201634
Moved 809.4774 244 416 -0.2685185 0.07201634
Moved 809.5081 243 417 -0.2708333 0.0745884
Ended 809.5388 243 417 -0.2708333 0.0745884
PhraseEnd 811.0748
