bad for the environment
Basic
0.6 0.6
432 388.8
Began 395.643 363 271 0.006944438 -0.300926
Stationary 395.6737 363 271 0.006944438 -0.300926
Stationary 395.7045 363 271 0.006944438 -0.300926
Stationary 395.7352 363 271 0.006944438 -0.300926
Stationary 395.7659 363 271 0.006944438 -0.300926
Moved 395.7966 341.6842 286.0527 -0.04239773 -0.2622103
Moved 395.8273 324.8826 304.1174 -0.0812902 -0.2157477
Moved 395.8581 306 327 -0.125 -0.1568931
Moved 395.8888 284.6134 351.5599 -0.174506 -0.09372467
Moved 395.9195 265.3845 370.6155 -0.2190173 -0.04471335
Moved 395.9502 244.5779 389.4221 -0.2671807 0.003657517
Moved 395.9809 231.545 401.364 -0.2973495 0.03437223
Moved 396.0117 219.3335 412.6665 -0.3256169 0.06344257
Moved 396.0424 210.6874 419.3126 -0.345631 0.08053634
Moved 396.0731 205.1535 423.4233 -0.358441 0.09110917
Moved 396.1038 202.1545 426 -0.3653831 0.09773654
Moved 396.1346 199.3845 428 -0.3717952 0.1028806
Moved 396.1653 197.6174 430.3826 -0.3758855 0.1090086
Moved 396.196 198 431.1528 -0.375 0.1109897
Moved 396.2267 205.9495 433.6115 -0.3565984 0.1173135
Moved 396.2575 237.2794 438.7133 -0.2840754 0.1304352
Moved 396.2881 259.7489 440 -0.2320626 0.1337448
Moved 396.3189 276.875 440 -0.192419 0.1337448
Moved 396.3496 290.3815 440 -0.161154 0.1337448
Moved 396.3803 299.0458 440 -0.1410978 0.1337448
Moved 396.4111 306.338 440 -0.1242176 0.1337448
Moved 396.4417 311.2612 433 -0.1128212 0.1157406
Moved 396.4725 314.873 432 -0.1044608 0.1131687
Ended 396.5032 318.9747 432 -0.09496599 0.1131687
Began 397.2714 302 385 -0.1342593 -0.007716127
Stationary 397.302 302 385 -0.1342593 -0.007716127
Stationary 397.3328 302 385 -0.1342593 -0.007716127
Moved 397.3635 302 398.3024 -0.1342593 0.02649786
Moved 397.3942 333.2271 426.3499 -0.06197423 0.09863641
Moved 397.4249 358.1144 453.1144 -0.004364699 0.1674753
Moved 397.4557 382.8221 476.8221 0.05282899 0.2284518
Moved 397.4864 404.5217 497.5217 0.1030595 0.2816917
Moved 397.5171 423.3644 515.3644 0.1466768 0.3275832
Moved 397.5478 433.1878 524.1877 0.1694162 0.350277
Moved 397.5786 438.7293 528.3646 0.1822437 0.3610201
Moved 397.6093 440.8405 531.8405 0.1871308 0.3699601
Moved 397.64 442 533.5 0.1898148 0.3742283
Moved 397.6707 443.3596 533 0.192962 0.3729423
Moved 397.7014 443 534 0.1921296 0.3755144
Moved 397.7322 433.1299 534 0.169282 0.3755144
Moved 397.7629 412.0187 534 0.1204137 0.3755144
Moved 397.7936 375.7952 519.6787 0.03656298 0.3386798
Moved 397.8243 345 515 -0.03472224 0.326646
Moved 397.855 308.0163 509.7513 -0.1203326 0.3131464
Moved 397.8858 284.0147 509 -0.175892 0.3112139
Moved 397.9165 269.0217 509 -0.2105979 0.3112139
Moved 397.9472 261.5794 509 -0.2278254 0.3112139
Moved 397.978 255.1311 509 -0.2427521 0.3112139
Moved 398.0087 252.3163 509 -0.2492679 0.3112139
Moved 398.0394 250.5641 509 -0.2533238 0.3112139
Ended 398.0701 251 509 -0.2523148 0.3112139
Began 398.6539 318 574 -0.09722222 0.478395
Stationary 398.6846 318 574 -0.09722222 0.478395
Stationary 398.7153 318 574 -0.09722222 0.478395
Stationary 398.746 318 574 -0.09722222 0.478395
Stationary 398.7768 318 574 -0.09722222 0.478395
Moved 398.8075 331.3015 548.7559 -0.06643176 0.4134667
Moved 398.8383 347.4365 505.5026 -0.0290821 0.3022186
Moved 398.8689 357.4932 475.647 -0.005802711 0.2254296
Moved 398.8997 364.1699 452.9054 0.009652575 0.1669377
Moved 398.9304 369.6747 430.9641 0.02239505 0.1105042
Moved 398.9611 372.0976 415.4145 0.02800365 0.07051048
Moved 398.9918 373.3772 407.4911 0.03096571 0.05013147
Moved 399.0226 374 400.1876 0.03240744 0.03134669
Moved 399.0533 374 394.9644 0.03240744 0.01791251
Moved 399.084 374 390.4406 0.03240744 0.006277178
Moved 399.1147 361.7918 385.5583 0.004147688 -0.006280004
Moved 399.1454 339.2336 392.7957 -0.0480705 0.01233442
Moved 399.1762 312.961 409.3192 -0.1088866 0.05483313
Moved 399.2069 293.7318 427.2682 -0.1533987 0.1009985
Moved 399.2376 278.7246 445.1546 -0.1881375 0.1470025
Moved 399.2684 267.4291 460.2136 -0.2142844 0.1857343
Moved 399.2991 258.7481 474.0865 -0.2343794 0.2214158
Moved 399.3298 255.1 482.7 -0.242824 0.2435698
Moved 399.3605 252 490.2468 -0.25 0.2629804
Moved 399.3912 249.6248 494.3752 -0.2554981 0.2735987
Moved 399.422 249 498.1262 -0.2569445 0.2832464
Moved 399.4527 248.4488 500 -0.2582205 0.2880658
Moved 399.4834 248 502.3057 -0.2592593 0.2939961
Ended 399.5142 248 503.5 -0.2592593 0.2970678
Began 400.3744 254 552 -0.2453704 0.4218106
Stationary 400.4052 254 552 -0.2453704 0.4218106
Stationary 400.4358 254 552 -0.2453704 0.4218106
Moved 400.4666 269.8557 532.7164 -0.2086672 0.3722128
Moved 400.4973 283.7034 505.0526 -0.1766126 0.3010612
Moved 400.528 297.5078 470.0798 -0.1446579 0.2111104
Moved 400.5585 305.1255 438.4979 -0.1270242 0.1298812
Moved 400.5894 312.2399 411.4203 -0.1105557 0.06023752
Moved 400.6202 317.5115 386.6983 -0.09835298 -0.003348064
Moved 400.6509 322.0208 364.8546 -0.08791486 -0.05953055
Moved 400.6816 325.794 350.8238 -0.07918045 -0.09561789
Moved 400.7123 328.1652 341.3393 -0.07369171 -0.1200121
Moved 400.7431 330.9771 335.0229 -0.06718273 -0.1362578
Moved 400.7738 332.7263 328.8211 -0.06313359 -0.1522092
Moved 400.8045 336.4702 319.5894 -0.05446707 -0.1759531
Moved 400.8352 338.9341 311.2634 -0.04876355 -0.197368
Moved 400.866 344.3749 298.2502 -0.03616919 -0.230838
Moved 400.8967 349.8897 287.2206 -0.02340346 -0.2592064
Moved 400.9274 353.1984 280.6033 -0.01574452 -0.2762262
Moved 400.9581 354.6266 274.7468 -0.01243845 -0.2912891
Moved 400.9889 356 270.2509 -0.009259283 -0.3028528
Moved 401.0196 358 265.879 -0.004629641 -0.3140973
Moved 401.0503 359 263.5 -0.002314796 -0.3202162
Moved 401.081 360 261.7233 0 -0.3247857
Moved 401.1118 361.011 259.9891 0.002340178 -0.3292462
Stationary 401.1425 361.011 259.9891 0.002340178 -0.3292462
Moved 401.1732 362 258.9022 0.004629592 -0.3320417
Moved 401.2039 363.5 259 0.008101861 -0.3317901
Moved 401.2346 364.1799 259 0.009675722 -0.3317901
Moved 401.2654 365.1717 259 0.01197149 -0.3317901
Moved 401.2961 374.7244 273.5867 0.03408432 -0.294273
Moved 401.3268 380.3753 283.063 0.04716516 -0.2698998
Moved 401.3575 384.4308 289.8617 0.05655289 -0.2524134
Moved 401.3882 387.1903 294.3806 0.06294042 -0.2407907
Moved 401.419 388 297.6438 0.06481478 -0.2323977
Moved 401.4497 389 300.3918 0.06712963 -0.2253298
Moved 401.4804 389 301.5 0.06712963 -0.2224794
Moved 401.5112 376.9685 301 0.03927907 -0.2237656
Moved 401.5419 360.7804 301 0.001806517 -0.2237656
Moved 401.5726 344.6117 287.8447 -0.03562102 -0.2576012
Moved 401.6034 328.0326 281.3442 -0.07399857 -0.2743206
Moved 401.6341 316.1218 276.6487 -0.1015699 -0.2863973
Moved 401.6647 306.0029 274.001 -0.1249932 -0.2932074
Moved 401.6955 299.4827 272 -0.1400863 -0.2983539
Moved 401.7263 294.4749 270 -0.1516785 -0.303498
Moved 401.757 290.0476 268.0238 -0.1619269 -0.3085808
Moved 401.7877 287.2581 267.2581 -0.1683839 -0.3105502
Moved 401.8184 285.5 267 -0.1724537 -0.311214
Moved 401.8491 284.6404 267 -0.1744435 -0.311214
Moved 401.8799 285 280.8282 -0.1736111 -0.2756477
Moved 401.9106 317.684 340.368 -0.09795368 -0.1225103
Moved 401.9413 348.9792 411.6781 -0.02551113 0.06090038
Moved 401.972 369.4008 454.0681 0.02176106 0.1699282
Moved 402.0027 385.4889 482.1481 0.05900204 0.2421505
Moved 402.0334 398.7992 498.959 0.08981296 0.2853884
Moved 402.0642 404.9026 507.8051 0.1039411 0.3081406
Moved 402.0949 409.5031 512.5031 0.1145904 0.320224
Moved 402.1256 413.0927 518.1854 0.1228998 0.334839
Moved 402.1564 415.864 521.864 0.1293149 0.3443003
Moved 402.1871 418.6212 524.6212 0.1356971 0.3513918
Moved 402.2178 421.033 526 0.1412801 0.3549381
Moved 402.2485 422.7973 528 0.1453642 0.3600822
Moved 402.2792 423 529.1743 0.1458333 0.3631026
Moved 402.31 424 530.3238 0.1481481 0.366059
Stationary 402.3407 424 530.3238 0.1481481 0.366059
Stationary 402.3714 424 530 0.1481481 0.3652262
Moved 402.4021 424 531.3591 0.1481481 0.3687219
Stationary 402.4328 424 531.3591 0.1481481 0.3687219
Stationary 402.4636 424 531.3591 0.1481481 0.3687219
Stationary 402.4943 424 531.3591 0.1481481 0.3687219
Stationary 402.525 424 531 0.1481481 0.3677982
Stationary 402.5557 424 531 0.1481481 0.3677982
Stationary 402.5865 424 531 0.1481481 0.3677982
Moved 402.6172 416.9893 531 0.1319197 0.3677982
Moved 402.6479 408.7002 515.167 0.112732 0.3270755
Moved 402.6786 400.376 501.752 0.09346297 0.292572
Moved 402.7094 390.1066 480.2665 0.06969124 0.2373109
Moved 402.7401 381.8304 458.2143 0.05053331 0.1805923
Moved 402.7708 375.0586 442.6465 0.03485789 0.1405516
Moved 402.8015 371.2526 432.5052 0.02604773 0.1144682
Moved 402.8322 367.362 424.7239 0.01704156 0.09445449
Moved 402.863 358.4504 412.6757 -0.003586958 0.06346612
Moved 402.8937 356.2486 410.2485 -0.0086839 0.05722348
Moved 402.9244 349.8194 406.4097 -0.02356614 0.04735008
Moved 402.9551 343.2775 403.6387 -0.03870959 0.04022304
Moved 402.9859 337.6586 404 -0.05171612 0.04115226
Moved 403.0166 331.8329 404 -0.06520157 0.04115226
Moved 403.0473 321.939 404 -0.08810426 0.04115226
Moved 403.078 314.9127 412.2328 -0.1043688 0.06232701
Moved 403.1088 310.2123 414.7877 -0.1152494 0.06889838
Moved 403.1395 307.7361 417.2639 -0.1209813 0.07526719
Moved 403.1702 304.9771 419.0228 -0.1273677 0.07979114
Moved 403.2009 304 420 -0.1296296 0.08230445
Moved 403.2317 304 422.5 -0.1296296 0.08873452
Moved 403.2624 304 427.9432 -0.1296296 0.1027345
Moved 403.2931 332.664 441.2037 -0.06327778 0.1368407
Moved 403.3239 380.61 462.5405 0.04770825 0.1917193
Moved 403.3546 419.8763 473.7893 0.1386025 0.2206514
Moved 403.3853 440.3554 475 0.1860078 0.2237653
Moved 403.416 450.2755 475 0.2089709 0.2237653
Moved 403.4467 460.6783 464.4739 0.2330516 0.196692
Moved 403.4774 465.2472 458.1293 0.2436277 0.1803736
Moved 403.5082 470.7706 449.4587 0.2564135 0.1580728
Moved 403.5389 474.151 443.5469 0.2642384 0.1428676
Moved 403.5696 475 432.5488 0.2662037 0.1145802
Moved 403.6004 475 411.5264 0.2662037 0.06051024
Moved 403.6311 461.59 391.1801 0.2351621 0.008179071
Moved 403.6618 447.6965 362.5324 0.2030012 -0.06550306
Moved 403.6925 438 343.5 0.1805556 -0.1144548
Moved 403.7233 430.7427 324.3997 0.1637563 -0.1635812
Moved 403.754 422.4446 300.0374 0.1445476 -0.2262414
Moved 403.7847 417.8105 280.8367 0.1338206 -0.2756258
Moved 403.8154 414.9846 264.9229 0.1272792 -0.3165564
Moved 403.8461 411.4339 250.0847 0.11906 -0.3547204
Moved 403.8768 408.5 242 0.1122685 -0.3755144
Moved 403.9076 408 233 0.1111111 -0.3986626
Moved 403.9383 408 232.2875 0.1111111 -0.4004951
Moved 403.969 408 229.5273 0.1111111 -0.4075942
Moved 403.9997 408 227.884 0.1111111 -0.411821
Stationary 404.0305 408 228 0.1111111 -0.4115227
Moved 404.0612 421.8049 228 0.1430668 -0.4115227
Moved 404.0919 436.0985 228 0.176154 -0.4115227
Moved 404.1226 451.8879 234.843 0.2127034 -0.3939224
Moved 404.1534 461.5 240 0.2349537 -0.3806585
Moved 404.1841 465.1747 244.3494 0.2434598 -0.3694718
Moved 404.2148 468.934 248.868 0.2521621 -0.3578497
Moved 404.2455 472 257.0887 0.2592593 -0.336706
Moved 404.2762 472 264.3994 0.2592593 -0.317903
Moved 404.307 442.606 292.5042 0.1912175 -0.2456168
Moved 404.3377 405.2626 321.034 0.1047746 -0.1722377
Moved 404.3684 364.1332 347.1213 0.009567638 -0.1051408
Moved 404.3991 351.2527 352.4989 -0.02024839 -0.09130949
Moved 404.4298 328.9111 361.9083 -0.07196511 -0.06710821
Moved 404.4606 306.787 371.2049 -0.1231784 -0.04319736
Moved 404.4913 283.7691 382.6155 -0.1764605 -0.01384916
Moved 404.522 269.6603 389.6699 -0.2091197 0.00429491
Moved 404.5528 256.4709 396.9175 -0.2396507 0.02293587
Moved 404.5834 247.8295 403.1136 -0.2596539 0.03887247
Moved 404.6142 241.5 409.5 -0.2743055 0.05529835
Moved 404.6449 237.4608 413.5392 -0.2836555 0.06568716
Moved 404.6757 236 417.0256 -0.287037 0.07465436
Moved 404.7064 234 419.7886 -0.2916667 0.08176069
Moved 404.7371 232.9081 421.0919 -0.2941941 0.08511268
Stationary 404.7678 233 421 -0.2939815 0.08487643
Moved 404.7985 256.3442 409.5935 -0.239944 0.05553881
Moved 404.8293 283.3633 386.1243 -0.1773998 -0.004824493
Moved 404.86 314.2468 348.8071 -0.1059102 -0.1008049
Moved 404.8907 341.2522 320.3303 -0.04339764 -0.1740476
Moved 404.9214 354.9422 302.0866 -0.01170779 -0.2209707
Moved 404.9522 365.9215 287.8481 0.01370728 -0.2575924
Moved 404.9829 374.3477 277.9785 0.03321221 -0.2829771
Moved 405.0136 379.4299 273.5701 0.04497667 -0.2943157
Moved 405.0443 383.1803 269.8197 0.05365809 -0.3039617
Moved 405.075 384.5 268.5 0.05671293 -0.307356
Moved 405.1058 385 268 0.05787035 -0.308642
Moved 405.1365 385 266.6399 0.05787035 -0.3121402
Stationary 405.1672 385 267 0.05787035 -0.311214
Moved 405.1979 385 287.0699 0.05787035 -0.2595939
Moved 405.2286 357.1356 346.0169 -0.00663052 -0.1079812
Moved 405.2594 338.8236 403.3644 -0.0490194 0.03951759
Moved 405.2901 329.8012 439.9938 -0.06990452 0.1337288
Moved 405.3208 325.9688 462.2183 -0.07877589 0.1908907
Moved 405.3516 324 481.5745 -0.08333336 0.2406751
Moved 405.3823 322.4404 496.7982 -0.0869436 0.2798307
Moved 405.413 322 510.6146 -0.08796295 0.3153666
Moved 405.4437 322 521.221 -0.08796295 0.3426465
Moved 405.4745 322 529.1431 -0.08796295 0.3630224
Moved 405.5052 322 534.6748 -0.08796295 0.3772499
Moved 405.5359 322 536.8348 -0.08796295 0.3828054
Ended 405.5666 322 537 -0.08796295 0.3832304
PhraseEnd 406.3347
