the sum of the parts
Basic
0.6 0.6
432 388.8
Began 1106.235 323 586 -0.08564815 0.5092591
Stationary 1106.266 323 586 -0.08564815 0.5092591
Moved 1106.297 323 577.0709 -0.08564815 0.4862934
Moved 1106.328 335.4606 550.3866 -0.05680408 0.4176609
Moved 1106.358 350.7137 511.5934 -0.02149612 0.3178842
Moved 1106.389 367.692 463.0394 0.0178055 0.1930024
Moved 1106.42 377.981 428.0759 0.04162272 0.1030759
Moved 1106.45 381.6496 407.4527 0.05011479 0.05003262
Moved 1106.481 384.3906 391.6564 0.05645971 0.009404327
Moved 1106.512 386 380.2014 0.06018519 -0.02005832
Moved 1106.543 386 371.7162 0.06018519 -0.04188215
Moved 1106.573 386 365.5698 0.06018519 -0.05769093
Moved 1106.604 380.6492 361.4055 0.04779905 -0.06840168
Moved 1106.635 349.4823 367.5177 -0.02434661 -0.05268089
Moved 1106.666 304.7361 398.29 -0.1279258 0.02646595
Moved 1106.696 268.4693 429.6437 -0.2118765 0.1071081
Moved 1106.727 242.7327 457.0197 -0.271452 0.1775198
Moved 1106.758 226.8476 474.1524 -0.3082231 0.2215854
Moved 1106.788 219.7899 484.4203 -0.3245605 0.2479945
Ended 1106.819 216 494 -0.3333333 0.2726337
Began 1107.526 242 337 -0.2731481 -0.1311728
Stationary 1107.557 242 337 -0.2731481 -0.1311728
Stationary 1107.587 242 337 -0.2731481 -0.1311728
Stationary 1107.618 242 337 -0.2731481 -0.1311728
Stationary 1107.649 242 337 -0.2731481 -0.1311728
Moved 1107.68 281.6531 366.2716 -0.1813585 -0.05588586
Moved 1107.71 380.0334 434.0217 0.04637361 0.1183684
Moved 1107.741 439.5042 472.8608 0.1840376 0.2182633
Moved 1107.772 458.7699 487.9785 0.2286341 0.2571463
Moved 1107.802 467.8094 495.5396 0.2495589 0.2765937
Moved 1107.833 472.1431 499.1431 0.2595905 0.2858619
Moved 1107.864 473 500.5 0.2615741 0.2893518
Moved 1107.895 473 500 0.2615741 0.2880658
Moved 1107.925 458.6587 463.3808 0.2283765 0.1938806
Moved 1107.956 438.5488 402.2457 0.181826 0.03664017
Moved 1107.987 417.6079 321.9384 0.1333517 -0.1699116
Moved 1108.018 414 275.6389 0.125 -0.2889948
Moved 1108.048 414 249.1226 0.125 -0.3571951
Moved 1108.079 414 238.6846 0.125 -0.3840417
Ended 1108.11 421 234 0.1412037 -0.3960905
Began 1108.632 450 521 0.2083333 0.3420781
Stationary 1108.663 450 521 0.2083333 0.3420781
Stationary 1108.694 450 521 0.2083333 0.3420781
Stationary 1108.724 450 521 0.2083333 0.3420781
Stationary 1108.755 450 521 0.2083333 0.3420781
Moved 1108.786 433.09 521 0.1691898 0.3420781
Moved 1108.817 427.6938 521 0.1566987 0.3420781
Moved 1108.847 402.7059 503.804 0.09885629 0.2978496
Moved 1108.878 359.8766 478.2897 -0.0002856552 0.2322265
Moved 1108.909 324.5431 452.2344 -0.08207624 0.1652119
Moved 1108.939 298.2402 432.6802 -0.1429625 0.1149181
Moved 1108.97 284.0012 423.801 -0.1759232 0.09208059
Moved 1109.001 270.9805 413.6537 -0.2060636 0.06598163
Moved 1109.032 262.9059 407.9059 -0.2247549 0.05119822
Moved 1109.062 256.1607 403.1608 -0.2403686 0.03899374
Moved 1109.093 252.0392 400.0784 -0.2499093 0.03106565
Moved 1109.124 245.5026 395.335 -0.2650404 0.01886572
Moved 1109.155 240.5922 391.2961 -0.2764069 0.008477536
Moved 1109.185 236.8457 388.8457 -0.2850795 0.002175162
Moved 1109.216 232.9106 384.9106 -0.2941885 -0.007946068
Ended 1109.247 232 384 -0.2962963 -0.01028807
Began 1109.769 337 536 -0.05324075 0.3806583
Stationary 1109.8 337 536 -0.05324075 0.3806583
Stationary 1109.831 337 536 -0.05324075 0.3806583
Moved 1109.861 337 518.6733 -0.05324075 0.3360938
Moved 1109.892 346.2932 487.9188 -0.03172859 0.2569926
Moved 1109.923 361.0327 449.5148 0.002390643 0.1582171
Moved 1109.954 377.5 415 0.04050931 0.06944436
Moved 1109.984 394.2156 389.3792 0.07920276 0.003547276
Moved 1110.015 405.3186 374.6017 0.1049042 -0.03446061
Moved 1110.046 409.9134 368.0866 0.1155402 -0.05121757
Moved 1110.077 411 365 0.1180555 -0.05915646
Moved 1110.107 396.1622 364 0.08370877 -0.06172839
Moved 1110.138 348.8603 391.628 -0.02578636 0.009331212
Moved 1110.169 318.4954 413.2037 -0.09607548 0.06482415
Moved 1110.199 291.452 432.8545 -0.158676 0.1153664
Moved 1110.23 271.5781 449.8516 -0.2046802 0.1590832
Moved 1110.261 260.6751 460.3248 -0.2299186 0.1860206
Moved 1110.292 253.1127 470.8121 -0.2474243 0.2129941
Moved 1110.322 247.162 489.8661 -0.2611991 0.2620012
Ended 1110.353 247 491 -0.2615741 0.2649176
Began 1110.814 550 486 0.4398148 0.2520575
Stationary 1110.845 550 486 0.4398148 0.2520575
Moved 1110.875 526.5895 486 0.3856239 0.2520575
Moved 1110.906 484.9503 486 0.2892368 0.2520575
Moved 1110.937 415.2924 466.6467 0.1279917 0.2022804
Moved 1110.968 361.6291 451.9887 0.003770987 0.16458
Moved 1110.998 318.2196 437.7705 -0.0967138 0.1280105
Moved 1111.029 286.8643 429.6365 -0.1692956 0.1070898
Moved 1111.06 254.5329 419.2131 -0.2441369 0.08028065
Moved 1111.091 231.7394 409.0312 -0.2968995 0.05409252
Moved 1111.121 213.9674 398.174 -0.3380384 0.02616749
Moved 1111.152 203.6794 393.4529 -0.3618531 0.01402502
Moved 1111.183 194.0375 390.3458 -0.3841725 0.006033501
Moved 1111.214 187.9491 389 -0.398266 0.002572016
Moved 1111.244 184.5878 389 -0.4060467 0.002572016
Moved 1111.275 191.5981 405.5406 -0.3898193 0.0451148
Moved 1111.306 231.9995 452.6245 -0.2962974 0.166215
Moved 1111.336 277.7275 501.7275 -0.1904456 0.2925089
Moved 1111.367 316.0663 533.7997 -0.1016983 0.3749992
Moved 1111.398 329.557 544.557 -0.07046987 0.4026671
Moved 1111.429 335.7855 549.7855 -0.05605211 0.4161148
Moved 1111.459 336 550.8254 -0.05555556 0.4187896
Moved 1111.49 338.3759 552.3759 -0.05005573 0.4227774
Moved 1111.521 339.1304 553 -0.04830927 0.4243826
Moved 1111.552 341.141 555.141 -0.04365513 0.4298893
Moved 1111.582 347.2466 555.7488 -0.02952173 0.4314526
Ended 1111.613 375 557 0.03472219 0.4346707
Backspace 1113.027
Began 1113.641 363 571 0.006944438 0.4706789
Moved 1113.672 363 561.6526 0.006944438 0.4466374
Moved 1113.703 363 534.061 0.006944438 0.3756711
Moved 1113.733 363 505.8802 0.006944438 0.3031898
Moved 1113.764 384.2497 476.5839 0.05613347 0.2278392
Moved 1113.795 403.5262 451.5527 0.1007552 0.1634586
Moved 1113.826 417.3912 435.6088 0.1328499 0.1224506
Moved 1113.856 427.9962 424.6718 0.1573986 0.09432023
Moved 1113.887 434.4181 418.5818 0.1722642 0.07865693
Moved 1113.918 436 415.9133 0.1759259 0.07179342
Moved 1113.948 436 414.5 0.1759259 0.0681584
Moved 1113.979 410.3752 423.8499 0.1166091 0.09220649
Moved 1114.01 381.9179 437.7123 0.05073587 0.1278607
Moved 1114.041 350.8751 456.275 -0.0211225 0.1756042
Moved 1114.071 315.9884 479.7012 -0.1018787 0.235857
Moved 1114.102 280.5741 505.7833 -0.1838563 0.3029405
Moved 1114.133 263.4545 520.0607 -0.223485 0.3396623
Moved 1114.164 255.9441 528.0839 -0.2408702 0.360298
Moved 1114.194 250.1758 533.8242 -0.2542226 0.375062
Ended 1114.225 250 538 -0.2546296 0.3858024
Began 1114.747 230 367 -0.3009259 -0.05401234
Stationary 1114.778 230 367 -0.3009259 -0.05401234
Stationary 1114.809 230 367 -0.3009259 -0.05401234
Stationary 1114.84 230 367 -0.3009259 -0.05401234
Moved 1114.87 238.2887 374.3677 -0.281739 -0.0350624
Moved 1114.901 279.3268 411.3268 -0.1867435 0.05999691
Moved 1114.932 317.2657 445.0597 -0.0989221 0.1467584
Moved 1114.963 338.1704 461.6931 -0.05053153 0.1895398
Moved 1114.993 351.8427 470.8427 -0.01888275 0.2130726
Moved 1115.024 364.7725 478.8483 0.01104732 0.2336634
Moved 1115.055 369.6169 481.3084 0.02226134 0.2399907
Moved 1115.085 372.2991 482 0.02847026 0.2417695
Moved 1115.116 373 482 0.0300926 0.2417695
Moved 1115.147 374 482 0.03240744 0.2417695
Moved 1115.178 374 469.6108 0.03240744 0.2099043
Moved 1115.208 365.6121 413.0787 0.01299083 0.06450272
Moved 1115.239 357.1549 348.4716 -0.006585866 -0.1016678
Moved 1115.27 355 299.4337 -0.01157408 -0.227794
Moved 1115.301 355 269.1803 -0.01157408 -0.3056063
Moved 1115.331 355 247.5377 -0.01157408 -0.3612713
Moved 1115.362 355 236.795 -0.01157408 -0.3889017
Moved 1115.393 363.7261 229.5479 0.008625289 -0.4075416
Moved 1115.423 365.5 225.5 0.01273145 -0.4179527
Moved 1115.454 366.3995 221.6005 0.01481364 -0.4279824
Moved 1115.485 366 218.731 0.01388888 -0.4353628
Moved 1115.516 367 217.184 0.01620372 -0.4393417
Moved 1115.546 367 215.75 0.01620372 -0.4430298
Moved 1115.577 368.1243 215 0.01880616 -0.4449589
Moved 1115.608 368 212.7799 0.01851857 -0.450669
Stationary 1115.639 368 212.7799 0.01851857 -0.450669
Moved 1115.669 368.8222 212 0.02042174 -0.4526749
Ended 1115.7 369 212 0.02083332 -0.4526749
Began 1116.192 501 564 0.3263889 0.4526748
Stationary 1116.222 501 564 0.3263889 0.4526748
Moved 1116.253 481.6012 548.6582 0.2814843 0.4132155
Moved 1116.284 451.5778 524.4622 0.2119855 0.350983
Moved 1116.315 413.3644 498.2551 0.1235287 0.2835778
Moved 1116.345 362.5765 464.3843 0.00596414 0.1964617
Moved 1116.376 327.3923 441.3406 -0.07548069 0.1371927
Moved 1116.407 306.3322 427.5547 -0.1242311 0.1017354
Moved 1116.438 291.8303 420.0982 -0.1578002 0.08255699
Moved 1116.468 281.4514 413.4515 -0.1818254 0.0654615
Moved 1116.499 272.8581 408.2387 -0.2017174 0.05205425
Moved 1116.53 269.0373 406.0373 -0.2105619 0.04639213
Moved 1116.56 265.1728 404.1727 -0.2195075 0.04159648
Moved 1116.591 262.2949 402.2949 -0.2261693 0.03676654
Moved 1116.622 259.4208 401 -0.2328221 0.03343609
Moved 1116.653 258 400 -0.2361111 0.03086416
Stationary 1116.683 258 400 -0.2361111 0.03086416
Ended 1116.714 258 400 -0.2361111 0.03086416
Began 1117.175 307 557 -0.1226852 0.4346707
Stationary 1117.206 307 557 -0.1226852 0.4346707
Moved 1117.237 333.6899 523.0026 -0.06090303 0.3472289
Moved 1117.267 374.6989 483.4365 0.03402511 0.2454642
Moved 1117.298 414.8591 439.769 0.1269887 0.1331508
Moved 1117.329 434.2922 415.1347 0.1719727 0.06979083
Moved 1117.359 440.8824 403.6763 0.1872279 0.04031974
Moved 1117.39 441 399.0164 0.1875 0.02833413
Moved 1117.421 416.8588 398 0.1316175 0.02572008
Moved 1117.452 366.1275 431.7374 0.01418402 0.1124931
Moved 1117.482 322 463.5 -0.08796295 0.1941872
Moved 1117.513 288.5795 491.1622 -0.1653252 0.2653349
Moved 1117.544 265.011 511.9891 -0.219882 0.3189018
Moved 1117.574 254.2471 520.7529 -0.2447985 0.3414427
Ended 1117.605 252.6814 523.6373 -0.2484228 0.3488612
Began 1118.066 558 499 0.4583333 0.2854938
Stationary 1118.097 558 499 0.4583333 0.2854938
Moved 1118.128 530.6808 491.4539 0.3950945 0.2660849
Moved 1118.158 487.9177 479.9118 0.2961058 0.2363986
Moved 1118.189 431.016 462.7908 0.1643888 0.1923632
Moved 1118.22 357.1394 440.1246 -0.006621828 0.1340652
Moved 1118.251 292.2506 416.4169 -0.1568274 0.07308854
Moved 1118.281 259.3596 404.3998 -0.2329639 0.04218054
Moved 1118.312 229.0945 392.0378 -0.3030219 0.01038516
Moved 1118.343 208.3911 381.5092 -0.3509464 -0.01669448
Moved 1118.373 192.794 374.5176 -0.387051 -0.03467709
Moved 1118.404 185.4111 371.2056 -0.404141 -0.04319564
Moved 1118.435 181.3316 370 -0.4135842 -0.04629637
Moved 1118.466 178.4558 369 -0.4202412 -0.04886839
Moved 1118.496 175.5762 369 -0.426907 -0.04886839
Moved 1118.527 174.6286 369 -0.4291003 -0.04886839
Moved 1118.558 174 369 -0.4305556 -0.04886839
Moved 1118.589 181.6111 389.2273 -0.4129373 0.003156583
Moved 1118.619 208.4934 419.7012 -0.3507097 0.08153585
Moved 1118.65 254.118 464.8532 -0.2450973 0.1976676
Moved 1118.681 288.1698 492.1235 -0.1662737 0.2678072
Moved 1118.711 306.407 504.6442 -0.1240579 0.3000107
Moved 1118.742 316.6805 509.8402 -0.1002767 0.3133749
Moved 1118.773 323.907 514.6047 -0.08354852 0.3256293
Moved 1118.804 333.7476 517.1869 -0.06076947 0.3322707
Moved 1118.834 351.4318 518.7759 -0.01983389 0.3363578
Moved 1118.865 375.108 519 0.03497223 0.3369341
Moved 1118.896 394.6478 519 0.0802033 0.3369341
Moved 1118.926 400.6378 509.7678 0.09406895 0.3131886
Moved 1118.957 402 508.2714 0.09722222 0.3093399
Moved 1118.988 364.4832 467.2239 0.01037786 0.2037651
Moved 1119.019 316.8537 422.4683 -0.09987578 0.08865286
Moved 1119.049 293.1131 398.1131 -0.1548308 0.02601098
Moved 1119.08 281.9602 386.9503 -0.1806476 -0.002699879
Ended 1119.111 277 383 -0.1921296 -0.01286016
PhraseEnd 1120.125
