can we play cards tonight
Basic
0.6 0.6
432 388.8
Began 602.4251 375 259 0.03472219 -0.3317901
Stationary 602.4559 375 259 0.03472219 -0.3317901
Stationary 602.4866 375 259 0.03472219 -0.3317901
Stationary 602.5173 375 259 0.03472219 -0.3317901
Stationary 602.548 375 259 0.03472219 -0.3317901
Moved 602.5787 365.0419 251 0.01167109 -0.3523664
Moved 602.6095 356.8987 250 -0.007178883 -0.3549383
Moved 602.6403 335.9384 250 -0.05569826 -0.3549383
Moved 602.671 297.1559 276.0275 -0.1454724 -0.2879951
Moved 602.7017 250.7977 312.1686 -0.2527831 -0.1950396
Moved 602.7324 218.5894 344.8593 -0.3273394 -0.1109586
Moved 602.7631 202.5231 361.4088 -0.3645299 -0.06839304
Moved 602.7938 192.1103 372.8897 -0.3886336 -0.03886399
Moved 602.8246 186.3177 378.6823 -0.4020423 -0.02396548
Moved 602.8553 184 383.722 -0.4074074 -0.01100305
Moved 602.886 184 388.6901 -0.4074074 0.001774854
Moved 602.9167 243.4436 393 -0.2698066 0.01285996
Moved 602.9474 315.5595 369.1888 -0.1028715 -0.04838284
Moved 602.9782 366.1514 342.7706 0.01423925 -0.1163308
Moved 603.0087 400.9364 317.8508 0.09476026 -0.1804249
Moved 603.0397 417.0996 300.6255 0.132175 -0.2247286
Moved 603.0703 427.4794 291.5206 0.1562023 -0.2481467
Moved 603.1011 432.3539 284.6461 0.1674859 -0.265828
Ended 603.1318 434.1169 282.8831 0.171567 -0.2703625
Began 603.777 188 471 -0.3981482 0.2134772
Stationary 603.8077 188 471 -0.3981482 0.2134772
Stationary 603.8385 188 471 -0.3981482 0.2134772
Stationary 603.8692 188 471 -0.3981482 0.2134772
Stationary 603.9 188 471 -0.3981482 0.2134772
Moved 603.9307 215.302 471 -0.334949 0.2134772
Moved 603.9614 248.7967 481.5994 -0.257415 0.2407392
Moved 603.9921 269.5 484.5 -0.2094908 0.2481995
Moved 604.0228 278.6555 486 -0.1882975 0.2520575
Moved 604.0536 285.1867 487 -0.1731789 0.2546296
Moved 604.0842 287.9668 487 -0.1667436 0.2546296
Moved 604.115 290.3496 487 -0.1612277 0.2546296
Ended 604.1458 292 487 -0.1574074 0.2546296
Began 604.5759 473 410 0.2615741 0.05658428
Stationary 604.6066 473 410 0.2615741 0.05658428
Stationary 604.6373 473 410 0.2615741 0.05658428
Moved 604.668 482.1711 399.8289 0.2828034 0.03042409
Moved 604.6988 483.7204 398 0.2863898 0.02572008
Moved 604.7295 485.6021 396.3979 0.2907457 0.02159947
Moved 604.7603 487.0313 396 0.2940539 0.02057605
Moved 604.791 489.5 396 0.2997685 0.02057605
Moved 604.8217 490.1878 396 0.3013607 0.02057605
Moved 604.8524 491.1048 396 0.3034834 0.02057605
Moved 604.8832 492.3745 396 0.3064225 0.02057605
Stationary 604.9139 492.3745 396 0.3064225 0.02057605
Stationary 604.9446 492 396 0.3055556 0.02057605
Moved 604.9753 492 394.0397 0.3055556 0.01553422
Moved 605.006 492 387.3439 0.3055556 -0.001687611
Moved 605.0367 480.2619 377.8928 0.278384 -0.02599598
Moved 605.0675 465.7767 359.2874 0.2448536 -0.07384932
Moved 605.0983 449.2454 341.2454 0.2065866 -0.1202536
Moved 605.129 431.4604 325.9136 0.1654176 -0.1596872
Moved 605.1597 409.9889 309.9926 0.1157151 -0.2006363
Moved 605.1904 393.1168 300.8701 0.07665912 -0.2240997
Moved 605.2211 376.2343 300 0.03757944 -0.2263375
Moved 605.2518 357.7825 300 -0.005133103 -0.2263375
Moved 605.2825 336.6079 309.022 -0.05414833 -0.2031327
Moved 605.3133 311.2527 320.8737 -0.112841 -0.1726501
Moved 605.344 275.5669 338.5076 -0.1954469 -0.1272953
Moved 605.3748 240.7149 353.725 -0.276123 -0.08815577
Moved 605.4055 214.2682 363.6376 -0.3373421 -0.06266049
Moved 605.4362 193.8429 368.6929 -0.384623 -0.04965833
Moved 605.4669 183.1867 370 -0.4092901 -0.04629637
Moved 605.4976 174.7178 372 -0.428894 -0.04115226
Moved 605.5284 169.9834 373 -0.4398533 -0.03858032
Moved 605.5591 167.1082 374 -0.4465088 -0.03600823
Moved 605.5898 167 375.5 -0.4467593 -0.03215028
Moved 605.6205 167 386.2307 -0.4467593 -0.004550831
Moved 605.6513 214.3609 413.6345 -0.3371274 0.06593237
Moved 605.682 255.6235 435.1992 -0.2416123 0.121397
Moved 605.7127 302.6061 453.9554 -0.1328563 0.1696384
Moved 605.7434 339.7187 468.7159 -0.04694755 0.2076025
Moved 605.7742 367.2519 477.6434 0.01678675 0.2305641
Moved 605.8049 387.0709 484.7346 0.06266415 0.2488028
Moved 605.8356 400.9427 489.7357 0.09477477 0.2616656
Moved 605.8664 408.2247 492 0.1116311 0.2674896
Moved 605.8971 415.4756 493 0.1284158 0.2700616
Ended 605.9278 415.4756 493 0.1284158 0.2700616
Began 606.4194 282 281 -0.1805555 -0.2752058
Stationary 606.4501 282 281 -0.1805555 -0.2752058
Stationary 606.4809 282 281 -0.1805555 -0.2752058
Moved 606.5115 271.8577 268.3221 -0.2040331 -0.3078135
Moved 606.5423 268.1634 264.3268 -0.2125847 -0.3180894
Moved 606.573 263.2854 258.2855 -0.2238763 -0.333628
Moved 606.6038 259.4133 254.4133 -0.2328396 -0.3435871
Moved 606.6345 255.9045 251.9045 -0.2409619 -0.3500398
Moved 606.6652 241.023 252 -0.2754097 -0.3497943
Moved 606.6959 208.5593 287.3108 -0.3505571 -0.2589744
Moved 606.7267 177.7473 323.7532 -0.4218813 -0.1652437
Moved 606.7574 159.1834 345.0761 -0.4648533 -0.110401
Moved 606.7881 150.6245 357.5007 -0.4846655 -0.07844477
Moved 606.8188 146.9905 363.0095 -0.4930775 -0.06427615
Moved 606.8495 145.3341 368.3318 -0.4969118 -0.05058696
Moved 606.8802 145 372.8711 -0.4976852 -0.03891179
Moved 606.911 144 379.931 -0.5000001 -0.0207536
Moved 606.9418 144 385.3657 -0.5000001 -0.006775483
Moved 606.9725 156.5142 393.5142 -0.471032 0.01418251
Moved 607.0032 177.1715 411.5969 -0.4232142 0.06069144
Moved 607.034 206.5257 433.168 -0.3552646 0.1161726
Moved 607.0646 243.5294 462.8823 -0.2696079 0.1925984
Moved 607.0954 275.9164 484.2119 -0.1946381 0.2474585
Moved 607.1261 300.3884 503.8489 -0.1379898 0.2979651
Moved 607.1569 316.5923 514.9443 -0.1004807 0.3265027
Moved 607.1876 324.2805 521.2805 -0.08268411 0.3427994
Moved 607.2183 328.0639 523.064 -0.0739261 0.3473867
Moved 607.249 329.5 524 -0.07060184 0.3497942
Moved 607.2797 329.8105 525 -0.06988322 0.3523662
Moved 607.3105 330.5 525 -0.06828706 0.3523662
Moved 607.3412 330 525 -0.06944443 0.3523662
Stationary 607.3719 330 525 -0.06944443 0.3523662
Moved 607.4026 309.2951 499.1558 -0.1173724 0.2858945
Moved 607.4333 282.0005 459.0009 -0.1805543 0.1826153
Moved 607.4641 262.7153 427.1921 -0.2251961 0.1008028
Moved 607.4948 254.4979 410.7449 -0.2442177 0.05850011
Moved 607.5255 249.4474 402.6711 -0.2559088 0.03773434
Moved 607.5563 246.3523 395.7047 -0.2630733 0.01981665
Moved 607.587 244.476 390.476 -0.2674166 0.006368229
Moved 607.6177 242.5993 386.1985 -0.2717609 -0.004633444
Moved 607.6484 241.0285 385.0285 -0.275397 -0.007642816
Moved 607.6791 236.3093 382.1547 -0.286321 -0.01503438
Moved 607.7098 221.6603 380.2767 -0.3202308 -0.01986445
Moved 607.7406 210.2085 380 -0.3467396 -0.02057613
Moved 607.7713 200.7186 380 -0.3687069 -0.02057613
Ended 607.8021 200 380 -0.3703704 -0.02057613
Began 608.3858 349 496 -0.02546296 0.2777777
Stationary 608.4166 349 496 -0.02546296 0.2777777
Stationary 608.4473 349 496 -0.02546296 0.2777777
Stationary 608.478 349 496 -0.02546296 0.2777777
Stationary 608.5087 349 496 -0.02546296 0.2777777
Stationary 608.5395 349 496 -0.02546296 0.2777777
Stationary 608.5702 349 496 -0.02546296 0.2777777
Moved 608.6009 376.4232 507.4846 0.03801654 0.3073163
Moved 608.6317 435.193 514.0729 0.1740579 0.3242616
Moved 608.6623 484.2403 519.416 0.2875932 0.3380041
Moved 608.6931 508.0107 523.2872 0.3426175 0.3479609
Moved 608.7239 521.249 525.8123 0.3732617 0.3544553
Moved 608.7546 528.3713 527 0.3897483 0.3575102
Moved 608.7853 531.5603 527 0.3971303 0.3575102
Moved 608.816 532 527 0.3981481 0.3575102
Moved 608.8466 521.9611 512.9456 0.3749101 0.3213619
Moved 608.8774 446.4467 427.9852 0.200108 0.1028426
Moved 608.9082 390.8423 350.4544 0.07139434 -0.09656788
Moved 608.9389 380.075 321.9938 0.04646997 -0.1697692
Moved 608.9696 373.6101 294.0505 0.03150483 -0.2416396
Moved 609.0003 371 277.762 0.025463 -0.2835341
Moved 609.0311 369 269.119 0.02083332 -0.3057639
Moved 609.0618 369 267 0.02083332 -0.311214
Moved 609.0925 369 277.4996 0.02083332 -0.2842088
Moved 609.1233 392.5756 335.7268 0.07540643 -0.1344475
Moved 609.154 406.2268 384.1004 0.1070064 -0.01002983
Moved 609.1847 420.4691 430.0245 0.1399748 0.1080876
Moved 609.2155 429.4927 459.9756 0.1608627 0.1851223
Moved 609.2462 439.1014 480.937 0.1831051 0.2390354
Moved 609.2769 446.3253 498.9761 0.1998271 0.2854322
Moved 609.3076 448 503.5247 0.2037037 0.2971314
Moved 609.3384 449 508.6321 0.2060185 0.3102676
Moved 609.3691 449 510 0.2060185 0.3137859
Moved 609.3998 439.5874 511 0.1842301 0.3163579
Moved 609.4305 407.5087 495.327 0.1099738 0.2760468
Moved 609.4612 350.8625 457.0674 -0.0211515 0.1776424
Moved 609.492 323.4232 431.4232 -0.08466854 0.1116852
Moved 609.5227 298.4782 405.2245 -0.1424116 0.04430174
Moved 609.5534 287.7419 393.6129 -0.167264 0.01443639
Moved 609.5842 281.9956 387.9955 -0.1805658 -1.153828E-05
Moved 609.6149 280.4875 384.4875 -0.1840567 -0.009034317
Moved 609.6456 280 382.8055 -0.1851852 -0.01336047
Moved 609.6763 289.0743 381.8657 -0.1641798 -0.01577754
Moved 609.707 319.3882 382 -0.09400874 -0.01543218
Moved 609.7378 358.4539 386.8785 -0.00357901 -0.00288461
Moved 609.7685 391.04 391.5771 0.07185191 0.009200444
Moved 609.7992 406.8082 393.452 0.1083522 0.01402262
Moved 609.83 409.9746 394.9746 0.1156821 0.01793873
Moved 609.8607 410 404.0928 0.1157407 0.04139096
Moved 609.8914 386.6946 431.0359 0.06179313 0.1106889
Moved 609.9221 363.5 460 0.008101861 0.1851851
Moved 609.9529 343.9269 476.8942 -0.03720621 0.2286373
Moved 609.9836 334.8261 485.1739 -0.05827288 0.2499327
Ended 610.0143 333.5053 486.4947 -0.0613303 0.2533298
PhraseEnd 611.7349
