interactions between men and women
interactions between men and women
Basic
0.6 0.6
432 326.4
Began 1010.867 498 377 0.3194444 0.02757353
Stationary 1010.962 498 377 0.3194444 0.02757353
Stationary 1010.998 498 377 0.3194444 0.02757353
Stationary 1011.032 498 377 0.3194444 0.02757353
Stationary 1011.069 498 377 0.3194444 0.02757353
Stationary 1011.104 498 377 0.3194444 0.02757353
Stationary 1011.142 498 377 0.3194444 0.02757353
Stationary 1011.176 498 377 0.3194444 0.02757353
Stationary 1011.21 498 377 0.3194444 0.02757353
Stationary 1011.245 498 377 0.3194444 0.02757353
Stationary 1011.279 498 377 0.3194444 0.02757353
Stationary 1011.322 498 377 0.3194444 0.02757353
Moved 1011.357 498 386 0.3194444 0.05514706
Moved 1011.393 498 387 0.3194444 0.05821083
Moved 1011.43 498 389.241 0.3194444 0.06507649
Moved 1011.467 498 393.6303 0.3194444 0.07852424
Moved 1011.506 487.5047 396.4993 0.2951499 0.08731417
Moved 1011.543 485.5592 401.4408 0.2906463 0.1024535
Moved 1011.58 479.695 408.6099 0.2770719 0.1244177
Moved 1011.622 473 415.6132 0.2615741 0.1458738
Moved 1011.664 469.4054 419.5946 0.2532532 0.1580718
Moved 1011.721 468 422.895 0.25 0.1681833
Moved 1011.758 466.1556 425.8444 0.2457306 0.1772194
Moved 1011.796 464.283 428.717 0.2413958 0.1860201
Moved 1011.844 461.9846 434.0153 0.2360756 0.2022528
Moved 1011.882 457.9783 439.0433 0.2268017 0.2176573
Moved 1011.92 455.2523 442.7477 0.2204916 0.2290064
Moved 1011.956 449.6001 448.2 0.2074076 0.2457107
Moved 1011.996 448.7779 449.2221 0.2055044 0.2488422
Moved 1012.033 441.5846 454.9436 0.1888532 0.2663715
Moved 1012.069 439 458 0.1828703 0.2757353
Moved 1012.126 438 459 0.1805556 0.2787991
Stationary 1012.163 438 459 0.1805556 0.2787991
Stationary 1012.198 438 459 0.1805556 0.2787991
Stationary 1012.234 438 459 0.1805556 0.2787991
Stationary 1012.269 438 459 0.1805556 0.2787991
Moved 1012.304 438 449 0.1805556 0.2481618
Moved 1012.344 445.683 429.902 0.1983403 0.1896506
Moved 1012.378 447 413.7644 0.2013889 0.1402096
Moved 1012.414 447 402.2983 0.2013889 0.1050808
Moved 1012.45 447 385.7854 0.2013889 0.05448963
Moved 1012.506 426.0309 362.5463 0.1528493 -0.01670866
Moved 1012.543 416.2891 342.8673 0.1302988 -0.07699967
Moved 1012.583 411.4205 333.2617 0.119029 -0.1064288
Moved 1012.621 408.1157 324.2314 0.111379 -0.1340947
Moved 1012.657 406.6118 320.2235 0.1078976 -0.1463741
Moved 1012.692 406 315.4858 0.1064815 -0.1608892
Moved 1012.727 404 307.4515 0.1018518 -0.1855038
Moved 1012.762 403 304.899 0.09953707 -0.1933239
Moved 1012.796 402.0309 302.0309 0.09729365 -0.2021113
Moved 1012.83 402 299.1602 0.09722222 -0.2109061
Moved 1012.885 401 295.8859 0.09490739 -0.2209379
Moved 1012.92 401 293.9033 0.09490739 -0.2270119
Moved 1012.953 401 292.5 0.09490739 -0.2313112
Moved 1012.992 400 317.4808 0.09259263 -0.1547771
Moved 1013.03 395.3253 352.2111 0.08177141 -0.04837289
Moved 1013.067 387.7051 389.1796 0.06413221 0.06488838
Moved 1013.104 383.3273 401.6907 0.05399843 0.1032193
Moved 1013.146 379 415.9368 0.04398147 0.1468653
Moved 1013.184 376.162 421.838 0.03741205 0.1649449
Moved 1013.221 373.2272 428.5456 0.03061851 0.1854951
Moved 1013.279 369.9275 435.0724 0.02298037 0.2054916
Moved 1013.313 368 439.0479 0.01851857 0.2176713
Moved 1013.348 367 440 0.01620372 0.2205883
Moved 1013.383 367 441.3477 0.01620372 0.2247171
Moved 1013.417 367 442.3251 0.01620372 0.2277116
Moved 1013.451 365.6826 442 0.01315425 0.2267157
Moved 1013.484 363.7614 443 0.008706947 0.2297794
Moved 1013.522 359.323 444.3385 -0.001567155 0.2338802
Moved 1013.557 343.5921 444 -0.03798117 0.2328433
Moved 1013.591 332.13 444 -0.06451393 0.2328433
Moved 1013.648 317.1189 444 -0.09926181 0.2328433
Moved 1013.688 304.5086 444 -0.1284524 0.2328433
Moved 1013.722 293.9076 444 -0.1529916 0.2328433
Moved 1013.756 271.5406 444 -0.2047671 0.2328433
Moved 1013.79 263.5285 444 -0.2233137 0.2328433
Moved 1013.824 257.942 444 -0.2362455 0.2328433
Moved 1013.857 255.323 444 -0.2423078 0.2328433
Moved 1013.891 253.9931 444 -0.2453865 0.2328433
Moved 1013.926 252.2592 444 -0.2494001 0.2328433
Moved 1013.961 252 444 -0.25 0.2328433
Moved 1014.015 255.8098 449.0885 -0.241181 0.248433
Moved 1014.049 274.2724 454.8545 -0.1984435 0.2660984
Moved 1014.083 286.6313 457.3262 -0.169835 0.2736711
Moved 1014.116 299.1728 459 -0.1408037 0.2787991
Moved 1014.15 308.4647 461.1549 -0.1192946 0.2854011
Moved 1014.184 315.0596 463.0298 -0.1040287 0.2911452
Moved 1014.217 319.9984 464 -0.09259621 0.2941177
Moved 1014.25 322.5 464 -0.08680557 0.2941177
Moved 1014.283 323 465 -0.08564815 0.2971814
Stationary 1014.317 323 465 -0.08564815 0.2971814
Moved 1014.373 314.1361 465 -0.1061664 0.2971814
Moved 1014.411 297 454.5 -0.1458333 0.2650123
Moved 1014.447 266.7369 435.5895 -0.2158867 0.2070757
Moved 1014.483 254.8752 428.5834 -0.2433445 0.1856111
Moved 1014.522 243 421.5 -0.2708333 0.1639094
Moved 1014.561 221 409 -0.3217593 0.1256129
Moved 1014.598 208.3631 397.7723 -0.3510112 0.09121428
Moved 1014.633 200.3741 388.3741 -0.3695045 0.06242065
Moved 1014.677 194.7296 380.4592 -0.3825704 0.03817166
Moved 1014.713 188.4311 372.8621 -0.3971502 0.0148963
Moved 1014.77 185.5 368.5 -0.4039352 0.001531863
Moved 1014.805 183.1736 364.1736 -0.4093204 -0.01172299
Moved 1014.841 181.2985 362.2985 -0.4136609 -0.01746776
Moved 1014.876 181 360.9166 -0.4143519 -0.0217017
Moved 1014.911 180 358.7427 -0.4166667 -0.0283619
Moved 1014.946 180 357.6266 -0.4166667 -0.03178129
Moved 1014.981 180 355.1302 -0.4166667 -0.03942939
Moved 1015.015 194.2025 348.5981 -0.3837906 -0.05944196
Moved 1015.049 217.5467 333.6719 -0.3297529 -0.1051717
Moved 1015.083 229.7621 326.119 -0.3014767 -0.1283119
Moved 1015.138 254.4195 306.4837 -0.2443992 -0.1884691
Moved 1015.173 271.9071 290.3196 -0.2039187 -0.2379913
Moved 1015.209 279.3961 283.4026 -0.186583 -0.2591833
Moved 1015.244 284.6691 278.3309 -0.1743772 -0.2747214
Moved 1015.279 292.9571 271.0429 -0.1551919 -0.2970499
Moved 1015.313 298 267.5 -0.1435185 -0.3079043
Moved 1015.347 303.3738 263.6262 -0.1310792 -0.3197726
Moved 1015.382 307.2415 262 -0.1221261 -0.3247548
Moved 1015.421 309.1828 260 -0.1176324 -0.3308824
Stationary 1015.463 309 260 -0.1180555 -0.3308824
Stationary 1015.522 309 260 -0.1180555 -0.3308824
Moved 1015.559 309 298.2929 -0.1180555 -0.2135633
Moved 1015.596 309 332.143 -0.1180555 -0.1098559
Moved 1015.636 313.1927 381.1561 -0.1083503 0.04030677
Moved 1015.673 319.9194 412.5969 -0.09277924 0.1366326
Moved 1015.71 332.2909 455.8728 -0.0641414 0.2692182
Moved 1015.747 339.7594 476.772 -0.04685323 0.3332475
Moved 1015.793 350.2794 494.5587 -0.0225015 0.3877412
Moved 1015.828 356 501 -0.009259283 0.4074755
Moved 1015.866 359.4797 505.4797 -0.001204461 0.4212
Moved 1015.923 364.7777 507.7777 0.01105944 0.4282405
Moved 1015.967 369.5811 509.7906 0.02217849 0.4344075
Moved 1016.002 377.8235 512 0.04125804 0.4411765
Moved 1016.036 390.6822 514 0.0710237 0.447304
Moved 1016.074 407.5 514 0.1099537 0.447304
Moved 1016.107 426.3391 514 0.1535627 0.447304
Moved 1016.14 453.9631 499.5184 0.2175073 0.4029364
Moved 1016.173 472.6166 489.5048 0.2606867 0.3722574
Moved 1016.207 485.4606 482.2697 0.2904181 0.3500911
Moved 1016.24 499.2383 473.5078 0.3223107 0.323247
Moved 1016.293 515.3979 464.8674 0.3597175 0.2967751
Moved 1016.328 520.0445 460.911 0.3704734 0.2846539
Moved 1016.363 523.9343 458.0657 0.3794774 0.2759367
Moved 1016.399 525.8051 453.3897 0.3838081 0.2616107
Moved 1016.434 526 443.4204 0.3842592 0.2310674
Moved 1016.468 515.9434 423.8869 0.3609802 0.1712222
Moved 1016.503 506.4394 402.2386 0.33898 0.1048979
Moved 1016.538 488.6183 371.7892 0.2977275 0.01160902
Moved 1016.572 466.2573 331.5146 0.245966 -0.111781
Moved 1016.607 455.7218 309.7632 0.2215783 -0.1784216
Moved 1016.667 441.5685 281.137 0.188816 -0.2661243
Moved 1016.706 434.8363 272.2545 0.1732322 -0.2933379
Moved 1016.745 428.6048 262.2095 0.1588073 -0.3241129
Moved 1016.785 424.1574 256.1574 0.1485124 -0.3426549
Moved 1016.823 422.2841 253.2841 0.1441762 -0.3514581
Moved 1016.859 420.7819 252 0.1406988 -0.3553922
Moved 1016.895 417.4176 251 0.1329111 -0.358456
Moved 1016.931 412.0877 251 0.1205734 -0.358456
Moved 1016.965 395.0512 269.9415 0.08113702 -0.3004243
Moved 1017.005 362.9916 305.0084 0.006924967 -0.1929888
Moved 1017.067 329.6968 339.586 -0.07014628 -0.0870527
Moved 1017.105 312.6596 351.4042 -0.1095842 -0.05084487
Moved 1017.144 289.0376 366.4812 -0.1642647 -0.00465309
Moved 1017.181 278 371.5 -0.1898148 0.01072313
Moved 1017.223 260.8268 380.5866 -0.2295675 0.03856201
Moved 1017.26 255.0955 383.4522 -0.2428344 0.04734142
Moved 1017.296 250.7066 384 -0.2529941 0.04901971
Moved 1017.332 247.7386 385 -0.2598644 0.05208334
Moved 1017.369 245.4357 386 -0.2651952 0.05514706
Moved 1017.406 244 387.0995 -0.2685185 0.05851578
Moved 1017.462 240.6271 387 -0.2763261 0.05821083
Moved 1017.497 239.761 387 -0.2783309 0.05821083
Ended 1017.534 239.761 387 -0.2783309 0.05821083
Candidates 1017.654 5 interactions infections objections interactive objectives
Began 1018.87 298 226 -0.1435185 -0.4350491
Moved 1018.917 312.5005 275.7021 -0.1099526 -0.2827754
Moved 1018.957 317 366.239 -0.09953702 -0.005395179
Moved 1018.996 317 403.0851 -0.09953702 0.1074911
Ended 1019.033 303 437 -0.1319445 0.2113971
Accept 1019.068 interactions
Began 1020.378 352 203 -0.01851852 -0.5055147
Stationary 1020.424 352 203 -0.01851852 -0.5055147
Stationary 1020.461 352 203 -0.01851852 -0.5055147
Stationary 1020.5 352 203 -0.01851852 -0.5055147
Stationary 1020.536 352 203 -0.01851852 -0.5055147
Stationary 1020.571 352 203 -0.01851852 -0.5055147
Stationary 1020.606 352 203 -0.01851852 -0.5055147
Stationary 1020.655 352 203 -0.01851852 -0.5055147
Stationary 1020.689 352 203 -0.01851852 -0.5055147
Stationary 1020.724 352 203 -0.01851852 -0.5055147
Stationary 1020.759 352 203 -0.01851852 -0.5055147
Moved 1020.795 352 213.3367 -0.01851852 -0.4738459
Moved 1020.832 352 219.4457 -0.01851852 -0.4551296
Moved 1020.868 352 253.5 -0.01851852 -0.3507966
Moved 1020.909 352 285.5012 -0.01851852 -0.2527537
Moved 1020.947 335.8417 331.0082 -0.05592197 -0.1133326
Moved 1021.008 303.778 378.3552 -0.1301436 0.03172557
Moved 1021.045 286.8489 402.2267 -0.1693313 0.1048612
Moved 1021.08 276.1783 419.7325 -0.1940316 0.1584941
Moved 1021.118 268.2353 439.0588 -0.2124183 0.2177048
Moved 1021.157 265.5 448 -0.21875 0.2450981
Moved 1021.196 265 455 -0.2199074 0.2665441
Moved 1021.232 264 458.4394 -0.2222222 0.2770816
Moved 1021.27 263 464.6714 -0.2245371 0.2961748
Moved 1021.308 261 468.2883 -0.2291666 0.3072557
Moved 1021.346 259 473.6025 -0.2337963 0.3235371
Moved 1021.417 259 479.9858 -0.2337963 0.3430937
Moved 1021.456 275.8863 483.2954 -0.1947077 0.3532335
Moved 1021.494 285.5482 483.8494 -0.1723422 0.3549307
Moved 1021.533 301.4019 485 -0.1356437 0.3584559
Moved 1021.567 310.9145 485 -0.1136239 0.3584559
Moved 1021.606 322.8551 485 -0.08598363 0.3584559
Moved 1021.652 330.5031 485 -0.0682799 0.3584559
Moved 1021.687 334.2441 485 -0.05962019 0.3584559
Moved 1021.722 335.1885 485 -0.05743399 0.3584559
Moved 1021.756 337.4994 485 -0.05208482 0.3584559
Stationary 1021.814 337 485 -0.05324075 0.3584559
Moved 1021.859 318.0007 489.2498 -0.09722054 0.3714761
Moved 1021.894 301.2065 490 -0.136096 0.3737745
Moved 1021.928 269.4121 481.4121 -0.2096942 0.3474636
Moved 1021.962 249.2376 475.0679 -0.2563945 0.3280266
Moved 1021.997 237.4983 470.3322 -0.2835687 0.3135179
Moved 1022.03 229.5908 468.2954 -0.3018731 0.3072776
Moved 1022.064 223.5936 466.7968 -0.3157557 0.3026863
Moved 1022.098 216.4911 466 -0.3321966 0.300245
Moved 1022.132 213.6174 466 -0.3388486 0.300245
Moved 1022.185 210.5 466 -0.3460648 0.300245
Moved 1022.22 209 464.5 -0.349537 0.2956496
Moved 1022.254 207.8232 465 -0.3522611 0.2971814
Stationary 1022.288 208 465 -0.3518518 0.2971814
Stationary 1022.321 208 465 -0.3518518 0.2971814
Stationary 1022.353 208 465 -0.3518518 0.2971814
Stationary 1022.386 208 465 -0.3518518 0.2971814
Stationary 1022.424 208 465 -0.3518518 0.2971814
Stationary 1022.457 208 465 -0.3518518 0.2971814
Stationary 1022.49 208 465 -0.3518518 0.2971814
Moved 1022.546 215.8251 465 -0.3337382 0.2971814
Moved 1022.58 217.6652 465 -0.3294788 0.2971814
Moved 1022.616 218.5 465 -0.3275463 0.2971814
Moved 1022.655 223.9131 465 -0.3150159 0.2971814
Moved 1022.693 230.9641 465 -0.2986943 0.2971814
Moved 1022.731 249.4665 465 -0.2558647 0.2971814
Moved 1022.768 260.4909 465 -0.230345 0.2971814
Moved 1022.804 272.9388 465 -0.2015305 0.2971814
Moved 1022.843 275.982 465 -0.1944862 0.2971814
Moved 1022.877 278.8499 465 -0.1878476 0.2971814
Moved 1022.932 281.2119 465 -0.1823798 0.2971814
Moved 1022.966 285.4612 457.0776 -0.1725436 0.2729094
Moved 1023.001 295.0744 439.8511 -0.1502907 0.2201322
Moved 1023.036 306.9892 415.0215 -0.1227101 0.1440612
Moved 1023.069 314.6248 399.7503 -0.1050351 0.09727418
Moved 1023.103 323.2067 385.5865 -0.08516963 0.0538804
Moved 1023.137 331.2103 367.5795 -0.0666429 -0.001288395
Moved 1023.172 340.4054 352.2905 -0.04535779 -0.0481297
Moved 1023.212 357.6437 329.3563 -0.005454471 -0.1183936
Moved 1023.251 374 306 0.03240744 -0.189951
Moved 1023.31 391.7469 291.9398 0.07348826 -0.2330275
Moved 1023.349 402.9732 282.0179 0.09947498 -0.2634255
Moved 1023.385 410.113 276.258 0.1160023 -0.2810722
Moved 1023.422 421.6152 264.5771 0.1426278 -0.3168592
Moved 1023.463 430.0316 255.9684 0.1621101 -0.343234
Moved 1023.5 437.6802 247.6396 0.1798153 -0.368751
Moved 1023.535 441.5 244.5 0.1886574 -0.3783701
Moved 1023.571 443.417 243 0.1930949 -0.3829657
Moved 1023.605 444 242 0.1944444 -0.3860293
Moved 1023.639 445.2493 242 0.1973363 -0.3860293
Stationary 1023.693 445 242 0.1967593 -0.3860293
Ended 1023.727 445 242 0.1967593 -0.3860293
Candidates 1023.79 5 between been ben verb veteran
Began 1024.455 315 289 -0.1041667 -0.2420342
Moved 1024.504 305.696 384.4689 -0.1257038 0.05045615
Moved 1024.542 296.61 438.9501 -0.1467362 0.2173717
Ended 1024.581 266 522 -0.2175926 0.4718138
Accept 1024.656 between
Began 1025.364 398 232 0.08796295 -0.4166667
Stationary 1025.413 398 232 0.08796295 -0.4166667
Stationary 1025.449 398 232 0.08796295 -0.4166667
Stationary 1025.485 398 232 0.08796295 -0.4166667
Stationary 1025.521 398 232 0.08796295 -0.4166667
Moved 1025.558 406.7135 232 0.108133 -0.4166667
Moved 1025.599 415.7343 241.6014 0.1290146 -0.3872504
Moved 1025.637 425.3303 251.3303 0.1512275 -0.3574439
Moved 1025.681 431.0799 259.1198 0.1645367 -0.333579
Moved 1025.718 440.0138 279.0483 0.1852172 -0.2725236
Moved 1025.755 444.7562 287.6343 0.1961949 -0.2462185
Moved 1025.792 447 297.3594 0.2013889 -0.2164233
Moved 1025.827 447 303.3685 0.2013889 -0.1980133
Moved 1025.865 447 311.5 0.2013889 -0.1731004
Moved 1025.916 390.293 346.8402 0.07012258 -0.06482779
Moved 1025.952 360.5593 361.2203 0.001294712 -0.02077112
Moved 1025.988 338.2978 369.4255 -0.05023658 0.004367454
Moved 1026.029 312.4907 381.0062 -0.1099752 0.03984732
Moved 1026.067 296.836 390.164 -0.146213 0.06790441
Moved 1026.102 281.4751 403.5249 -0.1817706 0.1088386
Moved 1026.137 276 409 -0.1944444 0.1256129
Moved 1026.174 272.4576 413.5424 -0.2026445 0.1395294
Moved 1026.212 268.4215 425.7355 -0.2119873 0.1768859
Moved 1026.253 267 432.1017 -0.2152778 0.1963899
Moved 1026.31 266 441.7076 -0.2175926 0.22582
Moved 1026.348 266 451.3152 -0.2175926 0.2552549
Moved 1026.385 266 456.6589 -0.2175926 0.2716264
Moved 1026.422 266 462.9597 -0.2175926 0.2909305
Moved 1026.458 266 465.8327 -0.2175926 0.2997326
Moved 1026.494 266 468.3688 -0.2175926 0.3075026
Moved 1026.531 270.6566 470 -0.2068134 0.3125
Moved 1026.568 273 471.5 -0.2013889 0.3170956
Moved 1026.604 276.0529 471 -0.194322 0.3155637
Moved 1026.643 283.0978 471 -0.1780143 0.3155637
Moved 1026.71 309.9935 441.6052 -0.1157558 0.2255062
Moved 1026.749 348.0356 399.7573 -0.0276955 0.09729572
Moved 1026.788 366.8009 373.256 0.01574288 0.01610298
Moved 1026.828 387.6943 337.5502 0.06410718 -0.09328964
Moved 1026.866 398.2422 319.326 0.08852373 -0.1491236
Moved 1026.913 409.2436 293.2692 0.1139899 -0.2289548
Moved 1026.955 417.1051 273.7373 0.1321877 -0.288795
Moved 1026.993 421.3521 253.5917 0.1420187 -0.3505157
Moved 1027.031 422.9301 247.1398 0.1456716 -0.3702826
Moved 1027.069 424.2025 238.595 0.1486168 -0.3964615
Moved 1027.13 424 234.5 0.1481481 -0.4090073
Moved 1027.168 424 231.5442 0.1481481 -0.4180631
Moved 1027.206 424 231 0.1481481 -0.4197304
Ended 1027.241 424 231 0.1481481 -0.4197304
Candidates 1027.299 5 men been ben charm verb
Began 1027.858 307 295 -0.1226852 -0.223652
Moved 1027.905 293.1975 385.3119 -0.1546354 0.05303892
Ended 1027.95 275 451 -0.1967592 0.2542892
Accept 1027.989 men
Began 1028.6 188 326 -0.3981482 -0.1286766
Stationary 1028.644 188 326 -0.3981482 -0.1286766
Stationary 1028.68 188 326 -0.3981482 -0.1286766
Stationary 1028.716 188 326 -0.3981482 -0.1286766
Moved 1028.754 173.2517 326 -0.4322876 -0.1286766
Moved 1028.793 164.7055 326 -0.4520705 -0.1286766
Moved 1028.83 160.8913 326 -0.4608997 -0.1286766
Moved 1028.868 157.9882 326 -0.4676198 -0.1286766
Moved 1028.904 154.6808 326 -0.4752758 -0.1286766
Moved 1028.95 153.6276 326 -0.4777139 -0.1286766
Moved 1028.997 152.8275 326 -0.4795659 -0.1286766
Stationary 1029.039 152.8275 326 -0.4795659 -0.1286766
Stationary 1029.077 153 326 -0.4791667 -0.1286766
Moved 1029.12 172.6288 326 -0.4337295 -0.1286766
Moved 1029.156 190 326 -0.3935185 -0.1286766
Moved 1029.194 227.3247 306.0418 -0.3071187 -0.1898229
Moved 1029.233 251.7088 291.682 -0.2506741 -0.2338174
Moved 1029.272 280.2466 283.3581 -0.1846144 -0.2593196
Moved 1029.313 306.116 281 -0.1247315 -0.2665441
Moved 1029.35 339.2368 281 -0.04806285 -0.2665441
Moved 1029.41 387.8082 281 0.06437083 -0.2665441
Moved 1029.45 406.1577 281 0.1068464 -0.2665441
Moved 1029.487 419.722 281 0.1382452 -0.2665441
Moved 1029.525 422.6805 281 0.1450937 -0.2665441
Moved 1029.565 424.5 281 0.1493056 -0.2665441
Moved 1029.603 424 289.741 0.1481481 -0.2397641
Moved 1029.641 417.5768 302.0145 0.1332797 -0.2021613
Moved 1029.677 400.285 322.3885 0.09325236 -0.139741
Moved 1029.712 382.5 344 0.05208333 -0.07352941
Moved 1029.755 347.6464 371.721 -0.02859622 0.01140015
Moved 1029.815 303.6603 397.2999 -0.130416 0.08976685
Moved 1029.849 287.4124 405.1929 -0.1680269 0.113949
Moved 1029.884 274.8232 413.0884 -0.1971685 0.1381385
Moved 1029.918 272 414.9672 -0.2037037 0.1438947
Moved 1029.954 271 416.4668 -0.2060186 0.148489
Moved 1029.988 269.5 416 -0.2094908 0.1470588
Moved 1030.025 269 417 -0.2106481 0.1501226
Moved 1030.061 269 418.5 -0.2106481 0.1547181
Moved 1030.098 269 418 -0.2106481 0.1531863
Moved 1030.134 267.6766 418 -0.2137115 0.1531863
Ended 1030.191 267.6766 418 -0.2137115 0.1531863
Candidates 1030.305 5 anne same and danger came
Began 1031.199 273 333 -0.2013889 -0.1072304
Moved 1031.25 304.0129 333 -0.1295998 -0.1072304
Moved 1031.291 400.4982 324.4256 0.09374578 -0.1335
Moved 1031.329 439.3275 320.3563 0.1836285 -0.1459671
Ended 1031.368 473 312 0.2615741 -0.1715685
Accept 1031.406 and
Began 1032.092 179 405 -0.4189815 0.1133579
Stationary 1032.137 179 405 -0.4189815 0.1133579
Stationary 1032.174 179 405 -0.4189815 0.1133579
Moved 1032.213 190.9069 416.9069 -0.3914193 0.1498372
Moved 1032.252 196.64 418.32 -0.378148 0.1541667
Moved 1032.299 200.6209 420.621 -0.368933 0.1612162
Moved 1032.336 203.5 422.5 -0.3622685 0.1669731
Moved 1032.373 204.3729 422 -0.3602479 0.1654412
Moved 1032.419 206.2394 423 -0.3559273 0.1685049
Moved 1032.461 207.0808 423 -0.3539796 0.1685049
Moved 1032.503 209.001 424 -0.3495348 0.1715687
Stationary 1032.538 209.001 424 -0.3495348 0.1715687
Moved 1032.574 211.1844 425 -0.3444805 0.1746324
Moved 1032.611 212.2395 427.2394 -0.3420383 0.1814934
Moved 1032.648 213 428 -0.3402778 0.1838235
Moved 1032.687 215.054 430.054 -0.3355232 0.1901163
Moved 1032.723 218.4096 431 -0.3277555 0.1930147
Moved 1032.783 242.6323 434 -0.2716846 0.2022059
Moved 1032.822 271.095 434 -0.2057986 0.2022059
Moved 1032.858 319.5531 434 -0.09362703 0.2022059
Moved 1032.896 347.7931 435.4793 -0.02825682 0.2067381
Moved 1032.935 388.0036 437 0.06482303 0.2113971
Moved 1032.971 412.5 438 0.1215278 0.2144608
Moved 1033.012 444.595 440 0.1958218 0.2205883
Moved 1033.048 463.9364 441 0.2405934 0.2236519
Moved 1033.083 479.7013 442 0.2770863 0.2267157
Moved 1033.12 489 443 0.2986111 0.2297794
Moved 1033.176 495.5 445.5 0.3136574 0.2374387
Moved 1033.215 499.5 446 0.3229167 0.2389706
Moved 1033.253 501.5 447.5 0.3275463 0.2435662
Moved 1033.29 502 448.6713 0.3287037 0.2471548
Moved 1033.326 502 450.3988 0.3287037 0.2524473
Moved 1033.363 490.1155 453.3769 0.3011933 0.2615714
Moved 1033.4 428 464 0.1574074 0.2941177
Moved 1033.436 385.3871 465 0.05876631 0.2971814
Moved 1033.473 340.798 465 -0.04444897 0.2971814
Moved 1033.509 317.3831 456.2949 -0.09865025 0.2705114
Moved 1033.571 277.004 445.002 -0.1921203 0.2359131
Moved 1033.606 267.9025 443.6342 -0.2131887 0.2317223
Moved 1033.64 261.5417 442 -0.2279126 0.2267157
Moved 1033.677 254.6498 440 -0.2438662 0.2205883
Moved 1033.714 245.8217 440 -0.2643016 0.2205883
Moved 1033.753 232.8399 440 -0.294352 0.2205883
Moved 1033.791 221.3762 440 -0.3208885 0.2205883
Moved 1033.829 206.3091 440 -0.3557661 0.2205883
Moved 1033.866 203.1799 440 -0.3630093 0.2205883
Moved 1033.904 199.9658 440 -0.3704496 0.2205883
Stationary 1033.963 200 440 -0.3703704 0.2205883
Stationary 1033.997 200 440 -0.3703704 0.2205883
Moved 1034.033 200 447.1653 -0.3703704 0.2425407
Moved 1034.073 200 448.3729 -0.3703704 0.2462405
Moved 1034.11 200 449.1726 -0.3703704 0.2486905
Moved 1034.145 200 450.2261 -0.3703704 0.2519181
Moved 1034.181 200 451.1492 -0.3703704 0.2547462
Stationary 1034.216 200 451.1492 -0.3703704 0.2547462
Moved 1034.251 200 452.1714 -0.3703704 0.2578782
Moved 1034.287 200 453.1244 -0.3703704 0.2607978
Moved 1034.343 207.0329 453 -0.3540904 0.2604167
Moved 1034.38 207 454.1491 -0.3541667 0.2639372
Stationary 1034.416 207 454.1491 -0.3541667 0.2639372
Moved 1034.454 208.14 454 -0.3515277 0.2634804
Moved 1034.491 208 455.0045 -0.3518518 0.2665579
Stationary 1034.531 208 455.0045 -0.3518518 0.2665579
Stationary 1034.571 208 455.0045 -0.3518518 0.2665579
Stationary 1034.606 208 455.0045 -0.3518518 0.2665579
Moved 1034.641 209.0558 455 -0.3494079 0.2665441
Stationary 1034.677 209 455 -0.349537 0.2665441
Stationary 1034.734 209 455 -0.349537 0.2665441
Stationary 1034.77 209 455 -0.349537 0.2665441
Stationary 1034.805 209 455 -0.349537 0.2665441
Stationary 1034.839 209 455 -0.349537 0.2665441
Stationary 1034.874 209 455 -0.349537 0.2665441
Stationary 1034.909 209 455 -0.349537 0.2665441
Stationary 1034.943 209 455 -0.349537 0.2665441
Stationary 1034.981 209 455 -0.349537 0.2665441
Stationary 1035.016 209 455 -0.349537 0.2665441
Stationary 1035.062 209 455 -0.349537 0.2665441
Stationary 1035.128 209 455 -0.349537 0.2665441
Stationary 1035.164 209 455 -0.349537 0.2665441
Stationary 1035.206 209 455 -0.349537 0.2665441
Moved 1035.241 210.3729 455 -0.3463591 0.2665441
Stationary 1035.281 210 455 -0.3472222 0.2665441
Stationary 1035.318 210 455 -0.3472222 0.2665441
Stationary 1035.354 210 455 -0.3472222 0.2665441
Ended 1035.39 210 455 -0.3472222 0.2665441
Candidates 1035.49 5 site stores sites arrow sits
Began 1038.099 246 359 -0.2638889 -0.02757344
Moved 1038.149 246 351.6557 -0.2638889 -0.05007445
Moved 1038.188 280.8859 249.33 -0.1831345 -0.3635724
Moved 1038.227 290.1015 203.4926 -0.1618022 -0.5040057
Ended 1038.266 294 163 -0.1527778 -0.6280637
Accept 1038.34 arrow
Began 1040.563 264 371 -0.2222222 0.009191177
Stationary 1040.624 264 371 -0.2222222 0.009191177
Ended 1040.661 264 371 -0.2222222 0.009191177
SingleKey 1040.698 d
Began 1041.95 258 367 -0.2361111 -0.003063632
Moved 1042.006 307.1037 326.8586 -0.1224451 -0.1260459
Moved 1042.048 369.4333 242.3501 0.02183636 -0.3849568
Moved 1042.087 385.5579 195.6526 0.05916179 -0.5280252
Ended 1042.126 375 133 0.03472219 -0.7199757
Delete 1042.197
Began 1042.522 279 389 -0.1875 0.06433833
Stationary 1042.572 279 389 -0.1875 0.06433833
Moved 1042.61 271.5912 338.1084 -0.2046501 -0.09157967
Moved 1042.649 270 299.231 -0.2083333 -0.2106895
Moved 1042.69 281.4785 187.2148 -0.1817627 -0.553876
Moved 1042.727 285.6006 128.793 -0.1722209 -0.7328647
Ended 1042.764 286 100.5188 -0.1712963 -0.819489
Delete 1042.812
Began 1043.845 222 472 -0.3194444 0.3186275
Stationary 1043.895 222 472 -0.3194444 0.3186275
Stationary 1043.937 222 472 -0.3194444 0.3186275
Stationary 1043.974 222 472 -0.3194444 0.3186275
Stationary 1044.011 222 472 -0.3194444 0.3186275
Stationary 1044.049 222 472 -0.3194444 0.3186275
Stationary 1044.085 222 472 -0.3194444 0.3186275
Moved 1044.121 234.7593 485.1389 -0.2899091 0.3588816
Moved 1044.159 240.4787 496.7181 -0.2766696 0.3943571
Moved 1044.198 243 503.2065 -0.2708333 0.4142356
Moved 1044.237 245.0733 506.0734 -0.2660339 0.423019
Moved 1044.278 246 508.1851 -0.2638889 0.4294887
Moved 1044.316 247 508.868 -0.2615741 0.431581
Moved 1044.354 248.3691 509 -0.258405 0.4319853
Moved 1044.391 250.5 509 -0.2534722 0.4319853
Moved 1044.428 259.0596 509 -0.2336583 0.4319853
Moved 1044.484 281.2674 499.3522 -0.1822513 0.402427
Moved 1044.52 337.0616 487.2008 -0.0530982 0.3651986
Moved 1044.556 380.151 479.7132 0.0466458 0.3422587
Moved 1044.594 416.9881 476.0011 0.131917 0.3308857
Moved 1044.632 446.5 476 0.2002315 0.3308824
Moved 1044.668 470.3378 476 0.2554117 0.3308824
Moved 1044.705 497.357 476 0.3179559 0.3308824
Moved 1044.745 508.4055 476 0.3435312 0.3308824
Moved 1044.781 519.8087 482.3304 0.3699276 0.3502771
Moved 1044.818 523.7867 483 0.3791358 0.3523284
Moved 1044.875 528 484 0.3888889 0.3553922
Moved 1044.911 529 484 0.3912036 0.3553922
Stationary 1044.946 529 484 0.3912036 0.3553922
Stationary 1044.981 529 484 0.3912036 0.3553922
Stationary 1045.016 529 484 0.3912036 0.3553922
Moved 1045.052 499.2435 452.9896 0.3223229 0.2603849
Moved 1045.087 483.6154 402.3074 0.2861467 0.1051086
Moved 1045.124 482 368.3618 0.2824074 0.001108319
Moved 1045.163 482 342.0809 0.2824074 -0.07940891
Moved 1045.199 482 297.7173 0.2824074 -0.2153269
Moved 1045.256 482 253.9344 0.2824074 -0.3494656
Moved 1045.292 482 243.1526 0.2824074 -0.3824982
Moved 1045.328 482 232.7137 0.2824074 -0.41448
Moved 1045.364 482 216.6084 0.2824074 -0.4638223
Moved 1045.401 482 209.4397 0.2824074 -0.4857852
Moved 1045.437 482 202.4926 0.2824074 -0.5070694
Moved 1045.473 482 198.4374 0.2824074 -0.5194933
Moved 1045.509 482 196.9551 0.2824074 -0.5240347
Stationary 1045.544 482 196.9551 0.2824074 -0.5240347
Moved 1045.587 463.2229 213.6102 0.2389418 -0.4730079
Moved 1045.645 402.3262 275.6759 0.09797741 -0.2828557
Moved 1045.681 379.7212 301.2788 0.0456508 -0.2044154
Moved 1045.718 348.3907 341.2678 -0.02687325 -0.08190016
Moved 1045.755 331.9139 360.0861 -0.06501416 -0.02424586
Moved 1045.792 317.5252 375.4748 -0.09832119 0.02290071
Moved 1045.829 302.5 395 -0.1331019 0.08272064
Moved 1045.864 295.6248 406.6253 -0.1490166 0.1183373
Moved 1045.899 287.9764 416.0236 -0.1667213 0.1471312
Moved 1045.934 280.3784 428.9324 -0.1843094 0.1866802
Moved 1045.97 278.1818 434.4547 -0.189394 0.2035991
Moved 1046.032 274 448.1159 -0.199074 0.2454532
Moved 1046.068 273 453.1565 -0.2013889 0.2608962
Moved 1046.104 271 459.4084 -0.2060186 0.2800502
Moved 1046.141 269.7185 462.2816 -0.208985 0.2888529
Moved 1046.179 268.7662 465.2338 -0.2111893 0.2978976
Moved 1046.216 267.9048 468.0952 -0.2131832 0.3066642
Moved 1046.251 268 469.5 -0.212963 0.3109682
Moved 1046.288 268 471.5 -0.212963 0.3170956
Moved 1046.325 268 472 -0.212963 0.3186275
Moved 1046.362 273.5674 472 -0.2000756 0.3186275
Moved 1046.423 312.9853 438.2118 -0.1088303 0.2151097
Moved 1046.466 354.5947 392.0059 -0.01251221 0.07354737
Moved 1046.504 387.0523 347.1781 0.06262103 -0.0637925
Moved 1046.541 405.2239 324.5721 0.1046849 -0.1330512
Moved 1046.578 416.2999 307.5502 0.1303239 -0.1852017
Moved 1046.616 429.075 288.8876 0.1598957 -0.2423788
Moved 1046.661 436.3572 278.2856 0.1767528 -0.2748603
Moved 1046.699 439.2294 273.7706 0.1834014 -0.2886931
Moved 1046.737 442.1848 267.8152 0.1902425 -0.3069386
Moved 1046.774 442 265.9567 0.1898148 -0.3126329
Moved 1046.833 443 263.6271 0.1921296 -0.3197698
Moved 1046.871 443 262.6752 0.1921296 -0.3226863
Ended 1046.907 443 263 0.1921296 -0.3216912
Candidates 1046.968 5 women woman regimen roman driven
Began 1047.508 290 268 -0.162037 -0.3063726
Moved 1047.557 260.724 387.7764 -0.2298056 0.0605895
Ended 1047.599 202.5 507.5 -0.3645833 0.4273897
Accept 1047.642 women
PhraseEnd 1049.836
