medieval times were very hard
medieval times were very hard
FixStart
0.6 0.6
432 326.4
Began 342.8368 262 373 -0.2268519 0.01531863
Stationary 342.8697 262 373 -0.2268519 0.01531863
Moved 342.8926 277.9398 354.7831 -0.1899541 -0.04049292
Moved 342.9148 300.2807 329.9792 -0.1382392 -0.1164853
Moved 342.9373 318.3228 306.5598 -0.09647499 -0.1882358
Moved 342.9612 338.08 277.765 -0.05074064 -0.2764553
Moved 342.9835 347.831 263.2704 -0.02816905 -0.3208625
Moved 343.0076 358.5689 248.4312 -0.003312777 -0.3663261
Moved 343.0297 361.5845 244.1232 0.003667871 -0.3795246
Moved 343.0512 365.1704 238.8296 0.01196851 -0.3957428
Moved 343.074 366.2147 237.7853 0.01438578 -0.3989422
Moved 343.1008 368.1581 234.8419 0.01888454 -0.4079598
Moved 343.1237 369.0369 234 0.02091865 -0.4105392
Stationary 343.1449 369 234 0.02083332 -0.4105392
Stationary 343.166 369 234 0.02083332 -0.4105392
Moved 343.1878 370.1826 233 0.02357076 -0.413603
Stationary 343.2092 370.1826 233 0.02357076 -0.413603
Moved 343.2314 370.7451 233 0.02487282 -0.413603
Moved 343.253 372.1776 233 0.02818883 -0.413603
Moved 343.2746 373.6168 240.402 0.03152043 -0.3909253
Moved 343.2979 379.5917 275.5504 0.04535129 -0.2832403
Moved 343.3343 383.0594 301.535 0.05337834 -0.2036306
Moved 343.3565 386.9404 332.4635 0.06236206 -0.1088741
Moved 343.3781 389.7258 345.2662 0.06880968 -0.06965011
Moved 343.4025 392.9043 371.66 0.07616738 0.01121315
Moved 343.4259 394.3423 382.3963 0.07949621 0.04410641
Moved 343.4482 396.2169 411.9519 0.08383543 0.1346566
Moved 343.4701 396.6493 421.5452 0.08483638 0.1640478
Moved 343.492 397 428.3607 0.0856481 0.1849287
Moved 343.5146 399 438.1949 0.09027779 0.2150579
Moved 343.5365 399 441.0721 0.09027779 0.2238728
Moved 343.5742 400 448.351 0.09259263 0.2461735
Moved 343.5967 401 449.7805 0.09490739 0.2505529
Moved 343.6219 401 451.2204 0.09490739 0.2549645
Moved 343.6445 402.3209 452.3209 0.09796499 0.258336
Moved 343.6664 402 453.1033 0.09722222 0.2607333
Stationary 343.6885 402 453 0.09722222 0.2604167
Moved 343.7101 402 454.5 0.09722222 0.2650123
Stationary 343.7318 402 454.5 0.09722222 0.2650123
Stationary 343.7526 402 454.5 0.09722222 0.2650123
Stationary 343.7798 402 454.5 0.09722222 0.2650123
Stationary 343.8143 402 454.5 0.09722222 0.2650123
Stationary 343.8358 402 454.5 0.09722222 0.2650123
Moved 343.8552 402 454 0.09722222 0.2634804
Stationary 343.8771 402 454 0.09722222 0.2634804
Moved 343.8984 397.7075 454 0.08728594 0.2634804
Moved 343.92 393.032 454 0.07646302 0.2634804
Moved 343.943 384 454 0.0555556 0.2634804
Moved 343.9662 370.4255 443.4681 0.02413323 0.2312135
Moved 343.989 343.7106 430.8553 -0.03770694 0.1925714
Moved 344.0107 331.8721 422.4041 -0.06511088 0.1666791
Moved 344.0456 310.1479 407.2899 -0.1153985 0.1203736
Moved 344.0679 290.1147 396.3843 -0.1617715 0.08696193
Moved 344.0894 280.4342 390.6228 -0.18418 0.06931006
Moved 344.1113 267.1195 382.1195 -0.2150012 0.04325829
Moved 344.1334 259.9949 379.1979 -0.2314933 0.03430741
Moved 344.1554 252.2042 372.4695 -0.2495273 0.01369327
Moved 344.1864 244.5711 366.5711 -0.2671966 -0.004377645
Moved 344.2089 239.0265 363.5132 -0.2800314 -0.01374609
Moved 344.2307 235.2829 360.6414 -0.2886971 -0.02254467
Moved 344.2524 229 356 -0.3032407 -0.03676471
Moved 344.2881 224.8855 351.8855 -0.3127651 -0.04937041
Moved 344.3102 218.0776 347.0776 -0.3285241 -0.06410056
Moved 344.3311 215.2034 345.6017 -0.3351775 -0.06862229
Moved 344.3524 212.3421 343.171 -0.3418008 -0.07606918
Moved 344.3744 208.5859 340.293 -0.3504956 -0.08488674
Moved 344.3961 207.1202 340 -0.3538885 -0.08578432
Moved 344.4187 202.298 337.298 -0.3650509 -0.09406259
Moved 344.4408 199.7267 335.8633 -0.371003 -0.0984579
Moved 344.4638 196.9859 335 -0.3773476 -0.1011029
Moved 344.4855 195.5487 333.5487 -0.3806742 -0.1055493
Moved 344.5193 194.5 334 -0.3831018 -0.1041666
Moved 344.5412 192.6271 333 -0.3874372 -0.1072304
Moved 344.5631 191.8511 333 -0.3892336 -0.1072304
Moved 344.5932 190.5 332 -0.3923611 -0.1102941
Stationary 344.6148 190.5 332 -0.3923611 -0.1102941
Moved 344.6364 190 330.5 -0.3935185 -0.1148897
Moved 344.6595 188.7247 331 -0.3964707 -0.1133578
Stationary 344.6835 188.7247 331 -0.3964707 -0.1133578
Moved 344.7039 187.8133 331 -0.3985803 -0.1133578
Stationary 344.725 187.8133 331 -0.3985803 -0.1133578
Moved 344.7608 188 346.1893 -0.3981482 -0.0668221
Moved 344.7841 188 352.6174 -0.3981482 -0.04712806
Moved 344.808 188 362.7961 -0.3981482 -0.01594319
Moved 344.8306 188 370.2148 -0.3981482 0.006785486
Moved 344.8542 188 382.7706 -0.3981482 0.04525316
Moved 344.8763 188 388.9594 -0.3981482 0.06421369
Moved 344.8988 188 396.7314 -0.3981482 0.08802508
Moved 344.9216 188 400.918 -0.3981482 0.1008519
Moved 344.9443 188 404.8114 -0.3981482 0.1127801
Moved 344.9657 188 407.6291 -0.3981482 0.1214127
Moved 345.0031 187.3906 412.6094 -0.3995588 0.1366709
Moved 345.0259 187 414.0585 -0.4004629 0.1411107
Moved 345.05 185.5 416.5 -0.4039352 0.1485907
Moved 345.0843 184.5315 419.4685 -0.4061771 0.1576853
Moved 345.1081 185 420 -0.4050926 0.1593137
Moved 345.1332 183.2276 422 -0.4091954 0.1654412
Moved 345.1567 183 424.5 -0.4097222 0.1731005
Stationary 345.1784 183 424.5 -0.4097222 0.1731005
Moved 345.1993 182 425 -0.412037 0.1746324
Moved 345.2213 182 426 -0.412037 0.1776961
Moved 345.2565 180.5392 427.4608 -0.4154185 0.1821717
Moved 345.284 181 428 -0.4143519 0.1838235
Stationary 345.3072 181 428 -0.4143519 0.1838235
Moved 345.3282 179.8409 429.1591 -0.417035 0.1873748
Stationary 345.3505 180 429 -0.4166667 0.1868873
Moved 345.3734 180 430 -0.4166667 0.189951
Stationary 345.3965 180 430 -0.4166667 0.189951
Moved 345.4188 180 431.0175 -0.4166667 0.1930682
Moved 345.4418 178.5499 431 -0.4200234 0.1930147
Stationary 345.4653 179 431 -0.4189815 0.1930147
Stationary 345.4991 179 431 -0.4189815 0.1930147
Stationary 345.5195 179 431 -0.4189815 0.1930147
Stationary 345.5395 179 431 -0.4189815 0.1930147
Moved 345.5613 179 432.069 -0.4189815 0.1962898
Stationary 345.5826 179 432.069 -0.4189815 0.1962898
Stationary 345.6029 179 432.069 -0.4189815 0.1962898
Stationary 345.623 179 432.069 -0.4189815 0.1962898
Stationary 345.643 179 432.069 -0.4189815 0.1962898
Stationary 345.6634 179 432.069 -0.4189815 0.1962898
Stationary 345.6833 179 432.069 -0.4189815 0.1962898
Stationary 345.7166 179 432.069 -0.4189815 0.1962898
Stationary 345.7366 179 432.069 -0.4189815 0.1962898
Stationary 345.7566 179 432.069 -0.4189815 0.1962898
Stationary 345.7765 179 432.069 -0.4189815 0.1962898
Stationary 345.7966 179 432.069 -0.4189815 0.1962898
Stationary 345.8174 179 432.069 -0.4189815 0.1962898
Stationary 345.8375 179 432.069 -0.4189815 0.1962898
Stationary 345.8576 179 432.069 -0.4189815 0.1962898
Stationary 345.878 179 432.069 -0.4189815 0.1962898
Stationary 345.8983 179 432.069 -0.4189815 0.1962898
Stationary 345.9312 179 432.069 -0.4189815 0.1962898
Stationary 345.9517 179 432.069 -0.4189815 0.1962898
Stationary 345.9721 179 432.069 -0.4189815 0.1962898
Stationary 345.9922 179 432.069 -0.4189815 0.1962898
Stationary 346.0122 179 432.069 -0.4189815 0.1962898
Stationary 346.0328 179 432.069 -0.4189815 0.1962898
Stationary 346.0525 179 432.069 -0.4189815 0.1962898
Stationary 346.0725 179 432.069 -0.4189815 0.1962898
Stationary 346.0923 179 432.069 -0.4189815 0.1962898
Stationary 346.1167 179 432.069 -0.4189815 0.1962898
Stationary 346.1501 179 432.069 -0.4189815 0.1962898
Stationary 346.1709 179 432.069 -0.4189815 0.1962898
Stationary 346.1911 179 432.069 -0.4189815 0.1962898
Stationary 346.2113 179 432.069 -0.4189815 0.1962898
Stationary 346.2318 179 432.069 -0.4189815 0.1962898
Stationary 346.2521 179 432.069 -0.4189815 0.1962898
Stationary 346.2723 179 432.069 -0.4189815 0.1962898
Stationary 346.2923 179 432.069 -0.4189815 0.1962898
Stationary 346.3129 179 432.069 -0.4189815 0.1962898
Stationary 346.333 179 432.069 -0.4189815 0.1962898
Stationary 346.3659 179 432.069 -0.4189815 0.1962898
Stationary 346.3871 179 432.069 -0.4189815 0.1962898
Stationary 346.4071 179 432.069 -0.4189815 0.1962898
Stationary 346.4273 179 432.069 -0.4189815 0.1962898
Stationary 346.4474 179 432.069 -0.4189815 0.1962898
Stationary 346.4679 179 432.069 -0.4189815 0.1962898
Stationary 346.4879 179 432.069 -0.4189815 0.1962898
Stationary 346.5078 179 432.069 -0.4189815 0.1962898
Stationary 346.5283 179 432.069 -0.4189815 0.1962898
Stationary 346.5481 179 432.069 -0.4189815 0.1962898
Stationary 346.5818 179 432.069 -0.4189815 0.1962898
Stationary 346.6029 179 432.069 -0.4189815 0.1962898
Stationary 346.6228 179 432.069 -0.4189815 0.1962898
Stationary 346.643 179 432.069 -0.4189815 0.1962898
Stationary 346.6635 179 432.069 -0.4189815 0.1962898
Stationary 346.6843 179 432.069 -0.4189815 0.1962898
Stationary 346.7042 179 432.069 -0.4189815 0.1962898
Stationary 346.7246 179 432.069 -0.4189815 0.1962898
Stationary 346.7448 179 432.069 -0.4189815 0.1962898
Stationary 346.7648 179 432.069 -0.4189815 0.1962898
Stationary 346.803 179 432.069 -0.4189815 0.1962898
Stationary 346.8274 179 432.069 -0.4189815 0.1962898
Stationary 346.8478 179 432.069 -0.4189815 0.1962898
Stationary 346.8684 179 432.069 -0.4189815 0.1962898
Stationary 346.8889 179 432.069 -0.4189815 0.1962898
Stationary 346.9092 179 432.069 -0.4189815 0.1962898
Stationary 346.9294 179 432.069 -0.4189815 0.1962898
Stationary 346.9494 179 432.069 -0.4189815 0.1962898
Stationary 346.9698 179 432.069 -0.4189815 0.1962898
Stationary 346.9906 179 432.069 -0.4189815 0.1962898
Moved 347.0248 179 433.0055 -0.4189815 0.199159
Stationary 347.046 179 433.0055 -0.4189815 0.199159
Stationary 347.0657 179 433.0055 -0.4189815 0.199159
Stationary 347.086 179 433.0055 -0.4189815 0.199159
Stationary 347.1064 179 433.0055 -0.4189815 0.199159
Stationary 347.127 179 433.0055 -0.4189815 0.199159
Stationary 347.1475 179 433.0055 -0.4189815 0.199159
Stationary 347.1707 179 433.0055 -0.4189815 0.199159
Stationary 347.1948 179 433.0055 -0.4189815 0.199159
Stationary 347.2201 179 433.0055 -0.4189815 0.199159
Stationary 347.2696 179 433 -0.4189815 0.1991421
Ended 347.2911 179 433 -0.4189815 0.1991421
Candidates 347.4096 5 mode most move mood mouse
Began 348.1956 316 332 -0.1018519 -0.1102941
Stationary 348.2309 316 332 -0.1018519 -0.1102941
Stationary 348.2545 316 332 -0.1018519 -0.1102941
Stationary 348.2772 316 332 -0.1018519 -0.1102941
Ended 348.3005 316 332 -0.1018519 -0.1102941
Cancel 348.3751
Began 348.8614 262 376 -0.2268519 0.02450971
Stationary 348.8971 262 376 -0.2268519 0.02450971
Stationary 348.9219 262 376 -0.2268519 0.02450971
Stationary 348.9455 262 376 -0.2268519 0.02450971
Moved 348.9687 274.6191 376 -0.1976408 0.02450971
Moved 348.9934 293.8647 361.9442 -0.153091 -0.01855345
Moved 349.0169 308.9146 351.0664 -0.1182531 -0.05187989
Moved 349.0409 338.7391 331.7005 -0.0492151 -0.1112116
Moved 349.0653 351.6549 323.23 -0.01931737 -0.1371628
Moved 349.091 371.1669 310.5951 0.02584934 -0.1758729
Moved 349.1161 386.8751 298.8437 0.06221076 -0.211876
Moved 349.1443 393.7242 293.4207 0.07806519 -0.2284905
Moved 349.1678 400.083 287.9447 0.09278467 -0.2452674
Moved 349.1899 402.959 285.041 0.09944211 -0.2541636
Moved 349.2129 406.9788 281.0106 0.1087471 -0.2665115
Moved 349.2357 408.4138 278.1724 0.1120691 -0.2752071
Moved 349.2589 411 275.7002 0.1180555 -0.2827813
Moved 349.2821 412 275 0.1203704 -0.2849265
Moved 349.3051 413 273.5 0.1226852 -0.2895221
Moved 349.3269 414 273.2632 0.125 -0.2902473
Stationary 349.3507 414 273 0.125 -0.291054
Stationary 349.3855 414 273 0.125 -0.291054
Moved 349.4113 396.3463 292.0117 0.08413494 -0.2328074
Moved 349.4337 385.0082 302.9918 0.05788942 -0.1991672
Moved 349.4563 342.5769 346.1041 -0.04033118 -0.06708314
Moved 349.4786 332.6949 354.7893 -0.06320615 -0.04047394
Moved 349.5035 299.9704 377.7722 -0.1389574 0.02993948
Moved 349.5283 283.0927 388.5583 -0.1780261 0.06298514
Moved 349.5526 259.731 401.4195 -0.2321042 0.1023882
Moved 349.5752 244.9922 410.0046 -0.2662217 0.1286907
Moved 349.5992 223.6105 421.6337 -0.3157165 0.164319
Moved 349.6351 208.5105 429.2448 -0.3506701 0.1876372
Moved 349.6584 197.8282 436.8788 -0.3753976 0.2110259
Moved 349.6803 193.8095 439.4603 -0.3847002 0.2189349
Moved 349.7034 186.8016 444.5992 -0.4009222 0.2346789
Moved 349.7273 183.9312 447.0688 -0.4075666 0.2422451
Moved 349.7494 181 449.6635 -0.4143519 0.2501946
Moved 349.7717 180.0243 450.9757 -0.4166105 0.2542149
Moved 349.7947 178.579 451 -0.4199559 0.2542892
Moved 349.8164 177.7208 452 -0.4219425 0.257353
Moved 349.8397 178 453 -0.4212963 0.2604167
Stationary 349.8744 178 453 -0.4212963 0.2604167
Moved 349.8953 178 454.2246 -0.4212963 0.2641686
Stationary 349.9169 178 454 -0.4212963 0.2634804
Moved 349.9391 188.2952 449.8686 -0.3974648 0.2508228
Moved 349.9673 206.9498 425.0753 -0.3542829 0.1748631
Moved 349.99 215.5604 412.1594 -0.334351 0.1352924
Moved 350.013 231.19 387.9175 -0.2981712 0.06102169
Moved 350.0345 237.9394 376.1212 -0.2825476 0.02488099
Moved 350.0578 243.6059 361.5764 -0.2694308 -0.0196801
Moved 350.0796 245.0424 356.8729 -0.2661057 -0.03409021
Moved 350.1155 245 350.0192 -0.2662037 -0.05508834
Moved 350.1372 245 348.155 -0.2662037 -0.06079973
Moved 350.1584 245 346.145 -0.2662037 -0.06695785
Moved 350.1833 245 343.5 -0.2662037 -0.07506128
Moved 350.2107 245 340.7202 -0.2662037 -0.08357806
Moved 350.2332 245 339.2847 -0.2662037 -0.0879759
Moved 350.2575 245 337.413 -0.2662037 -0.0937101
Moved 350.2811 245 335.9778 -0.2662037 -0.09810729
Moved 350.3052 245 334.6266 -0.2662037 -0.102247
Moved 350.3286 245 334.0244 -0.2662037 -0.1040918
Moved 350.3672 245 331.5 -0.2662037 -0.111826
Stationary 350.3906 245 331.5 -0.2662037 -0.111826
Moved 350.4139 245 330.7518 -0.2662037 -0.1141184
Moved 350.4391 250.341 331 -0.2538402 -0.1133578
Moved 350.463 252.7792 331 -0.2481962 -0.1133578
Moved 350.4937 267.8486 347.2224 -0.2133134 -0.06365683
Moved 350.5179 288.0199 361.6833 -0.1666205 -0.01935267
Moved 350.5422 295.2741 369.2741 -0.1498284 0.00390352
Moved 350.5669 312.5028 388.8034 -0.1099472 0.06373598
Moved 350.591 318.6849 395.6849 -0.09563679 0.08481905
Moved 350.6285 333.1221 409.1221 -0.06221737 0.1259869
Moved 350.6511 336.2586 411.1724 -0.05495687 0.1322685
Moved 350.6748 342.9699 416.9799 -0.03942157 0.150061
Moved 350.6982 345.8535 419.8536 -0.03274645 0.1588652
Moved 350.7217 352.5954 424.5953 -0.01714036 0.1733926
Moved 350.7447 354.7309 425.7309 -0.012197 0.1768716
Moved 350.7686 357.2745 428.2745 -0.006309102 0.1846644
Moved 350.7928 359 430.1511 -0.002314796 0.1904141
Moved 350.8151 360 430.5867 0 0.1917484
Moved 350.8386 360 431.5 0 0.1945467
Moved 350.875 361.2255 432.2255 0.002836784 0.1967694
Moved 350.8984 361 433 0.002314846 0.1991421
Moved 350.9222 361 434.1448 0.002314846 0.2026496
Moved 350.9476 361 435.1577 0.002314846 0.2057528
Stationary 350.9741 361 435.1577 0.002314846 0.2057528
Stationary 350.9973 361 435 0.002314846 0.2052697
Moved 351.0195 361 436 0.002314846 0.2083333
Moved 351.0413 361 437.0403 0.002314846 0.2115205
Stationary 351.0645 361 437.0403 0.002314846 0.2115205
Moved 351.0872 351.6538 438.3352 -0.01931995 0.2154878
Moved 351.1242 353 439.3215 -0.01620372 0.2185096
Moved 351.1495 349.8098 440.1902 -0.02358854 0.2211711
Moved 351.1809 342.8634 442 -0.03966803 0.2267157
Moved 351.2039 339.7053 443.0983 -0.04697854 0.2300804
Moved 351.2328 327.9507 447.0099 -0.07418831 0.2420646
Moved 351.256 294.682 456.5515 -0.1511991 0.2712973
Moved 351.2785 274.4464 459.6505 -0.1980409 0.280792
Moved 351.3022 243.9913 463.9009 -0.2685387 0.293814
Moved 351.3268 228.7223 465.298 -0.3038835 0.2980943
Moved 351.351 207.8236 465 -0.3522603 0.2971814
Moved 351.3887 190.8221 467 -0.3916155 0.3033088
Moved 351.412 182.634 468.683 -0.4105695 0.3084652
Moved 351.4367 180.0071 469 -0.4166502 0.3094364
Moved 351.4675 176.1335 470 -0.4256169 0.3125
Moved 351.4923 174 470.7524 -0.4305556 0.3148053
Moved 351.5171 171.5 471 -0.4363426 0.3155637
Stationary 351.5395 171.5 471 -0.4363426 0.3155637
Moved 351.5617 170.6756 471 -0.438251 0.3155637
Moved 351.5839 169.7518 471 -0.4403895 0.3155637
Stationary 351.6052 169.7518 471 -0.4403895 0.3155637
Moved 351.6406 168.9273 471 -0.442298 0.3155637
Stationary 351.6645 169 471 -0.4421296 0.3155637
Stationary 351.6867 169 471 -0.4421296 0.3155637
Stationary 351.7082 169 471 -0.4421296 0.3155637
Moved 351.7295 169 465.8303 -0.4421296 0.2997252
Moved 351.752 177.9253 450.306 -0.4214693 0.2521631
Moved 351.774 202.4691 416.7554 -0.3646548 0.1493734
Moved 351.7967 250.462 360.1388 -0.2535601 -0.02408458
Moved 351.8187 265.7163 341.4976 -0.2182492 -0.08119602
Moved 351.8415 289.419 305.7103 -0.163382 -0.1908384
Moved 351.877 300.2664 285.4671 -0.1382721 -0.2528582
Moved 351.8984 304.2311 277.794 -0.1290946 -0.2763664
Moved 351.9234 308.6207 262.2761 -0.1189336 -0.323909
Moved 351.9449 309 257.8909 -0.1180555 -0.3373443
Moved 351.9662 309 248.9207 -0.1180555 -0.3648264
Moved 351.9876 309 245.9481 -0.1180555 -0.3739335
Moved 352.0139 297.3171 238.2114 -0.1450993 -0.3976365
Moved 352.0386 294.3322 236.6661 -0.1520089 -0.4023709
Moved 352.0601 284.1845 231.7961 -0.1754988 -0.4172912
Moved 352.0817 280.5 229 -0.1840278 -0.4258578
Moved 352.116 271.367 226.3669 -0.205169 -0.4339248
Moved 352.1371 268.8334 224.9167 -0.2110337 -0.4383677
Moved 352.1584 267.4763 225 -0.2141753 -0.4381128
Moved 352.18 261.8229 225 -0.2272619 -0.4381128
Moved 352.2015 250.5752 249.3563 -0.253298 -0.3634917
Moved 352.2227 235.6703 276.7935 -0.2878003 -0.2794316
Moved 352.2441 207.614 322.579 -0.3527453 -0.1391576
Moved 352.2661 197.3319 338.6212 -0.3765464 -0.09000844
Moved 352.2914 173.1018 361.7859 -0.4326347 -0.01903833
Moved 352.3202 153.1456 377.6407 -0.4788295 0.0295367
Moved 352.3571 127.1926 393.3796 -0.5389059 0.07775616
Moved 352.3803 112.1485 404.4812 -0.5737302 0.1117684
Moved 352.4022 106.7835 405.8041 -0.5861492 0.1158215
Moved 352.4253 98.97971 409.3401 -0.6042136 0.1266547
Moved 352.4482 97.41595 410 -0.6078334 0.1286765
Moved 352.4712 94.33758 412 -0.6149594 0.134804
Moved 352.493 92.90264 413.0974 -0.6182809 0.1381659
Stationary 352.5144 92.90264 413.0974 -0.6182809 0.1381659
Moved 352.5367 93 416.0482 -0.6180555 0.1472066
Stationary 352.5582 93 416.0482 -0.6180555 0.1472066
Moved 352.5949 118.7751 418.7977 -0.558391 0.1556303
Moved 352.6187 133.3293 420.2329 -0.5247006 0.1600274
Moved 352.6414 189.8665 414.4267 -0.3938276 0.1422387
Moved 352.6649 242.3293 404.4242 -0.272386 0.1115938
Moved 352.6882 314.8531 391.7074 -0.1045068 0.07263292
Moved 352.7112 335.5 387.5 -0.05671298 0.0597427
Moved 352.7382 369.6242 380.2293 0.02227823 0.03746725
Moved 352.7605 381.5305 376.8674 0.04983922 0.02716728
Moved 352.7858 405.2623 373.6375 0.1047739 0.01727179
Moved 352.8117 416.731 373 0.1313217 0.01531863
Moved 352.8497 425.229 372 0.150993 0.012255
Moved 352.8745 428.6155 372 0.1588323 0.012255
Moved 352.8983 430.0453 372 0.1621418 0.012255
Moved 352.9228 431.4995 372 0.165508 0.012255
Stationary 352.9448 431 372 0.1643519 0.012255
Ended 352.9657 431 372 0.1643519 0.012255
Candidates 353.0156 5 medieval medical basketball maternal informal
Began 353.9234 316 168 -0.1018519 -0.6127451
Stationary 353.957 316 168 -0.1018519 -0.6127451
Moved 353.982 329.3475 234.0853 -0.07095475 -0.4102778
Moved 354.0134 334.308 294.2363 -0.05947217 -0.2259918
Moved 354.0446 335 317.5687 -0.05787035 -0.1545077
Moved 354.0743 335 331.3694 -0.05787035 -0.1122261
Moved 354.0979 335 336.298 -0.05787035 -0.09712622
Moved 354.1219 335 341.9611 -0.05787035 -0.07977588
Moved 354.1443 335 343.42 -0.05787035 -0.07530643
Moved 354.1669 335 344 -0.05787035 -0.07352941
Ended 354.1889 335 344 -0.05787035 -0.07352941
Accept 354.2332 medieval
Backspace 357.5795
Began 359.9059 245 377 -0.2662037 0.02757353
Stationary 359.9384 245 377 -0.2662037 0.02757353
Stationary 359.9625 245 377 -0.2662037 0.02757353
Moved 359.9931 262.5188 377 -0.2256509 0.02757353
Moved 360.0177 270.232 369.8777 -0.2077963 0.005752807
Moved 360.0428 314.6856 341.6965 -0.1048945 -0.08058651
Moved 360.0687 330.6769 330.8262 -0.06787752 -0.1138903
Moved 360.0929 352.539 316.615 -0.01727084 -0.1574295
Moved 360.1168 363.0669 309.6221 0.00709941 -0.1788539
Moved 360.1412 367.0304 306.9797 0.01627395 -0.1869493
Moved 360.1645 371.8839 304 0.02750893 -0.1960783
Moved 360.187 373.3211 302.6788 0.03083597 -0.2001261
Moved 360.2171 375.1965 301.8035 0.03517697 -0.2028078
Stationary 360.24 375.1965 301.8035 0.03517697 -0.2028078
Moved 360.2628 376.2246 300.7754 0.03755709 -0.2059578
Moved 360.2865 377.013 299.987 0.03938198 -0.2083732
Stationary 360.3086 377.013 299.987 0.03938198 -0.2083732
Moved 360.3316 378.0913 300 0.04187793 -0.2083333
Stationary 360.3585 378.0913 300 0.04187793 -0.2083333
Stationary 360.3807 378.0913 300 0.04187793 -0.2083333
Stationary 360.4034 378.0913 300 0.04187793 -0.2083333
Moved 360.4263 379.5 299 0.0451389 -0.211397
Stationary 360.4624 379.5 299 0.0451389 -0.211397
Moved 360.4852 379 299 0.04398147 -0.211397
Stationary 360.5071 379 299 0.04398147 -0.211397
Stationary 360.529 379 299 0.04398147 -0.211397
Moved 360.5516 368.6533 299 0.02003084 -0.211397
Moved 360.5742 364.2195 305.616 0.009767215 -0.1911276
Moved 360.5973 345.5952 313.4018 -0.03334443 -0.1672739
Moved 360.6205 335.3368 317.7128 -0.05709082 -0.1540661
Moved 360.6446 304.72 327.3491 -0.127963 -0.1245431
Moved 360.6687 289.8413 330.652 -0.1624044 -0.1144241
Moved 360.7067 241.7318 344.9287 -0.2737691 -0.0706841
Moved 360.7357 213.7848 351.7145 -0.338461 -0.04989437
Moved 360.7589 202.3993 353.8001 -0.3648165 -0.04350447
Moved 360.7831 183.5 357.5 -0.4085648 -0.03216912
Moved 360.8078 178.9127 358.7719 -0.4191836 -0.02827252
Moved 360.8318 171.6726 361 -0.4359432 -0.02144608
Moved 360.857 167.4564 362 -0.4457029 -0.01838226
Moved 360.8804 166.0236 362.9764 -0.4490194 -0.015391
Moved 360.9041 163.6307 363 -0.4545585 -0.01531863
Moved 360.9264 163.07 363 -0.4558564 -0.01531863
Moved 360.9629 160.5 364 -0.4618056 -0.01225481
Moved 360.986 160 364 -0.462963 -0.01225481
Moved 361.009 157.8089 365.191 -0.4680348 -0.008605883
Moved 361.0322 157.319 365 -0.4691689 -0.009191177
Moved 361.0561 154.4506 366 -0.4758089 -0.006127451
Moved 361.0835 153.5 366 -0.4780093 -0.006127451
Moved 361.1076 152.1428 367 -0.481151 -0.003063632
Moved 361.1359 151.5 367 -0.4826389 -0.003063632
Moved 361.1575 150.7763 368.2237 -0.4843141 0.0006853365
Stationary 361.1797 150.7763 368.2237 -0.4843141 0.0006853365
Moved 361.2146 151 369.1867 -0.4837963 0.003635743
Stationary 361.2366 151 369.1867 -0.4837963 0.003635743
Moved 361.2583 151 370.1708 -0.4837963 0.006650757
Stationary 361.2796 151 370.1708 -0.4837963 0.006650757
Moved 361.3022 151 371.1245 -0.4837963 0.009572553
Stationary 361.3238 151 371.1245 -0.4837963 0.009572553
Stationary 361.345 151 371.1245 -0.4837963 0.009572553
Stationary 361.3667 151 371 -0.4837963 0.009191177
Stationary 361.3878 151 371 -0.4837963 0.009191177
Moved 361.4135 160.5 372 -0.4618056 0.012255
Moved 361.4487 172.209 374.4418 -0.4347015 0.01973582
Moved 361.4704 176.9118 374 -0.4238153 0.01838245
Moved 361.4914 198.6617 379.7605 -0.3734684 0.03603094
Moved 361.5128 209.7331 384.457 -0.34784 0.05041983
Moved 361.535 231.5227 394.7614 -0.2974012 0.08198949
Moved 361.5568 239.623 399.3738 -0.2786505 0.09612066
Moved 361.5786 256.2023 407.1011 -0.2402725 0.1197952
Moved 361.5998 264.8539 410.2847 -0.2202455 0.1295486
Moved 361.6217 273 413 -0.2013889 0.1378676
Moved 361.65 290.6458 420.8819 -0.1605422 0.1620156
Moved 361.6878 302.2658 425.4219 -0.1336439 0.1759251
Moved 361.7104 304.7156 426.8578 -0.1279732 0.1803242
Moved 361.7369 309.474 428.737 -0.1169583 0.1860815
Moved 361.7597 311.1702 430.1702 -0.1130319 0.1904725
Moved 361.783 319.2874 433.5249 -0.09424215 0.2007503
Moved 361.8057 323.3255 435.1085 -0.08489475 0.2056019
Moved 361.829 328.9658 437.9829 -0.0718384 0.2144084
Moved 361.852 330.4215 438 -0.06846875 0.2144608
Moved 361.8756 335.5771 441.2886 -0.05653446 0.224536
Moved 361.9029 340.6806 443.8403 -0.04472082 0.2323537
Moved 361.9388 345.4035 445 -0.03378814 0.2359069
Moved 361.9608 348.2775 446.1387 -0.02713541 0.2393956
Moved 361.9825 351.0141 447 -0.02080068 0.2420344
Moved 362.0039 352.4498 448.4498 -0.01747732 0.2464762
Moved 362.0258 353.9634 448 -0.01397366 0.2450981
Stationary 362.0509 354 448 -0.01388888 0.2450981
Stationary 362.0722 354 448 -0.01388888 0.2450981
Stationary 362.0927 354 448 -0.01388888 0.2450981
Stationary 362.1129 354 448 -0.01388888 0.2450981
Stationary 362.1336 354 448 -0.01388888 0.2450981
Moved 362.1678 347.3683 450.6029 -0.0292401 0.2530726
Moved 362.19 335.7111 451 -0.05622427 0.2542892
Moved 362.2118 307.9424 453 -0.1205038 0.2604167
Moved 362.2338 295.8338 453 -0.1485328 0.2604167
Moved 362.2565 267.8121 453 -0.213398 0.2604167
Moved 362.2796 251.0222 453 -0.2522635 0.2604167
Moved 362.3018 238.1334 446.8963 -0.2820987 0.2417166
Moved 362.3244 218.5689 443 -0.3273868 0.2297794
Moved 362.3524 205.4813 442 -0.3576822 0.2267157
Moved 362.3741 190.995 442 -0.3912153 0.2267157
Moved 362.413 158.8325 442 -0.4656655 0.2267157
Moved 362.4369 151.423 442 -0.482817 0.2267157
Moved 362.4628 134.6756 450.8649 -0.5215842 0.2538752
Moved 362.4884 127.2566 452 -0.5387578 0.257353
Moved 362.5129 127 453.1718 -0.5393518 0.2609431
Moved 362.5369 125.5 453 -0.542824 0.2604167
Moved 362.5609 124.8355 453 -0.5443622 0.2604167
Stationary 362.5834 125 453 -0.5439815 0.2604167
Stationary 362.6046 125 453 -0.5439815 0.2604167
Stationary 362.626 125 453 -0.5439815 0.2604167
Stationary 362.6603 125 453 -0.5439815 0.2604167
Moved 362.6916 133.5328 453 -0.5242296 0.2604167
Moved 362.7161 138.7948 453 -0.5120491 0.2604167
Moved 362.7406 161.9043 433.4246 -0.4585549 0.2004429
Moved 362.766 197.3408 397.6592 -0.3765259 0.09086768
Moved 362.7904 209.3771 384.5886 -0.3486642 0.05082304
Moved 362.8153 236.2404 347.1395 -0.2864806 -0.06391086
Moved 362.8394 246.4984 325.6462 -0.2627351 -0.1297603
Moved 362.8624 259.6745 297.2013 -0.2322349 -0.2169078
Moved 362.8866 264.9744 282.4186 -0.2199666 -0.262198
Moved 362.9246 269 257.0034 -0.2106481 -0.3400633
Moved 362.9468 269 251.8805 -0.2106481 -0.3557583
Moved 362.9738 269 244.3016 -0.2106481 -0.3789779
Moved 363.0016 269 237.5 -0.2106481 -0.3998162
Moved 363.0276 269 228.9828 -0.2106481 -0.4259106
Moved 363.0522 269 225.6879 -0.2106481 -0.4360052
Moved 363.0772 269 221.3584 -0.2106481 -0.4492695
Moved 363.1006 261.4589 219.9227 -0.2281043 -0.4536681
Moved 363.124 261 218 -0.2291666 -0.4595588
Moved 363.1489 259.9642 216.9641 -0.2315644 -0.4627325
Moved 363.1871 257.8249 214.8248 -0.2365166 -0.4692867
Moved 363.2108 253.3114 215 -0.2469645 -0.46875
Moved 363.2348 242.6102 236.514 -0.2717356 -0.4028369
Moved 363.2589 210.6638 280.5044 -0.3456857 -0.2680626
Moved 363.2834 197.9851 296.0198 -0.3750345 -0.2205275
Moved 363.3127 173.5 320.5 -0.4317129 -0.145527
Moved 363.3389 152.568 343.432 -0.4801667 -0.07526959
Moved 363.3625 139.3989 353.0674 -0.5106506 -0.04574935
Moved 363.3862 117.9336 365.5332 -0.5603389 -0.007557589
Moved 363.4129 99.50301 372.499 -0.6030023 0.01378377
Moved 363.4506 86.88873 374 -0.632202 0.01838245
Moved 363.474 78.21182 374 -0.6522875 0.01838245
Moved 363.4958 74.93419 375.0329 -0.6598746 0.02154687
Moved 363.5191 71.09124 375 -0.6687703 0.02144608
Moved 363.5411 69.65439 375 -0.6720963 0.02144608
Moved 363.5647 67.10158 376 -0.6780056 0.02450971
Moved 363.5878 67 377.3279 -0.6782408 0.02857835
Moved 363.6154 64.5 377 -0.6840278 0.02757353
Moved 363.6373 63.67708 378.3229 -0.6859327 0.03162665
Moved 363.6596 62.95638 378 -0.687601 0.03063726
Moved 363.6948 61.74013 379.2599 -0.6904164 0.03449721
Stationary 363.7166 61.74013 379.2599 -0.6904164 0.03449721
Moved 363.7391 61 380.1888 -0.6921296 0.03734327
Stationary 363.7615 61 380.1888 -0.6921296 0.03734327
Moved 363.7846 73.93233 383.2932 -0.6621937 0.0468543
Moved 363.807 92.46999 387.494 -0.6192824 0.05972432
Moved 363.8301 133.5759 393.4101 -0.5241298 0.07784966
Moved 363.8524 155.0797 395.1387 -0.4743526 0.08314544
Moved 363.876 201.0462 397 -0.3679486 0.08884814
Moved 363.9032 238.5 398 -0.28125 0.09191177
Moved 363.9395 282.4249 398 -0.1795721 0.09191177
Moved 363.9621 303.0481 398 -0.1318332 0.09191177
Moved 363.985 338.7533 386.8116 -0.04918218 0.05763372
Moved 364.0065 352.207 383.4482 -0.01803935 0.04732927
Moved 364.0294 384.6035 378.3397 0.05695264 0.03167788
Moved 364.0515 395.6719 376.904 0.08257388 0.02727948
Moved 364.0742 408.9152 376 0.1132297 0.02450971
Moved 364.0965 411.8319 376 0.1199812 0.02450971
Moved 364.1188 417.9274 376 0.1340913 0.02450971
Moved 364.141 419.3968 376 0.1374925 0.02450971
Moved 364.1767 422.272 376 0.1441482 0.02450971
Moved 364.203 424.5 376 0.1493056 0.02450971
Moved 364.2259 425.2961 376 0.1511485 0.02450971
Stationary 364.2475 425 376 0.150463 0.02450971
Stationary 364.2701 425 376 0.150463 0.02450971
Ended 364.2932 425 376 0.150463 0.02450971
Candidates 364.3741 5 maternal basketball verbal signal baseball
Began 366.7473 347 301 -0.0300926 -0.2052697
Stationary 366.7783 347 301 -0.0300926 -0.2052697
Stationary 366.802 347 301 -0.0300926 -0.2052697
Ended 366.8314 347 301 -0.0300926 -0.2052697
Cancel 366.8826
Began 367.5934 350 250 -0.02314816 -0.3615196
Stationary 367.6446 350 250 -0.02314816 -0.3615196
Stationary 367.6694 350 250 -0.02314816 -0.3615196
Moved 367.6927 339.4832 259.4651 -0.04749248 -0.3325211
Moved 367.7176 324.8237 269.3234 -0.08142655 -0.3023182
Moved 367.7426 292.5 299 -0.15625 -0.211397
Moved 367.7671 279.6843 308.4525 -0.1859159 -0.1824371
Moved 367.7923 252.6276 332.5758 -0.2485472 -0.10853
Moved 367.8161 243.6126 341.3875 -0.2694154 -0.08153355
Moved 367.8455 229.127 354.873 -0.3029467 -0.04021757
Moved 367.8706 217.0669 366.9331 -0.3308637 -0.003268672
Moved 367.8969 211 374 -0.3449074 0.01838245
Moved 367.9223 209.0462 376.9076 -0.34943 0.02729042
Moved 367.9466 206.5439 380.4561 -0.3552225 0.03816212
Moved 367.9699 206 381.8902 -0.3564815 0.04255576
Moved 368.0067 205 386.1998 -0.3587963 0.05575938
Moved 368.0315 205 387 -0.3587963 0.05821083
Moved 368.0554 205 388.5 -0.3587963 0.06280632
Moved 368.0801 205 389.2485 -0.3587963 0.06509949
Stationary 368.1031 205 389.2485 -0.3587963 0.06509949
Moved 368.1309 205 390.1862 -0.3587963 0.06797229
Stationary 368.154 205 390.1862 -0.3587963 0.06797229
Moved 368.1775 213.2009 390 -0.3398127 0.06740196
Stationary 368.2006 213.2009 390 -0.3398127 0.06740196
Stationary 368.2236 213.2487 390 -0.339702 0.06740196
Moved 368.2599 214.0967 390 -0.3377392 0.06740196
Stationary 368.2829 214.0967 390 -0.3377392 0.06740196
Moved 368.3096 215.116 390 -0.3353796 0.06740196
Stationary 368.3325 215.116 390 -0.3353796 0.06740196
Moved 368.357 216.149 390 -0.3329884 0.06740196
Stationary 368.3822 216.149 390 -0.3329884 0.06740196
Moved 368.4088 218.5 390 -0.3275463 0.06740196
Moved 368.4321 220.2733 379.4535 -0.3234415 0.03509045
Moved 368.4552 224.0243 363.9028 -0.3147586 -0.01255269
Moved 368.4781 227.8807 351.3579 -0.3058317 -0.0509867
Moved 368.5159 235.8038 311.8829 -0.2874912 -0.1719275
Moved 368.5398 237.3388 298.9506 -0.2839379 -0.2115483
Moved 368.563 237 280.006 -0.2847222 -0.2695895
Moved 368.5872 237 266.5794 -0.2847222 -0.3107249
Moved 368.6105 237 262.4435 -0.2847222 -0.3233962
Moved 368.6339 237 252.8239 -0.2847222 -0.352868
Moved 368.6564 237 250.0078 -0.2847222 -0.3614956
Moved 368.6837 227.4304 244.2659 -0.3068741 -0.3790874
Moved 368.7061 230 242.8059 -0.3009259 -0.3835604
Moved 368.7292 228.6752 238.6752 -0.3039927 -0.3962158
Moved 368.765 229 234.7961 -0.3032407 -0.4081001
Moved 368.7878 228 232.9222 -0.3055556 -0.4138411
Moved 368.8102 228 231.5 -0.3055556 -0.4181986
Stationary 368.8327 228 231.5 -0.3055556 -0.4181986
Moved 368.8556 228 229.7369 -0.3055556 -0.4236001
Stationary 368.8777 228 229.7369 -0.3055556 -0.4236001
Moved 368.9003 228 228.6271 -0.3055556 -0.4270003
Moved 368.9268 242.1319 229 -0.2728428 -0.4258578
Moved 368.95 255.345 242.8967 -0.2422569 -0.383282
Moved 368.974 283.9116 257.7646 -0.1761306 -0.3377308
Moved 369.0121 315 270.5 -0.1041667 -0.2987133
Moved 369.0363 343.4419 290.2651 -0.03832886 -0.2381583
Moved 369.0605 365.3369 303.4021 0.01235386 -0.1979102
Moved 369.0855 385.5591 316.4623 0.05916446 -0.1578972
Moved 369.1109 405.6694 330.1924 0.1057162 -0.1158322
Moved 369.1351 412.3633 334.6907 0.1212114 -0.1020506
Moved 369.1599 423.8702 343.6526 0.1478477 -0.0745936
Moved 369.1894 433.1866 352.2799 0.1694135 -0.04816205
Moved 369.2129 437.5 355 0.1793981 -0.03982834
Moved 369.2374 442.7797 359.7797 0.1916197 -0.02518458
Moved 369.276 448.8482 364.9241 0.2056672 -0.009423612
Moved 369.2992 453.5963 369.5963 0.2166581 0.00489076
Moved 369.3224 455.2279 371.2279 0.2204351 0.00988951
Moved 369.3462 457.0931 372 0.2247525 0.012255
Stationary 369.3717 457.0931 372 0.2247525 0.012255
Moved 369.3957 458.0979 373 0.2270785 0.01531863
Moved 369.421 458 373.9733 0.2268519 0.01830064
Stationary 369.4485 458 374 0.2268519 0.01838245
Moved 369.4729 444.8125 374 0.1963252 0.01838245
Moved 369.4976 403.6479 374 0.1010367 0.01838245
Moved 369.5377 357.7964 374 -0.005100965 0.01838245
Moved 369.5626 316.8723 362.2886 -0.09983266 -0.01749815
Moved 369.5874 298.8845 357.9685 -0.141471 -0.03073365
Moved 369.6113 272.0076 353.0015 -0.2036861 -0.04595121
Moved 369.6367 248.2704 349.627 -0.2586334 -0.05628979
Moved 369.6605 238.0629 349 -0.2822617 -0.05821069
Moved 369.6854 225.208 349 -0.3120186 -0.05821069
Moved 369.7138 218.2462 349 -0.3281339 -0.05821069
Moved 369.7379 216.314 349 -0.3326066 -0.05821069
Moved 369.7622 213.5 349 -0.3391204 -0.05821069
Moved 369.8001 211.5 349 -0.34375 -0.05821069
Moved 369.8243 210.6261 349 -0.345773 -0.05821069
Moved 369.849 209.683 349 -0.347956 -0.05821069
Stationary 369.8718 210 349 -0.3472222 -0.05821069
Stationary 369.894 210 349 -0.3472222 -0.05821069
Stationary 369.9162 210 349 -0.3472222 -0.05821069
Stationary 369.9385 210 349 -0.3472222 -0.05821069
Moved 369.9658 228.9727 341.7299 -0.303304 -0.08048451
Moved 369.9909 253.8937 326.4042 -0.2456164 -0.1274381
Moved 370.0145 275.4476 308.2936 -0.1957231 -0.1829238
Moved 370.0548 322.132 264.1793 -0.08765742 -0.3180781
Moved 370.0803 342.6306 238.9171 -0.04020691 -0.3954746
Moved 370.1052 348.5975 228.9543 -0.02639458 -0.4259977
Moved 370.1314 358.0727 211.8545 -0.004461308 -0.478387
Moved 370.1577 361.5 198 0.003472269 -0.5208334
Moved 370.1825 362.9756 190.1218 0.006888112 -0.5449699
Moved 370.2083 364 180.4526 0.009259283 -0.5745935
Moved 370.2367 364 174.5547 0.009259283 -0.5926633
Moved 370.262 364 172.2561 0.009259283 -0.5997056
Moved 370.2854 364 167.2957 0.009259283 -0.6149032
Moved 370.3274 353.9929 160.9858 -0.01390527 -0.6342346
Moved 370.3523 351.1117 159.5559 -0.02057473 -0.6386156
Moved 370.3768 348.0304 157.0304 -0.02770742 -0.6463528
Moved 370.4034 342.3135 155.1567 -0.04094104 -0.6520933
Moved 370.4279 339.4548 153.7274 -0.04755825 -0.6564724
Moved 370.4532 333.7057 152.8528 -0.06086652 -0.659152
Moved 370.4778 329.5 153 -0.07060184 -0.658701
Moved 370.5066 323.5494 153 -0.08437644 -0.658701
Moved 370.5325 306.7663 162.2338 -0.1232262 -0.6304112
Moved 370.5564 285.0208 181.0487 -0.173563 -0.5727675
Moved 370.5945 231.3126 229.3522 -0.2978874 -0.4247788
Moved 370.6173 206.835 248.5582 -0.3545485 -0.3659367
Moved 370.6404 174.4923 270.0061 -0.4294159 -0.3002264
Moved 370.6641 161.2756 277.958 -0.4600103 -0.2758639
Moved 370.6872 136.6266 295.2667 -0.5170682 -0.2228348
Moved 370.7108 130.4756 299.3496 -0.5313064 -0.210326
Moved 370.7396 120.038 304.9874 -0.5554677 -0.1930534
Moved 370.7652 113.2695 309.8652 -0.5711355 -0.178109
Moved 370.7906 108.5118 312.7441 -0.5821487 -0.1692888
Moved 370.8137 107.1095 313.8906 -0.5853948 -0.1657764
Moved 370.8514 105 317.1641 -0.5902778 -0.1557472
Moved 370.8759 105 317.6118 -0.5902778 -0.1543756
Moved 370.901 135.6846 322.9474 -0.5192486 -0.1380287
Moved 370.9265 152.5 323.5 -0.4803241 -0.1363358
Moved 370.9508 242.0862 325 -0.2729487 -0.1317402
Moved 370.9809 326.085 325 -0.07850692 -0.1317402
Moved 371.0053 385.2693 315 0.05849381 -0.1623775
Moved 371.0295 410.5 313.5 0.1168981 -0.1669731
Moved 371.0537 447.1469 313 0.2017289 -0.1685049
Moved 371.0781 462.4731 313 0.2372062 -0.1685049
Moved 371.1164 494.3651 313 0.3110303 -0.1685049
Moved 371.1406 504.5706 313 0.3346542 -0.1685049
Moved 371.1646 516.5118 313 0.3622958 -0.1685049
Moved 371.1884 527.0887 313 0.3867794 -0.1685049
Moved 371.2172 531.6205 313 0.3972696 -0.1685049
Moved 371.241 538.1684 313 0.4124269 -0.1685049
Ended 371.2642 538.1684 313 0.4124269 -0.1685049
Candidates 371.3394 5 external festival radical trademark friendship
Backspace 373.6324
Began 390.8536 255 395 -0.2430556 0.08272064
Stationary 390.8846 255 395 -0.2430556 0.08272064
Stationary 390.9081 255 395 -0.2430556 0.08272064
Stationary 390.9333 255 395 -0.2430556 0.08272064
Moved 390.9592 255 372.5 -0.2430556 0.01378677
Moved 390.9915 270.2474 354.4227 -0.2077607 -0.04159703
Moved 391.0309 284.2039 324.5922 -0.1754539 -0.1329897
Moved 391.056 288.3548 315.9678 -0.1658453 -0.1594124
Moved 391.0813 294.7951 304.6749 -0.1509373 -0.1940108
Moved 391.1103 301.4662 294.3007 -0.1354949 -0.2257943
Moved 391.1349 304.3353 289.997 -0.1288534 -0.2389797
Moved 391.1581 309.0605 284.4697 -0.1179155 -0.2559139
Moved 391.1825 310.9662 282.0676 -0.1135041 -0.2632733
Moved 391.2074 316 275.5 -0.1018519 -0.2833946
Moved 391.2324 319.4013 271.1974 -0.09397854 -0.2965765
Moved 391.261 320.8351 270.1649 -0.09065951 -0.2997399
Moved 391.2855 323.7044 267.2956 -0.08401766 -0.3085307
Moved 391.3127 329.7467 262.5022 -0.07003069 -0.3232162
Moved 391.3368 333.3665 260.3167 -0.06165157 -0.329912
Moved 391.3767 339 257.5 -0.04861111 -0.3385417
Moved 391.4015 340.5 257 -0.0451389 -0.3400736
Moved 391.4252 341.5 255.5 -0.04282405 -0.3446691
Moved 391.4503 342 256 -0.04166668 -0.3431373
Stationary 391.4741 342 256 -0.04166668 -0.3431373
Stationary 391.5016 342 256 -0.04166668 -0.3431373
Stationary 391.5247 342 256 -0.04166668 -0.3431373
Stationary 391.5474 342 256 -0.04166668 -0.3431373
Stationary 391.5709 342 256 -0.04166668 -0.3431373
Stationary 391.5941 342 256 -0.04166668 -0.3431373
Moved 391.6325 319.2172 280.7828 -0.09440472 -0.2672094
Moved 391.6568 307.6658 292.3342 -0.121144 -0.2318193
Moved 391.6806 283.1226 313.2244 -0.177957 -0.1678175
Moved 391.704 268.0681 325.7625 -0.2128052 -0.1294043
Moved 391.7321 246.239 344.8008 -0.2633357 -0.07107586
Moved 391.7563 226.8345 362.1655 -0.3082534 -0.01787541
Moved 391.7802 218.2459 369.795 -0.3281344 0.005499522
Moved 391.8035 203.6757 383.3243 -0.3618618 0.04694939
Moved 391.8268 196.7142 391.543 -0.3779764 0.07212919
Moved 391.8493 185.7712 401.2288 -0.4033075 0.101804
Moved 391.8865 172.3575 416.6425 -0.4343576 0.1490271
Moved 391.9096 163.9059 427.6412 -0.4539216 0.1827242
Moved 391.9321 161.0322 430.9678 -0.4605735 0.192916
Moved 391.9576 157.5 436 -0.46875 0.2083333
Moved 391.9808 156.077 437.923 -0.472044 0.2142248
Moved 392.0032 153.2101 442.5798 -0.4786803 0.2284921
Moved 392.0256 151.7673 443 -0.4820201 0.2297794
Moved 392.0488 150.5 446.5 -0.4849537 0.2405025
Moved 392.0718 149.73 448.5399 -0.4867361 0.2467522
Moved 392.096 149 451.0894 -0.4884259 0.2545631
Moved 392.1346 149 452.9668 -0.4884259 0.260315
Moved 392.1584 149 455.842 -0.4884259 0.2691238
Moved 392.1859 149 458.2644 -0.4884259 0.2765453
Moved 392.2093 149 459.5 -0.4884259 0.2803309
Moved 392.2323 149 462.6685 -0.4884259 0.2900382
Moved 392.2551 149 464.0999 -0.4884259 0.2944236
Moved 392.2792 155.8193 466.9742 -0.4726405 0.3032297
Moved 392.3038 158.1448 468.0724 -0.4672574 0.3065944
Moved 392.3278 160.9777 470.9777 -0.4606998 0.3154953
Moved 392.352 162.4145 472.4145 -0.4573739 0.3198973
Moved 392.3917 166.7228 475 -0.4474009 0.3278186
Moved 392.4224 168.5 476.5 -0.4432871 0.3324143
Moved 392.4479 170.1334 477 -0.4395059 0.3339461
Moved 392.4754 170.5641 477.5641 -0.438509 0.3356745
Moved 392.5009 171 478 -0.4375 0.3370098
Moved 392.5254 172 478.9391 -0.4351852 0.339887
Stationary 392.5481 172 479 -0.4351852 0.3400736
Moved 392.5726 173 479 -0.4328704 0.3400736
Moved 392.5959 173.6731 479 -0.4313123 0.3400736
Moved 392.6259 175.2676 479 -0.4276213 0.3400736
Moved 392.6689 182.62 468.84 -0.4106019 0.3089462
Moved 392.6952 196.0147 450.1794 -0.3795956 0.251775
Moved 392.7195 204.8193 435.8554 -0.3592146 0.2078904
Moved 392.7443 218.6051 415.5923 -0.327303 0.1458099
Moved 392.7726 230.7286 394.7856 -0.2992393 0.08206386
Moved 392.7967 234.3455 390.9818 -0.2908669 0.07040983
Moved 392.8233 237.5 385.5 -0.2835648 0.0536152
Moved 392.8485 238 380.9084 -0.2824074 0.03954785
Stationary 392.8754 238 380.9084 -0.2824074 0.03954785
Moved 392.9037 239 377.5754 -0.2800926 0.02933652
Moved 392.9433 239 375.2712 -0.2800926 0.02227709
Moved 392.966 239 374.5 -0.2800926 0.01991431
Moved 392.9893 239 373.883 -0.2800926 0.01802388
Moved 393.0123 239 372.9532 -0.2800926 0.01517548
Moved 393.0354 239 371.626 -0.2800926 0.01110918
Moved 393.0594 239.4548 371.5452 -0.2790397 0.01086142
Moved 393.0829 240.5 370.5 -0.2766204 0.007659314
Moved 393.1063 241.1163 371 -0.2751937 0.009191177
Moved 393.1339 243.2607 370 -0.2702298 0.006127451
Moved 393.1582 246.1294 370 -0.2635894 0.006127451
Moved 393.1957 251.3459 370 -0.2515141 0.006127451
Moved 393.2214 260.1672 373.7926 -0.2310944 0.01774694
Moved 393.2476 274.5156 389.5156 -0.1978806 0.06591797
Moved 393.2719 282.2597 397.1116 -0.1799545 0.08918996
Moved 393.2966 295.3589 410.3589 -0.1496323 0.1297761
Moved 393.3206 302.0142 418.0142 -0.1342263 0.1532298
Moved 393.3488 315.3533 431.3533 -0.1033489 0.194097
Moved 393.3734 325.5 441.5 -0.07986113 0.2251839
Moved 393.3965 328.9617 443.9617 -0.07184798 0.2327258
Moved 393.4201 335 448.5 -0.05787035 0.2466298
Moved 393.46 339.853 453.4265 -0.04663666 0.2617232
Moved 393.4851 342.3056 458.6113 -0.04095917 0.2776081
Moved 393.5095 345.8738 460.8738 -0.0326996 0.2845398
Moved 393.5336 347.2584 462.2584 -0.02949442 0.2887819
Moved 393.5617 349.1454 465.1454 -0.02512644 0.2976268
Moved 393.5875 351.0062 467.0062 -0.02081891 0.3033279
Stationary 393.6115 351.0062 467.0062 -0.02081891 0.3033279
Moved 393.6351 352.3724 468.3724 -0.01765653 0.3075135
Moved 393.6589 352 469.394 -0.01851852 0.3106434
Moved 393.6839 353 470.132 -0.01620372 0.3129045
Moved 393.7223 353 471.0462 -0.01620372 0.3157054
Moved 393.7469 354.5 471 -0.0127315 0.3155637
Moved 393.7751 354 472.3209 -0.01388888 0.3196105
Moved 393.7982 354 473.2487 -0.01388888 0.3224532
Moved 393.8237 355.2492 474.2492 -0.01099726 0.3255184
Moved 393.8481 355 476.2833 -0.01157408 0.3317505
Stationary 393.8723 355 476.2833 -0.01157408 0.3317505
Moved 393.8961 356 478.5 -0.009259283 0.3385417
Moved 393.9197 356 479.0596 -0.009259283 0.340256
Moved 393.9438 357.0032 480 -0.006936938 0.3431373
Moved 393.9864 357 482.3734 -0.006944438 0.3504088
Stationary 394.01 357 482.3734 -0.006944438 0.3504088
Moved 394.0345 357 483 -0.006944438 0.3523284
Moved 394.0577 357 484.3724 -0.006944438 0.356533
Stationary 394.0812 357 484.3724 -0.006944438 0.356533
Stationary 394.1045 357 484.3724 -0.006944438 0.356533
Moved 394.1277 357 485.1398 -0.006944438 0.3588844
Stationary 394.1522 357 485 -0.006944438 0.3584559
Moved 394.1795 343.5 486.5 -0.03819446 0.3630515
Moved 394.2037 337.7742 486 -0.05144869 0.3615196
Moved 394.2413 325.5745 486 -0.07968868 0.3615196
Moved 394.265 305.601 487.1555 -0.1259236 0.3650596
Moved 394.2879 296.5 487 -0.1469907 0.3645834
Moved 394.3111 267.6837 487 -0.2136953 0.3645834
Moved 394.3344 247.6516 488 -0.2600657 0.3676471
Moved 394.3574 223.8399 489 -0.3151854 0.3707108
Moved 394.3844 214.0452 490 -0.3378582 0.3737745
Moved 394.4075 196.2005 491.3999 -0.3791655 0.3780635
Moved 394.4306 186.1007 492 -0.4025448 0.379902
Moved 394.454 173.1461 493 -0.4325322 0.3829657
Moved 394.491 166.7993 494 -0.4472238 0.3860295
Moved 394.5138 162.8695 494 -0.4563206 0.3860295
Moved 394.5359 161.3922 494 -0.4597402 0.3860295
Moved 394.5589 159.9601 494 -0.4630554 0.3860295
Moved 394.5893 157.5 494 -0.46875 0.3860295
Moved 394.6161 156.6276 494 -0.4707694 0.3860295
Moved 394.657 155.902 494 -0.4724492 0.3860295
Stationary 394.701 155.902 494 -0.4724492 0.3860295
Moved 394.7605 153 494 -0.4791667 0.3860295
Moved 394.8047 151.6788 494 -0.4822251 0.3860295
Moved 394.8506 152 484.8601 -0.4814814 0.3580273
Moved 394.8758 164.7588 472.4011 -0.4519472 0.3198562
Moved 394.9093 203.266 425.786 -0.3628101 0.1770405
Moved 394.9334 216.2113 409.9858 -0.3328442 0.1286331
Moved 394.9599 230.5462 391.8353 -0.2996615 0.07302467
Moved 394.9932 246.464 368.3647 -0.2628148 0.001117482
Moved 395.0248 255.4702 350.0596 -0.2419671 -0.05496446
Moved 395.0598 262.0461 331.8849 -0.2267453 -0.1106468
Moved 395.0879 266.5913 315.0434 -0.2162237 -0.1622445
Moved 395.125 271 295.3505 -0.2060186 -0.222578
Moved 395.1744 272 285.2188 -0.2037037 -0.2536189
Moved 395.1972 273.2818 281.1547 -0.2007366 -0.2660703
Moved 395.2183 273 274.7023 -0.2013889 -0.2858386
Moved 395.2395 273 271.8149 -0.2013889 -0.2946848
Moved 395.2609 273 268.9443 -0.2013889 -0.3034795
Moved 395.2828 273 265.5 -0.2013889 -0.3140319
Moved 395.3043 273 263.02 -0.2013889 -0.3216301
Moved 395.3255 273 260.5 -0.2013889 -0.3293505
Moved 395.35 273 259.8536 -0.2013889 -0.3313308
Moved 395.3713 264.8349 258 -0.2202897 -0.3370098
Moved 395.4056 261.2795 256.2795 -0.2285196 -0.3422809
Moved 395.4321 257.8198 256 -0.2365282 -0.3431373
Moved 395.4583 250.8754 256 -0.2526032 -0.3431373
Moved 395.4832 215.2615 285.0538 -0.3350427 -0.2541243
Moved 395.5087 189.6723 302.1176 -0.3942771 -0.2018455
Moved 395.5319 172.3242 313.2055 -0.4344348 -0.1678754
Moved 395.5591 146.9444 325.8889 -0.4931842 -0.1290168
Moved 395.5825 132.2732 333.9419 -0.5271454 -0.1043447
Moved 395.6062 112.6371 344.1815 -0.5725992 -0.07297347
Moved 395.6318 94.68022 352.8513 -0.6141661 -0.04641131
Moved 395.6713 82.01986 357.4951 -0.6434726 -0.03218427
Moved 395.6963 72.99134 362.3362 -0.6643718 -0.0173522
Moved 395.7247 68.18896 363.9055 -0.6754885 -0.01254428
Moved 395.7488 65.386 364 -0.6819769 -0.01225481
Moved 395.7743 59.63644 367.1818 -0.695286 -0.002506761
Moved 395.8036 53.87675 370.0616 -0.7086186 0.006316316
Moved 395.8277 51.00938 372.9906 -0.715256 0.01528992
Moved 395.8536 49.00176 373.9982 -0.7199033 0.01837693
Moved 395.8762 47.56085 375.4391 -0.7232387 0.0227916
Moved 395.8992 48 377.3108 -0.7222222 0.02852571
Moved 395.9372 48 380.2158 -0.7222222 0.03742573
Moved 395.9613 71.56201 386.2686 -0.6676805 0.05597007
Moved 395.9854 88.48836 389.4147 -0.6284992 0.06560892
Moved 396.0128 130.1328 394.1511 -0.5321001 0.08011973
Moved 396.0363 176.9459 398.9414 -0.4237364 0.09479608
Moved 396.0596 200.0451 399 -0.370266 0.09497554
Moved 396.0848 280.3961 392.7645 -0.1842682 0.07587157
Moved 396.1103 342.2157 383.7095 -0.04116739 0.0481297
Moved 396.1336 365.1579 380.6053 0.01193951 0.03861913
Moved 396.1571 402.6996 375.9417 0.09884159 0.02433123
Moved 396.1966 424.9677 375 0.1503881 0.02144608
Moved 396.2364 446.7606 375 0.2008347 0.02144608
Moved 396.263 454.6151 375 0.2190166 0.02144608
Moved 396.2879 457.7934 375 0.2263737 0.02144608
Moved 396.3133 462.7838 375 0.2379255 0.02144608
Moved 396.3382 465.4419 375 0.2440784 0.02144608
Moved 396.3619 467.0855 375 0.2478831 0.02144608
Moved 396.385 468.5 375 0.2511574 0.02144608
Moved 396.4071 469 375 0.2523148 0.02144608
Moved 396.4324 470.2366 375 0.2551773 0.02144608
Stationary 396.4721 470 375 0.2546296 0.02144608
Ended 396.4954 470 375 0.2546296 0.02144608
Candidates 396.5344 5 medieval basketball medical magical maternal
Began 397.1466 350 226 -0.02314816 -0.4350491
Moved 397.1804 350 232.309 -0.02314816 -0.4157201
Moved 397.2047 350 267.8856 -0.02314816 -0.306723
Moved 397.2339 350 299.9185 -0.02314816 -0.2085832
Moved 397.2579 350 312 -0.02314816 -0.1715685
Moved 397.2823 350 339.706 -0.02314816 -0.08668508
Moved 397.3063 341.2635 350.4187 -0.04337142 -0.05386427
Moved 397.331 336.7659 373.9363 -0.05378256 0.01818713
Moved 397.3547 332.8454 385.4122 -0.06285782 0.0533463
Ended 397.3837 326 401 -0.07870371 0.1011029
Accept 397.4572 medieval
Began 397.9631 349 250 -0.02546296 -0.3615196
Stationary 397.9991 349 250 -0.02546296 -0.3615196
Moved 398.0229 349 268.044 -0.02546296 -0.3062376
Moved 398.047 349 277.8754 -0.02546296 -0.2761171
Moved 398.0714 349 295.119 -0.02546296 -0.2232873
Moved 398.0973 340.1275 315.0906 -0.04600117 -0.1620997
Moved 398.1257 338 324.5 -0.05092591 -0.133272
Moved 398.1503 332.5912 343.0437 -0.06344616 -0.07645916
Moved 398.1748 327.0678 354.8304 -0.07623186 -0.040348
Moved 398.1985 322.8182 361.9696 -0.08606891 -0.01847548
Moved 398.2236 315.1868 374.0844 -0.1037343 0.01864087
Moved 398.2484 312.5894 379.1158 -0.1097467 0.0340558
Moved 398.2878 307.2562 387.7438 -0.1220922 0.06048974
Moved 398.3152 306 390.5 -0.125 0.06893382
Moved 398.3393 305 391.9511 -0.1273148 0.07337963
Moved 398.3636 305 393.5 -0.1273148 0.07812496
Moved 398.3887 305 394.1328 -0.1273148 0.08006363
Stationary 398.4125 305 394.1328 -0.1273148 0.08006363
Stationary 398.4361 305 394.1328 -0.1273148 0.08006363
Stationary 398.459 305 394 -0.1273148 0.07965691
Moved 398.4867 317.9883 394 -0.0972494 0.07965691
Moved 398.5091 322.2983 394 -0.08727252 0.07965691
Moved 398.5494 346.769 394 -0.03062735 0.07965691
Moved 398.5749 366.918 397.274 0.01601398 0.08968741
Moved 398.5986 377.6045 398.7006 0.0407512 0.0940581
Moved 398.6219 397.8649 400 0.08765022 0.09803927
Moved 398.6467 411.2648 401.6961 0.1186685 0.1032356
Moved 398.6734 433.0061 402 0.1689956 0.1041667
Moved 398.6959 441.0712 402 0.1876648 0.1041667
Moved 398.7191 451.6552 402 0.2121649 0.1041667
Moved 398.745 457.8275 402 0.2264525 0.1041667
Moved 398.7684 458.5 402 0.2280092 0.1041667
Moved 398.8081 459 402 0.2291666 0.1041667
Moved 398.8309 460.2025 402 0.2319501 0.1041667
Moved 398.8587 460 392.7919 0.2314815 0.07595549
Moved 398.8834 460 385.0381 0.2314815 0.05220021
Moved 398.9073 460 375.027 0.2314815 0.02152892
Moved 398.9321 460 344.7384 0.2314815 -0.07126715
Moved 398.9578 460 330 0.2314815 -0.1164215
Moved 398.9827 451.0657 290.684 0.2108003 -0.2368749
Moved 399.0067 445.6967 243.1801 0.1983719 -0.3824141
Moved 399.0335 442.8175 224.1315 0.1917072 -0.4407736
Moved 399.0719 441 194.0015 0.1875 -0.5330837
Moved 399.0952 440 187.0468 0.1851852 -0.5543911
Moved 399.1178 439 176.4519 0.1828703 -0.5868507
Moved 399.1413 437.717 172.1511 0.1799005 -0.6000271
Moved 399.1647 437 165.6912 0.1782407 -0.6198188
Moved 399.1875 437 163.5497 0.1782407 -0.6263795
Moved 399.2143 436 155.6785 0.1759259 -0.6504948
Moved 399.2377 433.9578 148.9156 0.1711986 -0.6712143
Moved 399.2608 434 147.5211 0.1712963 -0.6754866
Moved 399.2843 433 143.9913 0.1689814 -0.6863011
Moved 399.3208 432 140.1254 0.1666667 -0.6981454
Moved 399.3435 431 138 0.1643519 -0.7046569
Moved 399.3656 431 136.8033 0.1643519 -0.7083229
Moved 399.3918 430 136.2207 0.162037 -0.7101081
Moved 399.4143 428.8646 136 0.1594088 -0.7107843
Moved 399.4367 417.8975 146.205 0.134022 -0.6795192
Moved 399.4592 406.0826 159.8115 0.1066726 -0.6378323
Moved 399.4816 380.7023 188.2977 0.04792203 -0.5505584
Moved 399.5046 368.7114 203.0037 0.02016525 -0.5055035
Moved 399.5269 354.4192 220.3228 -0.01291856 -0.4524426
Moved 399.5674 306.6298 268.1879 -0.1235422 -0.3057967
Moved 399.5911 272.3161 301.6155 -0.2029719 -0.203384
Moved 399.6133 258 317.5 -0.2361111 -0.154718
Moved 399.6359 244.8448 331.7377 -0.2665629 -0.1110975
Moved 399.659 219.8752 359.5712 -0.324363 -0.02582344
Moved 399.6817 202.3981 378.9223 -0.3648193 0.03346294
Moved 399.7047 195.9647 385.7941 -0.3797114 0.05451642
Moved 399.7307 188.5126 394.4874 -0.3969616 0.08115021
Moved 399.753 185.4731 400.2904 -0.4039975 0.09892899
Moved 399.7755 182 405.2705 -0.412037 0.1141866
Moved 399.8121 179.5 408.5 -0.4178241 0.1240809
Moved 399.8363 178.5 410.5 -0.4201389 0.1302083
Moved 399.8604 179 411.4752 -0.4189815 0.133196
Moved 399.8845 179 412 -0.4189815 0.134804
Moved 399.9108 179 413 -0.4189815 0.1378676
Moved 399.9331 179 414.3341 -0.4189815 0.141955
Stationary 399.9556 179 414.3341 -0.4189815 0.141955
Stationary 399.9778 179 414 -0.4189815 0.1409314
Moved 400.0001 187.1187 404.8665 -0.4001882 0.1129489
Moved 400.0226 197.6419 378.8952 -0.3758289 0.03337991
Moved 400.0589 207 348.5 -0.3541667 -0.05974265
Moved 400.0853 211.3273 321.7267 -0.3441497 -0.1417686
Moved 400.108 211 308.1341 -0.3449074 -0.1834127
Moved 400.1308 205.867 281.2254 -0.3567893 -0.2658536
Moved 400.1531 201.9256 273.7023 -0.365913 -0.2889024
Moved 400.1761 194.6329 257.4493 -0.3827942 -0.3386969
Moved 400.198 189.9194 249.8657 -0.393705 -0.361931
Moved 400.2198 186.5361 244.6082 -0.4015369 -0.3780388
Moved 400.2458 181.3261 234.9891 -0.4135969 -0.4075088
Moved 400.2681 177.7915 229.5831 -0.4217788 -0.4240713
Moved 400.3042 176.2224 225.4448 -0.4254111 -0.4367499
Moved 400.3274 174.776 225 -0.4287593 -0.4381128
Moved 400.3498 174 221.9023 -0.4305556 -0.447603
Moved 400.3728 173.4626 220.4625 -0.4317996 -0.4520142
Moved 400.3961 173 218.9678 -0.4328704 -0.4565938
Moved 400.4243 172 217.0524 -0.4351852 -0.462462
Stationary 400.4492 172 217 -0.4351852 -0.4626225
Moved 400.4732 172 215.9122 -0.4351852 -0.4659551
Stationary 400.4962 172 216 -0.4351852 -0.4656863
Stationary 400.5194 172 216 -0.4351852 -0.4656863
Stationary 400.5547 172 216 -0.4351852 -0.4656863
Stationary 400.5764 172 216 -0.4351852 -0.4656863
Stationary 400.6016 172 216 -0.4351852 -0.4656863
Stationary 400.6235 172 216 -0.4351852 -0.4656863
Moved 400.6454 181.6996 216 -0.4127323 -0.4656863
Ended 400.6678 181.6996 216 -0.4127323 -0.4656863
Candidates 400.7525 5 times roberts ruined tribes fingers
Began 401.2174 278 219 -0.1898148 -0.4564951
Moved 401.2494 278 228.7034 -0.1898148 -0.4267666
Moved 401.275 278 279.043 -0.1898148 -0.2725399
Moved 401.3006 261 339.5 -0.2291666 -0.08731619
Moved 401.3301 251.8913 361.299 -0.2502517 -0.0205299
Ended 401.3547 238.8958 381.3843 -0.2803338 0.04100604
Accept 401.4739 times
Began 401.7988 328 307 -0.07407407 -0.1868873
Stationary 401.8345 328 307 -0.07407407 -0.1868873
Stationary 401.858 328 307 -0.07407407 -0.1868873
Moved 401.8827 315.0266 314.5678 -0.1041051 -0.1637016
Moved 401.9082 299.281 325.4793 -0.1405532 -0.1302716
Moved 401.933 276.5665 344.9468 -0.1931331 -0.07062866
Moved 401.958 264.6081 355.2179 -0.2208145 -0.03916086
Moved 401.9839 236.6682 377.2488 -0.2854902 0.028336
Moved 402.0129 217.4918 390.7541 -0.3298802 0.06971229
Moved 402.0401 204.7226 395.9109 -0.3594384 0.08551154
Moved 402.0662 200.3235 398.8922 -0.3696214 0.09464508
Moved 402.0907 192.5004 403.4996 -0.3877306 0.1087612
Moved 402.1154 184.0924 407.2717 -0.4071935 0.1203178
Moved 402.1394 180.6684 409.5544 -0.4151194 0.1273112
Moved 402.164 175 412.5 -0.4282407 0.1363358
Moved 402.193 170.5558 413 -0.4385284 0.1378676
Moved 402.2302 168 415.3243 -0.4444444 0.1449887
Moved 402.2554 165.128 415.8721 -0.4510927 0.1466669
Moved 402.2787 164.5 416.5 -0.4525463 0.1485907
Moved 402.3038 164 416 -0.4537037 0.1470588
Moved 402.3284 164 417.5 -0.4537037 0.1516544
Moved 402.3549 164 417 -0.4537037 0.1501226
Moved 402.3866 178.9614 417 -0.4190709 0.1501226
Moved 402.4132 197.0992 417 -0.3770852 0.1501226
Moved 402.4374 204.535 417 -0.3598726 0.1501226
Moved 402.4634 223.244 417 -0.3165649 0.1501226
Moved 402.5052 249.207 406.8276 -0.2564652 0.1189571
Moved 402.5306 264.2682 406 -0.2216014 0.1164215
Moved 402.5546 271.4094 406 -0.2050709 0.1164215
Moved 402.5833 280.0521 405 -0.1850645 0.1133579
Moved 402.6082 289.6741 405 -0.1627914 0.1133579
Moved 402.6325 293.9381 403.6873 -0.152921 0.1093359
Moved 402.6579 300.3808 403 -0.1380075 0.1072304
Moved 402.6812 303.248 403 -0.1313704 0.1072304
Moved 402.7069 307.1307 402 -0.1223826 0.1041667
Moved 402.7356 309.0077 402 -0.1180378 0.1041667
Stationary 402.7744 309 402 -0.1180555 0.1041667
Stationary 402.798 309 402 -0.1180555 0.1041667
Stationary 402.8221 309 402 -0.1180555 0.1041667
Moved 402.846 303.8979 402 -0.1298659 0.1041667
Moved 402.8716 292.5465 406.2936 -0.1561424 0.1173212
Moved 402.9008 282.0557 410 -0.1804266 0.1286765
Moved 402.9259 276.8961 411.4208 -0.1923701 0.1330293
Moved 402.9502 260.4414 412.4265 -0.2304598 0.1361105
Moved 402.9753 253.7198 412 -0.246019 0.134804
Moved 403.0004 239.2721 412 -0.2794627 0.134804
Moved 403.039 225.7414 412 -0.3107837 0.134804
Moved 403.0654 222.6288 412 -0.3179888 0.134804
Moved 403.088 216.8923 412 -0.3312677 0.134804
Moved 403.1131 214.0194 412 -0.3379182 0.134804
Moved 403.1377 208.963 412 -0.3496225 0.134804
Moved 403.1647 204.1075 412 -0.3608622 0.134804
Moved 403.1898 202.6708 412 -0.3641879 0.134804
Ended 403.2234 202 412 -0.3657407 0.134804
Candidates 403.305 5 were eye wet wt water
Began 403.7064 353 211 -0.01620372 -0.481005
Stationary 403.7412 353 211 -0.01620372 -0.481005
Moved 403.7675 353 242.2004 -0.01620372 -0.3854153
Moved 403.7919 343.9958 260.7222 -0.03704687 -0.3286698
Moved 403.8211 330.7328 291.681 -0.06774823 -0.2338204
Moved 403.8462 301.7708 334.5319 -0.1347898 -0.1025371
Ended 403.8703 296 342 -0.1481481 -0.07965678
Accept 403.9139 were
Began 404.2159 245 374 -0.2662037 0.01838245
Stationary 404.247 245 374 -0.2662037 0.01838245
Stationary 404.2746 245 374 -0.2662037 0.01838245
Stationary 404.299 245 374 -0.2662037 0.01838245
Moved 404.3235 254.5 335 -0.244213 -0.1011029
Moved 404.3498 254 302.0207 -0.2453704 -0.2021425
Moved 404.3758 254 279.3076 -0.2453704 -0.2717293
Moved 404.4012 254 253 -0.2453704 -0.3523284
Moved 404.4308 254 232.7518 -0.2453704 -0.4143632
Moved 404.4569 244.1629 216.8147 -0.2681413 -0.4631903
Moved 404.4801 242.7746 211.0981 -0.2713552 -0.4807042
Moved 404.5066 241 204.8468 -0.275463 -0.4998566
Moved 404.5307 240 203.4167 -0.2777777 -0.5042379
Moved 404.5552 239 199.7749 -0.2800926 -0.5153956
Moved 404.5974 238 196.5381 -0.2824074 -0.5253122
Moved 404.6225 237.1075 195.1074 -0.2844734 -0.5296954
Moved 404.6483 237 194 -0.2847222 -0.5330882
Moved 404.6736 236 193 -0.287037 -0.536152
Stationary 404.6983 236 193 -0.287037 -0.536152
Moved 404.7219 236 191.6266 -0.287037 -0.5403597
Moved 404.7508 234.752 190.752 -0.2899259 -0.5430394
Stationary 404.7747 234.752 190.752 -0.2899259 -0.5430394
Stationary 404.7975 234.752 190.752 -0.2899259 -0.5430394
Moved 404.8203 233.8988 191 -0.2919009 -0.5422794
Moved 404.8605 231.8669 209.1298 -0.2966044 -0.4867348
Moved 404.8862 229 223.5 -0.3032407 -0.4427083
Moved 404.9149 219.6401 272.1595 -0.3249072 -0.2936289
Moved 404.9397 207.9576 324.1627 -0.35195 -0.1343055
Moved 404.9652 197.4826 379.7076 -0.3761977 0.035869
Moved 404.99 191.7733 398.9866 -0.3894135 0.09493454
Moved 405.014 183.5359 426.5709 -0.4084816 0.1794451
Moved 405.0404 180.4915 436.7797 -0.4155289 0.2107221
Moved 405.0692 174.7178 449.5643 -0.4288938 0.2498907
Moved 405.094 168.9756 460.0244 -0.4421861 0.2819376
Moved 405.1345 167 468.0343 -0.4467593 0.3064776
Moved 405.1615 165.5461 469.4539 -0.4501248 0.310827
Moved 405.1868 166 471.3187 -0.4490741 0.31654
Moved 405.2118 166 472.5 -0.4490741 0.3201594
Stationary 405.2395 166 472.5 -0.4490741 0.3201594
Moved 405.2629 166 473.1722 -0.4490741 0.3222188
Moved 405.2884 166 474.0359 -0.4490741 0.3248651
Stationary 405.3127 166 474 -0.4490741 0.324755
Moved 405.3375 179.9359 475 -0.416815 0.3278186
Moved 405.3622 187.0956 475 -0.4002416 0.3278186
Moved 405.408 206.1525 475 -0.3561286 0.3278186
Moved 405.4341 215.5 475 -0.3344907 0.3278186
Moved 405.4595 222.385 475 -0.3185533 0.3278186
Moved 405.4854 225.1309 475 -0.312197 0.3278186
Moved 405.5111 229.4378 475 -0.3022273 0.3278186
Moved 405.5353 233.5919 475 -0.2926112 0.3278186
Moved 405.5623 234.7774 475 -0.2898672 0.3278186
Moved 405.5865 239.519 475 -0.2788913 0.3278186
Moved 405.6105 243.128 475 -0.270537 0.3278186
Moved 405.6347 246.7336 475 -0.2621906 0.3278186
Moved 405.6746 255.1432 475 -0.2427241 0.3278186
Moved 405.7 258.0363 475 -0.2360271 0.3278186
Moved 405.7285 260.8784 475 -0.229448 0.3278186
Moved 405.752 262.3359 475 -0.2260742 0.3278186
Stationary 405.7762 262.3359 475 -0.2260742 0.3278186
Stationary 405.7995 262 475 -0.2268519 0.3278186
Ended 405.8244 252.6844 475 -0.2484158 0.3278186
Candidates 405.9097 5 bet beer cry very betty
Began 406.8633 265 309 -0.2199074 -0.1807597
Moved 406.8982 265 296.4586 -0.2199074 -0.2191833
Moved 406.9241 265 246.6934 -0.2199074 -0.3716503
Moved 406.949 265 219.2325 -0.2199074 -0.4557826
Moved 406.9749 265 180.8995 -0.2199074 -0.5732244
Moved 407.0013 265 150.8801 -0.2199074 -0.6651958
Ended 407.0321 265 142.9084 -0.2199074 -0.6896188
Accept 407.0809 very
Began 407.545 304 227 -0.1296296 -0.4319853
Stationary 407.5757 304 227 -0.1296296 -0.4319853
Stationary 407.5995 304 227 -0.1296296 -0.4319853
Moved 407.6237 304 238.2017 -0.1296296 -0.3976665
Moved 407.6529 312.4684 244.9368 -0.1100269 -0.377032
Moved 407.6787 317.0172 252.0258 -0.09949733 -0.3553133
Moved 407.706 319.8945 256.8945 -0.09283686 -0.340397
Moved 407.7322 321.3047 258.3046 -0.08957256 -0.3360765
Moved 407.7587 325.3675 262.1837 -0.08016784 -0.3241921
Moved 407.7843 329.4137 265.7068 -0.07080158 -0.3133981
Moved 407.8122 331.1426 267.1426 -0.06679942 -0.3089993
Moved 407.8376 336.0153 270.0153 -0.05552023 -0.3001983
Moved 407.8622 340.7757 271.8879 -0.04450063 -0.2944611
Moved 407.8867 342.0158 272 -0.04163017 -0.2941176
Moved 407.9116 344.8948 272.8948 -0.03496572 -0.2913762
Moved 407.937 347.7705 273 -0.02830903 -0.291054
Moved 407.9644 348.5 273 -0.02662038 -0.291054
Moved 407.988 349.3205 274.3205 -0.02472103 -0.2870083
Stationary 408.0275 349 274 -0.02546296 -0.2879901
Moved 408.0522 349 275.4848 -0.02546296 -0.2834412
Moved 408.0767 349 279.7191 -0.02546296 -0.2704684
Moved 408.1009 337 280.5 -0.05324075 -0.268076
Moved 408.1296 321.8938 288.9026 -0.08820881 -0.2423325
Moved 408.1543 289.3836 295.3489 -0.163464 -0.2225831
Moved 408.1784 265.435 298.2173 -0.2189004 -0.2137949
Moved 408.2021 208.5973 299 -0.3504693 -0.211397
Moved 408.2278 193.0563 299 -0.3864438 -0.211397
Moved 408.2513 167.7254 291.5322 -0.4450801 -0.2342763
Moved 408.2948 141.9247 285.4623 -0.5048039 -0.2528727
Moved 408.321 136.155 285 -0.5181596 -0.2542892
Moved 408.345 131.548 283 -0.5288241 -0.2604167
Moved 408.3695 127.4038 281.4038 -0.5384171 -0.2653069
Moved 408.3941 125.9661 281 -0.5417451 -0.2665441
Moved 408.4198 124.525 279.525 -0.545081 -0.2710631
Moved 408.4474 122.9678 278.9678 -0.5486856 -0.2727702
Moved 408.4727 122 278.0816 -0.550926 -0.2754853
Moved 408.4969 120.6409 278 -0.554072 -0.2757353
Moved 408.5229 119.9249 276.9249 -0.5557294 -0.279029
Moved 408.5637 136.9681 277 -0.5162776 -0.278799
Moved 408.5885 168.9157 285.6105 -0.4423247 -0.2524189
Moved 408.6176 202.5251 299.81 -0.3645253 -0.2089155
Moved 408.6428 216.8622 305.5449 -0.3313375 -0.1913454
Moved 408.6694 231.4529 311.7811 -0.2975628 -0.1722392
Moved 408.6964 242.2856 315.7618 -0.2724872 -0.1600434
Moved 408.7236 250.2486 318.6243 -0.2540542 -0.1512737
Moved 408.7489 253.1342 320.0671 -0.2473745 -0.1468533
Moved 408.7784 257.202 321 -0.2379583 -0.1439951
Moved 408.8046 261.4796 322 -0.2280566 -0.1409313
Moved 408.8435 264.354 323 -0.2214027 -0.1378676
Moved 408.868 265.3734 324.3734 -0.2190429 -0.13366
Moved 408.892 266.1291 324 -0.2172938 -0.1348038
Stationary 408.9164 266 324 -0.2175926 -0.1348038
Moved 408.9447 266 325 -0.2175926 -0.1317402
Stationary 408.9687 266 325 -0.2175926 -0.1317402
Stationary 408.9926 266 325 -0.2175926 -0.1317402
Stationary 409.0165 266 325 -0.2175926 -0.1317402
Moved 409.04 266 326.174 -0.2175926 -0.1281436
Stationary 409.0648 266 326 -0.2175926 -0.1286766
Moved 409.11 256.6102 304.6357 -0.2393282 -0.1941307
Moved 409.1357 253.6764 293.7057 -0.2461194 -0.2276172
Moved 409.1613 247.9251 269.0878 -0.2594327 -0.3030398
Moved 409.188 243.187 243.9348 -0.2704006 -0.3801016
Moved 409.2145 240.1855 222.8346 -0.2773485 -0.444747
Moved 409.24 240 208.4792 -0.2777777 -0.4887278
Moved 409.2695 238.7777 191.8887 -0.2806071 -0.5395568
Moved 409.2955 239 182.8147 -0.2800926 -0.5673568
Moved 409.3225 237.3702 176.1106 -0.2838653 -0.5878964
Moved 409.3473 237 172.8729 -0.2847222 -0.5978158
Moved 409.3852 236 168.6117 -0.287037 -0.6108711
Moved 409.4083 235.1924 167.1924 -0.2889064 -0.6152194
Ended 409.4368 235 165.7579 -0.2893518 -0.6196142
Candidates 409.5271 5 yards heard rats hearts treated
Began 411.0392 262 272 -0.2268519 -0.2941176
Stationary 411.0795 262 272 -0.2268519 -0.2941176
Ended 411.1048 262 272 -0.2268519 -0.2941176
Cancel 411.1613
Began 411.8998 339 255 -0.04861111 -0.3462009
Stationary 411.9338 339 255 -0.04861111 -0.3462009
Stationary 411.9588 339 255 -0.04861111 -0.3462009
Stationary 411.983 339 255 -0.04861111 -0.3462009
Moved 412.0142 291.2502 255 -0.159143 -0.3462009
Moved 412.045 219.8354 255 -0.324455 -0.3462009
Moved 412.0714 185.2928 255 -0.4044147 -0.3462009
Moved 412.0971 160.5 255 -0.4618056 -0.3462009
Moved 412.1224 154.2331 255 -0.4763123 -0.3462009
Moved 412.1474 143.1518 255 -0.5019633 -0.3462009
Moved 412.1719 141.2287 255 -0.5064151 -0.3462009
Moved 412.2014 137.227 255 -0.5156783 -0.3462009
Moved 412.2262 134.5 255 -0.5219908 -0.3462009
Moved 412.2616 133.6864 255 -0.5238739 -0.3462009
Moved 412.2865 132.9923 255 -0.5254807 -0.3462009
Stationary 412.3113 133 255 -0.5254629 -0.3462009
Stationary 412.3359 133 255 -0.5254629 -0.3462009
Moved 412.3636 147.9971 267.3732 -0.4907476 -0.308293
Moved 412.39 174.4994 284.7497 -0.4293995 -0.2550561
Moved 412.4156 187.5588 293.0392 -0.3991695 -0.2296594
Moved 412.4412 216.5164 309.2295 -0.332138 -0.1800566
Moved 412.4668 234.3957 317.1319 -0.2907508 -0.1558459
Moved 412.4924 242.0109 321.0065 -0.273123 -0.1439751
Moved 412.5387 262.2114 328.6057 -0.2263625 -0.1206932
Moved 412.5649 270.7149 330.905 -0.2066785 -0.113649
Moved 412.5901 279.2512 334.7504 -0.1869185 -0.1018675
Moved 412.6158 282.351 336.1755 -0.1797432 -0.09750161
Moved 412.6408 287.0965 338.0483 -0.1687581 -0.09176376
Moved 412.6676 291.3797 339 -0.1588434 -0.08884795
Moved 412.6973 293.227 340.2269 -0.1545672 -0.08508898
Moved 412.7236 294 340.8891 -0.1527778 -0.08306036
Moved 412.7497 295.7631 341 -0.1486964 -0.08272059
Moved 412.7758 296.5 341 -0.1469907 -0.08272059
Moved 412.8148 296 342.1709 -0.1481481 -0.07913319
Stationary 412.841 296 342 -0.1481481 -0.07965678
Stationary 412.8689 296 342 -0.1481481 -0.07965678
Stationary 412.8934 296 342 -0.1481481 -0.07965678
Stationary 412.9191 296 342 -0.1481481 -0.07965678
Moved 412.9447 286.2552 342 -0.1707055 -0.07965678
Moved 412.9702 283.6458 342 -0.1767458 -0.07965678
Moved 412.9954 276.9009 331.9009 -0.192359 -0.1105976
Moved 413.0264 269.2986 320.1643 -0.209957 -0.1465554
Moved 413.0527 259.6845 292.615 -0.2322118 -0.230959
Moved 413.0941 255.6805 263.7635 -0.2414803 -0.319352
Moved 413.1335 252.6881 242.7524 -0.2484072 -0.3837241
Moved 413.1664 252 236.6191 -0.25 -0.4025149
Moved 413.1987 251 231.9429 -0.2523148 -0.4168417
Moved 413.2259 250.3049 229.3049 -0.2539238 -0.4249237
Moved 413.2489 249.5 228.5 -0.255787 -0.4273897
Moved 413.2725 250 226.104 -0.2546296 -0.4347304
Moved 413.2957 250 225.5 -0.2546296 -0.4365809
Moved 413.3189 249 224.5 -0.2569445 -0.4396445
Moved 413.3424 249 223.6774 -0.2569445 -0.442165
Moved 413.3837 249 222.9578 -0.2569445 -0.4443696
Moved 413.4079 247.7718 222 -0.2597874 -0.4473039
Ended 413.4318 248 221 -0.2592593 -0.4503677
Candidates 413.5169 5 arts data assets ats ars
Began 414.5185 276 267 -0.1944444 -0.3094362
Stationary 414.5534 276 267 -0.1944444 -0.3094362
Ended 414.5786 276 267 -0.1944444 -0.3094362
Cancel 414.6258
Began 414.938 230 321 -0.3009259 -0.1439951
Stationary 414.9687 230 321 -0.3009259 -0.1439951
Moved 414.9974 239.2087 321 -0.2796095 -0.1439951
Moved 415.0232 251.4249 321 -0.2513313 -0.1439951
Moved 415.0471 258.578 321 -0.2347732 -0.1439951
Moved 415.0738 273.3023 321 -0.200689 -0.1439951
Moved 415.1 287.9422 313.2645 -0.1668004 -0.1676947
Moved 415.1249 294.852 313 -0.1508057 -0.1685049
Moved 415.1537 306.161 312 -0.1246273 -0.1715685
Moved 415.1789 313.8383 310.3873 -0.1068559 -0.1765096
Moved 415.2033 317.0687 310 -0.09937808 -0.1776961
Moved 415.2278 320.9146 310 -0.09047538 -0.1776961
Moved 415.2537 323 310 -0.08564815 -0.1776961
Moved 415.2848 324.1406 310 -0.08300786 -0.1776961
Stationary 415.3245 324 310 -0.08333336 -0.1776961
Stationary 415.3489 324 310 -0.08333336 -0.1776961
Stationary 415.3719 324 310 -0.08333336 -0.1776961
Stationary 415.3967 324 310 -0.08333336 -0.1776961
Stationary 415.4239 324 310 -0.08333336 -0.1776961
Stationary 415.4473 324 310 -0.08333336 -0.1776961
Stationary 415.4701 324 310 -0.08333336 -0.1776961
Stationary 415.4923 324 310 -0.08333336 -0.1776961
Stationary 415.5147 324 310 -0.08333336 -0.1776961
Stationary 415.5403 324 310 -0.08333336 -0.1776961
Moved 415.5797 316.8501 310 -0.09988403 -0.1776961
Moved 415.6047 314.6333 310 -0.1050154 -0.1776961
Moved 415.6304 308.325 316.2416 -0.119618 -0.1585736
Moved 415.6574 292.6676 320.7618 -0.155862 -0.1447248
Moved 415.6888 269.4068 321 -0.2097065 -0.1439951
Moved 415.7144 248.9727 321 -0.2570075 -0.1439951
Moved 415.74 206.6365 307.5031 -0.3550082 -0.1853461
Moved 415.7661 173.8936 294.9468 -0.4308018 -0.2238149
Moved 415.7938 146.6572 280.1429 -0.4938491 -0.26917
Moved 415.8247 130.3911 273.1956 -0.5315021 -0.2904547
Moved 415.8653 118.6475 266.4317 -0.5586863 -0.3111774
Moved 415.8893 111.6766 263.3383 -0.5748225 -0.3206547
Moved 415.9128 108.8137 263 -0.5814496 -0.3216912
Moved 415.936 100.1613 262 -0.6014785 -0.3247548
Moved 415.9637 94.04498 262 -0.6156366 -0.3247548
Moved 415.9874 92.0927 262 -0.6201558 -0.3247548
Moved 416.0108 89.21817 262 -0.6268097 -0.3247548
Moved 416.0345 87.78384 262 -0.63013 -0.3247548
Moved 416.0573 86.5 262 -0.6331018 -0.3247548
Moved 416.0837 84.80046 262 -0.637036 -0.3247548
Stationary 416.1218 84.80046 262 -0.637036 -0.3247548
Moved 416.1448 85 270.8749 -0.6365741 -0.2975647
Moved 416.1694 103.4192 280.3824 -0.593937 -0.2684363
Moved 416.1945 141.0407 303.3571 -0.5068502 -0.1980482
Moved 416.2227 159.9755 316.1387 -0.4630197 -0.1588887
Moved 416.248 193.8119 339.8746 -0.3846946 -0.08616831
Moved 416.2742 213.3508 351.8442 -0.3394657 -0.04949673
Moved 416.3023 230.4433 362.3546 -0.2998999 -0.01729591
Moved 416.3272 237.5 365 -0.2835648 -0.009191177
Moved 416.3558 243.7948 369.3974 -0.2689936 0.00428125
Moved 416.3967 248.3566 373.3566 -0.2584337 0.01641124
Moved 416.4236 251.2451 376.2451 -0.2517473 0.02526078
Moved 416.4478 251.6794 377.6794 -0.250742 0.02965516
Moved 416.4724 252.5 378.5 -0.2488426 0.03216912
Moved 416.4968 252 379 -0.25 0.03370108
Moved 416.5254 253.2467 380.2467 -0.247114 0.03752054
Moved 416.5524 253 381.3604 -0.2476852 0.04093255
Stationary 416.5772 253 381 -0.2476852 0.03982843
Stationary 416.6019 253 381 -0.2476852 0.03982843
Moved 416.627 253 382 -0.2476852 0.04289216
Moved 416.6776 253 383.0338 -0.2476852 0.04605929
Stationary 416.7082 253 383.0338 -0.2476852 0.04605929
Moved 416.7331 253 384.1175 -0.2476852 0.04937967
Stationary 416.7568 253 384.1175 -0.2476852 0.04937967
Moved 416.7825 244.3852 385.2307 -0.2676267 0.05278999
Moved 416.8185 242.8965 385 -0.271073 0.05208334
Moved 416.8438 241 385.6712 -0.275463 0.05413967
Moved 416.868 239.8974 386 -0.2780153 0.05514706
Moved 416.8922 238.5 386 -0.28125 0.05514706
Moved 416.9159 236.5781 386 -0.2856988 0.05514706
Moved 416.9582 235.7773 386 -0.2875526 0.05514706
Moved 416.9821 234.7511 387.249 -0.2899281 0.05897349
Stationary 417.0056 234.7511 387.249 -0.2899281 0.05897349
Moved 417.0336 233.7513 387 -0.2922424 0.05821083
Moved 417.0589 231.9368 387 -0.2964427 0.05821083
Moved 417.0884 229.0615 387 -0.3030983 0.05821083
Moved 417.1162 222.5609 387 -0.318146 0.05821083
Moved 417.1416 218.2627 387 -0.3280956 0.05821083
Moved 417.167 208.6335 373.4223 -0.3503855 0.01661254
Moved 417.1914 203.1037 369.3278 -0.3631858 0.004068076
Moved 417.2369 190.5 356.5 -0.3923611 -0.03523285
Moved 417.2636 185.2108 349.2108 -0.4046047 -0.05756509
Moved 417.289 183.0922 345.1843 -0.4095089 -0.06990096
Moved 417.3141 180.3285 342.3286 -0.4159061 -0.07865018
Moved 417.3402 178.7964 338.7964 -0.4194528 -0.08947186
Moved 417.3699 175.9192 334.8384 -0.426113 -0.1015981
Moved 417.3955 173.3477 330.3477 -0.4320655 -0.1153564
Moved 417.4205 171.9161 327.8322 -0.4353793 -0.123063
Moved 417.4473 169.0427 323.0427 -0.4420307 -0.1377368
Moved 417.4742 167.1651 320 -0.446377 -0.1470588
Moved 417.5181 165.6323 316.2645 -0.4499253 -0.1585032
Moved 417.543 165 314.7621 -0.4513889 -0.1631064
Ended 417.5681 162.8918 314 -0.4562689 -0.1654411
Candidates 417.6761 5 laid laughs flashes hard hats
Began 418.2988 269 287 -0.2106481 -0.2481617
Stationary 418.3277 269 287 -0.2106481 -0.2481617
Ended 418.3539 269 287 -0.2106481 -0.2481617
Cancel 418.4122
Began 419.42 269 298 -0.2106481 -0.2144608
Stationary 419.4503 269 298 -0.2106481 -0.2144608
Stationary 419.4799 269 298 -0.2106481 -0.2144608
Moved 419.5069 283.4483 298 -0.177203 -0.2144608
Moved 419.5357 295.6005 298 -0.149073 -0.2144608
Moved 419.5659 312.1835 298 -0.1106863 -0.2144608
Moved 419.5933 317.9197 298 -0.097408 -0.2144608
Moved 419.6231 327.0483 298 -0.076277 -0.2144608
Moved 419.6491 333.8206 298 -0.06060034 -0.2144608
Moved 419.6763 339.5061 298 -0.04743949 -0.2144608
Moved 419.7017 341.1851 298 -0.04355311 -0.2144608
Moved 419.7282 344.0627 298 -0.036892 -0.2144608
Moved 419.757 345.3724 298 -0.03386026 -0.2144608
Moved 419.7914 346 298 -0.03240739 -0.2144608
Stationary 419.8169 346 298 -0.03240739 -0.2144608
Stationary 419.8411 346 298 -0.03240739 -0.2144608
Stationary 419.867 346 298 -0.03240739 -0.2144608
Stationary 419.8957 346 298 -0.03240739 -0.2144608
Moved 419.9218 330.6079 298 -0.06803716 -0.2144608
Moved 419.9479 321.7689 301.7696 -0.08849785 -0.2029118
Moved 419.9742 293.0321 308.414 -0.1550182 -0.1825552
Moved 420.0009 255.2768 309 -0.2424149 -0.1807597
Moved 420.0298 215.275 309 -0.3350116 -0.1807597
Moved 420.0698 187.3815 304.3815 -0.39958 -0.1949096
Moved 420.0963 172.1936 298.8387 -0.434737 -0.2118911
Moved 420.1225 157.6633 294.9158 -0.4683721 -0.2239097
Moved 420.1487 152 295 -0.4814814 -0.223652
Moved 420.1781 142.8741 294 -0.5026063 -0.2267157
Moved 420.2046 133.5757 292.1439 -0.5241304 -0.2324021
Moved 420.231 125.6573 292 -0.5424601 -0.232843
Moved 420.256 123.898 292 -0.5465324 -0.232843
Moved 420.2818 118.0436 291 -0.5600842 -0.2359069
Moved 420.3103 115.3455 291 -0.5663297 -0.2359069
Moved 420.3501 112.5813 291 -0.5727285 -0.2359069
Moved 420.3747 110.8627 291 -0.5767068 -0.2359069
Moved 420.3991 109.6255 291 -0.5795705 -0.2359069
Stationary 420.4234 109.6255 291 -0.5795705 -0.2359069
Stationary 420.4513 110 291 -0.5787036 -0.2359069
Moved 420.4765 125.0934 304.0779 -0.5437652 -0.1958398
Moved 420.5022 134.6609 310.7739 -0.5216182 -0.1753249
Moved 420.5277 154.1855 324.561 -0.4764225 -0.133085
Moved 420.5532 172.0887 341.0887 -0.4349799 -0.08244889
Moved 420.5837 185.7571 352.0679 -0.4033399 -0.04881167
Moved 420.6242 194.1172 359.1172 -0.383988 -0.02721441
Moved 420.6504 199.1491 363.0746 -0.37234 -0.01509012
Moved 420.6769 203.9461 367.973 -0.3612359 -8.255828E-05
Moved 420.7028 204 370.814 -0.3611111 0.008621403
Moved 420.7321 207.2702 374.5404 -0.3535412 0.0200381
Moved 420.7559 208 377.8474 -0.3518518 0.03016977
Moved 420.7804 208 380.4592 -0.3518518 0.03817147
Moved 420.8046 208 382.0976 -0.3518518 0.04319116
Moved 420.8314 208 384.9772 -0.3518518 0.05201345
Moved 420.8617 208 387.5 -0.3518518 0.0597427
Moved 420.9041 208 388.2083 -0.3518518 0.06191278
Moved 420.9295 208 390.1353 -0.3518518 0.06781653
Moved 420.9555 208 391.0482 -0.3518518 0.07061337
Stationary 420.9817 208 391.0482 -0.3518518 0.07061337
Moved 421.0096 209 391 -0.349537 0.07046569
Stationary 421.0349 209 391 -0.349537 0.07046569
Moved 421.0604 210.1092 391 -0.3469694 0.07046569
Stationary 421.0849 210.1092 391 -0.3469694 0.07046569
Stationary 421.1092 210 391 -0.3472222 0.07046569
Moved 421.1375 210 380.2961 -0.3472222 0.03767201
Moved 421.18 210 371.5 -0.3472222 0.01072313
Moved 421.2071 210 360.704 -0.3472222 -0.02235282
Moved 421.2333 210 351.0944 -0.3472222 -0.05179396
Moved 421.2592 201.1582 342.6326 -0.3676894 -0.07771867
Moved 421.2892 198.2879 335.5759 -0.3743335 -0.09933865
Moved 421.3146 197.1513 332.454 -0.3769645 -0.1089032
Moved 421.3398 194.3341 324.6682 -0.383486 -0.1327569
Moved 421.3638 194 321.7883 -0.3842593 -0.1415801
Moved 421.3923 192 317.0306 -0.3888888 -0.1561561
Moved 421.4246 191 313 -0.3912037 -0.1685049
Moved 421.4671 189 308.1616 -0.3958333 -0.1833283
Moved 421.4923 187.2852 306.2852 -0.3998027 -0.1890772
Moved 421.5165 187 304.8449 -0.4004629 -0.1934899
Moved 421.5413 185.5003 302.5002 -0.4039346 -0.2006733
Ended 421.5705 185 302 -0.4050926 -0.2022059
Candidates 421.6826 5 hard hats lasted hated layers
Began 422.5108 253 278 -0.2476852 -0.2757353
Moved 422.5476 253 295.1263 -0.2476852 -0.2232651
Moved 422.574 226.888 353.5737 -0.3081297 -0.04419813
Moved 422.605 209.6306 399.6866 -0.3480774 0.09707923
Moved 422.6313 200.1813 432.3353 -0.3699507 0.1971058
Moved 422.6575 194.5287 445.3103 -0.3830353 0.2368575
Ended 422.6812 189 453 -0.3958333 0.2604167
Accept 422.7151 hard
PhraseEnd 424.8402
