our fax number has changed
Basic
0.6 0.6
432 388.8
Began 412.279 559 482 0.4606481 0.2417695
Stationary 412.3097 559 482 0.4606481 0.2417695
Stationary 412.3404 559 482 0.4606481 0.2417695
Stationary 412.3694 559 482 0.4606481 0.2417695
Stationary 412.4019 559 482 0.4606481 0.2417695
Stationary 412.4326 559 482 0.4606481 0.2417695
Moved 412.4633 547.7283 482 0.4345562 0.2417695
Moved 412.494 543.1556 489 0.4239712 0.2597736
Moved 412.5248 537.5648 491.7176 0.4110295 0.2667633
Moved 412.5555 532.8098 493.5952 0.4000225 0.2715924
Moved 412.5863 524.5964 494 0.3810102 0.2726337
Moved 412.617 515.9891 495 0.3610859 0.2752057
Moved 412.6477 502.5862 496 0.3300606 0.2777777
Moved 412.6785 488.2229 496 0.2968124 0.2777777
Moved 412.7092 477.2561 496 0.2714261 0.2777777
Moved 412.7399 457.0597 496 0.2246751 0.2777777
Moved 412.7706 439.9194 496 0.1849985 0.2777777
Moved 412.8013 422.5952 496 0.1448963 0.2777777
Moved 412.8321 402.5843 496 0.09857465 0.2777777
Moved 412.8629 378.5701 487.6963 0.04298637 0.2564204
Moved 412.8936 354.4061 488 -0.01294891 0.2572016
Moved 412.9243 333.5618 486 -0.06119962 0.2520575
Moved 412.955 314.1619 485 -0.1061067 0.2494856
Moved 412.9857 297.7615 483.5523 -0.1440705 0.2457621
Moved 413.0165 283.4105 481.6821 -0.1772905 0.2409519
Moved 413.0472 274.4409 479.1102 -0.1980534 0.2343369
Moved 413.0779 266.4749 478 -0.2164933 0.2314814
Moved 413.1087 263.3591 477 -0.2237058 0.2289094
Moved 413.1394 260.5 477 -0.2303241 0.2289094
Moved 413.1701 261 477 -0.2291666 0.2289094
Ended 413.2008 261 477 -0.2291666 0.2289094
Began 414.2764 256 389 -0.2407407 0.002572016
Stationary 414.3071 256 389 -0.2407407 0.002572016
Stationary 414.3379 256 389 -0.2407407 0.002572016
Stationary 414.3686 256 389 -0.2407407 0.002572016
Stationary 414.3993 256 389 -0.2407407 0.002572016
Moved 414.4301 244.6753 389 -0.2669553 0.002572016
Moved 414.4608 232.325 398.935 -0.2955439 0.02812499
Moved 414.4915 219.9565 402.8087 -0.3241748 0.03808818
Moved 414.5222 207.2155 405.3569 -0.3536679 0.04464224
Moved 414.5529 190.8862 408.2228 -0.391467 0.05201324
Moved 414.5837 176.4781 410.1044 -0.4248193 0.05685276
Moved 414.6145 165.1254 410 -0.4510987 0.05658428
Moved 414.6452 151.554 410 -0.4825138 0.05658428
Moved 414.6759 139.1608 410 -0.5112019 0.05658428
Moved 414.7066 130.2983 413.2339 -0.5317169 0.06490185
Moved 414.7374 122.5748 417.6168 -0.5495954 0.07617487
Moved 414.7681 116.9387 420 -0.562642 0.08230445
Moved 414.7989 112.8788 421.5606 -0.5720398 0.08631831
Moved 414.8296 110.7855 423.2145 -0.5768853 0.09057222
Moved 414.8603 109 423 -0.5810185 0.09002049
Moved 414.8911 109 424.3755 -0.5810185 0.09355839
Moved 414.9218 109 418.9357 -0.5810185 0.07956716
Moved 414.9526 119.5069 402.828 -0.556697 0.03813775
Moved 414.9833 137.724 377.0692 -0.5145277 -0.02811432
Moved 415.014 155.8887 349.1781 -0.4724799 -0.09985071
Moved 415.0447 175.8798 327.2803 -0.4262043 -0.1561722
Moved 415.0754 190.9613 305.862 -0.3912934 -0.2112604
Moved 415.1062 208.612 286.388 -0.3504351 -0.2613477
Moved 415.1369 223.801 270.3325 -0.3152754 -0.3026429
Moved 415.1676 235.957 256.3038 -0.2871366 -0.3387249
Moved 415.1984 245.5669 244.9108 -0.2648914 -0.3680279
Moved 415.2291 253.1736 237.2175 -0.2472833 -0.3878151
Moved 415.2598 256.2607 232.7393 -0.2401372 -0.3993333
Moved 415.2905 260.6641 228.3359 -0.2299441 -0.4106586
Moved 415.3213 263.7062 226 -0.2229023 -0.4166668
Ended 415.352 268 224 -0.212963 -0.4218107
Began 416.489 474 295 0.2638889 -0.2391976
Stationary 416.5197 474 295 0.2638889 -0.2391976
Stationary 416.5504 474 295 0.2638889 -0.2391976
Stationary 416.5808 474 295 0.2638889 -0.2391976
Stationary 416.6119 474 295 0.2638889 -0.2391976
Stationary 416.6426 474 295 0.2638889 -0.2391976
Stationary 416.6734 474 295 0.2638889 -0.2391976
Stationary 416.7041 474 295 0.2638889 -0.2391976
Moved 416.7348 474 306.1071 0.2638889 -0.21063
Moved 416.7655 474 312.7794 0.2638889 -0.1934686
Moved 416.7963 474 321.364 0.2638889 -0.1713888
Moved 416.827 465.1547 332.0544 0.2434137 -0.143893
Moved 416.8578 463.3532 349.9402 0.2392436 -0.09789038
Moved 416.8885 461.9185 354.2445 0.2359225 -0.08681976
Moved 416.9192 459.0426 365.8294 0.2292654 -0.05702321
Moved 416.95 454.037 381.4076 0.2176781 -0.01695586
Moved 416.9807 447.4537 404.8657 0.2024392 0.04337868
Moved 417.0114 445.7797 412.1014 0.1985641 0.06198922
Moved 417.0421 440.329 435.5195 0.1859468 0.1222208
Moved 417.0729 437.3524 458.8289 0.1790564 0.1821729
Moved 417.1036 434.4778 486.222 0.1724024 0.2526285
Moved 417.1343 432.5967 508.8232 0.1680478 0.3107593
Moved 417.165 432.0722 522.6388 0.1668339 0.3462931
Moved 417.1958 430.1925 531.4224 0.1624826 0.3688847
Moved 417.2265 428.3181 537.3637 0.1581438 0.3841658
Moved 417.2572 428 540.5 0.1574074 0.3922324
Moved 417.288 425.9466 542 0.1526542 0.3960905
Moved 417.3187 426 543.4881 0.1527777 0.3999178
Moved 417.3494 423.626 544 0.1472825 0.4012345
Moved 417.3802 422.2043 544 0.1439914 0.4012345
Moved 417.4109 422 529.1738 0.1435185 0.3631012
Moved 417.4416 422 493.3229 0.1435185 0.2708921
Moved 417.4723 422 451.0827 0.1435185 0.1622496
Moved 417.5031 422 417.9149 0.1435185 0.07694142
Moved 417.5338 431.396 382.2477 0.1652686 -0.01479514
Moved 417.5645 434.2527 355.4725 0.1718813 -0.08366133
Moved 417.5953 437.8592 331.267 0.1802296 -0.1459182
Moved 417.626 441.6981 308.1134 0.1891159 -0.2054697
Moved 417.6567 445.5755 290.5471 0.1980914 -0.2506505
Moved 417.6875 448.4563 278.6312 0.2047599 -0.2812985
Moved 417.7182 450 270.0073 0.2083333 -0.3034793
Moved 417.7489 452.8603 260.4193 0.2149543 -0.3281399
Moved 417.7796 455.4829 249.0342 0.2210253 -0.3574224
Moved 417.8104 458.5 241 0.2280092 -0.3780865
Moved 417.8411 460 233.6504 0.2314815 -0.3969897
Moved 417.8718 462.991 229.0181 0.238405 -0.4089042
Moved 417.9026 464.8636 222.2728 0.2427398 -0.4262531
Moved 417.9333 467.4065 216.187 0.2486261 -0.4419058
Moved 417.964 470.2742 209.4515 0.2552644 -0.4592296
Moved 417.9947 471 205.8458 0.2569444 -0.4685035
Moved 418.0255 472 202.9647 0.2592593 -0.4759138
Moved 418.0562 472 200.4519 0.2592593 -0.4823768
Moved 418.0869 472 199 0.2592593 -0.4861111
Moved 418.1177 472 197.5 0.2592593 -0.4899692
Moved 418.1484 461.312 198 0.2345186 -0.4886832
Moved 418.1791 449.2653 198 0.2066325 -0.4886832
Moved 418.2099 436.5249 208.2375 0.1771409 -0.462352
Moved 418.2406 424.0514 212.9742 0.1482671 -0.4501691
Moved 418.2714 406.6427 221.9049 0.1079692 -0.4271994
Moved 418.302 397.0013 226.3329 0.08565128 -0.4158105
Moved 418.3328 392.6989 229.301 0.07569195 -0.4081764
Moved 418.3635 384.5 234 0.05671293 -0.3960905
Moved 418.3942 376.5813 238.2791 0.03838271 -0.3850848
Moved 418.425 368.9395 244.0403 0.02069334 -0.3702667
Moved 418.4557 360.2121 248.788 0.0004909436 -0.3580557
Moved 418.4864 352.9821 253.6786 -0.01624525 -0.3454769
Moved 418.5172 347.3553 257.3224 -0.02927025 -0.336105
Moved 418.5479 343.8063 259.1937 -0.03748531 -0.3312921
Moved 418.5786 340 261.5 -0.04629632 -0.3253601
Moved 418.6093 339 262.5751 -0.04861111 -0.3225951
Moved 418.64 338 264.4529 -0.05092591 -0.3177651
Moved 418.6707 335.6817 265 -0.05629241 -0.3163581
Moved 418.7015 336 266.5 -0.05555556 -0.3125
Moved 418.7323 334.2356 269.7644 -0.05963981 -0.3041039
Moved 418.763 333.3631 274.9106 -0.06165941 -0.2908679
Moved 418.7937 331 283.544 -0.06712963 -0.2686626
Moved 418.8245 328.9361 291.1916 -0.0719071 -0.2489928
Moved 418.8552 327.0625 300.7501 -0.07624423 -0.2244084
Moved 418.8859 325.1994 313.8035 -0.08055691 -0.1908346
Moved 418.9167 322.5 331.5 -0.08680557 -0.145319
Moved 418.9474 320.8089 343.9557 -0.09072021 -0.1132827
Moved 418.9781 319.9498 358.251 -0.09270881 -0.07651513
Moved 419.0088 317.0769 380.3078 -0.09935901 -0.01978454
Moved 419.0396 315.6346 392.8272 -0.1026978 0.01241566
Moved 419.0703 314.6577 411.3961 -0.1049591 0.06017512
Moved 419.101 313 428.1202 -0.1087963 0.1031898
Moved 419.1317 311 444.5068 -0.113426 0.1453362
Moved 419.1624 309.3795 456.482 -0.1171771 0.1761368
Moved 419.1932 309 465.9558 -0.1180555 0.2005035
Moved 419.2239 308 475.0814 -0.1203704 0.2239746
Moved 419.2547 306.0555 485.7224 -0.1248715 0.2513436
Moved 419.2854 305.198 496.2081 -0.1268566 0.2783129
Moved 419.3161 304.325 503.35 -0.1288774 0.2966821
Moved 419.3469 304 510.6406 -0.1296296 0.3154334
Moved 419.3776 304 515.0924 -0.1296296 0.3268836
Moved 419.4083 303 520.9334 -0.1319445 0.3419068
Moved 419.4391 303 524.6644 -0.1319445 0.351503
Moved 419.4698 303 527.5 -0.1319445 0.3587962
Moved 419.5005 303 530.2131 -0.1319445 0.3657743
Moved 419.5312 303 534.0833 -0.1319445 0.3757284
Moved 419.562 303 536.5 -0.1319445 0.3819444
Moved 419.5927 303 538.3755 -0.1319445 0.3867683
Moved 419.6234 303 541.3809 -0.1319445 0.3944981
Moved 419.6541 303 543.5 -0.1319445 0.3999484
Moved 419.6849 303 545.1234 -0.1319445 0.4041239
Moved 419.7156 303 546 -0.1319445 0.4063785
Moved 419.7463 303 547.5139 -0.1319445 0.4102722
Moved 419.7771 303 548 -0.1319445 0.4115225
Moved 419.8078 303 549.5 -0.1319445 0.4153806
Moved 419.8386 302 549.8331 -0.1342593 0.4162372
Moved 419.8693 302 550.5 -0.1342593 0.4179526
Moved 419.9 302 550 -0.1342593 0.4166666
Stationary 419.9307 302 550 -0.1342593 0.4166666
Stationary 419.9614 302 550 -0.1342593 0.4166666
Moved 419.9921 314.6133 550 -0.1050618 0.4166666
Moved 420.0229 320 539.5 -0.09259259 0.3896604
Moved 420.0536 324.5213 540.7393 -0.08212655 0.392848
Moved 420.0844 327.1344 538.8656 -0.07607783 0.3880287
Moved 420.1148 329.0004 538 -0.07175843 0.3858024
Ended 420.1458 330.4472 536.5529 -0.06840934 0.3820803
Began 422.9422 404 426 0.1018518 0.09773654
Stationary 422.973 404 426 0.1018518 0.09773654
Stationary 423.0037 404 426 0.1018518 0.09773654
Stationary 423.0344 404 426 0.1018518 0.09773654
Stationary 423.0652 404 426 0.1018518 0.09773654
Stationary 423.0959 404 426 0.1018518 0.09773654
Stationary 423.1266 404 426 0.1018518 0.09773654
Stationary 423.1574 404 426 0.1018518 0.09773654
Moved 423.1881 394.1924 426 0.07914911 0.09773654
Moved 423.2188 388.635 426 0.06628474 0.09773654
Moved 423.2495 376.0298 426 0.03710588 0.09773654
Moved 423.2802 369.59 426 0.02219895 0.09773654
Moved 423.311 351.3038 426 -0.02013018 0.09773654
Moved 423.3417 329.5592 426 -0.07046471 0.09773654
Moved 423.3724 307.6097 426 -0.1212737 0.09773654
Moved 423.4031 281.5369 426 -0.1816276 0.09773654
Moved 423.4339 258.4409 426 -0.2350905 0.09773654
Moved 423.4646 234.3545 419.2758 -0.290846 0.08044164
Moved 423.4954 218 419 -0.3287037 0.07973251
Moved 423.5261 200.1621 415.6324 -0.3699951 0.07107095
Moved 423.5569 186.9822 412.7455 -0.4005042 0.06364591
Moved 423.5876 176.6138 409.8713 -0.4245051 0.05625328
Moved 423.6183 171.3484 408 -0.4366935 0.05144025
Moved 423.649 168.4856 408 -0.4433203 0.05144025
Moved 423.6797 165.6112 408 -0.4499741 0.05144025
Moved 423.7105 163.7299 408 -0.4543288 0.05144025
Stationary 423.7411 164 408 -0.4537037 0.05144025
Stationary 423.7719 164 408 -0.4537037 0.05144025
Moved 423.8027 179.1666 408 -0.4185958 0.05144025
Moved 423.8334 193.7058 406.8992 -0.3849403 0.04860897
Moved 423.8642 214.013 397.9935 -0.3379329 0.02570333
Moved 423.8948 236.2814 387.3593 -0.2863856 -0.001647894
Moved 423.9256 241.2795 386.2402 -0.2748159 -0.004526421
Moved 423.9563 246.5239 382.738 -0.2626761 -0.01353393
Ended 423.9871 250 381 -0.2546296 -0.01800419
Began 424.9704 222 257 -0.3194444 -0.3369342
Stationary 425.0011 222 257 -0.3194444 -0.3369342
Stationary 425.0319 222 257 -0.3194444 -0.3369342
Stationary 425.0626 222 257 -0.3194444 -0.3369342
Stationary 425.0933 222 257 -0.3194444 -0.3369342
Stationary 425.1241 222 257 -0.3194444 -0.3369342
Stationary 425.1548 222 257 -0.3194444 -0.3369342
Stationary 425.1855 222 257 -0.3194444 -0.3369342
Stationary 425.2162 222 257 -0.3194444 -0.3369342
Stationary 425.247 222 257 -0.3194444 -0.3369342
Stationary 425.2777 222 257 -0.3194444 -0.3369342
Stationary 425.3085 222 257 -0.3194444 -0.3369342
Stationary 425.3392 222 257 -0.3194444 -0.3369342
Stationary 425.3699 222 257 -0.3194444 -0.3369342
Moved 425.4006 234.3316 275.6632 -0.2908991 -0.2889321
Moved 425.4314 244.9932 292.9864 -0.2662195 -0.2443766
Moved 425.4621 261.7035 311.7616 -0.2275383 -0.1960865
Moved 425.4928 278.0227 333.8317 -0.1897623 -0.1393218
Moved 425.5235 295.4477 353.3688 -0.1494267 -0.08907215
Moved 425.5543 316.4793 373.2621 -0.1007423 -0.03790616
Moved 425.585 332.3483 393.018 -0.06400848 0.01290631
Moved 425.6158 358.1282 417.4872 -0.00433286 0.07584143
Moved 425.6465 366.4041 425.4041 0.01482417 0.09620375
Moved 425.6772 381.7459 441.7459 0.05033771 0.1382353
Moved 425.7079 390.5211 450.6807 0.07065067 0.1612158
Moved 425.7387 395.7262 455.7262 0.08269956 0.1741928
Moved 425.7693 398 459.233 0.08796295 0.1832123
Moved 425.8001 400.1068 460 0.0928397 0.1851851
Moved 425.8309 400 461.5 0.09259263 0.1890431
Moved 425.8616 400 462 0.09259263 0.1903292
Moved 425.8923 395.864 462 0.08301863 0.1903292
Moved 425.9231 377.2382 451.4127 0.03990322 0.1630986
Moved 425.9538 353.7405 440.6962 -0.01448949 0.1355355
Moved 425.9845 325.2512 427.1823 -0.08043697 0.1007773
Moved 426.0152 296.8095 415.1164 -0.1462744 0.06974373
Moved 426.046 273.3892 407.0973 -0.2004879 0.04911846
Moved 426.0767 254.3227 399.121 -0.2446235 0.02860332
Moved 426.1074 237.8572 393.3429 -0.2827379 0.01374197
Moved 426.1382 221.4918 389.2983 -0.3206208 0.003339273
Moved 426.1689 212.244 386.811 -0.3420278 -0.003058155
Moved 426.1996 203.6168 385 -0.3619981 -0.007716127
Moved 426.2303 198.9995 384 -0.3726864 -0.01028807
Moved 426.261 196.5 384 -0.3784722 -0.01028807
Moved 426.2918 194.1687 384 -0.3838687 -0.01028807
Stationary 426.3225 194 384 -0.3842593 -0.01028807
Moved 426.3532 194 392.1424 -0.3842593 0.01065431
Moved 426.384 194 394.786 -0.3842593 0.01745365
Moved 426.4147 194 396.2972 -0.3842593 0.02134052
Moved 426.4454 194 398.4609 -0.3842593 0.02690559
Moved 426.4762 205.0139 399 -0.3587642 0.02829214
Moved 426.5069 214.4682 399 -0.336879 0.02829214
Moved 426.5376 230.4808 392.2787 -0.2998129 0.01100497
Moved 426.5683 244.4925 384.7538 -0.2673785 -0.00834932
Moved 426.5991 260.9745 378.0085 -0.2292257 -0.02569834
Moved 426.6298 276.0001 371 -0.1944443 -0.04372435
Moved 426.6606 292.1682 361.5545 -0.157018 -0.06801841
Moved 426.6913 306.7084 351.0333 -0.1233601 -0.09507912
Moved 426.722 320.3449 340.8792 -0.09179419 -0.1211955
Moved 426.7527 334.8602 332.4839 -0.0581939 -0.1427884
Moved 426.7834 348.1865 324.8881 -0.02734607 -0.1623249
Moved 426.8142 360.6248 314.3752 0.001446207 -0.1893642
Moved 426.8449 371.7778 303.7778 0.02726336 -0.216621
Moved 426.8757 386.2744 291.7256 0.06082038 -0.2476194
Moved 426.9064 395.5675 282.4325 0.0823323 -0.2715214
Moved 426.9371 404.2452 275.5661 0.1024194 -0.2891819
Moved 426.9679 415.1101 261.2678 0.1275697 -0.3259573
Moved 426.9986 427.4932 245.0092 0.1562342 -0.3677748
Moved 427.0293 435.7518 234.8723 0.1753515 -0.3938469
Moved 427.06 439.9205 230.1591 0.1850011 -0.4059695
Moved 427.0908 442.7889 226.2111 0.191641 -0.4161239
Moved 427.1215 444 224.3441 0.1944444 -0.4209257
Moved 427.1522 445 221.5 0.1967593 -0.4282407
Moved 427.183 446 220.5 0.199074 -0.4308128
Moved 427.2137 446 221 0.199074 -0.4295268
Moved 427.2444 440.5362 221 0.1864264 -0.4295268
Moved 427.2751 430.9718 232.3135 0.1642866 -0.4004284
Moved 427.3059 419.1775 242.8225 0.1369849 -0.373399
Moved 427.3366 409.6796 252.3204 0.114999 -0.3489701
Moved 427.3673 401.169 261.831 0.09529869 -0.3245088
Moved 427.398 393.5904 273.3494 0.07775546 -0.2948833
Moved 427.4288 388.3147 284.3706 0.06554326 -0.2665365
Moved 427.4594 381.5489 296.9022 0.04988174 -0.234305
Moved 427.4903 376.3099 307.3802 0.03775438 -0.2073555
Moved 427.521 371.0042 319.3263 0.02547274 -0.17663
Moved 427.5517 365.9124 333.2628 0.01368612 -0.1407849
Moved 427.5825 360.3565 349.9304 0.0008252263 -0.09791566
Moved 427.6132 359.0365 354.8541 -0.002230406 -0.08525181
Moved 427.6439 356.1715 367.1426 -0.008862316 -0.05364571
Moved 427.6747 353.2939 382.5306 -0.01552348 -0.01406736
Moved 427.7054 350.5 395 -0.02199074 0.01800408
Moved 427.7361 349 406.3788 -0.02546296 0.04727069
Moved 427.7668 348 419.7872 -0.0277778 0.08175716
Moved 427.7975 347 433.3368 -0.0300926 0.1166069
Moved 427.8283 345.7046 444.1815 -0.03309115 0.1444995
Moved 427.859 346 451.7316 -0.03240739 0.1639188
Moved 427.8898 345 455.1203 -0.03472224 0.1726345
Moved 427.9205 345 458.0046 -0.03472224 0.1800528
Moved 427.9512 344 459.5255 -0.03703703 0.1839647
Moved 427.9819 342.5 461.5 -0.04050925 0.1890431
Moved 428.0127 339.4579 464.2711 -0.0475512 0.1961703
Moved 428.0434 336.2439 468.756 -0.0549909 0.2077058
Moved 428.0742 327.1552 476.8448 -0.0760296 0.2285102
Moved 428.1049 318.2463 486.3383 -0.09665216 0.2529276
Moved 428.1356 309.0815 496.3778 -0.1178669 0.2787494
Moved 428.1663 303.0045 502.9955 -0.131934 0.2957702
Moved 428.1971 296.2463 507.8768 -0.147578 0.3083251
Moved 428.2278 290.5081 509.746 -0.1608608 0.3131326
Moved 428.2585 282.5 511.5 -0.1793981 0.317644
Moved 428.2892 273.6405 512 -0.1999062 0.31893
Moved 428.3199 265.988 512 -0.2176203 0.31893
Moved 428.3507 258.2649 512 -0.235498 0.31893
Moved 428.3814 253.3735 512 -0.2468206 0.31893
Moved 428.4122 247.4376 512 -0.2605611 0.31893
Moved 428.4429 244.8487 512 -0.266554 0.31893
Moved 428.4736 240.9186 512 -0.2756513 0.31893
Moved 428.5044 235.3188 512 -0.2886139 0.31893
Moved 428.5351 228.0988 512 -0.3053267 0.31893
Moved 428.5658 221.3539 512 -0.3209401 0.31893
Moved 428.5966 215.2231 512 -0.3351317 0.31893
Moved 428.6273 210.2244 496.6732 -0.3467028 0.2795092
Moved 428.658 208 477.4518 -0.3518518 0.2300716
Moved 428.6887 208 457.3401 -0.3518518 0.1783438
Moved 428.7195 208 437.4332 -0.3518518 0.127143
Moved 428.7502 220.807 414.4504 -0.3222061 0.06803092
Moved 428.7809 228.438 396.124 -0.3045417 0.02089508
Moved 428.8116 235.5 383.5 -0.2881945 -0.01157415
Moved 428.8424 243.55 366.9001 -0.2695602 -0.05426932
Moved 428.8731 250.1129 355.7742 -0.2543682 -0.08288544
Moved 428.9039 254.8537 347.1463 -0.2433943 -0.1050764
Moved 428.9346 257.3566 341.2868 -0.2376005 -0.1201472
Moved 428.9653 262.6825 332.9763 -0.225272 -0.141522
Moved 428.996 269.427 321.1459 -0.2096596 -0.1719498
Moved 429.0267 274.088 314.824 -0.1988704 -0.1882099
Moved 429.0575 277.6083 309.7833 -0.1907215 -0.2011746
Moved 429.0882 279.4853 306.5146 -0.1863766 -0.2095817
Ended 429.119 282.3604 305 -0.1797212 -0.2134774
PhraseEnd 430.9628
