not quite so smart as you think
Basic
0.6 0.6
432 388.8
Began 1243.928 438 240 0.1805556 -0.3806585
Stationary 1243.959 438 240 0.1805556 -0.3806585
Stationary 1243.99 438 240 0.1805556 -0.3806585
Moved 1244.021 438 255.3274 0.1805556 -0.3412363
Moved 1244.051 438 277.2211 0.1805556 -0.2849253
Moved 1244.082 446.5956 308.1912 0.2004528 -0.2052695
Moved 1244.113 454.888 367.3726 0.2196481 -0.05305396
Moved 1244.144 464 409.5 0.2407408 0.05529835
Moved 1244.174 477.3576 445.7748 0.2716611 0.1485978
Moved 1244.205 494.661 483.322 0.3117153 0.2451697
Moved 1244.236 509.6302 512.822 0.3463662 0.3210443
Moved 1244.267 516.8495 528.5484 0.3630775 0.3614927
Moved 1244.297 522.6595 541.9787 0.3765267 0.3960356
Moved 1244.328 524 548.8422 0.3796296 0.4136886
Moved 1244.359 525 553.1878 0.3819444 0.4248656
Moved 1244.39 526 556.6617 0.3842592 0.4338007
Moved 1244.42 526 558.213 0.3842592 0.4377905
Moved 1244.451 526 560.097 0.3842592 0.4426361
Moved 1244.482 526 561 0.3842592 0.4449587
Moved 1244.513 510.0457 562 0.347328 0.4475308
Moved 1244.543 485.6293 552.7816 0.2908087 0.4238209
Moved 1244.574 456.797 543.2391 0.2240672 0.3992775
Moved 1244.605 431 533 0.1643519 0.3729423
Moved 1244.635 405.5484 521.8065 0.1054361 0.3441523
Moved 1244.666 384.368 512.5863 0.05640735 0.3204379
Moved 1244.697 369.2802 505.912 0.02148181 0.3032717
Moved 1244.728 355.0078 501.0026 -0.011556 0.2906445
Moved 1244.758 342.0065 496.5032 -0.04165163 0.279072
Moved 1244.789 332.5208 495 -0.06360938 0.2752057
Moved 1244.82 325.5203 493 -0.07981419 0.2700616
Moved 1244.851 321.3318 492 -0.08950969 0.2674896
Ended 1244.881 319.5746 492 -0.09357736 0.2674896
Began 1245.404 108 477 -0.5833333 0.2289094
Stationary 1245.435 108 477 -0.5833333 0.2289094
Stationary 1245.465 108 477 -0.5833333 0.2289094
Stationary 1245.496 108 477 -0.5833333 0.2289094
Stationary 1245.527 108 477 -0.5833333 0.2289094
Stationary 1245.558 108 477 -0.5833333 0.2289094
Stationary 1245.588 108 477 -0.5833333 0.2289094
Stationary 1245.619 108 477 -0.5833333 0.2289094
Stationary 1245.65 108 477 -0.5833333 0.2289094
Moved 1245.681 118.8621 477 -0.5581896 0.2289094
Moved 1245.711 125.8399 485.6133 -0.5420372 0.2510629
Moved 1245.742 135.0301 489.0075 -0.5207638 0.2597928
Moved 1245.773 153.317 495.2787 -0.478433 0.2759225
Moved 1245.804 170 500 -0.4398148 0.2880658
Moved 1245.834 190.8582 504.5309 -0.3915319 0.2997194
Moved 1245.865 213.021 508.7021 -0.3402292 0.3104477
Moved 1245.896 235.1792 511.4542 -0.2889371 0.3175261
Moved 1245.927 263.3888 515.199 -0.2236371 0.327158
Moved 1245.957 288.4928 516.9437 -0.1655259 0.3316451
Moved 1245.988 311.576 517 -0.1120925 0.33179
Moved 1246.019 328.6391 518 -0.07259472 0.3343621
Moved 1246.049 345.1203 518 -0.03444374 0.3343621
Moved 1246.08 358.5 518 -0.003472219 0.3343621
Moved 1246.111 374.3745 518 0.0332743 0.3343621
Moved 1246.142 388.0213 518 0.06486416 0.3343621
Moved 1246.172 398.6515 518 0.08947103 0.3343621
Moved 1246.203 405.946 518 0.1063564 0.3343621
Moved 1246.234 411.7215 518 0.1197257 0.3343621
Moved 1246.265 416.9284 518 0.1317786 0.3343621
Moved 1246.295 419.2108 518 0.137062 0.3343621
Moved 1246.326 421.6131 518 0.1426229 0.3343621
Moved 1246.357 426.7133 518 0.1544289 0.3343621
Moved 1246.388 432.2046 511 0.1671404 0.3163579
Moved 1246.418 439.5317 509 0.1841013 0.3112139
Moved 1246.449 445.5513 507.7244 0.1980354 0.307933
Moved 1246.48 453.0243 508 0.2153341 0.3086419
Moved 1246.511 458.5191 508 0.2280535 0.3086419
Moved 1246.541 465 508 0.2430555 0.3086419
Moved 1246.572 468.8015 508 0.2518553 0.3086419
Moved 1246.603 472.6556 508 0.2607768 0.3086419
Moved 1246.634 475.4192 508 0.2671739 0.3086419
Moved 1246.664 480.2672 508 0.2783962 0.3086419
Stationary 1246.695 480.2672 508 0.2783962 0.3086419
Moved 1246.726 482.5 508 0.2835648 0.3086419
Moved 1246.757 483.3596 508 0.2855546 0.3086419
Moved 1246.787 484.1761 508 0.2874448 0.3086419
Stationary 1246.818 484 508 0.287037 0.3086419
Stationary 1246.849 484 508 0.287037 0.3086419
Moved 1246.88 476.5704 513.7786 0.2698389 0.3235045
Moved 1246.91 464.8401 517.232 0.2426855 0.3323867
Moved 1246.941 445.167 517 0.1971458 0.33179
Moved 1246.972 426.6713 518 0.1543317 0.3343621
Moved 1247.002 408.1185 518 0.1113854 0.3343621
Moved 1247.033 389.5504 518.9214 0.06840378 0.3367319
Moved 1247.064 369.369 519.6616 0.02168755 0.3386356
Moved 1247.095 352.9799 521.4041 -0.01625026 0.3431173
Moved 1247.125 339.7234 522.8553 -0.04693662 0.3468501
Moved 1247.156 326.2354 524 -0.07815868 0.3497942
Moved 1247.187 314.7837 525 -0.1046673 0.3523662
Moved 1247.218 305.8678 526 -0.125306 0.3549381
Moved 1247.248 297.4534 527.3867 -0.1447838 0.3585047
Moved 1247.279 289.5036 528 -0.1631862 0.3600822
Moved 1247.31 281.0433 528 -0.18277 0.3600822
Moved 1247.341 273.74 529 -0.199676 0.3626543
Moved 1247.371 267.4255 529 -0.2142927 0.3626543
Moved 1247.402 260.1237 529.9382 -0.2311951 0.3650672
Moved 1247.433 253.6175 530 -0.2462559 0.3652262
Moved 1247.464 248.5567 530 -0.2579707 0.3652262
Moved 1247.494 244.1601 530 -0.2681479 0.3652262
Moved 1247.525 241.404 530 -0.2745278 0.3652262
Moved 1247.556 239.8203 530 -0.2781938 0.3652262
Moved 1247.587 239 531 -0.2800926 0.3677982
Ended 1247.617 239 531 -0.2800926 0.3677982
Began 1248.306 217 364 -0.3310185 -0.06172839
Stationary 1248.337 217 364 -0.3310185 -0.06172839
Stationary 1248.368 217 364 -0.3310185 -0.06172839
Stationary 1248.4 217 364 -0.3310185 -0.06172839
Stationary 1248.431 217 364 -0.3310185 -0.06172839
Stationary 1248.462 217 364 -0.3310185 -0.06172839
Stationary 1248.493 217 364 -0.3310185 -0.06172839
Moved 1248.525 229.1437 374.1437 -0.3029081 -0.03563861
Moved 1248.556 240.287 382.4296 -0.2771134 -0.01432717
Moved 1248.587 256.7948 394.4249 -0.2389009 0.01652478
Moved 1248.618 278 407.5 -0.1898148 0.05015428
Moved 1248.65 300.9644 417.2534 -0.1366564 0.07523999
Moved 1248.681 337.2794 434.9971 -0.052594 0.1208771
Moved 1248.713 372.5782 456.2891 0.02911607 0.1756406
Moved 1248.755 396.5 469.5 0.08449078 0.2096193
Moved 1248.785 422.4283 481.8162 0.14451 0.2412966
Moved 1248.816 455.3676 500.6911 0.2207583 0.2898433
Moved 1248.847 469.5331 509.3554 0.2535489 0.312128
Moved 1248.878 474.585 512.351 0.2652431 0.3198327
Moved 1248.908 488.5203 519.8081 0.2975008 0.3390126
Moved 1248.939 497.9771 524.3181 0.3193914 0.3506122
Moved 1248.97 503.4138 527.4138 0.3319763 0.3585744
Moved 1249.001 508.654 528.827 0.3441066 0.3622093
Moved 1249.031 512.1594 530.5797 0.3522209 0.3667173
Moved 1249.062 515.3354 532.3354 0.3595727 0.371233
Moved 1249.093 518.0874 533 0.365943 0.3729423
Moved 1249.124 519 534 0.3680556 0.3755144
Ended 1249.154 519 534 0.3680556 0.3755144
Began 1249.8 210 390 -0.3472222 0.005143954
Stationary 1249.831 210 390 -0.3472222 0.005143954
Stationary 1249.861 210 390 -0.3472222 0.005143954
Stationary 1249.892 210 390 -0.3472222 0.005143954
Stationary 1249.923 210 390 -0.3472222 0.005143954
Stationary 1249.954 210 390 -0.3472222 0.005143954
Stationary 1249.984 210 390 -0.3472222 0.005143954
Stationary 1250.015 210 390 -0.3472222 0.005143954
Moved 1250.046 196.649 390 -0.3781274 0.005143954
Moved 1250.077 189.4092 390 -0.3948861 0.005143954
Moved 1250.107 178.8663 398.2834 -0.419291 0.0264492
Moved 1250.138 170.8517 400.787 -0.4378433 0.03288846
Moved 1250.169 159.1189 403.4703 -0.4650025 0.03978972
Moved 1250.2 149.3167 406.2278 -0.487693 0.04688216
Moved 1250.23 139.0555 407.9815 -0.5114456 0.05139268
Moved 1250.261 132.4091 410.2954 -0.5268307 0.05734412
Moved 1250.292 126.6735 413.1633 -0.5401077 0.06472026
Moved 1250.323 123.0746 414.9254 -0.5484384 0.06925237
Moved 1250.353 120.3139 416 -0.5548289 0.07201634
Moved 1250.384 117.849 417 -0.5605348 0.0745884
Moved 1250.415 116.0842 418 -0.5646199 0.07716041
Moved 1250.445 116 419.2956 -0.5648147 0.08049266
Moved 1250.476 114.6414 419 -0.5679597 0.07973251
Moved 1250.507 113.8567 420.1433 -0.5697762 0.08267304
Moved 1250.538 113 420.6027 -0.5717592 0.08385446
Moved 1250.568 113 421.5 -0.5717592 0.08616251
Moved 1250.599 112 422.0588 -0.5740741 0.08759981
Stationary 1250.63 112 422.0588 -0.5740741 0.08759981
Stationary 1250.661 112 422.0588 -0.5740741 0.08759981
Moved 1250.691 112 423.0014 -0.5740741 0.09002411
Stationary 1250.722 112 423.0014 -0.5740741 0.09002411
Stationary 1250.753 112 423 -0.5740741 0.09002049
Stationary 1250.784 112 423 -0.5740741 0.09002049
Moved 1250.814 132.1235 423 -0.5274919 0.09002049
Moved 1250.845 155.862 413.8542 -0.4725417 0.06649731
Moved 1250.876 186.9229 400.4896 -0.4006414 0.03212332
Moved 1250.907 221.6781 385.6623 -0.3201896 -0.006012661
Moved 1250.937 257.5468 367.0133 -0.2371603 -0.0539782
Moved 1250.968 289.7153 343.9343 -0.1626961 -0.1133376
Moved 1250.999 322.3889 321.547 -0.08706272 -0.1709182
Moved 1251.03 351.8538 302.6877 -0.01885697 -0.2194245
Moved 1251.06 376.9178 286.7215 0.03916154 -0.26049
Moved 1251.091 402.7278 271.0452 0.09890686 -0.3008098
Moved 1251.122 418.7282 258.6174 0.1359449 -0.3327742
Moved 1251.152 432.5404 249.7297 0.1679177 -0.3556335
Moved 1251.183 444.9994 242.5005 0.1967579 -0.3742271
Moved 1251.214 457.2679 233.9856 0.2251572 -0.3961276
Moved 1251.245 468.0469 221.9531 0.2501085 -0.4270753
Moved 1251.276 474.7689 213.4622 0.2656688 -0.4489142
Moved 1251.306 478.4157 208.5842 0.2741105 -0.4614604
Moved 1251.337 480.9569 203.0862 0.2799928 -0.4756014
Ended 1251.368 482.3249 201.675 0.2831595 -0.4792309
Began 1251.46 486 194 0.2916667 -0.4989713
Stationary 1251.491 486 194 0.2916667 -0.4989713
Stationary 1251.521 486 194 0.2916667 -0.4989713
Moved 1251.552 453.0841 201.5446 0.2154725 -0.4795665
Moved 1251.583 412.4566 231.0348 0.1214273 -0.4037171
Moved 1251.614 398.5184 241.0371 0.08916298 -0.3779911
Moved 1251.644 374.325 263.5183 0.03315985 -0.3201691
Moved 1251.675 347.9604 288.0396 -0.02786939 -0.2571
Moved 1251.706 326.1925 307.6056 -0.07825802 -0.2067758
Moved 1251.737 302.3734 326.9318 -0.1333948 -0.1570686
Moved 1251.767 283.0566 343.7004 -0.1781096 -0.1139393
Moved 1251.798 259.9954 359.0029 -0.2314922 -0.0745811
Moved 1251.829 241.7882 370.7227 -0.2736385 -0.04443753
Moved 1251.859 225.5 380.5 -0.3113426 -0.0192902
Moved 1251.89 212.3587 387.8207 -0.3417623 -0.000461335
Moved 1251.921 199.9373 394.3751 -0.3705155 0.01639688
Moved 1251.952 189.6844 399.4385 -0.394249 0.02942011
Moved 1251.983 182.35 400.8834 -0.4112269 0.03313622
Moved 1252.013 174.8139 403.5931 -0.4286715 0.04010557
Moved 1252.044 169.2995 406.3503 -0.4414364 0.04719714
Moved 1252.075 163.7825 407 -0.4542072 0.04886827
Moved 1252.105 160.4272 408 -0.4619741 0.05144025
Moved 1252.136 157.6727 409 -0.4683503 0.05401234
Moved 1252.167 155.9209 410 -0.4724054 0.05658428
Moved 1252.198 154.1785 411.8215 -0.4764386 0.06126918
Moved 1252.229 152.7638 413 -0.4797133 0.06430033
Moved 1252.259 153 416.9973 -0.4791667 0.07458137
Moved 1252.29 153 421.5211 -0.4791667 0.08621679
Moved 1252.321 153 427 -0.4791667 0.1003086
Moved 1252.351 171.5455 436.7273 -0.4362372 0.1253274
Moved 1252.382 185.3018 445.9811 -0.404394 0.1491282
Moved 1252.413 201.0478 453.8191 -0.3679449 0.1692877
Moved 1252.444 216.3091 461.7697 -0.3326178 0.1897368
Moved 1252.474 233.6883 469.2294 -0.2923881 0.2089233
Moved 1252.505 248.8251 474.73 -0.2573492 0.223071
Moved 1252.536 263.6493 480.2164 -0.2230341 0.2371821
Moved 1252.567 276.1176 486.0392 -0.1941722 0.2521583
Moved 1252.597 291.3391 492.5356 -0.1589372 0.2688673
Moved 1252.628 304.0659 500.0396 -0.1294771 0.2881675
Moved 1252.659 314.0678 506.5339 -0.1063246 0.304871
Moved 1252.69 322.6721 512.4481 -0.08640712 0.3200823
Moved 1252.72 329.9828 517.9828 -0.06948426 0.3343178
Moved 1252.751 335.7471 521.7471 -0.05614097 0.3439995
Moved 1252.782 339.4859 524.4859 -0.04748633 0.3510439
Moved 1252.813 342.9541 525.9541 -0.03945807 0.3548201
Moved 1252.843 344.7192 527 -0.03537213 0.3575102
Moved 1252.874 345 528.2419 -0.03472224 0.3607045
Moved 1252.905 346.5 528 -0.03125002 0.3600822
Moved 1252.936 347.3055 529.3055 -0.02938534 0.3634401
Moved 1252.966 348.0084 530.0084 -0.02775828 0.3652479
Moved 1252.997 349.0454 530 -0.02535775 0.3652262
Moved 1253.028 349 531.5 -0.02546296 0.3690843
Stationary 1253.058 349 531.5 -0.02546296 0.3690843
Moved 1253.089 350 532.5 -0.02314816 0.3716563
Stationary 1253.12 350 532.5 -0.02314816 0.3716563
Stationary 1253.151 350 532.5 -0.02314816 0.3716563
Stationary 1253.182 350 532.5 -0.02314816 0.3716563
Moved 1253.212 351 532 -0.02083332 0.3703703
Ended 1253.243 351 532 -0.02083332 0.3703703
Backspace 1254.626
Began 1255.917 472 146 0.2592593 -0.6224281
Stationary 1255.948 472 146 0.2592593 -0.6224281
Stationary 1255.979 472 146 0.2592593 -0.6224281
Stationary 1256.01 472 146 0.2592593 -0.6224281
Stationary 1256.04 472 146 0.2592593 -0.6224281
Stationary 1256.071 472 146 0.2592593 -0.6224281
Stationary 1256.102 472 146 0.2592593 -0.6224281
Moved 1256.133 472 171.3871 0.2592593 -0.5571319
Moved 1256.163 472 199.115 0.2592593 -0.4858154
Moved 1256.194 472 236.1016 0.2592593 -0.3906853
Moved 1256.225 472 267.385 0.2592593 -0.3102237
Moved 1256.256 472 291.7372 0.2592593 -0.2475894
Moved 1256.286 472 315.3941 0.2592593 -0.1867436
Moved 1256.317 472 339.2921 0.2592593 -0.1252775
Moved 1256.348 472 361.3466 0.2592593 -0.06855317
Moved 1256.379 472 386.5781 0.2592593 -0.003657125
Moved 1256.409 463.2976 402.9168 0.2391149 0.0383662
Moved 1256.44 462 417.2726 0.2361111 0.07528964
Moved 1256.471 457.7836 430.0822 0.2263508 0.1082361
Moved 1256.501 454.2438 438.2686 0.218157 0.1292917
Moved 1256.532 450.5549 443.8902 0.2096178 0.1437504
Moved 1256.563 446.7979 449.4042 0.2009211 0.1579325
Moved 1256.594 443.0341 451.9659 0.1922087 0.1645212
Moved 1256.624 439.3936 454.3032 0.1837815 0.1705329
Moved 1256.655 434.6768 456 0.1728629 0.174897
Moved 1256.686 428.2763 457.9079 0.1580471 0.1798042
Moved 1256.717 421.391 458 0.1421088 0.180041
Moved 1256.747 412.7611 458 0.1221322 0.180041
Moved 1256.778 400.8907 449.3563 0.09465426 0.1578092
Moved 1256.809 390.0964 443.8386 0.0696675 0.1436176
Moved 1256.84 378.3129 437.3252 0.04239102 0.1268652
Moved 1256.87 370.6707 430.6707 0.02470076 0.1097497
Moved 1256.901 360 422 0 0.08744851
Moved 1256.932 347.577 410.577 -0.02875701 0.05806825
Moved 1256.963 337.8784 401.8785 -0.05120729 0.0356956
Moved 1256.993 327.1202 391.1202 -0.07611071 0.008025111
Moved 1257.024 318.3729 382.3729 -0.09635905 -0.01447293
Moved 1257.055 309.1524 372.1524 -0.1177028 -0.04076027
Moved 1257.086 302.0604 363.7472 -0.1341195 -0.06237878
Moved 1257.116 294.547 353.396 -0.1515115 -0.08900214
Moved 1257.147 289.0971 346.1942 -0.1641271 -0.1075253
Moved 1257.178 284.3468 340.3468 -0.1751232 -0.1225649
Moved 1257.208 280.8102 336.9051 -0.1833096 -0.1314169
Moved 1257.239 279.5 334.5 -0.1863426 -0.1376029
Ended 1257.27 280 335 -0.1851852 -0.1363169
Backspace 1258.5
Began 1259.33 436 186 0.1759259 -0.5195474
Stationary 1259.36 436 186 0.1759259 -0.5195474
Stationary 1259.391 436 186 0.1759259 -0.5195474
Stationary 1259.422 436 186 0.1759259 -0.5195474
Stationary 1259.453 436 186 0.1759259 -0.5195474
Stationary 1259.483 436 186 0.1759259 -0.5195474
Moved 1259.514 436 217.8186 0.1759259 -0.4377094
Moved 1259.545 436 250.8663 0.1759259 -0.3527101
Moved 1259.576 436 300.0661 0.1759259 -0.2261674
Moved 1259.606 448.0147 350.1028 0.2037377 -0.09747218
Moved 1259.637 453.5465 390.2793 0.2165429 0.005862389
Moved 1259.668 458.2827 419.8375 0.2275063 0.0818864
Moved 1259.699 463.8012 452.2712 0.2402806 0.1653065
Moved 1259.729 469.3916 481.3495 0.2532212 0.2400963
Moved 1259.76 474.5 508.5 0.2650462 0.3099279
Moved 1259.791 474.9223 516.4558 0.2660238 0.3303904
Moved 1259.822 475 526.7292 0.2662037 0.3568137
Moved 1259.852 475 536.7825 0.2662037 0.382671
Moved 1259.883 475 544.5814 0.2662037 0.4027298
Moved 1259.914 475 550.9133 0.2662037 0.4190156
Moved 1259.944 475 556.8084 0.2662037 0.4341779
Moved 1259.975 466.8357 561.3286 0.2473049 0.4458038
Moved 1260.006 463.6338 563.6831 0.239893 0.4518597
Moved 1260.037 452.0256 566.329 0.2130223 0.4586651
Moved 1260.068 431.2248 566 0.1648722 0.4578188
Moved 1260.098 399.6971 552.6171 0.09189139 0.4233978
Moved 1260.129 379.448 545.5566 0.04501859 0.405238
Moved 1260.16 355.6337 535.8779 -0.01010726 0.3803442
Moved 1260.19 339.9001 531.36 -0.04652744 0.3687243
Moved 1260.221 326.7729 526.4432 -0.07691462 0.3560782
Moved 1260.252 319.0506 524.0253 -0.09479035 0.3498591
Ended 1260.283 313.5 519.5 -0.1076389 0.3382201
Began 1261.021 110 531 -0.5787036 0.3677982
Stationary 1261.051 110 531 -0.5787036 0.3677982
Stationary 1261.082 110 531 -0.5787036 0.3677982
Stationary 1261.113 110 531 -0.5787036 0.3677982
Stationary 1261.143 110 531 -0.5787036 0.3677982
Stationary 1261.174 110 531 -0.5787036 0.3677982
Stationary 1261.205 110 531 -0.5787036 0.3677982
Stationary 1261.236 110 531 -0.5787036 0.3677982
Stationary 1261.266 110 531 -0.5787036 0.3677982
Moved 1261.297 121.3807 531 -0.5523595 0.3677982
Moved 1261.328 132.7095 531 -0.5261353 0.3677982
Moved 1261.359 155.0592 531 -0.4744 0.3677982
Moved 1261.389 186.7977 531 -0.4009312 0.3677982
Moved 1261.42 215.8476 531 -0.3336861 0.3677982
Moved 1261.451 245.75 525.3125 -0.2644677 0.3531699
Moved 1261.482 270.6875 519.625 -0.206742 0.3385417
Moved 1261.512 302.9714 513.0063 -0.1320106 0.3215183
Moved 1261.543 333.1501 504.7772 -0.06215245 0.3003528
Moved 1261.574 361.4987 496.5004 0.003469189 0.2790648
Moved 1261.604 384.2563 491.1653 0.05614877 0.2653427
Moved 1261.635 416.3277 483.9454 0.1303882 0.246773
Moved 1261.666 430.0473 481.1906 0.1621465 0.2396876
Moved 1261.697 439.8432 478.7892 0.1848223 0.2335112
Moved 1261.728 444.9487 478 0.1966404 0.2314814
Moved 1261.758 452.2278 476.5908 0.2134902 0.2278568
Moved 1261.789 457.1656 476 0.2249203 0.2263374
Moved 1261.82 460.6932 475 0.2330862 0.2237653
Moved 1261.85 462.5 475 0.2372685 0.2237653
Moved 1261.881 463.3591 475 0.2392572 0.2237653
Stationary 1261.912 463 475 0.2384259 0.2237653
Moved 1261.943 447.0565 483.3209 0.2015196 0.2451669
Moved 1261.973 419.8551 493.058 0.1385534 0.2702108
Moved 1262.004 395.7984 501.3256 0.08286655 0.2914752
Moved 1262.035 373.3529 509.5491 0.03090948 0.3126261
Moved 1262.066 352.3202 515.9039 -0.01777728 0.3289709
Moved 1262.096 329.5416 521.4352 -0.07050559 0.3431973
Moved 1262.127 309.7773 525.9208 -0.1162563 0.3547345
Moved 1262.158 289.5876 529.2018 -0.1629916 0.3631732
Moved 1262.189 266.9478 533.0104 -0.2153987 0.3729691
Moved 1262.219 254.1204 535.7759 -0.2450918 0.3800821
Moved 1262.25 243.3939 538 -0.2699216 0.3858024
Moved 1262.281 239.1831 538.7042 -0.2796688 0.3876136
Moved 1262.312 233.249 540 -0.293405 0.3909464
Moved 1262.342 230.882 542.118 -0.2988842 0.3963939
Moved 1262.373 229.1406 543.8594 -0.3029152 0.4008728
Moved 1262.404 229 545.2225 -0.3032407 0.4043787
Moved 1262.435 229 547.5 -0.3032407 0.4102365
Moved 1262.465 229 550.0751 -0.3032407 0.4168597
Moved 1262.496 229 551.5 -0.3032407 0.4205247
Moved 1262.527 229 552.3041 -0.3032407 0.4225929
Moved 1262.557 229 553.1472 -0.3032407 0.4247612
Moved 1262.588 229 555.4171 -0.3032407 0.4305995
Moved 1262.619 237.1719 556 -0.2843243 0.4320986
Moved 1262.65 240.2228 557 -0.2772621 0.4346707
Moved 1262.68 245.7322 558.3661 -0.2645088 0.4381843
Moved 1262.711 277.4337 558 -0.1911257 0.4372427
Moved 1262.742 303.9639 548.259 -0.1297132 0.4121888
Moved 1262.773 324.4305 543.6424 -0.08233677 0.4003147
Moved 1262.803 334.4128 540.882 -0.05922953 0.393215
Moved 1262.834 353.1292 536.3483 -0.01590461 0.3815543
Moved 1262.865 376.5962 530.351 0.03841718 0.3661289
Moved 1262.896 383.1286 528.9743 0.05353837 0.3625881
Moved 1262.926 391.5406 526.2297 0.07301073 0.3555289
Moved 1262.957 397.0359 524.4821 0.08573135 0.351034
Moved 1262.988 399.9399 524 0.09245346 0.3497942
Moved 1263.019 402.5 522.5 0.09837966 0.3459361
Moved 1263.049 403.0266 523 0.09959866 0.3472221
Moved 1263.08 404 521.9155 0.1018518 0.3444328
Stationary 1263.111 404 522 0.1018518 0.3446501
Stationary 1263.142 404 522 0.1018518 0.3446501
Moved 1263.172 387.6662 519.9332 0.06404201 0.3393344
Moved 1263.203 370.4569 520 0.02420584 0.3395061
Moved 1263.234 336.349 520 -0.05474772 0.3395061
Moved 1263.265 312.1796 520 -0.1106954 0.3395061
Moved 1263.295 292.0994 520 -0.1571772 0.3395061
Moved 1263.326 276.2234 520 -0.1939272 0.3395061
Moved 1263.357 269.3526 520 -0.209832 0.3395061
Moved 1263.387 259.9667 528 -0.2315586 0.3600822
Moved 1263.418 253.5573 530 -0.2463952 0.3652262
Moved 1263.449 251.0827 530.9173 -0.2521234 0.3675855
Moved 1263.48 251 532.6879 -0.2523148 0.3721395
Ended 1263.51 251 533 -0.2523148 0.3729423
Began 1264.156 179 346 -0.4189815 -0.1080248
Stationary 1264.187 179 346 -0.4189815 -0.1080248
Stationary 1264.218 179 346 -0.4189815 -0.1080248
Stationary 1264.248 179 346 -0.4189815 -0.1080248
Stationary 1264.279 179 346 -0.4189815 -0.1080248
Stationary 1264.31 179 346 -0.4189815 -0.1080248
Stationary 1264.34 179 346 -0.4189815 -0.1080248
Stationary 1264.371 179 346 -0.4189815 -0.1080248
Stationary 1264.402 179 346 -0.4189815 -0.1080248
Stationary 1264.433 179 346 -0.4189815 -0.1080248
Moved 1264.464 193.4266 362.4266 -0.3855866 -0.06577535
Moved 1264.494 210.472 374.67 -0.3461296 -0.0342851
Moved 1264.525 249.9925 400.6616 -0.2546471 0.03256582
Moved 1264.556 290.1776 422.8829 -0.161626 0.08971928
Moved 1264.586 328.413 442.2065 -0.07311802 0.1394199
Moved 1264.617 360.3791 458.6896 0.0008775792 0.1818147
Moved 1264.648 424.3052 491.7263 0.1488545 0.2667856
Moved 1264.679 438.9137 500.5482 0.1826705 0.2894758
Moved 1264.709 459.134 512.4227 0.2294768 0.3200171
Moved 1264.74 474.9171 520.9586 0.2660117 0.3419715
Moved 1264.771 485.1973 527.0658 0.2898086 0.3576795
Moved 1264.802 493.419 532.2095 0.3088402 0.370909
Moved 1264.832 495.6541 533.6541 0.314014 0.3746245
Moved 1264.863 498.411 535.411 0.3203958 0.3791434
Stationary 1264.894 498.411 535.411 0.3203958 0.3791434
Moved 1264.925 499.5693 536 0.3230771 0.3806583
Ended 1264.955 501 536 0.3263889 0.3806583
Began 1265.785 233 390 -0.2939815 0.005143954
Stationary 1265.816 233 390 -0.2939815 0.005143954
Stationary 1265.847 233 390 -0.2939815 0.005143954
Stationary 1265.878 233 390 -0.2939815 0.005143954
Stationary 1265.908 233 390 -0.2939815 0.005143954
Stationary 1265.939 233 390 -0.2939815 0.005143954
Stationary 1265.97 233 390 -0.2939815 0.005143954
Stationary 1266 233 390 -0.2939815 0.005143954
Moved 1266.031 222.2843 390 -0.3187862 0.005143954
Moved 1266.062 216.0259 390 -0.3332733 0.005143954
Moved 1266.093 215.5 390 -0.3344907 0.005143954
Moved 1266.123 213.1912 390 -0.3398352 0.005143954
Moved 1266.154 213 390 -0.3402778 0.005143954
Stationary 1266.185 213 390 -0.3402778 0.005143954
Moved 1266.216 246.2233 376.4758 -0.2633721 -0.02964059
Moved 1266.246 314.6281 345.588 -0.1050275 -0.1090846
Moved 1266.277 335.197 337.3212 -0.05741433 -0.1303468
Moved 1266.308 367.3684 321.8325 0.01705647 -0.1701839
Moved 1266.339 396 307 0.08333336 -0.2083334
Moved 1266.369 416.2594 291.1004 0.1302302 -0.2492274
Moved 1266.4 434.6922 275.3078 0.1728986 -0.2898462
Moved 1266.431 447.7741 264.2259 0.2031808 -0.3183491
Moved 1266.462 459.489 253.6088 0.2302986 -0.3456565
Moved 1266.492 474.7896 235.9471 0.2657168 -0.3910824
Moved 1266.523 480.0512 230.9744 0.2778963 -0.4038726
Moved 1266.554 482.408 226.776 0.2833519 -0.4146707
Moved 1266.584 486.6632 220.5051 0.2932019 -0.4307996
Moved 1266.615 490.5971 214.403 0.302308 -0.4464945
Moved 1266.646 492.3461 210.6539 0.3063568 -0.4561371
Moved 1266.677 494.1057 206.8943 0.3104299 -0.4658068
Moved 1266.708 494 205.8522 0.3101851 -0.4684873
Moved 1266.738 495 203.5 0.3125 -0.4745371
Moved 1266.769 495 201.9504 0.3125 -0.4785225
Stationary 1266.8 495 202 0.3125 -0.4783951
Moved 1266.83 495 200.6906 0.3125 -0.481763
Stationary 1266.861 495 201 0.3125 -0.4809672
Moved 1266.892 484.5305 201 0.288265 -0.4809672
Moved 1266.923 467.6148 201 0.2491083 -0.4809672
Moved 1266.953 460.13 208.8267 0.2317825 -0.4608368
Moved 1266.984 441.5188 216.2406 0.1887009 -0.441768
Moved 1267.015 418.061 228.4619 0.1344004 -0.4103346
Moved 1267.046 397.5642 240.6865 0.08695424 -0.3788927
Moved 1267.076 373.4074 255.4954 0.03103564 -0.3408041
Moved 1267.107 352.8946 269.2181 -0.01644765 -0.3055089
Moved 1267.138 332.602 286.1983 -0.06342133 -0.2618356
Moved 1267.169 315.0897 298.6827 -0.103959 -0.2297255
Moved 1267.199 294.4562 314.1804 -0.1517217 -0.1898653
Moved 1267.23 276.3287 330.5594 -0.1936835 -0.1477383
Moved 1267.261 259.3231 344.0088 -0.2330484 -0.1131462
Moved 1267.292 244.3985 354.9609 -0.2675959 -0.08497724
Moved 1267.322 227.59 368.3417 -0.3065048 -0.05056138
Moved 1267.353 208.0322 381.5807 -0.3517774 -0.01651065
Moved 1267.384 204.2646 384.5515 -0.3604985 -0.008869602
Moved 1267.415 191.0688 392.9587 -0.3910444 0.01275396
Moved 1267.445 180.0492 400.4754 -0.4165527 0.03208686
Moved 1267.476 171.5804 406.9464 -0.4361566 0.0487304
Moved 1267.507 165.2321 410.7679 -0.4508516 0.05855933
Moved 1267.538 157.7475 416.2524 -0.468177 0.07266566
Moved 1267.568 152.2614 420.7386 -0.4808763 0.08420414
Moved 1267.599 148.7428 423.1286 -0.4890213 0.09035122
Moved 1267.63 146.5 425.5 -0.4942129 0.09645053
Moved 1267.661 145 427.3154 -0.4976852 0.1011199
Moved 1267.691 144 429.0659 -0.5000001 0.1056222
Moved 1267.722 143 431.5 -0.5023148 0.1118827
Moved 1267.753 143 437.4329 -0.5023148 0.127142
Moved 1267.783 150.7212 445.8954 -0.4844417 0.148908
Moved 1267.814 160.1638 455.1639 -0.4625837 0.1727465
Moved 1267.845 170.5644 463.4233 -0.4385084 0.1939898
Moved 1267.876 184.6418 472.7851 -0.4059217 0.2180686
Moved 1267.906 198.3652 480.0192 -0.3741545 0.2366747
Moved 1267.937 210.671 485.8355 -0.3456689 0.2516344
Moved 1267.968 223.2417 491.6967 -0.3165702 0.2667094
Moved 1267.999 236.9693 498.1877 -0.2847932 0.2834046
Moved 1268.029 250.675 503.67 -0.2530671 0.297505
Moved 1268.06 261.3276 509.1638 -0.2284084 0.311635
Moved 1268.091 270.9116 513.9557 -0.2062232 0.3239602
Moved 1268.122 278.6675 518.445 -0.1882697 0.3355066
Moved 1268.152 287.9713 522.9808 -0.1667332 0.3471729
Moved 1268.183 294 525.5 -0.1527778 0.3536522
Moved 1268.214 299.3805 529.1902 -0.140323 0.3631436
Moved 1268.245 301.9377 530 -0.1344036 0.3652262
Moved 1268.275 304 531.6864 -0.1296296 0.3695637
Moved 1268.306 306.065 533.065 -0.1248496 0.3731095
Stationary 1268.337 306.065 533.065 -0.1248496 0.3731095
Moved 1268.368 307 534.2234 -0.1226852 0.3760889
Moved 1268.398 309.1777 534 -0.1176441 0.3755144
Moved 1268.429 309 535.5 -0.1180555 0.3793723
Moved 1268.46 312.5796 535 -0.1097694 0.3780863
Moved 1268.49 317.6713 535 -0.09798303 0.3780863
Moved 1268.521 326.3179 535 -0.07796789 0.3780863
Moved 1268.552 337.5 535 -0.05208333 0.3780863
Moved 1268.583 348.9683 525.7579 -0.02553637 0.3543156
Moved 1268.614 357.03 522.99 -0.006875098 0.3471964
Moved 1268.644 360.5 522 0.001157423 0.3446501
Moved 1268.675 365.3752 520 0.01244267 0.3395061
Moved 1268.706 367.9508 519 0.01840472 0.3369341
Moved 1268.736 370.5 518 0.02430558 0.3343621
Moved 1268.767 372.128 516.872 0.02807409 0.3314609
Ended 1268.798 373 516 0.0300926 0.329218
Began 1269.382 233 390 -0.2939815 0.005143954
Stationary 1269.413 233 390 -0.2939815 0.005143954
Stationary 1269.443 233 390 -0.2939815 0.005143954
Stationary 1269.474 233 390 -0.2939815 0.005143954
Stationary 1269.505 233 390 -0.2939815 0.005143954
Stationary 1269.536 233 390 -0.2939815 0.005143954
Stationary 1269.566 233 390 -0.2939815 0.005143954
Stationary 1269.597 233 390 -0.2939815 0.005143954
Stationary 1269.628 233 390 -0.2939815 0.005143954
Stationary 1269.659 233 390 -0.2939815 0.005143954
Moved 1269.689 233 399.4844 -0.2939815 0.02953792
Stationary 1269.72 233 399.4844 -0.2939815 0.02953792
Moved 1269.751 233 400.1656 -0.2939815 0.03129005
Stationary 1269.782 233 400.1656 -0.2939815 0.03129005
Moved 1269.812 233 401.1432 -0.2939815 0.03380446
Moved 1269.843 233 402.0233 -0.2939815 0.03606796
Stationary 1269.874 233 402.0233 -0.2939815 0.03606796
Stationary 1269.905 233 402 -0.2939815 0.03600815
Moved 1269.935 233 403.5 -0.2939815 0.03986618
Moved 1269.966 227.4131 403.7982 -0.3069142 0.040633
Moved 1269.997 219.3703 405 -0.3255317 0.04372424
Moved 1270.027 212.1078 406.2974 -0.342343 0.04706119
Moved 1270.058 205.9009 407 -0.3567109 0.04886827
Moved 1270.089 199.6229 408.459 -0.3712432 0.05262092
Moved 1270.12 194.5832 408 -0.3829092 0.05144025
Moved 1270.151 190.0925 409 -0.3933045 0.05401234
Moved 1270.181 187.5 409 -0.3993056 0.05401234
Moved 1270.212 184.8439 409 -0.4054539 0.05401234
Moved 1270.243 183 409.8955 -0.4097222 0.05631556
Moved 1270.273 180.5 410 -0.4155093 0.05658428
Moved 1270.304 179.9923 410 -0.4166845 0.05658428
Moved 1270.335 178.8094 410 -0.4194228 0.05658428
Moved 1270.366 177.9389 410 -0.4214378 0.05658428
Moved 1270.396 176.9237 411.0762 -0.4237877 0.05935245
Stationary 1270.427 177 411 -0.4236111 0.05915629
Stationary 1270.458 177 411 -0.4236111 0.05915629
Moved 1270.489 177 412 -0.4236111 0.06172835
Moved 1270.519 175.5 412 -0.4270833 0.06172835
Moved 1270.55 176 413.0869 -0.4259259 0.06452391
Stationary 1270.581 176 413.0869 -0.4259259 0.06452391
Moved 1270.612 176 414.1428 -0.4259259 0.06723958
Stationary 1270.642 176 414.1428 -0.4259259 0.06723958
Moved 1270.673 176 415.1503 -0.4259259 0.06983082
Stationary 1270.704 176 415.1503 -0.4259259 0.06983082
Moved 1270.735 176 416.0251 -0.4259259 0.0720811
Moved 1270.765 176 417.0017 -0.4259259 0.07459283
Stationary 1270.796 176 417.0017 -0.4259259 0.07459283
Moved 1270.827 176 418 -0.4259259 0.07716041
Moved 1270.858 176 419 -0.4259259 0.07973251
Moved 1270.888 184.4428 420 -0.4063823 0.08230445
Moved 1270.919 188.8448 421 -0.3961926 0.08487643
Moved 1270.95 190.2293 421 -0.3929877 0.08487643
Moved 1270.98 191.983 422 -0.3889283 0.08744851
Moved 1271.011 194.3805 422 -0.3833786 0.08744851
Moved 1271.042 195.3586 422 -0.3811143 0.08744851
Moved 1271.073 196 423.5 -0.3796296 0.09130646
Moved 1271.104 197.1399 423 -0.3769911 0.09002049
Moved 1271.134 198.3095 423 -0.3742836 0.09002049
Moved 1271.165 199.1576 423 -0.3723204 0.09002049
Moved 1271.196 200 423 -0.3703704 0.09002049
Ended 1271.226 200 423 -0.3703704 0.09002049
Backspace 1271.933
Began 1272.671 427 231 0.1550926 -0.4038066
Stationary 1272.702 427 231 0.1550926 -0.4038066
Stationary 1272.733 427 231 0.1550926 -0.4038066
Stationary 1272.764 427 231 0.1550926 -0.4038066
Stationary 1272.794 427 231 0.1550926 -0.4038066
Stationary 1272.825 427 231 0.1550926 -0.4038066
Moved 1272.856 427 251.0957 0.1550926 -0.3521202
Moved 1272.886 435.2491 283.4949 0.1741878 -0.2687888
Moved 1272.917 439.1266 317.9492 0.1831633 -0.180172
Moved 1272.948 444.6234 344.9288 0.1958875 -0.11078
Moved 1272.979 453 372 0.2152778 -0.04115226
Moved 1273.009 459.4411 392.7643 0.2301877 0.01225377
Moved 1273.04 468.4637 414.7752 0.2510734 0.06886619
Moved 1273.071 477.1413 439.8044 0.2711605 0.1332418
Moved 1273.102 482.2484 455.7451 0.2829823 0.1742413
Moved 1273.132 487.3271 470.3177 0.2947386 0.2117224
Moved 1273.163 490.21 484.05 0.3014121 0.2470421
Moved 1273.194 490 497.9357 0.300926 0.2827564
Moved 1273.225 490 507.2335 0.300926 0.3066704
Moved 1273.255 490 514.3699 0.300926 0.3250255
Moved 1273.286 481.1634 521.8366 0.2804708 0.3442299
Moved 1273.317 460.6335 531.1047 0.2329479 0.3680677
Moved 1273.348 451.0848 533.8701 0.2108445 0.3751801
Moved 1273.378 427.8944 535 0.1571629 0.3780863
Moved 1273.409 400.5456 535 0.09385556 0.3780863
Moved 1273.44 375.4618 535 0.0357912 0.3780863
Moved 1273.471 355.9282 525.8469 -0.009425482 0.3545443
Moved 1273.501 343.662 523.4155 -0.03781949 0.3482909
Moved 1273.532 331.6922 521.673 -0.06552726 0.3438092
Moved 1273.563 324.8521 519.926 -0.08136098 0.3393159
Moved 1273.594 321.5 520 -0.08912037 0.3395061
Moved 1273.624 318.7808 520 -0.09541491 0.3395061
Stationary 1273.655 319 520 -0.09490739 0.3395061
Ended 1273.686 319 520 -0.09490739 0.3395061
Began 1274.424 149 502 -0.4884259 0.2932098
Stationary 1274.454 149 502 -0.4884259 0.2932098
Stationary 1274.486 149 502 -0.4884259 0.2932098
Stationary 1274.516 149 502 -0.4884259 0.2932098
Stationary 1274.547 149 502 -0.4884259 0.2932098
Stationary 1274.577 149 502 -0.4884259 0.2932098
Stationary 1274.608 149 502 -0.4884259 0.2932098
Stationary 1274.639 149 502 -0.4884259 0.2932098
Stationary 1274.669 149 502 -0.4884259 0.2932098
Stationary 1274.7 149 502 -0.4884259 0.2932098
Stationary 1274.731 149 502 -0.4884259 0.2932098
Stationary 1274.762 149 502 -0.4884259 0.2932098
Moved 1274.792 169.7172 514.3478 -0.4404695 0.3249685
Moved 1274.823 191.7504 518.8334 -0.3894668 0.3365057
Moved 1274.854 215.6695 519 -0.3340983 0.3369341
Moved 1274.885 245.1556 519 -0.2658435 0.3369341
Moved 1274.915 272.1223 508.3062 -0.2034205 0.3094293
Moved 1274.946 301.1261 499.6929 -0.1362822 0.2872759
Moved 1274.976 324.7389 493.7247 -0.08162295 0.2719255
Moved 1275.008 350.1747 486.4564 -0.02274379 0.2532313
Moved 1275.038 379.3092 478.8969 0.04469732 0.2337882
Moved 1275.069 398.5755 474.2035 0.08929511 0.2217167
Moved 1275.1 410.9258 470.8148 0.1178839 0.213001
Moved 1275.13 425.9863 467.0027 0.1527459 0.2031963
Moved 1275.161 433.228 465.2573 0.1695092 0.1987071
Moved 1275.192 437.5 463.5 0.1793981 0.1941872
Moved 1275.223 440.9163 463.0837 0.1873062 0.1931165
Moved 1275.254 443.6697 463 0.1936799 0.1929011
Moved 1275.284 445.4288 462 0.1977519 0.1903292
Moved 1275.315 447.0897 462 0.2015965 0.1903292
Moved 1275.346 448.2791 462 0.2043498 0.1903292
Moved 1275.376 449.1329 462 0.2063262 0.1903292
Moved 1275.407 452.1584 462 0.2133296 0.1903292
Moved 1275.438 459.0678 466.825 0.2293237 0.2027392
Moved 1275.469 468.3898 474.6949 0.2509023 0.2229806
Moved 1275.499 476.2869 482.2869 0.2691825 0.2425073
Moved 1275.53 483.695 488.695 0.2863311 0.2589891
Moved 1275.561 487.1953 492.1953 0.2944336 0.267992
Moved 1275.592 490.0141 496.0141 0.3009585 0.2778139
Moved 1275.622 491 499.5452 0.3032407 0.286896
Moved 1275.653 491 504.605 0.3032407 0.2999099
Moved 1275.684 491 509.9514 0.3032407 0.3136608
Moved 1275.715 475.0854 515.7286 0.2664015 0.3285201
Moved 1275.745 458.5914 521.9739 0.2282207 0.3445829
Moved 1275.776 434.9137 524.2318 0.1734113 0.3503904
Moved 1275.807 412.1392 524 0.1206924 0.3497942
Moved 1275.838 388.0012 524 0.06481756 0.3497942
Moved 1275.868 370.0491 524 0.02326181 0.3497942
Moved 1275.899 355.5464 524 -0.01030922 0.3497942
Moved 1275.93 343.5987 524 -0.03796597 0.3497942
Moved 1275.961 327.0915 524 -0.07617716 0.3497942
Moved 1275.991 322.608 524 -0.08655553 0.3497942
Moved 1276.022 314.1905 524 -0.1060405 0.3497942
Moved 1276.053 303.925 517 -0.1298032 0.33179
Moved 1276.083 292.6695 516 -0.1558577 0.329218
Moved 1276.114 282.4219 514.4739 -0.179579 0.325293
Moved 1276.145 272.3845 514 -0.2028137 0.324074
Moved 1276.176 262.9904 512.3301 -0.2245594 0.3197791
Moved 1276.206 254.7374 510.5791 -0.2436635 0.3152754
Moved 1276.237 249.6649 511 -0.2554053 0.3163579
Moved 1276.268 246.3984 510 -0.2629666 0.3137859
Moved 1276.299 243.6553 510 -0.2693163 0.3137859
Moved 1276.329 241.8974 510 -0.2733857 0.3137859
Moved 1276.36 240.3684 510 -0.2769249 0.3137859
Moved 1276.391 239.5 510 -0.2789352 0.3137859
Moved 1276.422 238.8214 510 -0.280506 0.3137859
Stationary 1276.452 239 510 -0.2800926 0.3137859
Moved 1276.483 238 510 -0.2824074 0.3137859
Stationary 1276.514 238 510 -0.2824074 0.3137859
Ended 1276.545 238 510 -0.2824074 0.3137859
Began 1277.129 194 386 -0.3842593 -0.005144111
Stationary 1277.159 194 386 -0.3842593 -0.005144111
Stationary 1277.19 194 386 -0.3842593 -0.005144111
Stationary 1277.221 194 386 -0.3842593 -0.005144111
Stationary 1277.252 194 386 -0.3842593 -0.005144111
Moved 1277.282 205.2544 401.6726 -0.3582073 0.03516605
Moved 1277.313 219.3105 412.936 -0.3256702 0.06413577
Moved 1277.344 244.5613 426.8117 -0.2672192 0.09982431
Moved 1277.375 277.5687 444.9466 -0.1908132 0.1464675
Moved 1277.405 305.9035 459.4106 -0.1252234 0.1836693
Moved 1277.436 332.2473 469.522 -0.06424233 0.2096758
Moved 1277.467 356.39 477.6519 -0.008356373 0.230586
Moved 1277.498 390.4214 491.1756 0.07041981 0.2653693
Moved 1277.528 413.9796 502.1021 0.1249529 0.2934723
Moved 1277.559 434.6762 511.0705 0.1728615 0.3165392
Moved 1277.59 450.6967 516.9133 0.209946 0.3315671
Moved 1277.62 464.8308 523.4154 0.2426639 0.3482906
Moved 1277.651 474.396 527.9307 0.2648057 0.3599039
Moved 1277.682 480.2167 530.2167 0.2782794 0.3657837
Moved 1277.713 484.6776 531.6776 0.2886055 0.3695409
Moved 1277.744 487.4325 532 0.2949826 0.3703703
Moved 1277.774 490.1846 533 0.3013533 0.3729423
Moved 1277.805 491.5 534.5 0.3043981 0.3768003
Moved 1277.836 493 535.3693 0.3078704 0.3790361
Moved 1277.866 495.0622 535 0.3126439 0.3780863
Ended 1277.897 496.5 535 0.3159723 0.3780863
Began 1278.85 226 433 -0.3101852 0.1157406
Stationary 1278.881 226 433 -0.3101852 0.1157406
Stationary 1278.912 226 433 -0.3101852 0.1157406
Stationary 1278.942 226 433 -0.3101852 0.1157406
Stationary 1278.973 226 433 -0.3101852 0.1157406
Stationary 1279.004 226 433 -0.3101852 0.1157406
Stationary 1279.035 226 433 -0.3101852 0.1157406
Moved 1279.065 242.2556 426.4888 -0.2725564 0.09899367
Moved 1279.096 254.5 416 -0.244213 0.07201634
Moved 1279.127 266.0784 404.9216 -0.2174111 0.04352247
Moved 1279.157 278.1676 393.8324 -0.189427 0.01500098
Moved 1279.188 287.558 385.442 -0.1676897 -0.006579332
Moved 1279.219 309.1955 367.1654 -0.117603 -0.053587
Moved 1279.25 315.1006 360.8994 -0.1039337 -0.06970339
Moved 1279.281 328.9134 347.0866 -0.0719597 -0.10523
Moved 1279.311 342.3352 335.8873 -0.04089072 -0.1340346
Moved 1279.342 357.9016 324.0656 -0.004857331 -0.1644405
Moved 1279.373 370.6552 313.0759 0.0246648 -0.1927062
Moved 1279.403 385.4323 303.0542 0.05887091 -0.2184821
Moved 1279.434 399.4761 292.4191 0.09137999 -0.2458358
Moved 1279.465 412.5799 282.42 0.1217128 -0.2715534
Moved 1279.496 426.018 269.9821 0.1528194 -0.3035441
Moved 1279.526 435.6631 259.3369 0.1751461 -0.3309236
Moved 1279.557 446.8288 249.1713 0.2009926 -0.3570698
Moved 1279.588 454.7365 239.8953 0.2192974 -0.3809279
Moved 1279.619 458.1235 235.7531 0.2271377 -0.3915816
Moved 1279.649 460.5452 233.4548 0.2327434 -0.3974928
Moved 1279.68 462.3085 230.6914 0.2368253 -0.4046003
Moved 1279.711 463 228.9341 0.2384259 -0.4091201
Moved 1279.742 463 226.5 0.2384259 -0.4153807
Moved 1279.772 446.5983 227 0.2004589 -0.4140947
Moved 1279.803 433.4404 235.4476 0.1700009 -0.3923673
Moved 1279.834 408.1196 247.0366 0.1113879 -0.3625601
Moved 1279.865 383 259.5 0.05324075 -0.3305041
Moved 1279.895 362.0145 266.9938 0.004663169 -0.31123
Moved 1279.926 339.2064 280.7742 -0.04813334 -0.2757865
Moved 1279.957 316.5 295 -0.1006944 -0.2391976
Moved 1279.987 298.5629 306.6873 -0.1422155 -0.2091378
Moved 1280.018 276.6156 320.3652 -0.1930193 -0.1739578
Moved 1280.049 255.6311 331.6844 -0.2415948 -0.1448446
Moved 1280.08 238.1384 341.3447 -0.2820871 -0.1199983
Moved 1280.11 224.123 349.4385 -0.31453 -0.09918094
Moved 1280.141 208.8656 358.4229 -0.3498482 -0.07607275
Moved 1280.172 197.6439 364.2374 -0.3758243 -0.06111796
Moved 1280.203 189.2461 368.877 -0.3952637 -0.04918487
Moved 1280.233 183.4204 372.2898 -0.408749 -0.04040698
Moved 1280.264 178.9289 376.0355 -0.419146 -0.03077283
Moved 1280.295 176.2163 379.7837 -0.4254252 -0.02113248
Moved 1280.326 173.5 384 -0.4317129 -0.01028807
Moved 1280.356 172.0125 387.975 -0.4351563 -6.424546E-05
Moved 1280.387 171 397.2068 -0.4375 0.02368005
Moved 1280.418 171 407 -0.4375 0.04886827
Moved 1280.449 171 415.7791 -0.4375 0.07144806
Moved 1280.479 179.3595 427.7191 -0.4181492 0.1021581
Moved 1280.51 186.2941 441.1569 -0.402097 0.1367202
Moved 1280.541 197.8909 454.8909 -0.3752525 0.1720445
Moved 1280.572 214.0067 470.0067 -0.3379476 0.2109223
Moved 1280.602 233.2291 486.9106 -0.2934512 0.2543997
Moved 1280.633 250.4433 503.3799 -0.2536035 0.296759
Moved 1280.664 266.0558 516.2446 -0.2174634 0.3298472
Moved 1280.695 277.0031 524.7523 -0.1921226 0.3517291
Moved 1280.725 282.9949 530.9949 -0.1782525 0.3677853
Moved 1280.756 287.4885 534.7443 -0.1678507 0.3774286
Moved 1280.787 290.4897 537.4896 -0.1609036 0.3844897
Moved 1280.818 291.8992 539 -0.1576408 0.3883744
Moved 1280.848 294 540.6484 -0.1527778 0.392614
Moved 1280.879 295.0203 541 -0.1504159 0.3935184
Moved 1280.91 297.5 542 -0.1446759 0.3960905
Moved 1280.94 300.2036 542 -0.1384175 0.3960905
Moved 1280.971 307.0322 542 -0.1226107 0.3960905
Moved 1281.002 319.5995 542 -0.09351979 0.3960905
Moved 1281.033 333.2566 532.9145 -0.06190613 0.3727224
Moved 1281.063 345.1281 528.718 -0.03442575 0.3619288
Moved 1281.094 354.1208 524.9597 -0.01360928 0.3522626
Moved 1281.125 359.6053 523 -0.0009135405 0.3472221
Moved 1281.156 363.4258 520.7871 0.00793 0.3415306
Ended 1281.186 366 519 0.01388888 0.3369341
Began 1281.986 124 362 -0.5462962 -0.06687243
Stationary 1282.016 124 362 -0.5462962 -0.06687243
Stationary 1282.047 124 362 -0.5462962 -0.06687243
Stationary 1282.078 124 362 -0.5462962 -0.06687243
Stationary 1282.109 124 362 -0.5462962 -0.06687243
Moved 1282.139 141.8706 362 -0.5049291 -0.06687243
Moved 1282.17 159.7604 362 -0.4635176 -0.06687243
Moved 1282.201 181.0617 367.0618 -0.4142089 -0.05385355
Moved 1282.232 193.7151 369 -0.3849187 -0.04886839
Moved 1282.262 205.5673 369 -0.357483 -0.04886839
Moved 1282.293 214.2915 369 -0.3372883 -0.04886839
Moved 1282.324 222.1796 369 -0.3190286 -0.04886839
Moved 1282.354 229.5542 369 -0.3019578 -0.04886839
Moved 1282.385 239.4029 369 -0.27916 -0.04886839
Moved 1282.416 248.059 369 -0.2591228 -0.04886839
Moved 1282.447 252.6703 369 -0.2484485 -0.04886839
Moved 1282.477 256.055 365.3074 -0.2406134 -0.05836573
Ended 1282.508 257 362 -0.2384259 -0.06687243
Began 1283.092 386 539 0.06018519 0.3883744
Stationary 1283.123 386 539 0.06018519 0.3883744
Stationary 1283.154 386 539 0.06018519 0.3883744
Stationary 1283.184 386 539 0.06018519 0.3883744
Stationary 1283.215 386 539 0.06018519 0.3883744
Stationary 1283.246 386 539 0.06018519 0.3883744
Stationary 1283.277 386 539 0.06018519 0.3883744
Stationary 1283.307 386 539 0.06018519 0.3883744
Stationary 1283.338 386 539 0.06018519 0.3883744
Moved 1283.369 397.8007 539 0.0875017 0.3883744
Moved 1283.4 409.8271 539 0.1153407 0.3883744
Moved 1283.43 424.1348 532.8652 0.1484601 0.3725956
Moved 1283.461 440.8103 528.7299 0.1870609 0.3619596
Moved 1283.492 457.6643 524.2388 0.2260748 0.3504083
Moved 1283.523 472.6367 520.8726 0.2607332 0.3417505
Moved 1283.553 491.2155 516.3978 0.3037396 0.3302412
Moved 1283.584 507.7987 511.2805 0.3421266 0.3170794
Moved 1283.615 522.4727 508.8818 0.3760941 0.31091
Moved 1283.646 533.6683 508 0.4020099 0.3086419
Moved 1283.676 541.6337 508 0.4204485 0.3086419
Moved 1283.707 545.0811 508 0.4284284 0.3086419
Moved 1283.738 547.8467 508 0.4348303 0.3086419
Moved 1283.769 548.5 508 0.4363426 0.3086419
Moved 1283.799 548 508 0.4351853 0.3086419
Moved 1283.83 528.9391 508 0.3910628 0.3086419
Moved 1283.861 506.5 508 0.3391203 0.3086419
Moved 1283.892 481.3434 508 0.2808875 0.3086419
Moved 1283.922 459.9423 507.2775 0.2313478 0.3067835
Moved 1283.953 442.2206 507 0.1903254 0.3060699
Moved 1283.984 432.3551 507 0.1674888 0.3060699
Moved 1284.015 422.1239 507 0.1438054 0.3060699
Moved 1284.045 413.8515 507 0.1246563 0.3060699
Moved 1284.076 410.8506 507 0.1177096 0.3060699
Ended 1284.107 410.8506 507 0.1177096 0.3060699
Began 1284.752 249 524 -0.2569445 0.3497942
Stationary 1284.783 249 524 -0.2569445 0.3497942
Stationary 1284.814 249 524 -0.2569445 0.3497942
Stationary 1284.844 249 524 -0.2569445 0.3497942
Stationary 1284.875 249 524 -0.2569445 0.3497942
Stationary 1284.906 249 524 -0.2569445 0.3497942
Stationary 1284.937 249 524 -0.2569445 0.3497942
Stationary 1284.967 249 524 -0.2569445 0.3497942
Stationary 1284.998 249 524 -0.2569445 0.3497942
Stationary 1285.029 249 524 -0.2569445 0.3497942
Stationary 1285.06 249 524 -0.2569445 0.3497942
Moved 1285.09 258.0126 524 -0.236082 0.3497942
Moved 1285.121 260.7417 514.4042 -0.2297647 0.3251136
Moved 1285.152 269.2482 508.6277 -0.2100735 0.3102563
Moved 1285.183 277.6576 501.3424 -0.1906074 0.2915184
Moved 1285.213 287.2375 494.0719 -0.1684317 0.2728186
Moved 1285.244 297.2514 484.8114 -0.1452513 0.2490004
Moved 1285.275 309.0351 472.1578 -0.1179742 0.2164553
Moved 1285.306 320 460.5 -0.09259259 0.1864711
Moved 1285.336 332.1922 444.7694 -0.06436998 0.1460118
Moved 1285.367 343.186 432.814 -0.03892129 0.1152621
Moved 1285.398 354.2101 420.7899 -0.0134026 0.08433609
Moved 1285.429 361.9745 411.034 0.004570583 0.05924381
Moved 1285.459 371.2538 398.2438 0.02605031 0.02634715
Moved 1285.49 380.541 386.9507 0.04754871 -0.002698702
Moved 1285.521 389.8145 375.9141 0.06901492 -0.03108523
Moved 1285.552 395.3578 368.2844 0.08184682 -0.05070902
Moved 1285.582 401.8149 360.1851 0.09679377 -0.07154033
Moved 1285.613 403.1979 357.6042 0.09999503 -0.07817845
Moved 1285.644 405 356.0516 0.1041667 -0.08217195
Moved 1285.674 406.3983 356 0.1074034 -0.0823046
Moved 1285.705 416.7627 387.288 0.1313952 -0.00183129
Moved 1285.736 428.638 431.6425 0.1588842 0.112249
Moved 1285.767 438 459 0.1805556 0.1826131
Moved 1285.797 451.2914 491.7284 0.2113226 0.266791
Moved 1285.828 463.2816 513.7428 0.2390778 0.3234124
Moved 1285.859 474.2646 529.8307 0.2645014 0.3647908
Moved 1285.89 486.1495 546.2093 0.2920127 0.4069168
Moved 1285.92 498.1986 559.1986 0.3199041 0.4403255
Moved 1285.951 504.1188 565.1188 0.3336083 0.4555524
Moved 1285.982 507.3246 568.3246 0.3410291 0.4637977
Moved 1286.013 508.5 569.5 0.34375 0.4668209
Moved 1286.043 510 570.5142 0.3472221 0.4694293
Moved 1286.074 511 571 0.349537 0.4706789
Moved 1286.105 512 557.783 0.3518519 0.4366846
Moved 1286.135 488.8586 511.8416 0.2982838 0.3185224
Moved 1286.166 472.5952 469.5883 0.2606369 0.2098462
Moved 1286.197 453.3482 423.7463 0.2160839 0.09193993
Moved 1286.228 440.5 386 0.1863426 -0.005144111
Moved 1286.259 428.3496 348.8861 0.1582167 -0.1006016
Moved 1286.289 424.0806 325.564 0.1483346 -0.1605863
Moved 1286.32 421 294.5759 0.1412037 -0.2402884
Moved 1286.351 419.9226 287.4586 0.1387098 -0.2585943
Moved 1286.381 419 269.5883 0.1365741 -0.3045571
Moved 1286.412 418.394 257.576 0.1351713 -0.3354525
Moved 1286.443 418 245.1302 0.1342593 -0.3674634
Moved 1286.474 418 237.6583 0.1342593 -0.3866813
Moved 1286.504 418 224.8011 0.1342593 -0.4197502
Moved 1286.535 418 213.5901 0.1342593 -0.4485852
Moved 1286.566 418 208.9038 0.1342593 -0.4606384
Moved 1286.597 425 206.4766 0.150463 -0.4668813
Moved 1286.627 425 203.7271 0.150463 -0.4739531
Moved 1286.658 426.0085 201.9916 0.1527973 -0.4784168
Moved 1286.689 426 200.6182 0.1527777 -0.4819492
Moved 1286.72 426 200 0.1527777 -0.4835392
Moved 1286.75 426 239.1504 0.1527777 -0.3828437
Moved 1286.781 429.3573 265.1079 0.1605493 -0.3160805
Moved 1286.812 437.3902 297.2681 0.179144 -0.2333639
Moved 1286.843 462.507 353.7182 0.2372848 -0.08817343
Moved 1286.873 474.6303 387.891 0.265348 -0.0002803724
Moved 1286.904 485.1885 416.9619 0.2897882 0.07449028
Moved 1286.935 497.1344 442.2689 0.3174408 0.1395804
Moved 1286.966 504.1555 456.8887 0.3336932 0.1771829
Moved 1286.996 508.3331 466.9993 0.3433637 0.2031875
Moved 1287.027 512.0818 471.0818 0.3520413 0.2136878
Ended 1287.058 513 474 0.3541666 0.2211934
PhraseEnd 1288.349
