for your information only
Basic
0.6 0.6
432 388.8
Began 677.3192 337 270 -0.05324075 -0.303498
Stationary 677.3499 337 270 -0.05324075 -0.303498
Stationary 677.3806 337 270 -0.05324075 -0.303498
Stationary 677.4113 337 270 -0.05324075 -0.303498
Stationary 677.442 337 270 -0.05324075 -0.303498
Moved 677.4727 351.3636 283.3635 -0.01999174 -0.2691267
Moved 677.5035 379.4406 303.425 0.04500131 -0.2175284
Moved 677.5342 410.7937 328.0487 0.117578 -0.1541958
Moved 677.5649 454.3443 363.4452 0.2183895 -0.06315538
Moved 677.5956 481.3037 382.9777 0.2807956 -0.01291746
Moved 677.6263 500.3168 400.3168 0.3248075 0.03167906
Moved 677.657 519.2976 415.5104 0.3687444 0.07075702
Moved 677.6877 536.9629 433.9505 0.4096363 0.1181854
Moved 677.7185 549.8646 453.5129 0.4395013 0.1685003
Moved 677.7492 556.8496 470.5488 0.4556704 0.2123168
Moved 677.7799 560.5776 487.0217 0.4643001 0.2546854
Moved 677.8106 562.9991 501.9955 0.4699053 0.2931983
Moved 677.8414 563 512.8397 0.4699074 0.3210898
Moved 677.8721 553.0372 521.2698 0.4468455 0.342772
Moved 677.9028 527.7408 529.3148 0.3882889 0.3634639
Moved 677.9335 481.804 531 0.2819537 0.3677982
Moved 677.9642 411.1684 520.8395 0.1184453 0.3416654
Moved 677.9949 362.8216 517.5095 0.006531378 0.3331006
Moved 678.0256 328.7709 514.6155 -0.07228956 0.3256572
Moved 678.0563 307.2256 514 -0.1221628 0.324074
Moved 678.087 292 514 -0.1574074 0.324074
Moved 678.1177 283.2699 514 -0.177616 0.324074
Moved 678.1485 273.3439 514 -0.2005927 0.324074
Moved 678.1792 262.1831 514 -0.226428 0.324074
Moved 678.2099 254.3463 513 -0.2445687 0.321502
Moved 678.2407 247.5662 510.2831 -0.2602633 0.3145141
Moved 678.2714 244.5556 509 -0.2672323 0.3112139
Moved 678.3021 242.9129 508 -0.2710349 0.3086419
Moved 678.3328 242 507.0979 -0.2731481 0.3063217
Stationary 678.3635 242 507 -0.2731481 0.3060699
Moved 678.3942 242 505.5 -0.2731481 0.3022119
Moved 678.4249 242 506 -0.2731481 0.3034978
Stationary 678.4556 242 506 -0.2731481 0.3034978
Ended 678.4863 242 506 -0.2731481 0.3034978
Began 679.0085 406 475 0.1064815 0.2237653
Stationary 679.0392 406 475 0.1064815 0.2237653
Stationary 679.0699 406 475 0.1064815 0.2237653
Stationary 679.1006 406 475 0.1064815 0.2237653
Stationary 679.1313 406 475 0.1064815 0.2237653
Stationary 679.162 406 475 0.1064815 0.2237653
Stationary 679.1927 406 475 0.1064815 0.2237653
Stationary 679.2234 406 475 0.1064815 0.2237653
Stationary 679.2542 406 475 0.1064815 0.2237653
Stationary 679.2849 406 475 0.1064815 0.2237653
Stationary 679.3156 406 475 0.1064815 0.2237653
Stationary 679.3463 406 475 0.1064815 0.2237653
Stationary 679.3764 406 475 0.1064815 0.2237653
Stationary 679.4078 406 475 0.1064815 0.2237653
Moved 679.4385 415 483.1637 0.1273148 0.2447625
Moved 679.4692 415 486.5 0.1273148 0.2533436
Moved 679.4999 415 493.2318 0.1273148 0.2706577
Moved 679.5306 404.3301 500.5049 0.102616 0.2893643
Moved 679.5613 398.8889 506.6667 0.0900206 0.3052126
Moved 679.592 393.6789 515.6422 0.07796039 0.3282978
Moved 679.6227 393 522.085 0.07638891 0.3448686
Moved 679.6534 393 527.5329 0.07638891 0.3588808
Moved 679.6842 393 531.3806 0.07638891 0.368777
Moved 679.7149 405.5364 535.0145 0.1054082 0.3781237
Moved 679.7455 430.5951 538.2162 0.1634145 0.3863586
Moved 679.7763 469.3256 538 0.2530686 0.3858024
Moved 679.807 499.9912 527.6686 0.3240537 0.3592299
Moved 679.8377 520.5885 522.8318 0.3717326 0.3467897
Moved 679.8684 530.6063 521.1968 0.3949219 0.3425844
Moved 679.8992 533.5154 521 0.4016561 0.3420781
Stationary 679.9299 534 521 0.4027778 0.3420781
Stationary 679.9606 534 521 0.4027778 0.3420781
Moved 679.9913 504.9686 521 0.3355754 0.3420781
Moved 680.022 484.5727 521 0.2883627 0.3420781
Moved 680.0527 468.5 521 0.2511574 0.3420781
Moved 680.0834 447.9767 517.7076 0.2036498 0.3336101
Moved 680.1142 433.7589 517 0.1707381 0.33179
Moved 680.1449 417.8292 515 0.1338638 0.326646
Moved 680.1756 398.9368 515 0.09013136 0.326646
Moved 680.2063 372.9751 515 0.03003498 0.326646
Moved 680.2371 347.808 518.6479 -0.0282221 0.3360286
Moved 680.2678 330.7995 525.1715 -0.06759381 0.3528073
Moved 680.2985 314.6049 527.3193 -0.1050812 0.3583315
Moved 680.3292 290.0995 529.2112 -0.1618066 0.3631974
Moved 680.3599 275.3175 531 -0.1960244 0.3677982
Moved 680.3906 265.7675 531 -0.2181307 0.3677982
Moved 680.4213 257.8566 531 -0.236443 0.3677982
Moved 680.452 250.4426 531 -0.253605 0.3677982
Moved 680.4827 245.4971 531 -0.265053 0.3677982
Moved 680.5134 240.6031 531 -0.2763816 0.3677982
Moved 680.5441 238.3693 531 -0.2815526 0.3677982
Moved 680.5749 235.6363 531 -0.2878789 0.3677982
Moved 680.6056 234.5 531 -0.2905093 0.3677982
Moved 680.6363 234 531 -0.2916667 0.3677982
Ended 680.6671 234 531 -0.2916667 0.3677982
Began 681.4656 518 524 0.3657407 0.3497942
Stationary 681.4963 518 524 0.3657407 0.3497942
Stationary 681.527 518 524 0.3657407 0.3497942
Stationary 681.5577 518 524 0.3657407 0.3497942
Stationary 681.5884 518 524 0.3657407 0.3497942
Stationary 681.6191 518 524 0.3657407 0.3497942
Stationary 681.6498 518 524 0.3657407 0.3497942
Stationary 681.6805 518 524 0.3657407 0.3497942
Stationary 681.7113 518 524 0.3657407 0.3497942
Stationary 681.742 518 524 0.3657407 0.3497942
Stationary 681.7727 518 524 0.3657407 0.3497942
Stationary 681.8035 518 524 0.3657407 0.3497942
Moved 681.8342 504.4838 524 0.3344532 0.3497942
Moved 681.8649 502.1584 524 0.3290703 0.3497942
Moved 681.8956 492.6449 524 0.3070484 0.3497942
Moved 681.9263 484.8212 511.4637 0.288938 0.3175506
Moved 681.957 466.8763 489.7101 0.2473987 0.2616001
Moved 681.9877 450.5 455 0.2094908 0.172325
Moved 682.0185 436.2726 407.1204 0.1765569 0.0491778
Moved 682.0492 429.2855 371.426 0.1603831 -0.04262877
Moved 682.0799 428 339.9199 0.1574074 -0.123663
Moved 682.1106 425 310.4084 0.150463 -0.1995668
Moved 682.1413 425 291.4999 0.150463 -0.2482001
Moved 682.1719 425 274.9268 0.150463 -0.2908263
Moved 682.2028 425 256.3896 0.150463 -0.338504
Moved 682.2335 425 242.0542 0.150463 -0.375375
Moved 682.2641 425 226.7272 0.150463 -0.4147964
Moved 682.2949 425 217.7006 0.150463 -0.4380129
Moved 682.3256 425 213.5101 0.150463 -0.4487908
Moved 682.3563 403.1045 222.4742 0.09977897 -0.425735
Moved 682.387 381.4512 239.5487 0.04965563 -0.3818192
Moved 682.4177 354.1325 265.8674 -0.01358211 -0.314127
Moved 682.4484 332.3887 286.6113 -0.0639151 -0.2607734
Moved 682.4792 314.8775 304.947 -0.1044502 -0.2136137
Moved 682.5098 300.5 323 -0.1377315 -0.1671811
Moved 682.5406 287.2371 340.7155 -0.1684327 -0.1216165
Moved 682.5713 281.3222 354.0667 -0.1821245 -0.08727713
Moved 682.602 278.5995 373.2044 -0.1884272 -0.03805451
Moved 682.6328 284.8143 386.9837 -0.174041 -0.00261397
Moved 682.6635 305.8765 407.3919 -0.1252859 0.04987618
Moved 682.6942 352.5943 427.48 -0.01714274 0.1015433
Moved 682.7249 425.4179 446.5873 0.1514303 0.1506874
Moved 682.7556 464.1017 456.0254 0.240976 0.1749623
Moved 682.7863 500.4161 465.0832 0.3250372 0.1982592
Moved 682.817 519.5961 475.8301 0.3694354 0.2259005
Moved 682.8477 526.4728 492.3094 0.3853537 0.2682856
Moved 682.8785 518.1781 507.9528 0.366153 0.3085205
Moved 682.9091 497.1548 519.7535 0.3174881 0.3388722
Moved 682.9399 461.4087 525.6122 0.2347424 0.3539407
Moved 682.9706 420.5035 526 0.1400544 0.3549381
Moved 683.0013 389.8362 526 0.06906519 0.3549381
Moved 683.032 361.2404 526 0.002871156 0.3549381
Moved 683.0627 340.5097 526 -0.04511635 0.3549381
Moved 683.0934 327 526 -0.07638887 0.3549381
Moved 683.1242 319.9212 526 -0.09277492 0.3549381
Moved 683.1549 317.2404 526 -0.09898056 0.3549381
Moved 683.1856 314.5177 515.624 -0.105283 0.328251
Moved 683.2163 350.099 454.0627 -0.02291908 0.1699143
Moved 683.2471 408.0295 365.2842 0.1111794 -0.05842546
Moved 683.2778 438.3495 322.1281 0.1813645 -0.1694238
Moved 683.3084 455.1672 293.7324 0.2202945 -0.2424578
Moved 683.3392 463.0205 278.959 0.2384733 -0.2804552
Moved 683.3699 466.1714 261.7999 0.2457672 -0.3245889
Moved 683.4006 466 248.5504 0.2453704 -0.3586667
Moved 683.4313 427.998 235.3912 0.1574027 -0.3925123
Moved 683.462 346.6822 257.1626 -0.03082832 -0.336516
Moved 683.4927 283.8946 283.5527 -0.17617 -0.2686401
Moved 683.5235 227.4321 306.1005 -0.3068701 -0.2106468
Moved 683.5542 181.1747 319.8829 -0.4139476 -0.1751983
Moved 683.5849 159.7069 326.2266 -0.4636415 -0.1588822
Moved 683.6156 142.9466 334.0267 -0.5024384 -0.1388202
Moved 683.6463 134.8181 339.1213 -0.5212544 -0.125717
Moved 683.6771 133 346.7927 -0.5254629 -0.1059859
Moved 683.7078 133 364.7219 -0.5254629 -0.05987167
Moved 683.7385 152.1751 399.7626 -0.4810761 0.03025369
Moved 683.7692 191.4588 445.1776 -0.3901416 0.1470617
Moved 683.7999 216.5 473 -0.3321759 0.2186213
Moved 683.8306 249.1089 500.1469 -0.2566924 0.2884435
Moved 683.8613 286.3758 518.7325 -0.1704265 0.336246
Moved 683.892 333.5026 529.6674 -0.06133661 0.3643707
Moved 683.9227 372.4887 530 0.02890895 0.3652262
Moved 683.9535 414.6075 530 0.1264061 0.3652262
Moved 683.9842 455.051 521.9968 0.2200255 0.344642
Moved 684.0149 481.2944 522 0.280774 0.3446501
Moved 684.0456 490.3006 520.8998 0.3016217 0.3418205
Moved 684.0763 495.8203 520 0.3143987 0.3395061
Moved 684.107 501 517.5 0.3263889 0.3330761
Moved 684.1378 505 494.7669 0.3356481 0.2746062
Moved 684.1685 497.5333 460.7817 0.3183641 0.1871958
Moved 684.1992 476.1178 410.0004 0.2687912 0.05658538
Moved 684.2299 467.6257 379.7524 0.2491336 -0.02121309
Moved 684.2606 459 356 0.2291666 -0.0823046
Moved 684.2913 444.7796 322.3151 0.1962491 -0.1689426
Moved 684.322 434.0807 293.2153 0.1714832 -0.243788
Moved 684.3528 425.6069 274.5172 0.1518678 -0.2918798
Moved 684.3835 421.9504 264.8511 0.1434036 -0.316741
Moved 684.4142 416.4114 252.8229 0.130582 -0.3476779
Moved 684.4449 412 243.5 0.1203704 -0.3716564
Moved 684.4756 409.7556 237.5114 0.1151752 -0.3870593
Moved 684.5063 408.3334 234.3334 0.111883 -0.3952332
Moved 684.537 406.6191 231.6191 0.1079146 -0.4022141
Moved 684.5677 404.8742 227.8743 0.1038755 -0.4118461
Ended 684.5984 404.8742 227.8743 0.1038755 -0.4118461
Began 685.1819 533 576 0.4004629 0.483539
Stationary 685.2126 533 576 0.4004629 0.483539
Stationary 685.2435 533 576 0.4004629 0.483539
Stationary 685.2742 533 576 0.4004629 0.483539
Stationary 685.3049 533 576 0.4004629 0.483539
Moved 685.3356 533 563.981 0.4004629 0.452626
Moved 685.3663 522.2867 541.1467 0.3756636 0.3938958
Moved 685.397 512.4646 505.4922 0.3529273 0.3021917
Moved 685.4277 501.7016 470.0301 0.3280129 0.2109827
Moved 685.4584 489.6016 431.6068 0.3000036 0.1121574
Moved 685.4891 480.5 398 0.2789353 0.02572008
Moved 685.5199 470.2521 365.507 0.2552132 -0.05785247
Moved 685.5507 458.9553 324.8546 0.2290631 -0.162411
Moved 685.5813 453.4757 307.046 0.216379 -0.208215
Moved 685.6121 445.6139 283.9381 0.1981803 -0.267649
Moved 685.6427 436.1569 256.4708 0.1762892 -0.3382954
Moved 685.6735 428.5899 235.7695 0.1587729 -0.3915392
Moved 685.7042 425.073 223.2921 0.150632 -0.4236315
Moved 685.7349 424 218.3458 0.1481481 -0.4363533
Moved 685.7656 424 217 0.1481481 -0.4398148
Stationary 685.7963 424 217 0.1481481 -0.4398148
Stationary 685.827 424 217 0.1481481 -0.4398148
Moved 685.8577 455.6563 263.5881 0.2214266 -0.3199894
Moved 685.8885 470.1744 290.714 0.2550334 -0.2502212
Moved 685.9192 482.3932 312.7865 0.2833177 -0.1934504
Moved 685.9499 498.3858 337.6945 0.3203375 -0.1293867
Moved 685.9806 512.5511 352.5511 0.3531275 -0.09117527
Moved 686.0113 530.9828 367.3218 0.3957935 -0.05318457
Moved 686.0421 548.5839 384.5839 0.4365367 -0.008786441
Moved 686.0728 561.3369 397.3369 0.4660575 0.0240145
Moved 686.1035 567.7661 409.532 0.4809399 0.05538077
Moved 686.1342 561.5659 428.4341 0.4665878 0.103997
Moved 686.1649 542.5016 445.4988 0.4224575 0.1478879
Moved 686.1956 507.5078 464.1328 0.3414532 0.1958148
Moved 686.2263 469.9061 478.4977 0.2544122 0.2327615
Moved 686.257 439.8348 487.9496 0.1848028 0.2570719
Moved 686.2878 411.6918 496.1027 0.119657 0.2780419
Moved 686.3185 390.6615 502.5253 0.07097572 0.2945608
Moved 686.3492 376.0498 508.4072 0.03715237 0.3096893
Moved 686.3799 357.664 516.7155 -0.005407383 0.3310582
Moved 686.4106 345.467 522.2665 -0.03364116 0.3453355
Moved 686.4413 338.2965 525.3517 -0.05023956 0.3532709
Moved 686.472 333.5201 527.74 -0.06129618 0.3594135
Moved 686.5027 329.1043 529 -0.07151772 0.3626543
Ended 686.5334 329 530 -0.07175927 0.3652262
PhraseEnd 688.0987
