protect your environment
Basic
0.6 0.6
432 388.8
Began 1350.158 619 589 0.599537 0.5169753
Stationary 1350.188 619 589 0.599537 0.5169753
Stationary 1350.219 619 589 0.599537 0.5169753
Stationary 1350.25 619 589 0.599537 0.5169753
Stationary 1350.281 619 589 0.599537 0.5169753
Stationary 1350.311 619 589 0.599537 0.5169753
Stationary 1350.342 619 589 0.599537 0.5169753
Stationary 1350.373 619 589 0.599537 0.5169753
Stationary 1350.403 619 589 0.599537 0.5169753
Stationary 1350.434 619 589 0.599537 0.5169753
Moved 1350.465 611.4957 577.124 0.582166 0.4864298
Moved 1350.496 603.639 567.2987 0.5639791 0.4611591
Moved 1350.526 593.6772 554.5697 0.5409194 0.4284199
Moved 1350.557 582.3885 541.5179 0.5147882 0.3948506
Moved 1350.588 572 529.5 0.4907407 0.3639403
Moved 1350.619 559.5606 518.6485 0.4619459 0.33603
Moved 1350.649 547.7092 508.5674 0.434512 0.3101012
Moved 1350.68 532.8644 499.1187 0.4001491 0.2857989
Moved 1350.711 519.7761 494.9627 0.369852 0.2751097
Moved 1350.742 501.2814 493.183 0.3270403 0.2705325
Moved 1350.772 486.4968 493 0.2928168 0.2700616
Moved 1350.803 472.2898 502.3943 0.2599301 0.2942239
Moved 1350.834 460.9031 506.4581 0.2335721 0.3046762
Moved 1350.865 444.0686 516.7589 0.1946033 0.3311698
Moved 1350.895 429.2636 523.6945 0.1603325 0.3490085
Moved 1350.926 409.1966 529.1147 0.1138809 0.3629494
Moved 1350.957 384.9592 532 0.05777598 0.3703703
Moved 1350.987 359.1436 532 -0.0019825 0.3703703
Moved 1351.018 331.2269 524.4589 -0.06660441 0.3509744
Moved 1351.049 310.015 519.7538 -0.115706 0.3388729
Moved 1351.08 290.3654 513.533 -0.1611913 0.3228727
Moved 1351.11 277.9876 510.9969 -0.1898435 0.31635
Moved 1351.141 272.4738 510.2369 -0.2026071 0.3143952
Moved 1351.172 269.8362 510 -0.2087125 0.3137859
Moved 1351.203 268.5 508.5 -0.2118056 0.3099279
Moved 1351.233 267.6399 509 -0.2137965 0.3112139
Moved 1351.264 268 508 -0.212963 0.3086419
Moved 1351.295 286.368 505.1404 -0.1704445 0.3012871
Moved 1351.326 317.3235 503 -0.09878829 0.2957818
Moved 1351.356 353.6283 503 -0.01474937 0.2957818
Moved 1351.387 392.6942 503 0.07568101 0.2957818
Moved 1351.418 425.2134 515.3689 0.150957 0.3275948
Moved 1351.448 451.9871 519.886 0.2129331 0.339213
Moved 1351.479 477.8643 524.4143 0.2728339 0.3508597
Moved 1351.51 493.6816 526.7363 0.3094483 0.356832
Moved 1351.541 505.6867 528 0.3372377 0.3600822
Moved 1351.571 511.3695 529 0.3503924 0.3626543
Moved 1351.602 513 529.9475 0.3541666 0.3650912
Stationary 1351.633 513 530 0.3541666 0.3652262
Moved 1351.664 500.3802 533.124 0.3249541 0.3732612
Moved 1351.694 478.0051 538.7767 0.2731598 0.3878
Moved 1351.725 451.8167 543 0.2125386 0.3986624
Moved 1351.756 423.7839 544 0.1476479 0.4012345
Moved 1351.787 391.4328 544 0.07276108 0.4012345
Moved 1351.817 366.2835 534.3648 0.01454512 0.3764526
Moved 1351.848 341.7541 530.1885 -0.04223586 0.3657111
Moved 1351.879 323.309 531 -0.08493284 0.3677982
Moved 1351.91 307.0921 530 -0.122472 0.3652262
Moved 1351.94 296.9806 530 -0.1458783 0.3652262
Moved 1351.971 288.5686 530 -0.1653504 0.3652262
Moved 1352.002 280.2576 529 -0.1845889 0.3626543
Moved 1352.032 271.9799 527.66 -0.2037502 0.3592077
Moved 1352.063 262.597 523.7985 -0.2254699 0.3492759
Moved 1352.094 246.7158 514.7869 -0.2622319 0.3260978
Moved 1352.125 231.8193 504.1144 -0.2967147 0.2986482
Moved 1352.155 224.8667 499.9333 -0.3128085 0.2878944
Moved 1352.186 221.1795 499 -0.3213438 0.2854938
Moved 1352.217 218.7613 498 -0.3269415 0.2829217
Moved 1352.248 218 496.0025 -0.3287037 0.2777841
Moved 1352.278 218 484.6437 -0.3287037 0.248569
Moved 1352.309 230 453.5 -0.3009259 0.168467
Moved 1352.34 239.8801 410.4796 -0.2780553 0.0578177
Moved 1352.371 250.1878 372.5197 -0.254195 -0.03981563
Moved 1352.401 256.9933 345.0333 -0.2384413 -0.1105112
Moved 1352.432 260.8833 320.5252 -0.2294369 -0.1735463
Moved 1352.463 263.6846 302.5771 -0.2229524 -0.2197091
Moved 1352.494 265 290.2057 -0.2199074 -0.2515287
Moved 1352.524 267 277.9122 -0.2152778 -0.2831478
Moved 1352.555 270.374 267.939 -0.2074675 -0.308799
Moved 1352.586 273.4444 258.6668 -0.2003602 -0.3326471
Moved 1352.616 275.2064 252.5872 -0.1962815 -0.3482841
Moved 1352.647 276.9684 248.0632 -0.1922027 -0.3599197
Moved 1352.678 278 244.1785 -0.1898148 -0.3699113
Moved 1352.709 280.1706 243.8293 -0.1847903 -0.3708093
Moved 1352.739 281.5 244 -0.181713 -0.3703704
Moved 1352.77 285.5 244 -0.1724537 -0.3703704
Moved 1352.801 292.3323 270.329 -0.1566383 -0.3026517
Moved 1352.832 300.5627 311.2305 -0.1375863 -0.1974526
Moved 1352.862 310.4139 367.4661 -0.1147826 -0.05281369
Moved 1352.893 320.1649 414.7834 -0.09221077 0.06888738
Moved 1352.924 331.2448 451.7343 -0.06656308 0.1639254
Moved 1352.955 337.1643 476.2396 -0.05286033 0.2269535
Moved 1352.985 342.6665 498.9995 -0.04012376 0.2854923
Moved 1353.016 347.5006 511.5018 -0.02893383 0.3176485
Moved 1353.047 350.5 523 -0.02199074 0.3472221
Moved 1353.078 354.2777 530.5554 -0.01324609 0.3666546
Moved 1353.108 356.0483 536.0967 -0.009147376 0.380907
Moved 1353.139 357.2227 537.2227 -0.006428957 0.3838032
Ended 1353.17 358 537 -0.004629641 0.3832304
Began 1353.784 334 544 -0.06018519 0.4012345
Stationary 1353.815 334 544 -0.06018519 0.4012345
Stationary 1353.846 334 544 -0.06018519 0.4012345
Stationary 1353.877 334 544 -0.06018519 0.4012345
Stationary 1353.907 334 544 -0.06018519 0.4012345
Moved 1353.938 349.5586 544 -0.02416983 0.4012345
Moved 1353.969 356.2307 534.7693 -0.008725127 0.3774929
Moved 1354 364.1397 530.2402 0.009582638 0.3658442
Moved 1354.03 373.1604 524.6297 0.03046383 0.3514138
Moved 1354.061 384.1657 519.9172 0.05593906 0.3392931
Moved 1354.092 395.5406 516.6919 0.0822699 0.3309976
Moved 1354.122 408.0687 514.1863 0.1112701 0.3245531
Moved 1354.153 423.6155 514 0.147258 0.324074
Moved 1354.184 438.4506 514 0.1815986 0.324074
Moved 1354.215 453.2602 522.0521 0.2158801 0.3447841
Moved 1354.245 469.4798 524.3542 0.2534255 0.3507053
Moved 1354.276 484.1844 527.2369 0.2874638 0.3581194
Moved 1354.307 493.9992 529.9998 0.3101835 0.3652258
Moved 1354.338 506.8268 533.5307 0.3398768 0.3743073
Moved 1354.368 516.9527 536.2382 0.3633164 0.3812709
Moved 1354.399 524.007 538 0.3796459 0.3858024
Moved 1354.43 527.7661 539 0.3883475 0.3883744
Moved 1354.461 530.5 539 0.3946759 0.3883744
Moved 1354.491 530 539 0.3935185 0.3883744
Moved 1354.522 516.2714 530.0284 0.3617393 0.3652994
Moved 1354.553 487.5 510.5 0.2951388 0.3150719
Moved 1354.583 463.5636 503.1879 0.2397306 0.296265
Moved 1354.614 439.2442 500 0.1834356 0.2880658
Moved 1354.645 421.9045 500 0.1432974 0.2880658
Moved 1354.676 408.9733 500 0.1133641 0.2880658
Moved 1354.706 394.3589 509.989 0.07953446 0.3137577
Moved 1354.737 377.8665 515.8534 0.04135777 0.3288409
Moved 1354.768 357.6925 520.3736 -0.00534142 0.340467
Moved 1354.799 337.3098 523.9484 -0.05252351 0.3496613
Moved 1354.829 322.786 525.369 -0.08614341 0.3533154
Moved 1354.86 309.3623 525 -0.117217 0.3523662
Moved 1354.891 298.3333 525 -0.1427469 0.3523662
Moved 1354.922 290.5 525 -0.1608796 0.3523662
Moved 1354.952 286.7455 525 -0.1695705 0.3523662
Moved 1354.983 283.1071 525 -0.1779927 0.3523662
Moved 1355.014 281.3431 525 -0.1820761 0.3523662
Moved 1355.045 279.959 525 -0.1852802 0.3523662
Stationary 1355.075 279.959 525 -0.1852802 0.3523662
Stationary 1355.106 280 525 -0.1851852 0.3523662
Ended 1355.137 280 525 -0.1851852 0.3523662
Began 1355.997 290 592 -0.162037 0.5246913
Stationary 1356.028 290 592 -0.162037 0.5246913
Stationary 1356.059 290 592 -0.162037 0.5246913
Moved 1356.09 272.5 568.5 -0.2025463 0.4642488
Moved 1356.12 264.646 553.2921 -0.2207268 0.4251338
Moved 1356.151 260.1161 533.6967 -0.2312127 0.3747341
Moved 1356.182 260 516.771 -0.2314815 0.3312011
Moved 1356.212 270.5409 500.6214 -0.2070813 0.289664
Moved 1356.243 292.3734 479.4639 -0.1565431 0.2352466
Moved 1356.274 318.314 462.4573 -0.09649531 0.1915054
Moved 1356.305 343.1884 445.8745 -0.03891582 0.148854
Moved 1356.335 364.4802 429.1821 0.01037091 0.1059208
Moved 1356.366 383.5408 409.8691 0.05449255 0.05624759
Moved 1356.397 397.7805 394.2195 0.08745482 0.01599657
Moved 1356.428 412.5847 377.2983 0.1217238 -0.02752485
Moved 1356.458 423.812 363.6256 0.147713 -0.06269141
Moved 1356.489 435.3006 347.0491 0.1743068 -0.1053263
Moved 1356.52 443.1619 337.7572 0.1925043 -0.1292254
Moved 1356.551 449 332 0.2060185 -0.144033
Moved 1356.581 455.5371 323.463 0.2211506 -0.1659904
Moved 1356.612 461.0487 317.9513 0.233909 -0.1801665
Moved 1356.643 463.7858 314.4283 0.240245 -0.1892276
Moved 1356.673 465 310.6485 0.2430555 -0.1989494
Moved 1356.704 465 306.0201 0.2430555 -0.2108537
Moved 1356.735 453.2644 293.2644 0.2158899 -0.2436616
Moved 1356.766 435.5 280.5 0.1747686 -0.2764919
Moved 1356.797 411.7643 267.3821 0.1198248 -0.3102312
Moved 1356.827 390.1516 252.5369 0.06979535 -0.3484135
Moved 1356.858 375.6943 242.6166 0.03632933 -0.3739286
Moved 1356.889 364.1754 234.5876 0.009665192 -0.3945792
Moved 1356.919 356.9627 228.6418 -0.007030716 -0.4098718
Moved 1356.95 348.6707 223.1138 -0.0262252 -0.4240902
Moved 1356.981 343.5977 219.7988 -0.03796816 -0.4326163
Moved 1357.012 338.537 216.2686 -0.0496828 -0.4416962
Moved 1357.042 334.1829 214.5914 -0.0597618 -0.4460097
Moved 1357.073 328.6657 213 -0.07253309 -0.4501029
Moved 1357.104 324.1291 212 -0.08303452 -0.4526749
Moved 1357.135 320.5023 212 -0.09142996 -0.4526749
Moved 1357.165 312.8048 234.9761 -0.1092482 -0.39358
Moved 1357.196 313 273.9235 -0.1087963 -0.2934066
Moved 1357.227 328.111 319.3329 -0.07381722 -0.176613
Moved 1357.257 339.3732 351.9703 -0.04774724 -0.09266896
Moved 1357.288 355.8568 388.7135 -0.009590833 0.001835058
Moved 1357.319 375.0076 421.8121 0.03473977 0.08696529
Moved 1357.35 391.1782 447.2673 0.07217179 0.1524365
Moved 1357.38 403.9112 469.2579 0.1016463 0.2089966
Moved 1357.411 418.7606 491.8649 0.13602 0.267142
Moved 1357.442 433.2586 512.5732 0.1695801 0.3204043
Moved 1357.473 443.3362 525.1702 0.1929078 0.3528038
Moved 1357.503 450.6674 534.6674 0.2098783 0.3772309
Moved 1357.534 455.6362 540.6362 0.2213801 0.3925826
Moved 1357.565 461.1659 547.1659 0.2341803 0.4093772
Moved 1357.596 462.5254 549.5254 0.2373273 0.4154458
Moved 1357.626 463.5 550.5 0.2395834 0.4179526
Moved 1357.657 463 551 0.2384259 0.4192385
Moved 1357.688 450.2648 551 0.2089463 0.4192385
Moved 1357.719 424.2919 538.7433 0.148824 0.3877141
Moved 1357.749 390.0803 528.0267 0.06963024 0.360151
Moved 1357.78 358.653 516.2059 -0.003118018 0.3297477
Moved 1357.811 332.5 508 -0.06365741 0.3086419
Moved 1357.841 311.2693 501.077 -0.1128025 0.2908357
Moved 1357.872 292.8876 497.2697 -0.1553527 0.2810433
Moved 1357.903 277 496 -0.1921296 0.2777777
Moved 1357.934 268.2502 495 -0.2123838 0.2752057
Moved 1357.964 262.6443 495 -0.2253604 0.2752057
Moved 1357.995 260.9519 495 -0.229278 0.2752057
Moved 1358.026 260 495 -0.2314815 0.2752057
Stationary 1358.057 260 495 -0.2314815 0.2752057
Moved 1358.087 279.4489 506.4489 -0.1864609 0.3046525
Moved 1358.118 316.5835 510.5962 -0.1005012 0.3153194
Moved 1358.149 362.4863 512 0.005755325 0.31893
Moved 1358.18 408.42 512 0.1120834 0.31893
Moved 1358.21 444.949 512 0.1966412 0.31893
Moved 1358.241 472.2964 512 0.2599453 0.31893
Moved 1358.272 489.5 512 0.2997685 0.31893
Moved 1358.302 503.4415 512 0.3320404 0.31893
Moved 1358.333 518.2771 512 0.3663822 0.31893
Moved 1358.364 531.5126 513 0.3970199 0.321502
Moved 1358.395 539.158 513 0.4147175 0.321502
Moved 1358.425 543.836 513 0.4255463 0.321502
Moved 1358.456 545 498.9041 0.4282407 0.2852471
Moved 1358.487 531.1915 462.9362 0.3962767 0.1927371
Moved 1358.518 513.7104 422.4209 0.3558112 0.08853099
Moved 1358.548 496.6537 388.3074 0.316328 0.0007906077
Moved 1358.579 482.4332 358.5531 0.2834103 -0.07573806
Moved 1358.61 472.6587 336.3173 0.2607839 -0.1329287
Moved 1358.641 460.7992 311.5983 0.2333314 -0.1965064
Moved 1358.671 451.0756 289.5348 0.210823 -0.2532542
Moved 1358.702 442.7515 270.3373 0.1915544 -0.3026304
Moved 1358.733 437 256 0.1782407 -0.3395062
Moved 1358.764 427.6465 231.2931 0.1565892 -0.4030527
Moved 1358.794 424.8902 223.6707 0.1502089 -0.4226578
Moved 1358.825 422.1809 215.3619 0.1439374 -0.444028
Moved 1358.856 421 209.6581 0.1412037 -0.4586984
Moved 1358.886 419.0056 205.0056 0.136587 -0.4706646
Moved 1358.917 419 203.2457 0.1365741 -0.475191
Moved 1358.948 419 202.5 0.1365741 -0.4771091
Moved 1358.979 419 201.7599 0.1365741 -0.4790128
Stationary 1359.009 419 202 0.1365741 -0.4783951
Moved 1359.04 428.9799 202 0.1596756 -0.4783951
Moved 1359.071 450.101 213.7878 0.208567 -0.4480766
Moved 1359.102 472.1554 219.3678 0.2596189 -0.4337249
Moved 1359.132 493.1544 224.9012 0.3082277 -0.4194928
Moved 1359.163 508.0638 227.2128 0.3427404 -0.4135475
Moved 1359.194 516.2459 228.7487 0.3616804 -0.4095972
Moved 1359.225 521.89 230.4449 0.3747452 -0.4052343
Moved 1359.255 524 232.2119 0.3796296 -0.4006896
Moved 1359.286 525 239.8936 0.3819444 -0.3809322
Moved 1359.317 525 252.8673 0.3819444 -0.3475635
Moved 1359.348 498.8934 278.2911 0.3215124 -0.2821732
Moved 1359.378 481.3243 298.6757 0.2808433 -0.2297435
Moved 1359.409 461.2897 315.9965 0.2344669 -0.1851942
Moved 1359.44 438.4142 332.0572 0.1815143 -0.1438859
Moved 1359.47 412.2615 346.3119 0.1209757 -0.1072226
Moved 1359.501 386.1132 361.2704 0.06044716 -0.06874893
Moved 1359.532 359.7443 380.4046 -0.0005919238 -0.01953557
Moved 1359.563 336.0779 399.1916 -0.05537534 0.02878491
Moved 1359.593 313.614 417.386 -0.1073749 0.07558116
Moved 1359.624 294.2499 438.1429 -0.1521993 0.1289684
Moved 1359.655 281.6846 453.1785 -0.1812856 0.16764
Moved 1359.686 271.2676 467.4648 -0.2053991 0.2043847
Moved 1359.716 264.3177 483.0468 -0.2214867 0.2444618
Moved 1359.747 259.8951 498.5246 -0.2317243 0.284271
Moved 1359.778 256.4211 508.8946 -0.239766 0.3109427
Moved 1359.809 251.6535 522.3858 -0.250802 0.3456424
Moved 1359.839 247.8954 532.4183 -0.2595013 0.3714463
Moved 1359.87 246.131 541.476 -0.2635856 0.3947426
Moved 1359.901 244.6854 546.6291 -0.2669319 0.4079966
Moved 1359.932 244 552.1649 -0.2685185 0.4222348
Moved 1359.962 243 554.5 -0.2708333 0.4282407
Moved 1359.993 243 554 -0.2708333 0.4269547
Moved 1360.024 285.1311 513.869 -0.1733077 0.3237369
Moved 1360.054 327.8773 465.3458 -0.07435814 0.1989345
Moved 1360.085 366.5862 421.8719 0.01524597 0.08711893
Moved 1360.116 394.8929 389.1285 0.08077055 0.002902545
Moved 1360.147 416.4959 361.2561 0.1307777 -0.06878573
Moved 1360.177 431.5633 341.9241 0.1656557 -0.1185082
Moved 1360.208 442.1487 327.5641 0.1901591 -0.1554422
Moved 1360.239 450.1192 313.7617 0.2086092 -0.1909423
Moved 1360.27 463.3017 295.7776 0.2391242 -0.2371975
Moved 1360.3 469.445 286.3325 0.253345 -0.2614907
Moved 1360.331 473.9818 280.0363 0.2638468 -0.2776844
Moved 1360.362 476.4547 276.5453 0.2695709 -0.2866633
Moved 1360.393 477 272.7827 0.2708333 -0.2963408
Moved 1360.423 478 270.0187 0.2731481 -0.3034499
Moved 1360.454 478 267.5 0.2731481 -0.309928
Moved 1360.485 478 265.8134 0.2731481 -0.314266
Moved 1360.515 461.3035 265 0.2344989 -0.3163581
Moved 1360.546 442.1971 265 0.1902709 -0.3163581
Moved 1360.577 425.2948 277.403 0.1511452 -0.2844573
Moved 1360.608 400.2091 297.9008 0.09307673 -0.2317366
Moved 1360.638 382.0236 318.9646 0.05098055 -0.1775602
Moved 1360.669 367.8932 341.7921 0.01827141 -0.1188475
Moved 1360.7 357.4971 363.633 -0.00579382 -0.06267241
Moved 1360.731 348.1006 391.3315 -0.02754499 0.008568587
Moved 1360.761 341.2016 413.7946 -0.04351487 0.06634394
Moved 1360.792 334.6816 438.4326 -0.05860731 0.1297133
Moved 1360.823 329.8324 457.0865 -0.06983235 0.1776917
Moved 1360.854 324.2787 475.5245 -0.08268823 0.2251144
Moved 1360.884 319.7807 490.4386 -0.09310022 0.2634737
Moved 1360.915 315.6426 505.3935 -0.1026791 0.3019379
Moved 1360.946 311.6588 517.7057 -0.1119008 0.3336053
Moved 1360.976 306.7876 528.4248 -0.1231769 0.3611748
Moved 1361.007 304.1361 537.4557 -0.1293146 0.3844025
Moved 1361.038 303 543.6808 -0.1319445 0.4004135
Moved 1361.069 302 546 -0.1342593 0.4063785
Moved 1361.099 302 548.5 -0.1342593 0.4128085
Moved 1361.13 302 549.0936 -0.1342593 0.4143354
Stationary 1361.161 302 549 -0.1342593 0.4140946
Ended 1361.192 302 550.374 -0.1342593 0.4176286
PhraseEnd 1362.175
