every apple from every tree
Basic
0.6 0.6
432 388.8
Began 296.822 246 537 -0.2638889 0.3832304
Stationary 296.8528 246 537 -0.2638889 0.3832304
Moved 296.8835 246 521.4379 -0.2638889 0.3432043
Moved 296.9142 254.2169 500.4354 -0.2448682 0.2891856
Moved 296.9449 270.8224 470.422 -0.2064297 0.2119906
Moved 296.9757 290.4098 436.2132 -0.1610885 0.124005
Moved 297.0065 304.4684 407.1569 -0.1285453 0.04927172
Moved 297.0372 313.416 378.8982 -0.1078334 -0.02341007
Moved 297.068 319.6944 355.9169 -0.09329999 -0.08251841
Moved 297.0988 322.0566 335.6037 -0.08783191 -0.1347641
Moved 297.1295 324 314.3854 -0.08333336 -0.1893378
Moved 297.1603 324.5486 298.2572 -0.08206353 -0.23082
Moved 297.191 325 289.1133 -0.08101851 -0.2543384
Moved 297.2218 325 282.5799 -0.08101851 -0.2711423
Moved 297.2525 325 279.528 -0.08101851 -0.2789919
Moved 297.2833 325 277 -0.08101851 -0.2854939
Moved 297.314 325 275 -0.08101851 -0.2906379
Moved 297.3448 325 273.9143 -0.08101851 -0.2934304
Moved 297.3755 310.4786 288.5214 -0.1146329 -0.2558608
Moved 297.4063 293.4807 320.0387 -0.1539799 -0.1747977
Moved 297.4371 271.8214 363.7545 -0.2041171 -0.06235994
Moved 297.4678 257.2619 405.3618 -0.2378196 0.04465464
Moved 297.4986 250.2022 447.7869 -0.2541616 0.1537728
Moved 297.5294 247.7818 473.6179 -0.2597643 0.2202104
Moved 297.5602 248 496.2849 -0.2592593 0.2785104
Moved 297.5909 259.2068 513.0085 -0.2333175 0.3215239
Moved 297.6216 280.7038 527.2815 -0.1835561 0.3582342
Moved 297.6524 313.2289 535.0305 -0.1082663 0.3781648
Moved 297.6832 339.9601 536 -0.04638876 0.3806583
Moved 297.7139 359.2754 536 -0.001677275 0.3806583
Moved 297.7446 370.9388 525.4965 0.02532144 0.3536431
Moved 297.7754 377.4738 526.2631 0.04044871 0.3556148
Ended 297.8062 383.4923 524.5026 0.05438039 0.3510867
Began 298.0215 119 389 -0.5578703 0.002572016
Stationary 298.0522 119 389 -0.5578703 0.002572016
Moved 298.083 169.954 410.2164 -0.4399213 0.05714079
Moved 298.1137 242.5124 441.3532 -0.271962 0.1372253
Moved 298.1444 291.9754 465.3361 -0.1574643 0.1989096
Moved 298.1753 364.6751 491.1185 0.01082212 0.2652225
Moved 298.206 399.0772 503.6451 0.09045649 0.297441
Moved 298.2368 426.5629 512.0861 0.1540809 0.3191514
Moved 298.2675 443.8924 517.255 0.1941954 0.3324459
Moved 298.2983 459.6093 519.9023 0.230577 0.3392549
Moved 298.329 464.6617 520 0.2422723 0.3395061
Moved 298.3598 467.4296 520 0.2486797 0.3395061
Moved 298.3906 469 512.3862 0.2523148 0.3199232
Moved 298.4213 470 487.0599 0.2546296 0.2547835
Moved 298.452 455.4726 453.7997 0.2210014 0.1692377
Moved 298.4828 444.3961 431.7922 0.1953614 0.1126343
Moved 298.5135 438.8145 416.6289 0.1824409 0.07363398
Moved 298.5443 435.6546 408.3093 0.1751265 0.05223568
Moved 298.575 432.896 401.7921 0.1687408 0.03547339
Moved 298.6058 426.8885 398.4721 0.1548345 0.02693439
Moved 298.6366 406.3991 398 0.1074053 0.02572008
Moved 298.6674 378.5064 417.3141 0.04283895 0.0753962
Moved 298.6981 346.136 442.0582 -0.03209268 0.1390386
Moved 298.7288 308.1716 476.8284 -0.1199731 0.2284681
Moved 298.7596 297.756 486.2091 -0.1440832 0.2525954
Moved 298.7904 281.2161 500.9866 -0.1823702 0.2906032
Moved 298.8211 271 509.5 -0.2060186 0.3124999
Moved 298.8519 265.0165 514.9918 -0.2198692 0.3266248
Moved 298.8826 261.2353 518.7646 -0.228622 0.3363287
Ended 298.9134 259.8556 520.1444 -0.2318158 0.3398776
Began 299.4055 258 370 -0.2361111 -0.04629637
Stationary 299.4362 258 370 -0.2361111 -0.04629637
Moved 299.467 270.1534 379.3487 -0.2079783 -0.02225138
Moved 299.4977 309.0164 406.5738 -0.1180176 0.04777206
Moved 299.5285 348.8236 431.0942 -0.02587135 0.1108388
Moved 299.5592 385.2275 451.1137 0.05839695 0.1623294
Moved 299.5899 415.0807 464.4323 0.1275017 0.1965851
Moved 299.6208 438.0659 471.7665 0.1807082 0.2154486
Moved 299.6516 445.6606 475.8303 0.1982885 0.2259009
Moved 299.6823 449.595 477 0.2073959 0.2289094
Moved 299.713 451.5 478.5 0.2118056 0.2327674
Moved 299.7438 452 479.5 0.2129629 0.2353394
Moved 299.7746 452 480.549 0.2129629 0.2380375
Moved 299.8053 452 482 0.2129629 0.2417695
Moved 299.836 452 484.0739 0.2129629 0.2471036
Moved 299.8668 452.5363 484.5363 0.2142043 0.2482928
Moved 299.8976 454.1493 486.1492 0.2179381 0.2524413
Moved 299.9283 458.127 488.0635 0.227146 0.257365
Moved 299.959 470.5945 492.473 0.2560058 0.2687061
Moved 299.9898 491.6465 496.2646 0.3047373 0.2784584
Moved 300.0206 506.1653 499.0331 0.3383456 0.2855788
Moved 300.0514 512.5814 499 0.3531975 0.2854938
Moved 300.0821 515.5 499 0.3599537 0.2854938
Moved 300.1129 515 499 0.3587963 0.2854938
Moved 300.1434 496.6445 461.4667 0.3163068 0.1889576
Moved 300.1743 479.5478 434.0819 0.276731 0.1185234
Moved 300.2051 463.2747 409.3924 0.2390617 0.05502151
Moved 300.2359 451.1594 393.1594 0.211017 0.01326996
Moved 300.2666 442.5915 382.122 0.1911841 -0.01511837
Moved 300.2974 436.3149 372.0865 0.1766548 -0.04092989
Moved 300.3282 425.719 353.7503 0.1521272 -0.08809078
Moved 300.3589 418.175 338.35 0.1346643 -0.1277007
Moved 300.3896 412.6595 325.319 0.1218971 -0.1612166
Moved 300.4204 408.1623 310.4058 0.1114868 -0.1995736
Moved 300.4512 405.6127 296.6763 0.1055849 -0.2348862
Moved 300.4819 405 292.8571 0.1041667 -0.2447092
Moved 300.5126 405 289.0956 0.1041667 -0.2543839
Moved 300.5434 405 286.5 0.1041667 -0.2610596
Moved 300.5742 405 284.9009 0.1041667 -0.2651726
Moved 300.6049 405 283.5245 0.1041667 -0.2687126
Ended 300.6357 405 282.9212 0.1041667 -0.2702644
Began 301.0355 255 513 -0.2430556 0.321502
Stationary 301.0662 255 513 -0.2430556 0.321502
Moved 301.097 272.6935 472.2834 -0.2020983 0.2167783
Moved 301.1277 294.9544 434.9352 -0.1505684 0.1207181
Moved 301.1585 316.4363 399.6061 -0.1008419 0.02985111
Moved 301.1892 328.1735 362.7195 -0.07367253 -0.06502198
Moved 301.22 332.6714 336.9789 -0.06326075 -0.1312272
Moved 301.2508 332 318.4817 -0.06481484 -0.1788023
Moved 301.2816 332 312.4711 -0.06481484 -0.1942616
Moved 301.3123 332 311 -0.06481484 -0.1980453
Moved 301.343 315.8687 341.3676 -0.1021558 -0.1199393
Moved 301.3738 304 389 -0.1296296 0.002572016
Moved 301.4045 291.2261 429.5151 -0.1591988 0.1067776
Moved 301.4353 277.2864 452.5417 -0.1914665 0.1660022
Moved 301.4661 266.2284 470.1574 -0.2170639 0.2113101
Moved 301.4968 259.6288 484.7423 -0.2323406 0.2488228
Moved 301.5276 256.0946 496.6216 -0.2405217 0.2793765
Moved 301.5583 256 503.3297 -0.2407407 0.2966297
Moved 301.5891 256 508.4319 -0.2407407 0.3097527
Moved 301.6198 265.6117 514.7476 -0.2184913 0.3259967
Moved 301.6506 283.4851 518 -0.1771178 0.3343621
Moved 301.6814 308.5618 518 -0.11907 0.3343621
Moved 301.7121 326.9417 518 -0.07652371 0.3343621
Moved 301.7428 339.8037 518 -0.04675061 0.3343621
Moved 301.7736 349.9567 518 -0.02324845 0.3343621
Moved 301.8044 355.0743 518 -0.01140212 0.3343621
Moved 301.8351 359.2786 513.525 -0.001669923 0.3228522
Ended 301.8658 366 508 0.01388888 0.3086419
Began 302.3887 351 502 -0.02083332 0.2932098
Stationary 302.4195 351 502 -0.02083332 0.2932098
Stationary 302.4502 351 502 -0.02083332 0.2932098
Stationary 302.481 351 502 -0.02083332 0.2932098
Moved 302.5117 337.9345 502 -0.0510775 0.2932098
Moved 302.5425 329.661 502 -0.07022912 0.2932098
Moved 302.5732 321.3796 502 -0.08939913 0.2932098
Moved 302.604 315.0501 502 -0.1040507 0.2932098
Moved 302.6347 310.0983 502 -0.1155133 0.2932098
Moved 302.6655 304.5661 502 -0.1283193 0.2932098
Moved 302.6963 299.0478 509 -0.1410931 0.3112139
Moved 302.727 292.5 509 -0.15625 0.3112139
Moved 302.7577 284.4532 509 -0.1748768 0.3112139
Moved 302.7885 276.1909 509 -0.1940025 0.3112139
Moved 302.8193 268.9047 509 -0.2108688 0.3112139
Moved 302.85 262.7518 509 -0.2251116 0.3112139
Moved 302.8808 258.144 509 -0.2357778 0.3112139
Moved 302.9116 253.3788 509 -0.2468083 0.3112139
Moved 302.9423 250.633 509 -0.2531643 0.3112139
Moved 302.973 249.5 509 -0.255787 0.3112139
Ended 303.0038 250 511 -0.2546296 0.3163579
PhraseEnd 303.4036
