medieval times were very hard
medieval times were very hard
FixStart
List

0.6 0.6
432 388.8
Began 1450.078 347 521 -0.0300926 0.3420781
Stationary 1450.108 347 521 -0.0300926 0.3420781
Moved 1450.138 353.311 492.4298 -0.0154838 0.2685951
Moved 1450.17 386.1738 416.2644 0.06058752 0.07269647
Moved 1450.2 416.7338 353.3636 0.1313282 -0.08908534
Moved 1450.231 440.8104 301.1809 0.1870611 -0.2233001
Moved 1450.262 450.6742 281.3032 0.209894 -0.2744261
Moved 1450.292 454.5 274 0.21875 -0.2932099
Moved 1450.323 455 272 0.2199073 -0.2983539
Stationary 1450.354 455 272 0.2199073 -0.2983539
Moved 1450.385 443.1255 302.2672 0.1924201 -0.2205062
Moved 1450.415 408.6934 368.0391 0.1127162 -0.05133993
Moved 1450.446 365.8087 434.7869 0.01344611 0.1203366
Moved 1450.477 332.3774 469.6226 -0.06394113 0.2099345
Moved 1450.508 312.9696 489.0266 -0.1088666 0.2598419
Moved 1450.538 297.9565 503.5363 -0.1436193 0.2971611
Moved 1450.569 279.7242 516.5172 -0.1858237 0.3305483
Moved 1450.6 263.7632 527.7421 -0.2227705 0.359419
Moved 1450.63 254.4696 534.687 -0.2442834 0.3772812
Moved 1450.661 245.9892 541.0108 -0.2639138 0.3935463
Moved 1450.692 241.4608 546.0784 -0.2743962 0.4065801
Moved 1450.723 238.586 551.828 -0.281051 0.4213682
Moved 1450.753 238 555.8527 -0.2824074 0.4317197
Moved 1450.784 237 562.4022 -0.2847222 0.4485651
Moved 1450.815 237 569.0002 -0.2847222 0.4655353
Moved 1450.845 236 576 -0.287037 0.483539
Moved 1450.876 236 585.3534 -0.287037 0.5075961
Moved 1450.907 236 597.9728 -0.287037 0.5400535
Moved 1450.938 236 609.5734 -0.287037 0.5698904
Moved 1450.968 236 617.878 -0.287037 0.5912499
Moved 1450.999 236 625.5298 -0.287037 0.6109304
Moved 1451.03 236 630.1374 -0.287037 0.6227813
Moved 1451.061 236 633.0066 -0.287037 0.6301609
Moved 1451.091 236 634 -0.287037 0.632716
Stationary 1451.122 236 634 -0.287037 0.632716
Moved 1451.153 259.2007 572.1229 -0.2333318 0.4735671
Moved 1451.183 269.4134 507.9332 -0.2096913 0.3084701
Moved 1451.214 273.6776 470.6118 -0.1998203 0.2124787
Moved 1451.245 275.5418 459.9163 -0.195505 0.1849698
Moved 1451.276 277.4161 455.5839 -0.1911664 0.1738268
Moved 1451.306 283.6857 456 -0.1766535 0.174897
Moved 1451.337 320.1213 490.1213 -0.09231185 0.2626575
Moved 1451.368 388.0324 551.696 0.06488989 0.4210288
Moved 1451.399 434.5 587.5 0.1724537 0.5131172
Moved 1451.429 457.7942 604.6807 0.2263754 0.5573063
Moved 1451.46 469.947 610.9824 0.254507 0.5735142
Moved 1451.491 473 613.86 0.2615741 0.5809155
Moved 1451.521 474.2892 614 0.2645584 0.5812756
Stationary 1451.552 474 614 0.2638889 0.5812756
Stationary 1451.583 474 614 0.2638889 0.5812756
Stationary 1451.614 474 614 0.2638889 0.5812756
Stationary 1451.644 474 614 0.2638889 0.5812756
Stationary 1451.675 474 614 0.2638889 0.5812756
Stationary 1451.706 474 614 0.2638889 0.5812756
Moved 1451.736 474 605.4426 0.2638889 0.5592659
Moved 1451.767 467 605.785 0.2476852 0.5601465
Moved 1451.798 466 604.9179 0.2453704 0.5579163
Moved 1451.829 463.8071 604 0.2402942 0.5555555
Moved 1451.859 462.0998 603 0.2363422 0.5529835
Moved 1451.89 459.2283 601 0.2296951 0.5478393
Moved 1451.921 455.3557 600 0.2207309 0.5452674
Moved 1451.952 448.5 597.5 0.2048611 0.5388373
Moved 1451.982 442.7468 596.9156 0.1915435 0.5373343
Moved 1452.013 431.2429 597 0.1649141 0.5375513
Moved 1452.044 406.7394 603.6085 0.1081932 0.5545484
Moved 1452.074 369.6914 613.0771 0.0224339 0.5789021
Moved 1452.105 253.5569 639.6417 -0.2463961 0.6472265
Moved 1452.136 218.329 650.1917 -0.3279422 0.6743613
Moved 1452.167 211.0664 653.9668 -0.3447537 0.6840709
Moved 1452.197 209.5313 654 -0.3483071 0.6841563
Moved 1452.228 207.6592 658.6816 -0.3526408 0.6961975
Moved 1452.259 208 660 -0.3518518 0.6995884
Moved 1452.289 238.6045 636.2257 -0.281008 0.6384405
Moved 1452.32 309.3279 552.4814 -0.1172965 0.4230487
Moved 1452.351 358.2857 479.551 -0.003968278 0.2354706
Moved 1452.382 389.6232 429.9614 0.06857216 0.1079254
Moved 1452.412 410.1398 385.2365 0.1160645 -0.007107974
Moved 1452.443 424.5501 327.3744 0.1494215 -0.1559301
Moved 1452.474 427 288.9112 0.1550926 -0.2548581
Moved 1452.504 427 268 0.1550926 -0.308642
Moved 1452.535 412.4073 266 0.1213132 -0.3137861
Moved 1452.566 364.8304 302.3025 0.01118133 -0.2204155
Moved 1452.597 284.5407 395.4937 -0.1746743 0.01927372
Moved 1452.627 246.418 442.1331 -0.2629212 0.1392311
Moved 1452.658 225.5843 461.4157 -0.3111475 0.1888263
Moved 1452.689 216.6877 471.3123 -0.3317414 0.2142804
Moved 1452.719 214 479.9174 -0.3379629 0.236413
Moved 1452.75 214 484.957 -0.3379629 0.2493748
Moved 1452.781 272.6938 501.9127 -0.2020976 0.2929853
Moved 1452.812 398.3053 515.6122 0.08866956 0.3282205
Moved 1452.842 454.5977 517 0.2189762 0.33179
Moved 1452.873 534.0268 495.4448 0.4028398 0.2763498
Moved 1452.904 561.0219 482.4891 0.4653284 0.2430274
Moved 1452.935 573.1471 476.2352 0.493396 0.2269424
Moved 1452.965 578.7835 474.1082 0.5064433 0.2214716
Ended 1452.996 584.3029 474 0.5192195 0.2211934
Candidates 1453.088 13 basketball medieval medical maternal national check magical marginal informal baseball musical external internal
Began 1454.163 384 421 0.0555556 0.08487643
Moved 1454.194 374.044 442.1566 0.03250917 0.1392915
Moved 1454.225 333.5659 502.2063 -0.06119003 0.2937404
Moved 1454.256 309.0363 539.9455 -0.1179714 0.3908062
Moved 1454.286 296.7576 563.4849 -0.1463945 0.4513499
Moved 1454.317 290.5677 588.4587 -0.160723 0.5155829
Moved 1454.348 290 611.1347 -0.162037 0.5739061
Moved 1454.378 290 635.6128 -0.162037 0.6368641
Moved 1454.409 301.1207 656.6553 -0.1362946 0.6909857
Moved 1454.44 308.744 673.4881 -0.118648 0.7342799
Moved 1454.471 317.3484 687.2473 -0.09873067 0.7696686
Moved 1454.501 327.8779 698.8474 -0.07435665 0.7995046
Moved 1454.532 340.3156 711.3156 -0.04556577 0.8315728
Moved 1454.563 351.7748 722.0811 -0.01903986 0.8592621
Moved 1454.594 360.134 729.134 0.0003102421 0.8774023
Moved 1454.624 364.1118 733.2236 0.009518066 0.8879208
Moved 1454.655 366.9867 735.9867 0.01617293 0.8950275
Moved 1454.686 368 737.8564 0.01851857 0.8998361
Moved 1454.716 369 739.5 0.02083332 0.9040636
Moved 1454.747 369 739 0.02083332 0.9027777
Stationary 1454.778 369 739 0.02083332 0.9027777
Stationary 1454.809 369 739 0.02083332 0.9027777
Stationary 1454.839 369 739 0.02083332 0.9027777
Moved 1454.87 348.4106 714.979 -0.0268274 0.8409953
Moved 1454.901 341.0642 702.4404 -0.04383276 0.8087456
Moved 1454.931 333.638 691.2761 -0.06102308 0.780031
Moved 1454.962 327.5587 683.1173 -0.07509569 0.7590464
Moved 1454.993 323.4037 675.8074 -0.08471369 0.7402451
Moved 1455.024 320.5295 670.0591 -0.09136682 0.7254604
Moved 1455.054 318.0242 667.0242 -0.0971662 0.7176545
Moved 1455.085 316.1597 663.1597 -0.1014821 0.7077152
Moved 1455.116 314.2893 660.2893 -0.1058119 0.7003325
Moved 1455.146 313 658.4133 -0.1087963 0.6955073
Moved 1455.177 312 655.8685 -0.1111111 0.6889619
Moved 1455.208 311 653.9966 -0.113426 0.6841475
Moved 1455.239 309.5667 652.5667 -0.1167437 0.6804698
Moved 1455.269 308.6926 650.6926 -0.1187671 0.6756496
Moved 1455.3 308 648.5 -0.1203704 0.6700101
Moved 1455.331 307 647.5 -0.1226852 0.6674381
Moved 1455.361 307 646.713 -0.1226852 0.6654139
Moved 1455.392 305.8529 645.8529 -0.1253405 0.6632017
Ended 1455.423 306 645 -0.125 0.6610081
Expand 1455.484
Accept 1455.546 1 medieval
Began 1456.099 424 427 0.1481481 0.1003086
Stationary 1456.13 424 427 0.1481481 0.1003086
Moved 1456.16 390.5705 471.5726 0.07076512 0.2149502
Moved 1456.191 363.5348 515.2792 0.008182426 0.3273642
Moved 1456.222 345.2053 541.4933 -0.03424699 0.3947873
Moved 1456.252 337.8572 551.1428 -0.05125647 0.4196058
Moved 1456.283 333.5503 556.8994 -0.06122609 0.4344118
Moved 1456.314 332.0412 559 -0.06471947 0.4398148
Moved 1456.345 332 561.8199 -0.06481484 0.4470675
Moved 1456.375 332 563.2509 -0.06481484 0.450748
Moved 1456.406 336.5106 566.5638 -0.05437354 0.459269
Moved 1456.437 361.4637 567 0.003388226 0.4603909
Moved 1456.468 401.7041 567 0.09653717 0.4603909
Moved 1456.498 440.2605 552.2899 0.1857881 0.4225563
Moved 1456.529 467.5 546 0.2488426 0.4063785
Moved 1456.56 483.2766 543.7447 0.2853624 0.4005778
Moved 1456.59 493.3471 541.8843 0.3086738 0.3957928
Moved 1456.621 497.9919 541 0.3194256 0.3935184
Moved 1456.652 501.5558 539.4442 0.3276754 0.3895169
Moved 1456.683 505.8561 532.7159 0.3376298 0.3722115
Moved 1456.713 508 489.5192 0.3425926 0.2611089
Moved 1456.744 491.1844 403.2698 0.3036677 0.03927403
Moved 1456.775 482.884 340.0724 0.2844538 -0.1232707
Moved 1456.805 477.4108 304.9291 0.2717842 -0.2136598
Moved 1456.836 474.0979 276.4895 0.2641155 -0.2868069
Moved 1456.867 474 263.1057 0.2638889 -0.3212302
Moved 1456.898 473 254.3297 0.2615741 -0.3438022
Moved 1456.928 471.3017 248.3018 0.2576429 -0.3593062
Moved 1456.959 469.4303 245.4303 0.2533108 -0.3666917
Moved 1456.99 465.8851 245 0.2451044 -0.3677984
Moved 1457.02 460.0345 245 0.2315615 -0.3677984
Moved 1457.051 440.395 277.4637 0.1860995 -0.2843013
Moved 1457.082 395.5 373 0.08217593 -0.03858032
Moved 1457.113 348.94 472.1199 -0.02560178 0.2163578
Moved 1457.143 329.3649 506.1431 -0.07091453 0.3038659
Moved 1457.174 320.0093 526.9782 -0.09257098 0.3574542
Moved 1457.205 315.8708 540.9523 -0.1021509 0.3933957
Moved 1457.236 312.5622 554.1891 -0.1098098 0.4274411
Moved 1457.266 312 562.6035 -0.1111111 0.4490831
Moved 1457.297 311 571.5447 -0.113426 0.47208
Moved 1457.328 311 579.1559 -0.113426 0.491656
Moved 1457.358 311 586.1761 -0.113426 0.5097122
Moved 1457.389 311 589.4618 -0.113426 0.518163
Moved 1457.42 311 591.9735 -0.113426 0.5246231
Stationary 1457.451 311 592 -0.113426 0.5246913
Moved 1457.481 311 593 -0.113426 0.5272633
Moved 1457.512 303.6725 584.8536 -0.1303878 0.5063106
Moved 1457.543 291.3763 553.3785 -0.1588511 0.4253561
Moved 1457.573 282.0081 517.0366 -0.1805367 0.3318842
Moved 1457.604 277.1349 487.2142 -0.1918173 0.2551806
Moved 1457.635 275.5 465.5 -0.1956018 0.1993312
Moved 1457.666 276 450.7387 -0.1944444 0.1613649
Moved 1457.696 276 443.7297 -0.1944444 0.1433378
Ended 1457.727 276 443.7297 -0.1944444 0.1433378
Candidates 1457.881 13 times drivers tribes drives rivers tubes roberts winners funded ruined rivera time derived
Began 1458.956 416 395 0.1296297 0.01800408
Moved 1458.987 402.278 406.2271 0.09786566 0.04688039
Moved 1459.017 349.1756 456.8243 -0.0250564 0.1770173
Moved 1459.048 294.6158 512.6219 -0.1513522 0.3205296
Moved 1459.079 270.5913 531.2725 -0.2069646 0.368499
Moved 1459.109 258.6805 538.8797 -0.2345359 0.388065
Moved 1459.14 253.6884 543.6233 -0.2460918 0.4002655
Moved 1459.171 252 544.853 -0.25 0.4034283
Moved 1459.202 251 547.5 -0.2523148 0.4102365
Moved 1459.232 251 549 -0.2523148 0.4140946
Moved 1459.263 261.2128 551.459 -0.2286741 0.4204191
Moved 1459.294 281.6865 551 -0.1812813 0.4192385
Moved 1459.325 309.4392 539.6243 -0.1170389 0.3899802
Moved 1459.355 342.749 529.8502 -0.03993288 0.364841
Moved 1459.386 346.7807 527.6096 -0.03060018 0.3590782
Moved 1459.417 351.1295 525.8705 -0.0205336 0.3546051
Stationary 1459.448 351 526 -0.02083332 0.3549381
Moved 1459.478 338.6403 526 -0.04944384 0.3549381
Moved 1459.509 322.2429 524.6061 -0.08740072 0.3513531
Moved 1459.54 306.6565 525 -0.1234804 0.3523662
Moved 1459.57 290.0588 525 -0.161901 0.3523662
Moved 1459.601 275.5639 524 -0.1954539 0.3497942
Moved 1459.632 262.255 524 -0.2262615 0.3497942
Moved 1459.662 255.0899 524 -0.2428474 0.3497942
Moved 1459.693 252.6744 524 -0.248439 0.3497942
Stationary 1459.724 253 524 -0.2476852 0.3497942
Moved 1459.755 253 529.1118 -0.2476852 0.3629418
Moved 1459.785 253 533.6081 -0.2476852 0.3745063
Moved 1459.816 264.7996 536.475 -0.2203714 0.38188
Moved 1459.847 268.9682 538 -0.2107218 0.3858024
Moved 1459.878 274.7129 539 -0.1974238 0.3883744
Moved 1459.908 278.7262 539 -0.1881338 0.3883744
Ended 1459.939 280.1606 539 -0.1848133 0.3883744
Accept 1460.031 0 times
Candidates 1460.031 13 were we wet few et get are w grew eye fewer wt re
Began 1461.352 378 559 0.04166663 0.4398148
Stationary 1461.383 378 559 0.04166663 0.4398148
Moved 1461.414 378 493.8711 0.04166663 0.2723021
Moved 1461.444 378 414.1234 0.04166663 0.06718981
Moved 1461.475 366.0163 379.4203 0.01392672 -0.022067
Moved 1461.506 361.4674 354.8696 0.003396769 -0.08521201
Moved 1461.536 357.1738 347.1738 -0.006542057 -0.1050057
Moved 1461.567 304.3998 433.2004 -0.1287042 0.1162562
Moved 1461.598 286.4212 485.8943 -0.1703213 0.2517856
Moved 1461.629 274.1575 530.5275 -0.1987095 0.3665829
Moved 1461.659 266.8466 553.8835 -0.2156328 0.426655
Moved 1461.69 263.9133 565.3467 -0.2224228 0.4561385
Moved 1461.721 263 570.9865 -0.2245371 0.4706441
Moved 1461.751 263 577.5795 -0.2245371 0.4876016
Moved 1461.782 292.1452 586.481 -0.1570714 0.5104961
Moved 1461.813 326.487 587 -0.07757638 0.5118312
Moved 1461.844 360.4108 587 0.0009508927 0.5118312
Moved 1461.874 381.9362 587 0.05077819 0.5118312
Moved 1461.905 394.9516 579 0.08090645 0.4912551
Ended 1461.936 397.5 579 0.08680551 0.4912551
Accept 1462.059 0 were
Candidates 1462.059 13 bag bad cd cash bay may vast cast based ct very bat cat
Began 1463.718 384 493 0.0555556 0.2700616
Moved 1463.748 326.4927 493 -0.07756312 0.2700616
Moved 1463.779 258.8041 493 -0.2342497 0.2700616
Moved 1463.81 222.3014 493 -0.3187467 0.2700616
Moved 1463.841 190.0491 493 -0.3934048 0.2700616
Moved 1463.871 167.4401 493 -0.4457406 0.2700616
Moved 1463.902 139.6588 493 -0.5100492 0.2700616
Moved 1463.933 126.2552 493 -0.541076 0.2700616
Moved 1463.964 108.215 493 -0.5828357 0.2700616
Moved 1463.994 94.24459 493 -0.6151746 0.2700616
Moved 1464.025 85.13988 493 -0.6362503 0.2700616
Moved 1464.056 79.07258 493 -0.6502949 0.2700616
Ended 1464.086 76.22301 493 -0.6568911 0.2700616
Accept 1464.148 0 bag
Delete 1464.148 LeftSwipe
Began 1465.377 403 574 0.09953707 0.478395
Moved 1465.407 403 553.6499 0.09953707 0.4260542
Moved 1465.438 387.6506 494.2411 0.06400605 0.2732538
Moved 1465.469 374.525 431.52 0.03362278 0.1119341
Moved 1465.5 361.5595 380.7974 0.003609856 -0.01852522
Moved 1465.53 357.4088 363.6351 -0.005998164 -0.06266707
Moved 1465.561 355.5363 358 -0.01033252 -0.07716057
Moved 1465.592 346.9503 366.0663 -0.03020773 -0.05641372
Moved 1465.622 322.9458 411.8719 -0.08577362 0.06139896
Moved 1465.653 303.4816 459.0491 -0.1308296 0.1827393
Moved 1465.684 291 500 -0.1597222 0.2880658
Moved 1465.715 278.444 537.8071 -0.1887871 0.3853063
Moved 1465.745 269.9542 576.2288 -0.2084393 0.4841275
Moved 1465.776 266.1164 598.1852 -0.2173232 0.5405997
Moved 1465.807 266 615.1563 -0.2175926 0.5842497
Moved 1465.838 266 630.644 -0.2175926 0.6240842
Moved 1465.868 275.3944 647.1833 -0.1958462 0.6666237
Moved 1465.899 284.1923 661.3206 -0.1754808 0.7029849
Moved 1465.93 293.3998 673.9998 -0.1541671 0.7355961
Moved 1465.96 305.3541 687.3541 -0.1264952 0.7699434
Moved 1465.991 316.7212 699.377 -0.1001825 0.8008666
Moved 1466.022 322.7768 704.7767 -0.08616492 0.8147549
Moved 1466.053 330.1406 710.4271 -0.06911898 0.8292877
Moved 1466.083 336.7795 715.1863 -0.05375107 0.8415285
Moved 1466.114 342.9214 718.4607 -0.03953387 0.8499503
Moved 1466.145 352.0927 719 -0.01830389 0.8513374
Moved 1466.175 368.1921 719 0.01896322 0.8513374
Moved 1466.206 384.7986 712.9223 0.05740414 0.8357053
Moved 1466.237 398.5 707.5 0.08912037 0.8217592
Moved 1466.268 409.5969 702.7015 0.1148077 0.8094175
Moved 1466.298 417.0454 699.9773 0.1320495 0.8024105
Moved 1466.329 422.7815 697.1093 0.1453274 0.7950339
Ended 1466.36 427.0081 695.6639 0.1551114 0.7913165
Candidates 1466.483 13 very vary car carry cast cat career vast bay barry bar carey cry
Began 1467.927 305 519 -0.1273148 0.3369341
Stationary 1467.957 305 519 -0.1273148 0.3369341
Moved 1467.988 319.1695 519 -0.09451504 0.3369341
Moved 1468.019 337.9738 519 -0.05098666 0.3369341
Moved 1468.049 349.2655 519 -0.02484843 0.3369341
Moved 1468.08 355.6914 519 -0.009973596 0.3369341
Moved 1468.111 357.1262 519 -0.006652325 0.3369341
Stationary 1468.141 357 519 -0.006944438 0.3369341
Moved 1468.172 329.8622 519 -0.06976346 0.3369341
Moved 1468.203 264.3778 519 -0.2213477 0.3369341
Moved 1468.234 204.8479 519 -0.3591484 0.3369341
Moved 1468.264 182.2014 519 -0.4115708 0.3369341
Moved 1468.295 173.7271 519 -0.4311872 0.3369341
Moved 1468.326 170.0424 519 -0.4397168 0.3369341
Moved 1468.357 168.6122 519 -0.4430273 0.3369341
Stationary 1468.387 169 519 -0.4421296 0.3369341
Moved 1468.418 169 527.2248 -0.4421296 0.3580884
Moved 1468.449 182.1001 534.3667 -0.4118054 0.3764574
Moved 1468.479 219.7331 548.3508 -0.324692 0.4124249
Moved 1468.51 259.4856 557.6214 -0.2326722 0.436269
Moved 1468.541 299.5328 566.6332 -0.1399703 0.4594474
Moved 1468.572 338.9434 582.6901 -0.04874209 0.5007459
Moved 1468.602 365.3332 599.8888 0.01234531 0.5449814
Moved 1468.633 382.7238 614.7238 0.0526013 0.5831371
Moved 1468.664 390.0921 622.0921 0.06965776 0.6020886
Moved 1468.695 392 625.0399 0.07407407 0.6096703
Moved 1468.725 393 626.5 0.07638891 0.6134259
Moved 1468.756 393 626 0.07638891 0.6121398
Stationary 1468.787 393 626 0.07638891 0.6121398
Moved 1468.818 381.3533 626 0.04942884 0.6121398
Moved 1468.848 367.4867 613.6578 0.01733035 0.5803953
Moved 1468.879 337.4769 593.3179 -0.05213673 0.528081
Moved 1468.91 307 570.5 -0.1226852 0.4693929
Moved 1468.94 279.548 547.8983 -0.1862314 0.4112611
Moved 1468.971 255.9673 530.419 -0.2408164 0.366304
Moved 1469.002 240.5111 516.5111 -0.2765946 0.3305326
Moved 1469.032 229.3268 507.3268 -0.3024841 0.3069105
Moved 1469.063 218.3975 498.9316 -0.3277836 0.285318
Moved 1469.094 211.1842 494.5921 -0.344481 0.2741565
Moved 1469.125 206.4381 491.7191 -0.3554674 0.266767
Moved 1469.155 203.182 490 -0.3630047 0.2623456
Moved 1469.186 200.3135 488.3135 -0.3696447 0.2580078
Moved 1469.217 198.4391 488 -0.3739837 0.2572016
Moved 1469.248 196.5 486.5 -0.3784722 0.2533436
Moved 1469.278 195.0622 487 -0.3818004 0.2546296
Ended 1469.309 195 487 -0.3819444 0.2546296
Accept 1469.432 0 very
Candidates 1469.432 13 said aid aids did asia stuff stiff days this basic says serious harris
Began 1470.476 397 485 0.0856481 0.2494856
Stationary 1470.507 397 485 0.0856481 0.2494856
Moved 1470.538 374.0027 485 0.0324137 0.2494856
Moved 1470.569 308.0808 475.1486 -0.1201832 0.2241476
Moved 1470.599 220.3717 474 -0.3232136 0.2211934
Moved 1470.63 203.9111 474 -0.3613168 0.2211934
Moved 1470.661 165.4523 474 -0.450342 0.2211934
Moved 1470.691 135.1457 481.5854 -0.5204961 0.2407033
Moved 1470.722 107.8776 482 -0.5836167 0.2417695
Moved 1470.753 81.61995 483.876 -0.6443983 0.2465947
Moved 1470.784 49.63483 488.6367 -0.7184379 0.2588392
Ended 1470.814 35.43483 492.7695 -0.7513083 0.2694689
Accept 1470.876 0 said
Delete 1470.876 LeftSwipe
Began 1471.674 309 437 -0.1180555 0.1260288
Stationary 1471.705 309 437 -0.1180555 0.1260288
Stationary 1471.736 309 437 -0.1180555 0.1260288
Stationary 1471.767 309 437 -0.1180555 0.1260288
Moved 1471.797 318.6882 437 -0.09562914 0.1260288
Moved 1471.828 327.5063 437 -0.07521699 0.1260288
Moved 1471.859 335.2559 437 -0.05727803 0.1260288
Moved 1471.89 341 437 -0.04398147 0.1260288
Moved 1471.92 343.5 437 -0.03819446 0.1260288
Moved 1471.951 345.5 437 -0.03356482 0.1260288
Moved 1471.982 345 437 -0.03472224 0.1260288
Stationary 1472.012 345 437 -0.03472224 0.1260288
Moved 1472.043 316.2835 437 -0.1011955 0.1260288
Moved 1472.074 279.3483 437 -0.1866938 0.1260288
Moved 1472.105 242.9016 450.7746 -0.2710611 0.1614572
Moved 1472.135 206.6639 457.2672 -0.3549447 0.1781564
Moved 1472.166 178.3118 464.5974 -0.4205746 0.1970097
Moved 1472.197 160.9291 469.3569 -0.4608123 0.2092512
Moved 1472.227 152.3937 471.8032 -0.48057 0.2155431
Moved 1472.258 148.3817 473 -0.4898573 0.2186213
Moved 1472.289 147 475.4835 -0.4930556 0.2250089
Moved 1472.32 147 479.3557 -0.4930556 0.2349683
Moved 1472.35 162.2507 497.8681 -0.4577529 0.2825826
Moved 1472.381 192.7155 525.4193 -0.3872326 0.3534446
Moved 1472.412 222.1054 549.4672 -0.3192005 0.4152963
Moved 1472.443 245 566 -0.2662037 0.4578188
Moved 1472.473 275.1323 581.0662 -0.1964529 0.4965693
Moved 1472.504 301.1197 593.6699 -0.136297 0.5289862
Moved 1472.535 325.7791 604.3895 -0.07921507 0.5565573
Moved 1472.565 328.6836 605.2278 -0.07249167 0.5587135
Moved 1472.596 335.3604 607 -0.05703608 0.5632715
Moved 1472.627 339.0468 607 -0.04850268 0.5632715
Moved 1472.658 340 607 -0.04629632 0.5632715
Stationary 1472.688 340 607 -0.04629632 0.5632715
Moved 1472.719 340 580.8086 -0.04629632 0.4959068
Moved 1472.75 322.0455 546.3274 -0.08785765 0.4072206
Moved 1472.78 310.7193 522.4387 -0.1140756 0.3457783
Moved 1472.811 301.7336 504.2009 -0.1348758 0.2988706
Moved 1472.842 294.9888 491.4833 -0.1504888 0.2661606
Moved 1472.873 290.6236 483.2471 -0.1605936 0.2449772
Moved 1472.903 285.0824 474.1648 -0.1734203 0.2216172
Moved 1472.934 278.6513 464.8685 -0.1883071 0.1977069
Moved 1472.965 272.3476 455.6953 -0.202899 0.1741133
Moved 1472.995 264.5 447.5 -0.2210648 0.1530349
Moved 1473.026 257.9037 440.9037 -0.236334 0.1360691
Moved 1473.057 251.2944 435.1963 -0.2516333 0.1213896
Moved 1473.088 244.4491 428.4491 -0.2674789 0.1040357
Moved 1473.118 238.2506 424.5004 -0.2818272 0.09387966
Moved 1473.149 232.5887 420.7944 -0.2949335 0.08434758
Moved 1473.18 227.862 417.931 -0.305875 0.0769829
Moved 1473.211 225.0668 416 -0.3123453 0.07201634
Moved 1473.241 223.5439 415 -0.3158706 0.06944436
Ended 1473.272 224 415 -0.3148148 0.06944436
Candidates 1473.395 13 stuff days harris says serious arts said stiff drug sets swiss hard data
Began 1474.808 414 388 0.125 -3.924585E-08
Stationary 1474.839 414 388 0.125 -3.924585E-08
Stationary 1474.87 414 388 0.125 -3.924585E-08
Stationary 1474.9 414 388 0.125 -3.924585E-08
Moved 1474.931 403.3965 404.276 0.1004548 0.0418621
Moved 1474.962 393.1953 435.8284 0.07684091 0.1230153
Moved 1474.992 385.2079 470.1685 0.05835156 0.2113387
Moved 1475.023 383.1493 496.6563 0.05358636 0.2794657
Moved 1475.054 381.3249 518.4008 0.04936318 0.3353928
Moved 1475.084 381 538.7424 0.04861106 0.387712
Moved 1475.115 380 554.5 0.04629632 0.4282407
Moved 1475.146 380 557.8358 0.04629632 0.4368204
Moved 1475.177 380 562.7872 0.04629632 0.4495556
Moved 1475.207 380 566.6542 0.04629632 0.4595014
Moved 1475.238 378.5 569.5 0.04282405 0.4668209
Moved 1475.269 379 571.5 0.04398147 0.471965
Moved 1475.3 379 573.5 0.04398147 0.4771089
Moved 1475.33 379 574.1918 0.04398147 0.4788883
Moved 1475.361 378 576 0.04166663 0.483539
Moved 1475.392 378 577.2097 0.04166663 0.4866503
Moved 1475.422 378 579.0443 0.04166663 0.4913689
Moved 1475.453 378 583.0654 0.04166663 0.5017112
Moved 1475.484 378 585.5797 0.04166663 0.508178
Moved 1475.515 378 591.7943 0.04166663 0.5241621
Moved 1475.545 378 596.5423 0.04166663 0.5363741
Moved 1475.576 378 601.7097 0.04166663 0.5496648
Moved 1475.607 378 606.6752 0.04166663 0.5624361
Moved 1475.638 378 611.9857 0.04166663 0.5760948
Moved 1475.668 378 613.3718 0.04166663 0.5796599
Moved 1475.699 378 614.5 0.04166663 0.5825616
Moved 1475.73 378 615.1803 0.04166663 0.5843113
Moved 1475.76 378 617.5 0.04166663 0.5902777
Stationary 1475.791 378 617.5 0.04166663 0.5902777
Moved 1475.822 378 618 0.04166663 0.5915637
Moved 1475.853 378 619 0.04166663 0.5941358
Stationary 1475.883 378 619 0.04166663 0.5941358
Expand 1475.883
Stationary 1475.914 378 619 0.04166663 0.5941358
Moved 1475.945 378 620.5 0.04166663 0.5979937
Moved 1475.975 378 620 0.04166663 0.5967077
Stationary 1476.006 378 620 0.04166663 0.5967077
Stationary 1476.037 378 620 0.04166663 0.5967077
Stationary 1476.068 378 620 0.04166663 0.5967077
Stationary 1476.098 378 620 0.04166663 0.5967077
Stationary 1476.129 378 620 0.04166663 0.5967077
Moved 1476.16 377 620 0.03935188 0.5967077
Stationary 1476.19 377 620 0.03935188 0.5967077
Stationary 1476.221 377 620 0.03935188 0.5967077
Moved 1476.252 375.5 620 0.03587961 0.5967077
Moved 1476.283 376 620 0.03703703 0.5967077
Stationary 1476.313 376 620 0.03703703 0.5967077
Stationary 1476.344 376 620 0.03703703 0.5967077
Stationary 1476.375 376 620 0.03703703 0.5967077
Stationary 1476.406 376 620 0.03703703 0.5967077
Moved 1476.436 375 620 0.03472219 0.5967077
Stationary 1476.467 375 620 0.03472219 0.5967077
Stationary 1476.498 375 620 0.03472219 0.5967077
Stationary 1476.528 375 620 0.03472219 0.5967077
Stationary 1476.559 375 620 0.03472219 0.5967077
Stationary 1476.59 375 620 0.03472219 0.5967077
Stationary 1476.62 375 620 0.03472219 0.5967077
Stationary 1476.651 375 620 0.03472219 0.5967077
Stationary 1476.682 375 620 0.03472219 0.5967077
Stationary 1476.713 375 620 0.03472219 0.5967077
Stationary 1476.743 375 620 0.03472219 0.5967077
Stationary 1476.774 375 620 0.03472219 0.5967077
Stationary 1476.805 375 620 0.03472219 0.5967077
Stationary 1476.836 375 620 0.03472219 0.5967077
Stationary 1476.866 375 620 0.03472219 0.5967077
Stationary 1476.897 375 620 0.03472219 0.5967077
Stationary 1476.928 375 620 0.03472219 0.5967077
Stationary 1476.958 375 620 0.03472219 0.5967077
Stationary 1476.989 375 620 0.03472219 0.5967077
Stationary 1477.02 375 620 0.03472219 0.5967077
Stationary 1477.051 375 620 0.03472219 0.5967077
Stationary 1477.081 375 620 0.03472219 0.5967077
Stationary 1477.112 375 620 0.03472219 0.5967077
Stationary 1477.143 375 620 0.03472219 0.5967077
Moved 1477.174 374 620 0.03240744 0.5967077
Stationary 1477.204 374 620 0.03240744 0.5967077
Stationary 1477.235 374 620 0.03240744 0.5967077
Stationary 1477.266 374 620 0.03240744 0.5967077
Stationary 1477.296 374 620 0.03240744 0.5967077
Stationary 1477.327 374 620 0.03240744 0.5967077
Stationary 1477.358 374 620 0.03240744 0.5967077
Stationary 1477.389 374 620 0.03240744 0.5967077
Stationary 1477.419 374 620 0.03240744 0.5967077
Stationary 1477.45 374 620 0.03240744 0.5967077
Stationary 1477.481 374 620 0.03240744 0.5967077
Stationary 1477.511 374 620 0.03240744 0.5967077
Moved 1477.542 372.9875 620 0.03006359 0.5967077
Stationary 1477.573 372.9875 620 0.03006359 0.5967077
Stationary 1477.604 372.9875 620 0.03006359 0.5967077
Stationary 1477.634 373 620 0.0300926 0.5967077
Ended 1477.665 373 620 0.0300926 0.5967077
Accept 1477.727 1 days
Backspace 1479.047
Began 1480.307 352 481 -0.01851852 0.2391974
Moved 1480.338 365.045 461.94 0.01167824 0.1901748
Moved 1480.369 406.4085 416.5916 0.107427 0.0735379
Moved 1480.399 450.4427 377.8459 0.209358 -0.02611662
Moved 1480.43 478.045 351.955 0.2732524 -0.09270852
Moved 1480.461 489.6121 340.3879 0.300028 -0.1224592
Moved 1480.491 492.7393 334.5214 0.3072669 -0.1375479
Moved 1480.522 488.2976 330.2872 0.2969853 -0.1484382
Moved 1480.553 472.358 330 0.2600878 -0.149177
Moved 1480.583 404.6236 386.3474 0.1032953 -0.004250522
Moved 1480.614 355.4258 442.3365 -0.01058847 0.1397544
Moved 1480.645 323.8803 487.2702 -0.08361032 0.2553245
Moved 1480.676 301.853 530.5623 -0.1345994 0.3666725
Moved 1480.706 281.1456 576.1359 -0.1825333 0.4838887
Moved 1480.737 271.4799 606.8407 -0.2049077 0.5628618
Moved 1480.768 269 623.7762 -0.2106481 0.60642
Moved 1480.799 268 631.8626 -0.212963 0.6272185
Moved 1480.829 268 638.6007 -0.212963 0.644549
Moved 1480.86 268 640.8208 -0.212963 0.6502591
Moved 1480.891 268 642.6927 -0.212963 0.6550738
Moved 1480.922 268 644 -0.212963 0.6584361
Moved 1480.952 268 645.4393 -0.212963 0.662138
Stationary 1480.983 268 645 -0.212963 0.6610081
Stationary 1481.014 268 645 -0.212963 0.6610081
Stationary 1481.044 268 645 -0.212963 0.6610081
Stationary 1481.075 268 645 -0.212963 0.6610081
Moved 1481.106 276.1944 623.6349 -0.1939944 0.6060569
Moved 1481.137 281.0874 590.4321 -0.1826681 0.5206587
Moved 1481.167 286.8467 549.2266 -0.1693364 0.4146774
Moved 1481.198 290.4212 517.5247 -0.1610621 0.3331394
Moved 1481.229 296.6098 489.2558 -0.1467365 0.2604315
Moved 1481.259 302.348 466.782 -0.1334536 0.2026285
Moved 1481.29 305.7928 454.8287 -0.1254796 0.1718845
Moved 1481.321 307.5971 446.2086 -0.1213029 0.1497134
Moved 1481.352 309.4659 440.0681 -0.116977 0.13392
Moved 1481.382 310.3293 437.6707 -0.1149786 0.1277538
Moved 1481.413 314.4232 438 -0.1055018 0.1286007
Moved 1481.444 356.4724 480.4724 -0.008165738 0.2378405
Moved 1481.474 432.0144 558.4229 0.1667 0.4383303
Moved 1481.505 477.5939 599.1809 0.272208 0.5431607
Moved 1481.536 497.1154 616.1154 0.3173966 0.5867163
Moved 1481.567 504.8114 622.8114 0.3352117 0.6039387
Moved 1481.597 506.3723 624.3724 0.3388249 0.6079535
Moved 1481.628 506 624 0.337963 0.6069958
Stationary 1481.659 506 624 0.337963 0.6069958
Stationary 1481.69 506 624 0.337963 0.6069958
Moved 1481.72 493.2214 613.1476 0.3083829 0.5790834
Moved 1481.751 488.1297 608.1297 0.2965966 0.5661771
Moved 1481.782 479.1131 599.1131 0.2757247 0.5429862
Moved 1481.812 469.4643 589.4643 0.2533896 0.5181694
Moved 1481.843 459.0674 578.2808 0.2293226 0.4894054
Moved 1481.874 449.2403 565.6537 0.2065748 0.4569283
Moved 1481.905 441.6395 557.6395 0.1889803 0.4363154
Moved 1481.935 436.3324 550.3325 0.1766954 0.4175216
Moved 1481.966 433.2998 545.2998 0.1696756 0.4045776
Moved 1481.997 430.2786 541.5573 0.162682 0.3949516
Moved 1482.027 427.4075 538.4075 0.1560359 0.3868506
Moved 1482.058 425.5369 535.5369 0.1517058 0.3794672
Moved 1482.089 422.9666 532.9666 0.1457559 0.3728562
Moved 1482.119 419.1833 530.0917 0.1369984 0.365462
Moved 1482.15 416.2103 526.4207 0.1301165 0.3560202
Moved 1482.181 411.5171 521.2756 0.1192525 0.342787
Moved 1482.212 404.4364 514.6243 0.102862 0.3256796
Moved 1482.243 397.5044 507.0088 0.08681575 0.3060925
Moved 1482.273 395.0646 506.0646 0.08116812 0.3036641
Moved 1482.304 392.556 506 0.07536113 0.3034978
Moved 1482.335 387.3506 506 0.06331166 0.3034978
Moved 1482.365 378.433 514.3231 0.04266888 0.3249051
Moved 1482.396 365.1973 524.0023 0.0120307 0.3498
Moved 1482.427 343.0905 543.2958 -0.03914227 0.3994232
Moved 1482.458 323.0635 561.9365 -0.08550113 0.4473675
Moved 1482.488 303.4989 579.1438 -0.1307896 0.4916249
Moved 1482.519 285.8448 593.3965 -0.1716555 0.5282832
Moved 1482.55 274.7335 604.2665 -0.1973763 0.556241
Moved 1482.58 268.7465 611.8802 -0.2112349 0.5758234
Moved 1482.611 264.0042 618.4937 -0.2222124 0.5928334
Moved 1482.642 263 623.5022 -0.2245371 0.6057154
Moved 1482.672 263 624.9401 -0.2245371 0.6094137
Moved 1482.703 263 627.5 -0.2245371 0.6159979
Moved 1482.734 263 628.1218 -0.2245371 0.6175972
Moved 1482.765 263 629 -0.2245371 0.6198559
Moved 1482.796 277.7313 621.2687 -0.1904369 0.5999709
Moved 1482.826 307.7939 574.3748 -0.1208475 0.4793589
Moved 1482.857 333 503.5 -0.06249999 0.2970678
Moved 1482.888 340.7109 458.7343 -0.04465058 0.1819297
Moved 1482.918 345.233 423.9029 -0.03418287 0.09234275
Moved 1482.949 345 406.7963 -0.03472224 0.04834446
Moved 1482.98 345 397.0081 -0.03472224 0.02316883
Moved 1483.01 345 389.9489 -0.03472224 0.005012637
Moved 1483.041 319.739 380.3864 -0.09319688 -0.01958227
Moved 1483.072 280.5728 390.1761 -0.1838593 0.005597048
Moved 1483.103 243.4406 405.3826 -0.2698134 0.04470833
Moved 1483.133 219.2915 420.3632 -0.3257141 0.0832385
Moved 1483.164 198.5 441 -0.3738426 0.1363167
Moved 1483.195 187.7915 461.7299 -0.3986309 0.1896345
Moved 1483.226 186 480.9026 -0.4027778 0.2389469
Moved 1483.256 193.6592 502.6592 -0.3850481 0.2949052
Moved 1483.287 217.5059 523.9216 -0.3298475 0.3495924
Moved 1483.318 284.2443 557.5733 -0.1753604 0.4361453
Moved 1483.349 349.1777 563.1324 -0.02505168 0.4504433
Moved 1483.379 418.0897 546.9764 0.1344669 0.4088898
Moved 1483.41 465.7314 533.4319 0.2447487 0.3740532
Moved 1483.441 508.9565 515.3311 0.3448066 0.3274976
Moved 1483.471 532.5266 506.4911 0.3993672 0.3047611
Moved 1483.502 542.7184 503.1407 0.4229594 0.2961439
Ended 1483.533 550.4669 501.7555 0.4408957 0.2925809
Candidates 1483.625 13 medical medieval musical basketball nepal mental magical chemical memorial national vertical membership marginal
Began 1484.977 376 368 0.03703703 -0.05144041
Stationary 1485.007 376 368 0.03703703 -0.05144041
Moved 1485.038 361.2338 397.9183 0.002855957 0.02551004
Moved 1485.069 340.7856 435.6253 -0.04447788 0.122493
Moved 1485.1 327.3924 462.1367 -0.07548048 0.1906806
Moved 1485.13 318.4003 492.5983 -0.09629562 0.2690284
Moved 1485.161 314.333 521.6697 -0.1057106 0.3438006
Moved 1485.192 311.5 552.5 -0.1122685 0.4230966
Moved 1485.222 312 577.0162 -0.1111111 0.4861526
Moved 1485.253 312 596.9312 -0.1111111 0.5373745
Moved 1485.284 312 609.402 -0.1111111 0.5694496
Moved 1485.315 312 618.1628 -0.1111111 0.5919823
Moved 1485.345 311 623.521 -0.113426 0.6057638
Moved 1485.376 309.8674 626.1326 -0.1160477 0.6124809
Moved 1485.407 310 629.0025 -0.1157407 0.6198623
Moved 1485.438 308.9474 630.0526 -0.1181773 0.6225632
Moved 1485.468 307.8064 631 -0.1208185 0.6249998
Moved 1485.499 308 632.5 -0.1203704 0.6288579
Moved 1485.53 306.7715 633.2285 -0.1232141 0.6307315
Moved 1485.56 307 634.0709 -0.1226852 0.6328982
Moved 1485.591 305.9633 635.0367 -0.1250851 0.6353825
Moved 1485.622 306 636.4218 -0.125 0.6389447
Stationary 1485.653 306 636.4218 -0.125 0.6389447
Moved 1485.683 306 637.0848 -0.125 0.64065
Stationary 1485.714 306 637 -0.125 0.6404321
Stationary 1485.745 306 637 -0.125 0.6404321
Stationary 1485.775 306 637 -0.125 0.6404321
Moved 1485.806 306 638 -0.125 0.643004
Stationary 1485.837 306 638 -0.125 0.643004
Moved 1485.868 305 638 -0.1273148 0.643004
Stationary 1485.898 305 638 -0.1273148 0.643004
Moved 1485.929 303.5 638 -0.130787 0.643004
Moved 1485.96 304 638 -0.1296296 0.643004
Moved 1485.99 302.964 638 -0.1320279 0.643004
Stationary 1486.021 303 638 -0.1319445 0.643004
Moved 1486.052 302 638 -0.1342593 0.643004
Moved 1486.082 301 638 -0.1365741 0.643004
Moved 1486.113 299.3047 629.3047 -0.1404985 0.6206395
Moved 1486.144 298.4342 625.4342 -0.1425135 0.6106845
Moved 1486.175 298 621.1302 -0.1435185 0.5996148
Moved 1486.206 297 619.0446 -0.1458333 0.5942504
Moved 1486.236 296 616.1714 -0.1481481 0.5868605
Moved 1486.267 296 614 -0.1481481 0.5812756
Moved 1486.298 296 611.5 -0.1481481 0.5748456
Moved 1486.328 295 609.422 -0.150463 0.5695009
Moved 1486.359 295 608.5 -0.150463 0.5671295
Moved 1486.39 295 607.7753 -0.150463 0.5652655
Moved 1486.421 295 605.8181 -0.150463 0.5602315
Moved 1486.451 294 604.5 -0.1527778 0.5568415
Moved 1486.482 294 603.6326 -0.1527778 0.5546106
Moved 1486.513 294 601.9572 -0.1527778 0.5503013
Moved 1486.543 294 600.5 -0.1527778 0.5465534
Moved 1486.574 294 600 -0.1527778 0.5452674
Expand 1486.574
Ended 1486.605 294 600 -0.1527778 0.5452674
Accept 1486.666 1 medieval
Began 1487.25 342 490 -0.04166668 0.2623456
Stationary 1487.281 342 490 -0.04166668 0.2623456
Moved 1487.312 342 506.5067 -0.04166668 0.3048012
Moved 1487.342 333.1249 528.876 -0.06221091 0.3623354
Moved 1487.373 329.2905 555.3855 -0.07108684 0.4305182
Moved 1487.404 326.4218 573.8909 -0.07772729 0.4781144
Moved 1487.434 325 585.8167 -0.08101851 0.5087876
Moved 1487.465 323.0268 589.9464 -0.08558611 0.5194094
Moved 1487.496 323 593.848 -0.08564815 0.5294444
Moved 1487.526 323 596.7133 -0.08564815 0.5368139
Moved 1487.557 323 598.5 -0.08564815 0.5414093
Moved 1487.588 347.6503 600 -0.02858733 0.5452674
Moved 1487.619 409.9983 589.7341 0.1157368 0.5188633
Moved 1487.649 421.2055 589.1766 0.1416795 0.5174293
Moved 1487.68 439.0133 585.6644 0.1829011 0.5083961
Moved 1487.711 450.9606 580.6798 0.2105569 0.4955756
Moved 1487.742 455.194 574.6119 0.2203566 0.4799689
Moved 1487.772 460.1415 565.7169 0.2318091 0.4570908
Moved 1487.803 461 544.0797 0.2337964 0.4014395
Moved 1487.834 461 505.3849 0.2337964 0.3019158
Moved 1487.865 445.0516 458.2064 0.1968786 0.1805718
Moved 1487.895 439.181 419.0858 0.1832892 0.07995314
Moved 1487.926 431.751 367.7552 0.1660903 -0.05206991
Moved 1487.957 424.7715 326.7859 0.1499339 -0.1574435
Moved 1487.987 420.5015 297.0153 0.1400498 -0.2340142
Moved 1488.018 420 287.9406 0.1388889 -0.2573546
Moved 1488.049 414.3579 283.1193 0.1258284 -0.269755
Moved 1488.079 394.6779 295.1049 0.08027295 -0.2389278
Moved 1488.11 353.5 344 -0.0150463 -0.1131688
Moved 1488.141 317.226 403.3591 -0.09901381 0.0395037
Moved 1488.172 298.648 437.7744 -0.1420185 0.1280204
Moved 1488.202 287.2251 460.5499 -0.1684605 0.1865993
Moved 1488.233 278.9125 478.9 -0.1877025 0.2337961
Moved 1488.264 270.2825 501.87 -0.2076794 0.2928754
Moved 1488.295 261.2932 522.6492 -0.228488 0.3463199
Moved 1488.325 256.8914 542.7604 -0.2386774 0.3980463
Moved 1488.356 253.403 556.3879 -0.2467523 0.4330964
Moved 1488.387 251 567.9056 -0.2523148 0.46272
Moved 1488.417 247.6583 578.3669 -0.2600503 0.4896267
Moved 1488.448 247 584.8409 -0.2615741 0.5062779
Moved 1488.479 246.2321 593.3035 -0.2633515 0.528044
Moved 1488.51 246 598.2814 -0.2638889 0.5408472
Moved 1488.54 246 603.5159 -0.2638889 0.5543102
Moved 1488.571 246 605.5 -0.2638889 0.5594135
Moved 1488.602 245 607 -0.2662037 0.5632715
Moved 1488.632 245 608.3365 -0.2662037 0.566709
Moved 1488.663 244 609.3233 -0.2685185 0.5692471
Stationary 1488.694 244 609 -0.2685185 0.5684156
Moved 1488.725 244 610 -0.2685185 0.5709876
Moved 1488.755 243 611 -0.2708333 0.5735595
Stationary 1488.786 243 611 -0.2708333 0.5735595
Moved 1488.817 241.8275 611 -0.2735474 0.5735595
Moved 1488.848 240.7506 611 -0.2760403 0.5735595
Moved 1488.878 239 611 -0.2800926 0.5735595
Moved 1488.909 235.3683 605.3145 -0.2884994 0.5589362
Moved 1488.94 228.4786 587.4501 -0.3044477 0.5129887
Moved 1488.97 220.1766 559.8828 -0.3236654 0.4420852
Moved 1489.001 219.0477 554.2387 -0.3262784 0.4275686
Moved 1489.032 217.1909 535.3367 -0.3305765 0.3789523
Moved 1489.063 217 520.5983 -0.3310185 0.3410448
Moved 1489.093 217 509.3563 -0.3310185 0.3121303
Moved 1489.124 217 502.8529 -0.3310185 0.2954035
Moved 1489.155 217 497.0594 -0.3310185 0.2805025
Moved 1489.186 217 493.1818 -0.3310185 0.2705292
Ended 1489.216 217 491.7402 -0.3310185 0.2668215
Candidates 1489.339 13 times indeed ones once funded one gives hundreds illness time jones give tubes
Began 1490.414 395 422 0.08101851 0.08744851
Moved 1490.445 376.2075 437.9932 0.03751745 0.1285831
Moved 1490.476 345.8952 464.754 -0.03264993 0.1974123
Moved 1490.506 315.5 489.5 -0.1030092 0.2610596
Moved 1490.537 297.3428 506.5751 -0.1450398 0.304977
Moved 1490.568 279.2866 520.7612 -0.1868366 0.3414639
Moved 1490.599 262.0382 536.3079 -0.2267634 0.3814502
Moved 1490.629 248.7737 548.981 -0.2574682 0.4140458
Moved 1490.66 234.2049 559.5963 -0.2911923 0.4413485
Moved 1490.691 225.8553 567.1448 -0.3105202 0.4607632
Moved 1490.722 221.0545 573.8911 -0.3216332 0.4781149
Moved 1490.752 218.5068 578.9863 -0.3275304 0.4912199
Moved 1490.783 219 589.6156 -0.3263889 0.5185586
Moved 1490.814 219 593.7205 -0.3263889 0.5291163
Moved 1490.844 227.6495 600.4742 -0.3063668 0.5464872
Moved 1490.875 231 605.6389 -0.2986111 0.5597708
Moved 1490.906 233 608.5123 -0.2939815 0.5671613
Moved 1490.937 234.5 610.5 -0.2905093 0.5722736
Moved 1490.967 235.3745 611.3745 -0.288485 0.5745226
Moved 1490.998 240.659 612 -0.2762523 0.5761316
Moved 1491.029 254.9203 612 -0.2432401 0.5761316
Moved 1491.059 273 601.5 -0.2013889 0.5491254
Moved 1491.09 291.6409 597.6795 -0.1582386 0.5392991
Moved 1491.121 305.9557 591.0222 -0.1251027 0.5221763
Moved 1491.152 317.4529 586.2736 -0.09848878 0.5099628
Moved 1491.182 325.8092 582.7302 -0.07914528 0.5008492
Moved 1491.213 333.4862 577.7569 -0.06137446 0.4880577
Moved 1491.244 340.23 573.77 -0.0457638 0.4778033
Moved 1491.275 343.9898 572.0102 -0.03706063 0.4732772
Moved 1491.305 347.5388 570.4612 -0.02884527 0.4692931
Moved 1491.336 349 567.5876 -0.02546296 0.4619021
Moved 1491.367 350 565.7101 -0.02314816 0.4570733
Moved 1491.397 350 565 -0.02314816 0.4552468
Moved 1491.428 336.9067 560.6356 -0.05345667 0.4440214
Moved 1491.459 321.6831 555.4472 -0.08869652 0.4306769
Moved 1491.49 304.0075 551.145 -0.1296122 0.4196116
Moved 1491.52 290.0016 549 -0.1620332 0.4140946
Moved 1491.551 276.5196 546.1299 -0.1932417 0.4067126
Moved 1491.582 267.5161 545 -0.2140831 0.4038065
Moved 1491.612 261 544 -0.2291666 0.4012345
Moved 1491.643 255.6942 543 -0.2414487 0.3986624
Moved 1491.674 252.9736 543 -0.2477463 0.3986624
Ended 1491.705 253 543 -0.2476852 0.3986624
Accept 1492.012 0 times
Candidates 1492.012 13 were wet we are eye et get water greater wt fewer re war
Began 1492.811 319 554 -0.09490739 0.4269547
Stationary 1492.841 319 554 -0.09490739 0.4269547
Moved 1492.872 327.7153 517.0793 -0.07473309 0.3319941
Moved 1492.903 337.388 476.4481 -0.05234266 0.22749
Moved 1492.933 346.7115 442.1876 -0.03076037 0.1393714
Moved 1492.964 355.1102 411.0041 -0.01131897 0.05916686
Moved 1492.995 359.4247 389.0274 -0.001331816 0.002642462
Moved 1493.026 361 372.5162 0.002314846 -0.0398245
Moved 1493.056 362 360.9309 0.004629592 -0.06962223
Moved 1493.087 357.124 348.9103 -0.006657442 -0.1005395
Moved 1493.118 349.8604 340.2906 -0.02347122 -0.1227093
Moved 1493.149 345.9015 334.803 -0.03263538 -0.1368235
Moved 1493.179 340.9953 329.9953 -0.0439923 -0.1491891
Moved 1493.21 335.2481 325.2481 -0.0572961 -0.161399
Moved 1493.241 329.4971 320.2485 -0.07060856 -0.174258
Moved 1493.271 324.4188 317.7094 -0.08236388 -0.1807885
Moved 1493.302 315.508 314.836 -0.1029907 -0.188179
Moved 1493.333 305.8963 315 -0.12524 -0.1877573
Moved 1493.364 297.336 315 -0.1450555 -0.1877573
Moved 1493.394 286.3369 333.9105 -0.1705165 -0.1391191
Moved 1493.425 279.4183 355.6176 -0.1865317 -0.0832881
Moved 1493.456 279 381.4633 -0.1875 -0.01681269
Moved 1493.486 283.9972 412.7083 -0.1759323 0.06355015
Moved 1493.517 291.585 444.2651 -0.158368 0.1447146
Moved 1493.548 294.4586 467.127 -0.1517163 0.2035158
Moved 1493.579 298.3359 487.3513 -0.1427409 0.255533
Moved 1493.609 299 506.1189 -0.1412037 0.3038037
Moved 1493.64 299 523.6133 -0.1412037 0.3487995
Moved 1493.671 299 536.3804 -0.1412037 0.3816368
Moved 1493.702 288.7368 546.5264 -0.1649611 0.4077323
Moved 1493.732 277.8385 558.1614 -0.1901886 0.4376579
Moved 1493.763 268.3315 566.7513 -0.2121956 0.4597513
Moved 1493.794 260.6426 572.5716 -0.2299939 0.4747211
Moved 1493.824 253.0403 577.3199 -0.247592 0.4869337
Moved 1493.855 244.4118 582.196 -0.2675653 0.4994753
Moved 1493.886 234.7236 586.1382 -0.2899917 0.5096147
Moved 1493.917 226.9415 589.3723 -0.3080058 0.5179328
Moved 1493.947 219.6624 592.4459 -0.3248555 0.5258381
Moved 1493.978 214.2461 595.7539 -0.3373933 0.5343463
Moved 1494.009 212.8101 596 -0.3407174 0.5349793
Moved 1494.039 212 598 -0.3425926 0.5401233
Moved 1494.07 212 602 -0.3425926 0.5504114
Moved 1494.101 212 603.4714 -0.3425926 0.5541958
Moved 1494.132 212 608.6812 -0.3425926 0.5675956
Moved 1494.162 227.429 614.5717 -0.3068774 0.5827461
Moved 1494.193 245.8989 625.2121 -0.264123 0.6101133
Moved 1494.224 273.0822 635.4329 -0.2011987 0.6364013
Moved 1494.255 293.087 643.5435 -0.1548913 0.6572621
Moved 1494.285 330.3699 655.4443 -0.06858811 0.6878709
Moved 1494.316 338.5127 656.9188 -0.04973908 0.6916634
Moved 1494.347 352.9482 659.7897 -0.01632358 0.6990473
Moved 1494.377 367.0081 662.3347 0.0162226 0.7055933
Moved 1494.408 377.8242 663.2061 0.04125972 0.7078343
Moved 1494.439 384.1664 663 0.05594065 0.7073045
Moved 1494.47 389.3936 663 0.06804059 0.7073045
Moved 1494.5 392.446 663 0.07510661 0.7073045
Moved 1494.531 396.323 663 0.08408089 0.7073045
Moved 1494.562 398.1898 663 0.08840243 0.7073045
Moved 1494.593 399.7508 663 0.09201577 0.7073045
Ended 1494.623 400.5 663 0.09374996 0.7073045
Accept 1494.715 0 were
Candidates 1494.715 13 very may bay bet by net buy ct betty cry cut nasty mary
Began 1495.852 278 484 -0.1898148 0.2469135
Stationary 1495.883 278 484 -0.1898148 0.2469135
Moved 1495.914 296.9812 484 -0.1458769 0.2469135
Moved 1495.944 311.075 484 -0.1132524 0.2469135
Moved 1495.975 317.5672 489.4853 -0.09822398 0.2610217
Moved 1496.006 319 491 -0.09490739 0.2649176
Moved 1496.036 319 491.9641 -0.09490739 0.2673973
Moved 1496.067 287.0155 498.6118 -0.1689455 0.2844954
Moved 1496.098 265.4628 504.8554 -0.2188361 0.300554
Moved 1496.129 233.4261 512.6831 -0.292995 0.3206869
Moved 1496.159 206.624 517.7084 -0.355037 0.3336121
Moved 1496.19 182.5173 520.2483 -0.4108395 0.3401447
Moved 1496.221 151.862 523.2529 -0.4818009 0.3478725
Moved 1496.251 128.0228 526 -0.5369844 0.3549381
Moved 1496.282 114.1507 528.9246 -0.5690956 0.3624604
Moved 1496.313 111 531.7939 -0.5763888 0.3698403
Moved 1496.344 110 533.6536 -0.5787036 0.3746233
Moved 1496.374 110 536.1934 -0.5787036 0.3811557
Moved 1496.405 139.722 551.3071 -0.5099028 0.4200284
Moved 1496.436 179.067 572.0287 -0.4188263 0.4733249
Moved 1496.467 217.5912 590.2956 -0.3296501 0.5203075
Moved 1496.497 249.4893 601.7468 -0.2558117 0.5497603
Moved 1496.528 271.1963 611.0981 -0.2055641 0.573812
Moved 1496.559 294.2783 618.0696 -0.1521336 0.5917426
Moved 1496.589 298.9486 619 -0.1413227 0.5941358
Moved 1496.62 300.0633 619 -0.1387424 0.5941358
Stationary 1496.651 300.0633 619 -0.1387424 0.5941358
Moved 1496.682 300 606.0629 -0.1388889 0.5608611
Moved 1496.712 277.4116 572.2203 -0.1911768 0.4738176
Moved 1496.743 251.6519 526.9734 -0.2508058 0.3574419
Moved 1496.774 245.5675 516.2431 -0.2648901 0.3298433
Moved 1496.804 236.064 503.0853 -0.2868889 0.2960013
Moved 1496.835 229.0795 492.0795 -0.3030567 0.2676942
Moved 1496.866 229 489.5 -0.3032407 0.2610596
Ended 1496.897 229 489.5 -0.3032407 0.2610596
Accept 1497.05 0 very
Candidates 1497.05 13 hard days stuff says arts status earth ways data sets harris death featured
Began 1497.695 251 483 -0.2523148 0.2443414
Moved 1497.726 285.0388 483 -0.1735213 0.2443414
Moved 1497.757 380.9319 483 0.04845341 0.2443414
Moved 1497.788 482.3547 483 0.2832285 0.2443414
Moved 1497.818 537.277 483 0.4103635 0.2443414
Moved 1497.849 552.2852 483 0.4451046 0.2443414
Moved 1497.88 573.9771 483 0.4953173 0.2443414
Moved 1497.911 587.5 483 0.5266203 0.2443414
Ended 1497.941 608 483 0.5740741 0.2443414
Accept 1498.003 0 hard
PhraseEnd 1498.003
