this phenomenon will never occur
this phenomenon will never occur
FixStart
List

0.6 0.6
432 388.8
Began 1907.354 382 393 0.05092591 0.01285996
Stationary 1907.385 382 393 0.05092591 0.01285996
Moved 1907.415 382 430.8276 0.05092591 0.1101533
Moved 1907.446 374 469.6292 0.03240744 0.2099516
Moved 1907.477 374 500.7095 0.03240744 0.2898907
Moved 1907.507 374 527.3917 0.03240744 0.3585177
Moved 1907.538 374 542.4762 0.03240744 0.3973152
Moved 1907.569 370.2794 550.0809 0.02379497 0.4168746
Moved 1907.6 365.2147 553.8926 0.01207103 0.4266785
Moved 1907.63 358.6745 555 -0.003068199 0.4295266
Moved 1907.661 344.1575 547.3151 -0.0366724 0.4097609
Moved 1907.692 328.5 517.5 -0.07291664 0.3330761
Moved 1907.723 327 480.8394 -0.07638887 0.2387842
Moved 1907.753 344.3638 445.1663 -0.03619482 0.1470326
Moved 1907.784 365.7945 417.2055 0.01341313 0.07511695
Moved 1907.815 380.1675 404.066 0.04668405 0.04132192
Moved 1907.845 391.6836 395.4872 0.07334173 0.01925727
Moved 1907.876 397.1009 394 0.08588164 0.01543206
Moved 1907.907 406.6529 400.3926 0.1079928 0.03187384
Moved 1907.938 421.6016 422.3359 0.1425963 0.08831251
Moved 1907.968 441.4426 461.8852 0.1885245 0.1900339
Moved 1907.999 458.8541 507.3914 0.2288289 0.3070764
Moved 1908.03 472.9627 546.8881 0.2614878 0.4086628
Moved 1908.061 487.8005 582.8015 0.2958345 0.5010324
Moved 1908.091 497.4165 604.8331 0.3180938 0.5576981
Moved 1908.122 499.3396 613.0187 0.3225453 0.5787517
Moved 1908.153 499 615.876 0.3217593 0.5861008
Moved 1908.183 499 617 0.3217593 0.5889916
Moved 1908.214 476.5689 608.9497 0.2698355 0.5682862
Moved 1908.245 415.1234 556.608 0.1276005 0.4336626
Moved 1908.276 351.1625 494.1544 -0.02045711 0.2730308
Moved 1908.306 319.5303 460.8085 -0.09367988 0.1872647
Moved 1908.337 294.1169 437.8522 -0.1525072 0.1282208
Moved 1908.368 277.7267 424.9389 -0.1904474 0.09500735
Moved 1908.399 261.2591 412.5554 -0.228567 0.0631569
Moved 1908.429 250.931 404.954 -0.2524746 0.04360588
Moved 1908.46 241.3138 400.1046 -0.2747365 0.03113319
Moved 1908.491 233.7585 397.5862 -0.2922256 0.02465574
Moved 1908.521 227.4495 395.7247 -0.3068299 0.01986802
Moved 1908.552 223.8428 396 -0.3151788 0.02057605
Stationary 1908.583 224 396 -0.3148148 0.02057605
Ended 1908.614 224 396 -0.3148148 0.02057605
Candidates 1908.706 13 this thus third toys efforts sports editors tours edited does reports roots resorts
Began 1909.29 241 411 -0.275463 0.05915629
Stationary 1909.32 241 411 -0.275463 0.05915629
Moved 1909.351 283.0694 444.6172 -0.1780801 0.1456204
Moved 1909.382 335 484 -0.05787035 0.2469135
Moved 1909.413 379.6321 517.1299 0.04544467 0.3321241
Moved 1909.443 410.012 537.0072 0.1157686 0.3832489
Moved 1909.474 432.105 551.3607 0.1669097 0.4201663
Moved 1909.505 445.3868 559.8321 0.1976548 0.4419548
Moved 1909.536 456.741 567.494 0.2239375 0.4616615
Moved 1909.566 462.103 571.103 0.2363495 0.4709439
Moved 1909.597 464.9717 572 0.2429902 0.4732509
Moved 1909.628 465 573.0557 0.2430555 0.4759663
Stationary 1909.658 465 573 0.2430555 0.4758229
Moved 1909.689 448.4919 564.2405 0.2048423 0.4532935
Moved 1909.72 419.2321 553.0302 0.1371114 0.4244603
Moved 1909.751 382.6271 539.7797 0.05237748 0.3903797
Moved 1909.781 347.7901 526.9161 -0.02826358 0.3572943
Moved 1909.812 317.8257 513.1026 -0.09762581 0.3217659
Moved 1909.843 294.408 497.272 -0.1518333 0.2810492
Moved 1909.874 270.406 476.5817 -0.2073935 0.2278336
Moved 1909.904 249.4312 452.0389 -0.2559464 0.1647092
Moved 1909.935 233.5 428.5 -0.2928241 0.1041665
Moved 1909.966 220.4642 405.0355 -0.3229996 0.04381556
Moved 1909.996 214.043 391.086 -0.3378634 0.007937199
Moved 1910.027 209.1504 379.4512 -0.3491889 -0.02198773
Moved 1910.058 206.7458 373.4916 -0.354755 -0.03731582
Moved 1910.089 204.7859 368.7859 -0.359292 -0.04941909
Moved 1910.119 203.5 365 -0.3622685 -0.05915646
Moved 1910.15 203.0389 364 -0.3633359 -0.06172839
Moved 1910.181 202.5 364 -0.3645833 -0.06172839
Moved 1910.211 203 362.7758 -0.3634259 -0.06487724
Moved 1910.242 203 361.9512 -0.3634259 -0.06699801
Stationary 1910.273 203 361.9512 -0.3634259 -0.06699801
Stationary 1910.304 203 361.9512 -0.3634259 -0.06699801
Stationary 1910.334 203 361.9512 -0.3634259 -0.06699801
Stationary 1910.365 203 362 -0.3634259 -0.06687243
Stationary 1910.396 203 362 -0.3634259 -0.06687243
Moved 1910.427 200.1783 370.2168 -0.3699576 -0.04573877
Moved 1910.457 192.9243 391.9191 -0.3867494 0.01008002
Moved 1910.488 177.5 424 -0.4224537 0.09259254
Moved 1910.519 160.4659 461.3353 -0.4618845 0.1886194
Moved 1910.55 159 492.4188 -0.4652778 0.2685669
Moved 1910.58 159 513.0612 -0.4652778 0.3216592
Moved 1910.611 159 519.69 -0.4652778 0.3387088
Moved 1910.642 159 523.179 -0.4652778 0.3476826
Moved 1910.672 167.4343 525.0543 -0.4457538 0.3525059
Moved 1910.703 196.0954 511.9742 -0.3794089 0.3188635
Moved 1910.734 240.4699 473.4771 -0.2766901 0.2198484
Moved 1910.765 275.1871 432.1151 -0.1963261 0.1134646
Moved 1910.795 304.4817 386.3903 -0.1285146 -0.004140359
Moved 1910.826 323.6292 356.9583 -0.08419167 -0.0798398
Moved 1910.857 340.067 328.4794 -0.04614125 -0.153088
Moved 1910.887 352.9114 305.655 -0.01640871 -0.2117927
Moved 1910.918 365.3804 285.9294 0.01245459 -0.2625274
Moved 1910.949 372.7612 275.3184 0.02953976 -0.2898189
Moved 1910.98 380.5865 265.4135 0.04765401 -0.3152947
Moved 1911.01 384.6636 261.3364 0.05709171 -0.325781
Moved 1911.041 388.5 258.5 0.06597221 -0.3330762
Moved 1911.072 397.3602 259 0.08648197 -0.3317901
Moved 1911.103 425.2628 313.5256 0.1510713 -0.1915494
Moved 1911.133 456.7041 402.5569 0.2238521 0.03744062
Moved 1911.164 468.8996 439.9237 0.2520824 0.1335485
Moved 1911.195 488.0787 489.5169 0.2964784 0.2611031
Moved 1911.225 505.3134 529.7313 0.3363737 0.3645352
Moved 1911.256 512.8294 551.5734 0.3537717 0.4207134
Moved 1911.287 514 560.3874 0.3564815 0.4433831
Moved 1911.318 514 566.6591 0.3564815 0.4595139
Moved 1911.348 514 568.2088 0.3564815 0.4634999
Moved 1911.379 497.2 560.0001 0.3175927 0.4423869
Moved 1911.41 475.7772 525.5544 0.2680027 0.3537921
Moved 1911.441 454.7458 478.6321 0.2193191 0.2331073
Moved 1911.471 431.5 412 0.1655093 0.06172835
Moved 1911.502 426.3156 389.4991 0.1535084 0.003855709
Moved 1911.533 418.4204 350.5225 0.1352324 -0.09639268
Moved 1911.563 413.3376 321.0382 0.1234666 -0.1722269
Moved 1911.594 410.5 300.5 0.1168981 -0.2250515
Moved 1911.625 409 284.6215 0.113426 -0.2658914
Moved 1911.656 408 274.1734 0.1111111 -0.2927639
Moved 1911.686 407 266.3754 0.1087963 -0.3128204
Moved 1911.717 407 262.7672 0.1087963 -0.322101
Moved 1911.748 406 259.8102 0.1064815 -0.3297062
Moved 1911.779 403.9478 260 0.1017309 -0.3292181
Moved 1911.809 390.4416 275.4847 0.07046669 -0.2893912
Moved 1911.84 376.1451 296.7582 0.03737291 -0.2346754
Moved 1911.871 357.9388 330.1225 -0.004771401 -0.148862
Moved 1911.901 338.2903 358.3509 -0.05025407 -0.07625807
Moved 1911.932 321.3766 383.0334 -0.08940607 -0.01277405
Moved 1911.963 297.5659 409.4341 -0.1445233 0.05512873
Moved 1911.994 276.1824 428.3405 -0.1940223 0.1037562
Moved 1912.025 255.5978 449.059 -0.2416718 0.1570448
Moved 1912.055 238.6988 464.3885 -0.2807898 0.1964725
Moved 1912.086 223.8483 477.1517 -0.315166 0.2292996
Moved 1912.117 213.3668 488.2915 -0.3394287 0.2579513
Moved 1912.147 204.5 501 -0.3599537 0.2906378
Moved 1912.178 198.8639 509.2042 -0.3730003 0.3117391
Moved 1912.209 195.0663 516.8012 -0.3817911 0.3312788
Moved 1912.24 193 523.42 -0.3865741 0.3483023
Moved 1912.27 191.776 528.4479 -0.3894073 0.3612343
Moved 1912.301 192 532.1726 -0.3888888 0.3708143
Moved 1912.332 192 535.0407 -0.3888888 0.378191
Moved 1912.362 192 536.5 -0.3888888 0.3819444
Moved 1912.393 205.2178 536 -0.3582922 0.3806583
Moved 1912.424 242.0525 505.623 -0.2730267 0.3025282
Moved 1912.455 292.1347 459.8653 -0.1570956 0.1848387
Moved 1912.485 322.0588 422.5235 -0.08782674 0.08879492
Moved 1912.516 342.0278 393.55 -0.0416024 0.01427474
Moved 1912.547 352.4351 373.1298 -0.0175113 -0.0382465
Moved 1912.578 356.6932 364.9603 -0.007654677 -0.05925873
Moved 1912.608 358.9122 361.0878 -0.002518147 -0.06921862
Moved 1912.639 363.3441 361 0.007741055 -0.06944452
Moved 1912.67 385.2066 392.4824 0.05834868 0.01152871
Moved 1912.7 419.5 451 0.1377314 0.162037
Moved 1912.731 456.6075 521.3364 0.2236284 0.3429432
Moved 1912.762 473.693 555.386 0.2631783 0.4305196
Moved 1912.793 478.7935 567.3806 0.274985 0.4613696
Moved 1912.823 479 572.4368 0.275463 0.4743745
Moved 1912.854 479 573 0.275463 0.4758229
Moved 1912.885 458.6616 560.5488 0.2283833 0.4437983
Moved 1912.916 429.2106 526.5831 0.1602098 0.356438
Moved 1912.946 400.5269 483.2903 0.09381215 0.2450881
Moved 1912.977 380.6944 446.3889 0.04790375 0.150177
Moved 1913.008 366.9976 414.9952 0.01619816 0.069432
Moved 1913.038 358.4096 390.4335 -0.003681531 0.006258811
Moved 1913.069 351.4106 367.4634 -0.01988297 -0.05282053
Moved 1913.1 347.5377 354.1508 -0.02884795 -0.08706081
Ended 1913.131 348 353 -0.0277778 -0.09002065
Accept 1913.254 0 this
Candidates 1913.254 13 phenomenon publication permission publishing helpful personnel promotion completion l penicillin painting forthcoming hamilton
Began 1914.022 386 375 0.06018519 -0.03343629
Moved 1914.052 373.5393 395.3455 0.03134102 0.01889276
Moved 1914.083 348.0262 425.9738 -0.0277171 0.0976692
Moved 1914.114 317.5 457.5 -0.09837966 0.1787551
Moved 1914.145 272.9081 496.7772 -0.2016016 0.2797765
Moved 1914.175 242.3748 517.0834 -0.2722804 0.3320046
Moved 1914.206 226.7743 525.1129 -0.3083929 0.3526564
Moved 1914.237 218.8852 528.5574 -0.3266546 0.3615157
Moved 1914.268 215.5759 530 -0.3343151 0.3652262
Moved 1914.298 215 531 -0.3356481 0.3677982
Moved 1914.329 224.3093 533.1636 -0.3140988 0.3733632
Moved 1914.36 267.9321 534 -0.2131201 0.3755144
Moved 1914.391 314.7864 526.4142 -0.1046611 0.3560037
Moved 1914.421 356.1704 519.6555 -0.008864702 0.3386202
Moved 1914.452 384.7404 515.0433 0.05726934 0.3267573
Moved 1914.483 411.8535 510.1638 0.1200313 0.3142071
Moved 1914.513 427.2629 507.2895 0.1557011 0.3068145
Moved 1914.544 441.9164 506 0.1896212 0.3034978
Moved 1914.575 462.5091 503.8491 0.2372895 0.2979657
Moved 1914.606 487.1806 501.9742 0.2943996 0.2931434
Moved 1914.636 503.4704 501.1059 0.3321075 0.2909101
Moved 1914.667 514 500 0.3564815 0.2880658
Moved 1914.698 520.9099 497.6967 0.3724765 0.2821417
Moved 1914.729 528.5103 494.6599 0.3900701 0.2743308
Moved 1914.759 538.1233 487.8767 0.4123225 0.2568844
Moved 1914.79 548.2954 474.5076 0.435869 0.222499
Moved 1914.821 558.2872 455.4255 0.4589982 0.1734194
Moved 1914.851 565.8868 440.2263 0.4765899 0.1343269
Moved 1914.882 575.7256 423.7302 0.4993647 0.09189872
Ended 1914.913 579.8615 416.4924 0.5089385 0.07328293
Accept 1915.036 0 phenomenon
Candidates 1915.036 13 will wool ep wp well rep deep to wto woo wo trip grip
Began 1915.896 378 476 0.04166663 0.2263374
Moved 1915.927 386.0618 447.9151 0.06032814 0.1541026
Moved 1915.958 395.6265 413.2451 0.08246869 0.06493082
Moved 1915.988 403.5 385.5 0.1006944 -0.006430119
Moved 1916.019 408.2725 363.0925 0.1117419 -0.06406242
Moved 1916.05 410 350.4249 0.1157407 -0.09664386
Moved 1916.081 411 344.9818 0.1180555 -0.1106436
Moved 1916.111 411 344 0.1180555 -0.1131688
Moved 1916.142 381.6544 364.2365 0.05012592 -0.06112008
Moved 1916.173 341.9297 405.0703 -0.0418293 0.04390493
Moved 1916.203 309.0087 447.7155 -0.1180355 0.153589
Moved 1916.234 277.7571 491.8644 -0.190377 0.2671408
Moved 1916.265 256.2857 527.25 -0.2400794 0.3581532
Moved 1916.296 243.1683 554.1213 -0.2704437 0.4272667
Moved 1916.326 237.0601 566.8798 -0.2845831 0.4600816
Moved 1916.357 234 576.8235 -0.2916667 0.4856572
Moved 1916.388 232.3106 580.6895 -0.2955774 0.4956004
Moved 1916.418 231.4392 583.5608 -0.2975944 0.5029855
Moved 1916.449 229.8914 586.1086 -0.3011773 0.5095384
Moved 1916.48 230 588.5 -0.3009259 0.5156891
Moved 1916.511 230 579.3946 -0.3009259 0.49227
Moved 1916.541 247.5 539 -0.2604167 0.3883744
Moved 1916.572 276.0532 475.3802 -0.1943212 0.2247433
Moved 1916.603 302.2018 426.8367 -0.133792 0.09988866
Moved 1916.634 329.9516 382.0823 -0.06955653 -0.01522041
Moved 1916.664 352.1002 347.1997 -0.01828661 -0.104939
Moved 1916.695 367.7264 320.1156 0.01788517 -0.1745999
Moved 1916.726 374.3083 305.7668 0.03312101 -0.2115052
Moved 1916.756 378.1794 300.8206 0.04208208 -0.224227
Moved 1916.787 378 298.575 0.04166663 -0.2300025
Moved 1916.818 379 296.8538 0.04398147 -0.2344295
Stationary 1916.849 379 297 0.04398147 -0.2340535
Moved 1916.879 348.39 330.545 -0.02687509 -0.1477752
Moved 1916.91 316.5341 371.9545 -0.1006155 -0.04126921
Moved 1916.941 293.4318 406.7443 -0.154093 0.04821063
Moved 1916.972 274.0671 442.3039 -0.1989187 0.1396704
Moved 1917.002 257.2233 485.441 -0.237909 0.2506197
Moved 1917.033 244.1114 541.443 -0.2682607 0.3946578
Moved 1917.064 239.1654 573.5114 -0.2797097 0.4771383
Moved 1917.094 238 588 -0.2824074 0.5144032
Moved 1917.125 237 596.6699 -0.2847222 0.5367024
Moved 1917.156 236 603.2787 -0.287037 0.5537003
Moved 1917.187 236 608.934 -0.287037 0.5682456
Moved 1917.217 246.6829 612.5366 -0.2623081 0.5775116
Moved 1917.248 262.0261 614.4052 -0.2267915 0.5823178
Moved 1917.279 278.4194 614 -0.1888439 0.5812756
Moved 1917.31 288.4526 614 -0.165619 0.5812756
Moved 1917.34 297.0627 614 -0.1456881 0.5812756
Moved 1917.371 317.8882 614 -0.09748106 0.5812756
Ended 1917.402 335.5 614 -0.05671298 0.5812756
Accept 1917.525 0 will
Candidates 1917.525 13 never have cancer save ever serve manager chance face secret server severe necessary
Began 1918.293 309 404 -0.1180555 0.04115226
Stationary 1918.324 309 404 -0.1180555 0.04115226
Stationary 1918.354 309 404 -0.1180555 0.04115226
Moved 1918.385 334.6946 426.4122 -0.05857736 0.09879664
Moved 1918.416 387.6317 478.2679 0.06396234 0.2321704
Moved 1918.447 425.5 513.5 0.1516204 0.3227879
Moved 1918.477 448.6155 536.6155 0.2051284 0.3822414
Moved 1918.508 460.9878 551.2347 0.2337679 0.4198422
Moved 1918.539 466.5829 556.5829 0.2467197 0.433598
Moved 1918.569 468 559.6645 0.25 0.4415238
Stationary 1918.6 468 560 0.25 0.4423867
Moved 1918.631 447.6016 547.5654 0.2027815 0.4104047
Moved 1918.662 368.1291 481.7884 0.01881729 0.2412253
Moved 1918.692 300.6589 412.8741 -0.1373636 0.06397663
Moved 1918.723 266.3496 376.6846 -0.2167833 -0.02910355
Moved 1918.754 244.1488 350.686 -0.2681741 -0.09597237
Moved 1918.785 228.4987 331.2983 -0.304401 -0.1458378
Moved 1918.815 220.0596 320.0894 -0.3239362 -0.1746674
Moved 1918.846 214.7329 311.0994 -0.3362663 -0.1977898
Moved 1918.877 210.2358 305.2358 -0.3466763 -0.2128709
Moved 1918.907 209 301.7515 -0.349537 -0.2218326
Moved 1918.938 206.8829 300 -0.3544377 -0.2263375
Moved 1918.969 207 298.5 -0.3541667 -0.2301955
Moved 1919 205.7559 299 -0.3570465 -0.2289095
Moved 1919.03 206 319.405 -0.3564815 -0.1764275
Moved 1919.061 219.4765 357.2776 -0.3252859 -0.07901854
Moved 1919.092 233.8921 397.8979 -0.2919164 0.02545741
Moved 1919.122 253.4937 439.7035 -0.2465423 0.1329821
Moved 1919.153 277.5072 477.5105 -0.1909555 0.2302224
Moved 1919.184 296.1494 505.2134 -0.1478023 0.3014748
Moved 1919.215 318.3189 535.1244 -0.09648392 0.3784063
Moved 1919.245 335.8201 554.5841 -0.05597199 0.4284571
Moved 1919.276 349.9308 571.2181 -0.02330825 0.4712398
Moved 1919.307 356.4183 579.4183 -0.008290906 0.492331
Moved 1919.338 356 582.0786 -0.009259283 0.4991733
Moved 1919.368 356 583.9502 -0.009259283 0.503987
Moved 1919.399 340.8923 584 -0.04423086 0.5041152
Moved 1919.43 320.8583 584 -0.09060577 0.5041152
Moved 1919.461 288.712 569.0848 -0.1650186 0.4657529
Moved 1919.491 263.2797 556.5884 -0.2238896 0.433612
Moved 1919.522 242.7673 549.186 -0.2713721 0.4145729
Moved 1919.553 228.0701 543.0351 -0.3053932 0.3987527
Moved 1919.583 222.2965 542 -0.3187581 0.3960905
Ended 1919.614 222 541 -0.3194444 0.3935184
Accept 1919.768 0 never
Candidates 1919.768 13 picture occur issue opposite page pair give luxury doctor player poster update pressure
Began 1920.751 353 410 -0.01620372 0.05658428
Moved 1920.782 339.5 443 -0.04745369 0.1414608
Moved 1920.813 333.8499 471.8339 -0.06053273 0.215622
Moved 1920.843 329.1049 488.3708 -0.07151654 0.2581554
Moved 1920.874 325.2379 502.0482 -0.08046771 0.2933339
Moved 1920.905 323.3645 514.542 -0.0848044 0.325468
Moved 1920.935 322 527 -0.08796295 0.3575102
Moved 1920.966 318.924 539.38 -0.09508331 0.3893518
Moved 1920.997 314.1168 554.6497 -0.1062112 0.4286256
Moved 1921.028 309.2299 568.0803 -0.1175233 0.4631695
Moved 1921.058 305.7333 578.067 -0.1256174 0.4888552
Moved 1921.089 298.5311 591.9377 -0.142289 0.5245312
Moved 1921.12 294.8997 603.4012 -0.1506951 0.5540153
Moved 1921.151 292.0295 613.8522 -0.157339 0.5808955
Moved 1921.181 290.5272 625.3641 -0.1608168 0.6105044
Moved 1921.212 290 634.032 -0.162037 0.6327982
Moved 1921.243 289 644.4305 -0.1643519 0.6595435
Moved 1921.273 289 651.4711 -0.1643519 0.6776519
Moved 1921.304 289 658.2626 -0.1643519 0.6951198
Moved 1921.335 289 664 -0.1643519 0.7098765
Moved 1921.366 289 667.7399 -0.1643519 0.7194957
Moved 1921.396 289 669.8921 -0.1643519 0.725031
Moved 1921.427 289 672.7645 -0.1643519 0.7324188
Moved 1921.458 289 674.6458 -0.1643519 0.7372577
Ended 1921.489 289 675.5 -0.1643519 0.7394547
Accept 1921.55 0 picture
Candidates 1921.55 0
Began 1923.24 390 489 0.06944448 0.2597736
Moved 1923.271 355.5945 480.3259 -0.01019791 0.2374636
Moved 1923.302 299.4349 462.6934 -0.140197 0.1921126
Moved 1923.332 255.6554 455.4713 -0.2415384 0.1735372
Moved 1923.363 221.424 451.7899 -0.3207778 0.1640685
Moved 1923.394 185.2853 452 -0.4044323 0.164609
Moved 1923.424 154.7779 452 -0.4750512 0.164609
Moved 1923.455 125.5 452 -0.542824 0.164609
Moved 1923.486 90.47784 465.7567 -0.6238939 0.1999913
Ended 1923.516 57 471.5 -0.7013888 0.2147633
Accept 1923.578 0 #
Delete 1923.578 LeftSwipe
Began 1924.315 325 428 -0.08101851 0.1028806
Moved 1924.346 341.5304 453.663 -0.04275372 0.1688863
Moved 1924.377 371.2464 482.372 0.02603342 0.2427263
Moved 1924.408 404.3187 507.562 0.1025896 0.3075154
Moved 1924.438 440.1673 531.7171 0.1855725 0.3696427
Moved 1924.469 461.0864 547.4053 0.2339963 0.409993
Moved 1924.5 474 557.5 0.2638889 0.4359567
Moved 1924.531 478.032 561.032 0.2732221 0.445041
Moved 1924.561 480.9709 564.9709 0.2800253 0.455172
Moved 1924.592 481 565.8421 0.2800926 0.4574127
Stationary 1924.623 481 566 0.2800926 0.4578188
Moved 1924.653 449.1435 546.0956 0.2063506 0.4066246
Moved 1924.684 390.0866 502.6181 0.06964485 0.2947996
Moved 1924.715 340.3434 459.2977 -0.04550129 0.1833787
Moved 1924.746 312.4717 430.4717 -0.1100191 0.1092379
Moved 1924.776 288.0669 404.6478 -0.1665119 0.04281845
Moved 1924.807 271.2323 383.643 -0.2054808 -0.01120634
Moved 1924.838 258.3546 363.8706 -0.2352902 -0.0620612
Moved 1924.869 249.9033 350.5056 -0.2548534 -0.09643633
Moved 1924.899 240.2889 334.1481 -0.277109 -0.1385079
Moved 1924.93 231.6412 322.6412 -0.2971268 -0.168104
Moved 1924.961 227.0814 312.1221 -0.307682 -0.1951593
Moved 1924.991 220.3605 300.7209 -0.3232396 -0.2244832
Moved 1925.022 216.312 293.6241 -0.3326111 -0.2427365
Moved 1925.053 214 289.4394 -0.3379629 -0.2534996
Moved 1925.084 212.9577 289 -0.3403757 -0.2546296
Stationary 1925.114 212.9577 289 -0.3403757 -0.2546296
Moved 1925.145 220.6348 313.3315 -0.3226045 -0.1920486
Moved 1925.176 238 353 -0.2824074 -0.09002065
Moved 1925.207 262.8981 400.5589 -0.224773 0.03230162
Moved 1925.237 283.6354 440.059 -0.1767699 0.1338965
Moved 1925.268 301.8172 472.6866 -0.1346824 0.2178154
Moved 1925.299 319.3246 500.5681 -0.09415596 0.289527
Moved 1925.329 333.6799 523.9399 -0.06092608 0.3496396
Moved 1925.36 344.8582 541.7164 -0.03505052 0.395361
Moved 1925.391 351.3113 551.3113 -0.0201127 0.4200393
Moved 1925.422 352 556.3778 -0.01851852 0.4330704
Moved 1925.452 352 559.5 -0.01851852 0.4411007
Moved 1925.483 352 561.429 -0.01851852 0.4460622
Moved 1925.514 344.4471 561 -0.0360022 0.4449587
Moved 1925.545 324.4333 561 -0.0823302 0.4449587
Moved 1925.575 296.0084 549.6685 -0.1481287 0.415814
Moved 1925.606 274.2357 543.9245 -0.1985286 0.4010403
Moved 1925.637 257.3561 537.7585 -0.2376016 0.3851814
Moved 1925.667 242.2695 532.0539 -0.2725242 0.3705089
Moved 1925.698 233.3631 529.1815 -0.2931411 0.3631211
Moved 1925.729 230.5 529 -0.2997685 0.3626543
Ended 1925.76 231 529 -0.2986111 0.3626543
Candidates 1925.852 13 picture occur pictures give occurred occurs luxury page oct focus ice issue touched
Began 1926.743 340 427 -0.04629632 0.1003086
Stationary 1926.774 340 427 -0.04629632 0.1003086
Moved 1926.804 323.0368 448.2843 -0.08556297 0.1550522
Moved 1926.835 318.1751 457.6498 -0.09681687 0.1791403
Moved 1926.866 314.2371 470.0518 -0.1059328 0.2110384
Moved 1926.897 311.3633 484.5467 -0.1125849 0.2483196
Moved 1926.927 310.501 497.9939 -0.114581 0.282906
Moved 1926.958 310 513.241 -0.1157407 0.3221219
Moved 1926.989 310 526.6394 -0.1157407 0.3565827
Moved 1927.02 310 545.6039 -0.1157407 0.4053598
Moved 1927.05 310 557.5349 -0.1157407 0.4360465
Moved 1927.081 310 565.8469 -0.1157407 0.457425
Moved 1927.112 318.0168 578.0839 -0.09718338 0.4888988
Moved 1927.142 319 590.4412 -0.09490739 0.520682
Moved 1927.173 320.3233 598.2934 -0.09184416 0.5408779
Moved 1927.204 320 605.6061 -0.09259259 0.5596863
Moved 1927.235 320 610.3421 -0.09259259 0.5718674
Moved 1927.265 320 615.0411 -0.09259259 0.5839533
Moved 1927.296 320 618.5609 -0.09259259 0.5930062
Moved 1927.327 320 622.8696 -0.09259259 0.6040883
Moved 1927.358 320 625.3035 -0.09259259 0.6103483
Moved 1927.388 313 630.7162 -0.1087963 0.6242701
Moved 1927.419 312 635.4905 -0.1111111 0.6365496
Moved 1927.45 311.3758 641.8726 -0.112556 0.6529643
Moved 1927.48 311 648.4927 -0.113426 0.6699913
Moved 1927.511 311 655.0558 -0.113426 0.6868717
Moved 1927.542 311 663.3303 -0.113426 0.7081538
Moved 1927.573 311 667.2066 -0.113426 0.7181238
Moved 1927.603 311 668.5 -0.113426 0.7214504
Moved 1927.634 311 671.14 -0.113426 0.7282405
Ended 1927.665 311 674.0137 -0.113426 0.7356318
Accept 1927.726 1 occur
Began 1928.218 219 439 -0.3263889 0.1311728
Moved 1928.249 237.3899 439 -0.2838196 0.1311728
Moved 1928.279 289.7251 459.3538 -0.1626733 0.183523
Moved 1928.31 339.5654 473.7894 -0.0473023 0.2206516
Moved 1928.341 378.7774 483.2563 0.04346619 0.2450008
Moved 1928.371 412.2954 490.2591 0.1210542 0.263012
Moved 1928.402 447.5942 496.9324 0.2027645 0.2801758
Moved 1928.433 454.09 498.015 0.2178008 0.2829604
Moved 1928.464 473.2365 501.7819 0.2621215 0.2926487
Moved 1928.494 499.6659 508.2997 0.3233007 0.3094129
Moved 1928.525 542 519 0.4212962 0.3369341
Ended 1928.556 542 519 0.4212962 0.3369341
PhraseEnd 1928.617
