the five boxing wizards jump quickly
the five boxing wizards jump quickly
FixStart
List

0.6 0.6
432 388.8
Began 262.4521 326 318 -0.07870371 -0.1800412
Stationary 262.4828 326 318 -0.07870371 -0.1800412
Stationary 262.5135 326 318 -0.07870371 -0.1800412
Moved 262.5443 311.9644 363.2793 -0.1111934 -0.06358213
Moved 262.5749 301.8423 430.4189 -0.1346242 0.109102
Moved 262.6057 300 465.7575 -0.1388889 0.1999936
Moved 262.6364 300 482.3373 -0.1388889 0.2426369
Moved 262.6671 300 488.6795 -0.1388889 0.2589492
Moved 262.6978 300 491.5 -0.1388889 0.2662036
Moved 262.7285 300 491 -0.1388889 0.2649176
Moved 262.7592 325.9931 442.218 -0.07871975 0.1394496
Moved 262.7899 334.3845 410.4622 -0.05929524 0.05777292
Moved 262.8207 340 371.626 -0.04629632 -0.04211426
Moved 262.8514 340 354.3596 -0.04629632 -0.08652361
Moved 262.8821 340 345.4391 -0.04629632 -0.1094674
Moved 262.9128 324.219 343 -0.08282641 -0.1157408
Moved 262.9435 296.2843 357.1438 -0.14749 -0.07936274
Moved 262.9743 263.4094 387.5906 -0.2235894 -0.001053163
Moved 263.0049 243.5755 409.7944 -0.2695012 0.05605544
Moved 263.0357 228.3361 429.1078 -0.3047775 0.10573
Moved 263.0663 214.6994 460.5873 -0.3363441 0.1866956
Ended 263.0971 214.6994 460.5873 -0.3363441 0.1866956
Candidates 263.1585 13 the further there tiger true other where trigger rude huge re trust ride
Began 263.5271 335 368 -0.05787035 -0.05144041
Stationary 263.5579 335 368 -0.05787035 -0.05144041
Stationary 263.5886 335 368 -0.05787035 -0.05144041
Moved 263.6193 318.899 368 -0.09514123 -0.05144041
Moved 263.65 304.9745 368 -0.1273739 -0.05144041
Moved 263.6807 292.8986 368 -0.1553273 -0.05144041
Moved 263.7114 286.0961 368 -0.1710739 -0.05144041
Moved 263.7421 283.5 368 -0.1770833 -0.05144041
Moved 263.7728 293.1144 383.6247 -0.1548277 -0.01125343
Moved 263.8035 344.4338 423.5471 -0.0360328 0.09142753
Moved 263.8343 417.9224 494.9224 0.1340797 0.2750061
Moved 263.865 439.7014 515.7014 0.1844939 0.3284499
Moved 263.8958 450.4636 525.4636 0.2094065 0.3535587
Moved 263.9263 451.5 526.5 0.2118056 0.3562242
Moved 263.9571 452.3745 526 0.2138299 0.3549381
Moved 263.9879 406.0201 447.0942 0.106528 0.1519913
Moved 264.0186 361.4013 358.8026 0.003243685 -0.07509639
Moved 264.0493 333.9453 299.3998 -0.06031175 -0.2278812
Moved 264.08 321.9517 275.913 -0.08807486 -0.2882897
Moved 264.1107 308.4562 258.4562 -0.1193144 -0.3331889
Moved 264.1414 296.9449 249.4724 -0.1459607 -0.3562952
Moved 264.1721 282.8276 248 -0.1786397 -0.3600824
Moved 264.2029 259.1735 275.7397 -0.2333946 -0.2887352
Moved 264.2336 237.7265 334.0941 -0.2830406 -0.138647
Moved 264.2643 233 394.5061 -0.2939815 0.01673377
Moved 264.295 233 428 -0.2939815 0.1028806
Moved 264.3257 233 456.828 -0.2939815 0.1770267
Moved 264.3565 232 468.7234 -0.2962963 0.2076218
Ended 264.3871 232 475.06 -0.2962963 0.2239197
Accept 264.4486 0 the
Candidates 264.4486 13 five rice dive river driver drive drove size juice founder force fine live
Began 264.6944 268 444 -0.212963 0.1440329
Moved 264.725 276.7749 430.2109 -0.1926508 0.1085672
Moved 264.7558 295.8851 393.2299 -0.1484141 0.01345124
Moved 264.7864 313.0028 343.7368 -0.1087898 -0.1138458
Moved 264.8172 319 297.5054 -0.09490739 -0.2327536
Moved 264.8479 319 275.1392 -0.09490739 -0.29028
Moved 264.8787 319 267.4384 -0.09490739 -0.3100866
Moved 264.9094 319 266 -0.09490739 -0.3137861
Moved 264.9401 319 303.7809 -0.09490739 -0.216613
Moved 264.9707 328.1616 391.1734 -0.07369994 0.00816196
Moved 265.0015 345.3771 458.9238 -0.03384923 0.1824172
Moved 265.0322 359.6401 496.2202 -0.0008331736 0.278344
Moved 265.063 379.6856 531.7468 0.04556854 0.3697189
Moved 265.0937 396.0573 555.4288 0.08346597 0.4306296
Moved 265.1244 401.1548 563.3095 0.0952656 0.4508988
Moved 265.1551 401 565.0383 0.09490739 0.4553452
Stationary 265.1858 401 565 0.09490739 0.4552468
Moved 265.2165 345.254 516.0789 -0.03413419 0.329421
Moved 265.2473 261.2464 418.8957 -0.2285962 0.07946415
Moved 265.278 235.996 387.4498 -0.2870463 -0.001415088
Moved 265.3087 203.7933 343.257 -0.3615896 -0.1150799
Moved 265.3394 189.2348 324.7286 -0.3952899 -0.1627351
Moved 265.3701 181.8975 315.4487 -0.4122743 -0.1866031
Moved 265.4008 179.5706 315 -0.4176607 -0.1877573
Moved 265.4315 179 334.3842 -0.4189815 -0.1379007
Moved 265.4622 239.0465 426.0067 -0.2799849 0.09775369
Moved 265.493 280.9216 484.2419 -0.1830518 0.2475356
Moved 265.5237 312.7459 517.7459 -0.1093844 0.3337085
Moved 265.5544 334.7742 538.3779 -0.05839298 0.3867744
Moved 265.5851 346.763 546.8223 -0.03064121 0.4084934
Moved 265.6158 352.624 550 -0.017074 0.4166666
Moved 265.6465 356.3635 550 -0.008417765 0.4166666
Moved 265.6772 360 473.5816 0 0.2201172
Moved 265.7079 327.6262 351.7573 -0.07493928 -0.09321691
Moved 265.7387 321.0562 307.8431 -0.09014765 -0.2061649
Moved 265.7694 318.1789 285.8947 -0.09680802 -0.2626166
Moved 265.8001 318 278.215 -0.09722222 -0.2823688
Moved 265.8308 315.7381 276 -0.1024581 -0.288066
Moved 265.8616 293.8369 314.3262 -0.1531554 -0.1894902
Moved 265.8922 279.2345 354.8026 -0.1869571 -0.08538423
Moved 265.923 270.3882 389.4474 -0.2074348 0.003722705
Moved 265.9537 265.1793 424.7453 -0.2194925 0.09450943
Moved 265.9844 262.7038 438.4812 -0.2252228 0.1298384
Ended 266.0151 263 448 -0.2245371 0.1543209
Accept 266.1073 0 five
Candidates 266.1073 13 moving mixing boxing missing bidding building binding clicking mining nothing choosing nursing blocking
Began 266.3838 323 377 -0.08564815 -0.02829226
Moved 266.4145 307.6528 377 -0.1211742 -0.02829226
Moved 266.4452 293.648 394.0816 -0.1535926 0.01564194
Moved 266.4759 281.5418 401.5937 -0.1816162 0.03496319
Moved 266.5066 274.6258 406.6871 -0.1976255 0.04806346
Moved 266.5374 269.8909 410.5546 -0.2085859 0.05801071
Moved 266.5681 265.1313 414.8687 -0.2196034 0.06910657
Moved 266.5988 259.1443 420.8557 -0.2334623 0.08450535
Moved 266.6295 250.5482 443.1729 -0.2533608 0.1419054
Moved 266.6602 247 478.4854 -0.2615741 0.2327297
Moved 266.6909 266.5 534.5 -0.2164352 0.3768003
Moved 266.7216 289.9619 583.9238 -0.1621252 0.5039192
Moved 266.7523 302.0065 604.0162 -0.1342442 0.5555972
Moved 266.7831 310.6167 613.6167 -0.1143132 0.5802898
Moved 266.8138 316.6186 618.6187 -0.1004199 0.5931549
Moved 266.8445 325.8489 623.5659 -0.07905344 0.6058792
Moved 266.8752 347.6016 627.1602 -0.02869994 0.6151237
Moved 266.9059 364.1457 628 0.009596546 0.6172838
Moved 266.9367 374.1516 628 0.03275832 0.6172838
Moved 266.9673 383.2367 628 0.05378862 0.6172838
Moved 266.998 390.5624 628 0.07074624 0.6172838
Moved 267.0288 394.7422 621 0.08042177 0.5992797
Moved 267.0595 397.7014 619.2986 0.08727182 0.5949037
Moved 267.0902 400.5 617.5 0.09374996 0.5902777
Moved 267.1209 402.4478 616.5522 0.09825875 0.5878399
Ended 267.1517 404 616 0.1018518 0.5864196
Expand 267.1517
Accept 267.2438 2 boxing
Began 267.3666 294 377 -0.1527778 -0.02829226
Stationary 267.3974 294 377 -0.1527778 -0.02829226
Moved 267.4281 277.5901 393.8918 -0.1907635 0.01515377
Moved 267.4588 257.1417 417.2155 -0.2380978 0.0751427
Moved 267.4895 238.697 447.8383 -0.280794 0.1539051
Moved 267.5202 220.9878 481.222 -0.3217876 0.2397685
Moved 267.551 212.6455 498.709 -0.3410983 0.2847453
Moved 267.5817 209.5 506 -0.3483796 0.3034978
Moved 267.6124 210 514.1982 -0.3472222 0.3245837
Moved 267.6431 240.0903 530.6789 -0.2775688 0.3669724
Moved 267.6738 293.3224 541 -0.1543462 0.3935184
Moved 267.7045 325.0786 541 -0.08083646 0.3935184
Moved 267.7353 356.3535 503.6798 -0.008441061 0.2975303
Moved 267.766 347.1429 399.1648 -0.02976189 0.028716
Moved 267.7967 313.5625 302.1876 -0.1074941 -0.220711
Moved 267.8274 296.5517 279.059 -0.1468712 -0.280198
Moved 267.8581 269.3995 258.8397 -0.2097234 -0.3322026
Moved 267.8888 233.9113 242.812 -0.291872 -0.373426
Moved 267.9196 210.2358 237.1765 -0.3466764 -0.3879206
Moved 267.9503 187.9607 237 -0.3982391 -0.3883744
Moved 267.981 168.5004 251.4996 -0.4432861 -0.3510812
Moved 268.0117 148 323.188 -0.4907407 -0.1666975
Moved 268.0424 148 359.133 -0.4907407 -0.07424649
Moved 268.0732 161.2258 400.0646 -0.4601254 0.03103033
Moved 268.1038 175.1271 429.8785 -0.4279465 0.1077122
Moved 268.1346 199.5 458.5 -0.3715278 0.181327
Moved 268.1652 239.9007 492.6305 -0.2780076 0.2691113
Moved 268.1959 250.8748 496.9583 -0.2526047 0.2802423
Moved 268.2267 257.6615 497 -0.2368946 0.2803498
Moved 268.2574 265.993 473.283 -0.2176087 0.2193492
Moved 268.2881 256.5354 424.0708 -0.2395014 0.09277464
Moved 268.3189 241.5383 396.3537 -0.2742168 0.02148573
Moved 268.3496 229.1539 382.1154 -0.3028845 -0.01513532
Moved 268.3803 213.9916 372.9972 -0.3379825 -0.03858747
Moved 268.411 199.1275 367.251 -0.3723902 -0.0533669
Moved 268.4417 186.029 367 -0.4027106 -0.05401234
Moved 268.4724 177.7062 367 -0.4219764 -0.05401234
Moved 268.5031 170.093 367 -0.4395996 -0.05401234
Moved 268.5339 164.4901 367 -0.4525692 -0.05401234
Ended 268.5646 163 367 -0.4560185 -0.05401234
Candidates 268.626 13 fixed rivers truncated related wizards gives tubes rivera roberts subsets educated funded drivers
Began 269.2096 305 351 -0.1273148 -0.09516476
Stationary 269.2403 305 351 -0.1273148 -0.09516476
Stationary 269.271 305 351 -0.1273148 -0.09516476
Moved 269.3018 294.5 378.5 -0.1516204 -0.02443423
Moved 269.3325 292.9033 396.6768 -0.1553164 0.02231688
Moved 269.3632 290.0244 406.9025 -0.1619806 0.04861737
Moved 269.3939 285.7149 423.4254 -0.1719562 0.09111455
Moved 269.4246 282.2341 430.787 -0.1800136 0.1100489
Moved 269.4554 276.7746 454.5775 -0.1926513 0.1712384
Moved 269.4861 271.9045 489.1459 -0.2039247 0.2601489
Moved 269.5168 272 509.7948 -0.2037037 0.3132581
Moved 269.5475 280.562 532.2068 -0.1838842 0.3709022
Moved 269.5782 291.5691 557.1381 -0.1584049 0.435026
Moved 269.6089 300.5301 570.7951 -0.1376619 0.4701519
Moved 269.6396 303.8397 574.8397 -0.1300008 0.4805546
Moved 269.6703 304.6548 576.6548 -0.1281138 0.4852233
Moved 269.7011 306.2616 578.2616 -0.1243944 0.4893559
Moved 269.7318 306.3913 579 -0.1240943 0.4912551
Moved 269.7625 307.5 579 -0.1215278 0.4912551
Moved 269.7932 307 580.1202 -0.1226852 0.4941363
Moved 269.8239 308.3745 580 -0.1195034 0.4938271
Moved 269.8546 308 581.0344 -0.1203704 0.4964875
Moved 269.8854 309.2917 581 -0.1173804 0.496399
Moved 269.9161 310.9972 581 -0.1134324 0.496399
Moved 269.9468 347.4893 581 -0.02895991 0.496399
Moved 269.9775 403.6481 588.385 0.1010372 0.5153934
Moved 270.0083 441.1708 597.4824 0.1878953 0.5387921
Moved 270.039 468.0639 602.1182 0.2501479 0.5507155
Expand 270.039
Moved 270.0697 486.9523 603 0.293871 0.5529835
Moved 270.1004 495.5952 603 0.3138779 0.5529835
Moved 270.1311 502.8387 603 0.3306451 0.5529835
Moved 270.1618 505.7094 603 0.3372903 0.5529835
Moved 270.1925 506.847 603 0.3399235 0.5529835
Moved 270.2232 509.5 603 0.3460647 0.5529835
Moved 270.2539 510.0493 603 0.3473363 0.5529835
Moved 270.2846 511.3745 603 0.350404 0.5529835
Moved 270.3154 512.2495 603 0.3524293 0.5529835
Moved 270.3461 513.1252 603 0.3544566 0.5529835
Moved 270.3768 514.1795 603 0.356897 0.5529835
Moved 270.4075 515.1995 603 0.3592581 0.5529835
Ended 270.4383 515 603 0.3587963 0.5529835
Accept 270.4997 4 wizards
Began 270.684 296 364 -0.1481481 -0.06172839
Stationary 270.7147 296 364 -0.1481481 -0.06172839
Moved 270.7455 296 383.9303 -0.1481481 -0.01046742
Moved 270.7762 296 407.4169 -0.1481481 0.04994043
Moved 270.8069 314.7873 424.7874 -0.1046589 0.09461764
Moved 270.8376 328.3548 436.2661 -0.07325287 0.124141
Moved 270.8683 337.8862 439 -0.05118941 0.1311728
Moved 270.899 352.0208 439 -0.01847034 0.1311728
Moved 270.9297 368.3032 430.8484 0.01922031 0.1102067
Moved 270.9604 384.2709 421.2374 0.05618274 0.08548709
Moved 270.9911 396 411 0.08333336 0.05915629
Moved 271.0219 400.084 408.9161 0.09278695 0.05379649
Moved 271.0526 401.9566 409 0.09712179 0.05401234
Moved 271.0833 402 449.8718 0.09722222 0.1591351
Moved 271.114 402 475.6605 0.09722222 0.2254642
Moved 271.1447 396.2061 497.7938 0.08381049 0.2823914
Moved 271.1754 394 510.804 0.07870366 0.3158537
Moved 271.2061 392.4319 516.5681 0.07507384 0.3306792
Moved 271.2369 390.5492 518 0.07071564 0.3343621
Moved 271.2676 390.0131 518 0.06947478 0.3343621
Moved 271.2983 376.7075 439.8109 0.03867477 0.1332584
Moved 271.329 373 380.1252 0.0300926 -0.02025424
Moved 271.3598 373 349.9571 0.0300926 -0.09784706
Moved 271.3905 373 299.6736 0.0300926 -0.2271771
Moved 271.4212 381 275.1628 0.04861106 -0.2902191
Moved 271.4519 382.8459 267.3083 0.05288392 -0.3104211
Moved 271.4826 383 266 0.05324075 -0.3137861
Moved 271.5133 405.1759 347.5863 0.1045739 -0.1039448
Moved 271.544 447.1595 449.4639 0.2017581 0.1580862
Moved 271.5748 457.9794 465.2139 0.2268041 0.1985954
Moved 271.6055 474.6157 488.6619 0.2653141 0.258904
Moved 271.6362 489.674 510.5109 0.3001712 0.3151001
Moved 271.6669 492.5587 513.5587 0.3068488 0.3229388
Ended 271.6976 494 516 0.3101851 0.329218
Candidates 271.7591 13 pump jump ohio imo trump dump go i dunno p o up tivo
Began 272.0969 343 388 -0.03935183 -3.924585E-08
Stationary 272.1277 343 388 -0.03935183 -3.924585E-08
Stationary 272.1584 343 388 -0.03935183 -3.924585E-08
Stationary 272.1891 343 388 -0.03935183 -3.924585E-08
Stationary 272.2198 343 388 -0.03935183 -3.924585E-08
Stationary 272.2505 343 388 -0.03935183 -3.924585E-08
Moved 272.2812 334.6858 405.5712 -0.05859778 0.04519329
Moved 272.3119 333 437.8942 -0.06249999 0.1283286
Moved 272.3427 342.0641 487.0085 -0.04151831 0.2546513
Moved 272.3734 353.2361 525.0313 -0.01565715 0.3524467
Moved 272.4041 358.4309 546.5853 -0.003632208 0.4078839
Moved 272.4348 359 551.9557 -0.002314796 0.4216966
Moved 272.4655 359 554.851 -0.002314796 0.4291433
Moved 272.4963 359 558.4335 -0.002314796 0.4383577
Moved 272.5269 348 562.5 -0.0277778 0.4488167
Moved 272.5577 336.5 571 -0.05439813 0.4706789
Moved 272.5884 330.1871 580.2194 -0.06901135 0.4943912
Moved 272.6191 326.4487 582.7009 -0.07766505 0.5007738
Moved 272.6498 322.3369 586.6631 -0.08718307 0.5109646
Moved 272.6806 319.7027 588.2973 -0.09328077 0.5151678
Moved 272.7113 316.8338 590 -0.09992177 0.5195472
Moved 272.742 312.9073 591 -0.109011 0.5221192
Moved 272.7727 311.4268 592 -0.1124381 0.5246913
Moved 272.8034 308.5578 592 -0.1190791 0.5246913
Moved 272.8341 308 594.1598 -0.1203704 0.5302462
Ended 272.8649 308 598.5 -0.1203704 0.5414093
Accept 272.9263 1 jump
Began 273.0492 294 393 -0.1527778 0.01285996
Stationary 273.0799 294 393 -0.1527778 0.01285996
Stationary 273.1106 294 393 -0.1527778 0.01285996
Moved 273.1413 269.3604 405.9838 -0.2098139 0.0462545
Moved 273.1721 240.6754 427.548 -0.2762142 0.101718
Moved 273.2028 201.954 460.2922 -0.3658473 0.1859366
Moved 273.2335 179.2337 481.5108 -0.4184404 0.2405113
Moved 273.2642 170.0107 489.9893 -0.4397902 0.2623181
Moved 273.2949 169 493.0134 -0.4421296 0.2700961
Moved 273.3256 169 497.7849 -0.4421296 0.2823684
Moved 273.3564 192.5611 505.2683 -0.3875901 0.301616
Moved 273.3871 222.9514 509.246 -0.3172421 0.3118466
Moved 273.4178 304.4243 509 -0.1286473 0.3112139
Moved 273.4484 358.8373 499.8712 -0.002691498 0.2877346
Moved 273.4792 379.6066 496.1311 0.04538576 0.2781149
Moved 273.5099 390.8461 490.6154 0.07140298 0.2639285
Moved 273.5406 396.6836 473.9237 0.08491576 0.2209971
Moved 273.5713 339.0296 346.8521 -0.04854266 -0.1058333
Moved 273.602 314.2534 305.88 -0.105895 -0.2112141
Moved 273.6328 293.4854 283.4854 -0.1539691 -0.2688135
Moved 273.6635 281.6065 272.071 -0.1814665 -0.2981713
Moved 273.6942 276.674 268.674 -0.1928842 -0.3069085
Moved 273.7249 276 268 -0.1944444 -0.308642
Moved 273.7556 281.9842 273.2361 -0.1805921 -0.2951745
Moved 273.7863 307.6031 293.7354 -0.121289 -0.2424501
Moved 273.817 335.9311 313.4518 -0.05571499 -0.1917393
Moved 273.8478 436.64 390.5091 0.1774075 0.006453431
Moved 273.8785 460.2445 411.3525 0.2320475 0.06006287
Moved 273.9091 477.0301 422.2726 0.270903 0.08814953
Moved 273.9399 485.7361 427.4907 0.2910558 0.1015707
Moved 273.9706 488 430.1949 0.2962963 0.108526
Moved 274.0014 488 431.0306 0.2962963 0.1106755
Stationary 274.032 488 431 0.2962963 0.1105966
Moved 274.0628 444.2679 441.8928 0.1950646 0.1386131
Moved 274.0935 411.5531 455.3787 0.1193359 0.1732991
Moved 274.1242 383.5707 471.5459 0.05456179 0.2148814
Moved 274.1549 367.2486 482.9595 0.0167792 0.2442373
Moved 274.1857 350.0339 496.9661 -0.02306968 0.2802626
Moved 274.2164 341.065 508.4025 -0.04383102 0.3096772
Ended 274.2471 339 513 -0.04861111 0.321502
Candidates 274.3085 13 submit quickly terribly strongly rocky robot funny summit enjoy wildly assembly strictly dunno
Began 274.8307 294 392 -0.1527778 0.01028803
Stationary 274.8614 294 392 -0.1527778 0.01028803
Moved 274.8921 294 401.4591 -0.1527778 0.03461704
Moved 274.9228 286.1833 436.2496 -0.1708719 0.1240987
Moved 274.9535 284.6329 478.6071 -0.1744608 0.2330429
Moved 274.9843 282.7552 497.7137 -0.1788074 0.2821853
Moved 275.015 280.887 508.3391 -0.1831319 0.3095139
Moved 275.0457 279.279 517.163 -0.1868541 0.3322092
Moved 275.0764 273.9979 530.0042 -0.1990789 0.3652369
Moved 275.1071 268.2421 540.1368 -0.2124026 0.3912984
Moved 275.1378 263.7532 549.7404 -0.2227935 0.4159988
Moved 275.1685 259.3641 557.4538 -0.2329535 0.4358378
Moved 275.1992 255.3201 566.0398 -0.2423147 0.4579212
Moved 275.2299 251.4444 573.6669 -0.2512862 0.4775383
Moved 275.2607 247.5683 579.8634 -0.2602586 0.4934757
Moved 275.2914 246 582.9542 -0.2638889 0.5014253
Moved 275.3221 244 586.6583 -0.2685185 0.5109522
Moved 275.3528 242.3046 589.6954 -0.272443 0.5187637
Moved 275.3836 240.8549 591 -0.2757988 0.5221192
Moved 275.4142 241 593.5 -0.275463 0.5285493
Moved 275.445 240 595.5 -0.2777777 0.5336933
Moved 275.4757 240 596.1877 -0.2777777 0.5354622
Moved 275.5064 238.8449 598.1551 -0.2804516 0.5405223
Moved 275.5371 239 599.0796 -0.2800926 0.5429001
Moved 275.5678 239 600.0363 -0.2800926 0.5453606
Stationary 275.5986 239 600 -0.2800926 0.5452674
Ended 275.6293 239 600 -0.2800926 0.5452674
Accept 275.8443 1 quickly
Began 275.8751 101 549 -0.5995371 0.4140946
Stationary 275.9058 101 549 -0.5995371 0.4140946
Moved 275.9364 146.1612 549 -0.4949973 0.4140946
Moved 275.9671 226.2041 567.38 -0.3097129 0.4613682
Moved 275.9979 289.9344 575.2986 -0.1621888 0.4817351
Moved 276.0286 341.8425 577.518 -0.04203116 0.4874433
Moved 276.0593 396.3281 580.7714 0.08409272 0.495811
Ended 276.0901 432 581 0.1666667 0.496399
PhraseEnd 276.1515
