presidents drive expensive cars
presidents drive expensive cars
FixStart
Radial

0.6 0.6
432 388.8
Began 1088.82 349 358 -0.02546296 -0.07716057
Stationary 1088.85 349 358 -0.02546296 -0.07716057
Stationary 1088.881 349 358 -0.02546296 -0.07716057
Stationary 1088.912 349 358 -0.02546296 -0.07716057
Stationary 1088.943 349 358 -0.02546296 -0.07716057
Stationary 1088.973 349 358 -0.02546296 -0.07716057
Stationary 1089.004 349 358 -0.02546296 -0.07716057
Stationary 1089.035 349 358 -0.02546296 -0.07716057
Stationary 1089.066 349 358 -0.02546296 -0.07716057
Moved 1089.096 349 371.2152 -0.02546296 -0.04317083
Moved 1089.127 349 380.2573 -0.02546296 -0.01991429
Moved 1089.158 349 386.8552 -0.02546296 -0.002944617
Moved 1089.188 360.4739 394.4739 0.001097023 0.01665084
Moved 1089.219 365.3617 402.085 0.01241128 0.03622691
Moved 1089.25 374.7425 409.495 0.03412624 0.05528544
Moved 1089.281 384.3161 417.2107 0.05628725 0.07513031
Moved 1089.311 396.4495 423.2247 0.08437385 0.09059847
Moved 1089.342 408.9186 429.9593 0.1132375 0.1079199
Moved 1089.373 424.1374 437.0687 0.1484662 0.1262054
Moved 1089.404 434.6768 441.8384 0.1728629 0.1384731
Moved 1089.434 447.0683 447.5342 0.2015471 0.1531228
Moved 1089.465 456.9202 452.2801 0.2243523 0.1653294
Moved 1089.496 464.03 456.515 0.2408102 0.1762217
Moved 1089.527 469.0559 459.028 0.2524444 0.1826849
Moved 1089.557 474.8052 461.9026 0.2657527 0.1900786
Moved 1089.588 479.5528 464.7764 0.2767426 0.1974701
Moved 1089.619 482.5 466 0.2835649 0.2006171
Moved 1089.65 487.4403 467 0.2950008 0.2031892
Moved 1089.68 492.1725 469.0862 0.3059548 0.2085551
Moved 1089.711 498.9388 470.9694 0.3216175 0.2133985
Moved 1089.742 503.9904 472.4952 0.3333112 0.2173229
Moved 1089.772 509.7513 474.3757 0.3466466 0.2221596
Moved 1089.803 517.7132 477.2377 0.3650769 0.2295209
Moved 1089.834 524.2137 480.1069 0.3801242 0.2369004
Moved 1089.865 529.194 482.597 0.3916529 0.2433049
Moved 1089.895 533.4675 484 0.401545 0.2469135
Moved 1089.926 537.3372 485 0.4105027 0.2494856
Moved 1089.957 539.9142 486 0.4164682 0.2520575
Moved 1089.987 542.7636 487.7636 0.4230639 0.2565935
Moved 1090.018 545.6367 488 0.4297145 0.2572016
Moved 1090.049 549.499 489 0.438655 0.2597736
Moved 1090.08 552.0087 490 0.4444644 0.2623456
Moved 1090.11 556.7634 490.8817 0.4554709 0.2646134
Moved 1090.141 561.5053 491.7526 0.4664474 0.2668534
Moved 1090.172 566 492 0.4768519 0.2674896
Moved 1090.203 569.1981 494.1981 0.4842547 0.2731431
Moved 1090.233 574.1385 498.1385 0.4956911 0.2832781
Moved 1090.264 575.9407 500.9407 0.4998626 0.2904852
Moved 1090.295 577 503.4776 0.5023147 0.2970102
Moved 1090.326 578.345 506.345 0.5054283 0.3043853
Moved 1090.356 578 508.1085 0.5046296 0.308921
Moved 1090.387 578 510.0427 0.5046296 0.3138959
Stationary 1090.418 578 510.0427 0.5046296 0.3138959
Moved 1090.448 569.5433 512 0.485054 0.31893
Moved 1090.479 564.3522 512 0.4730375 0.31893
Moved 1090.51 560.191 512 0.4634052 0.31893
Moved 1090.541 551.7648 512 0.4439 0.31893
Moved 1090.571 544.77 512 0.4277084 0.31893
Moved 1090.602 539.5131 512 0.4155396 0.31893
Moved 1090.633 533.988 504.972 0.40275 0.3008538
Moved 1090.664 529.2546 503 0.3917931 0.2957818
Moved 1090.694 524.5088 502 0.3808074 0.2932098
Moved 1090.725 521.5 501 0.3738426 0.2906378
Moved 1090.756 515.6339 498.817 0.3602636 0.2850229
Moved 1090.786 510.955 499 0.3494329 0.2854938
Moved 1090.817 501.2989 498 0.3270808 0.2829217
Moved 1090.848 493.3289 497 0.3086317 0.2803498
Moved 1090.879 490.3445 495.6722 0.3017232 0.2769347
Moved 1090.909 482.5929 494.7964 0.2837798 0.2746821
Moved 1090.94 474.7865 495 0.2657096 0.2752057
Moved 1090.971 468.8614 494 0.251994 0.2726337
Moved 1091.002 462.0954 494 0.2363318 0.2726337
Moved 1091.032 455.3628 494 0.2207473 0.2726337
Moved 1091.063 448.3022 494 0.2044033 0.2726337
Moved 1091.094 441.7976 494 0.1893463 0.2726337
Moved 1091.125 435.1873 493.3958 0.1740447 0.2710796
Moved 1091.155 428.5729 493 0.1587335 0.2700616
Moved 1091.186 423.0057 492.0029 0.1458465 0.267497
Moved 1091.217 417.2625 492 0.1325522 0.2674896
Moved 1091.247 410.5265 491 0.1169595 0.2649176
Moved 1091.278 404 491 0.1018518 0.2649176
Moved 1091.309 393.287 489.8218 0.07705332 0.2618872
Moved 1091.34 381.7406 489 0.05032539 0.2597736
Moved 1091.37 370.229 488 0.02367814 0.2572016
Moved 1091.401 361.1573 487 0.002678832 0.2546296
Moved 1091.432 350.992 486 -0.02085184 0.2520575
Moved 1091.463 342.376 484.792 -0.0407963 0.2489505
Moved 1091.493 334.7569 485 -0.05843317 0.2494856
Moved 1091.524 328.8386 484 -0.0721328 0.2469135
Moved 1091.555 322.0959 483 -0.08774087 0.2443414
Moved 1091.586 314.0294 482 -0.1064135 0.2417695
Moved 1091.616 307.299 480.0997 -0.1219932 0.2368818
Moved 1091.647 299.7853 478.2618 -0.1393858 0.2321547
Moved 1091.678 292.7742 476.3871 -0.1556153 0.227333
Moved 1091.708 286.5431 474.5143 -0.1700392 0.2225163
Moved 1091.739 280.9919 472.996 -0.182889 0.218611
Moved 1091.77 274.2515 471.1257 -0.1984919 0.2138006
Moved 1091.801 266.7604 470 -0.2158323 0.2109053
Moved 1091.831 259.5 468.5 -0.2326389 0.2070472
Moved 1091.862 253.4435 469 -0.2466587 0.2083333
Moved 1091.893 244.8275 469 -0.2666031 0.2083333
Moved 1091.923 237.2299 469 -0.2841901 0.2083333
Moved 1091.954 232.3102 469 -0.2955783 0.2083333
Moved 1091.985 227.3399 469 -0.3070836 0.2083333
Moved 1092.016 223.7983 468 -0.3152817 0.2057612
Moved 1092.046 220.9265 468 -0.3219294 0.2057612
Moved 1092.077 218.4236 467 -0.3277231 0.2031892
Moved 1092.108 216.5496 465.5496 -0.3320611 0.1994589
Moved 1092.139 213.6972 462.3944 -0.3386639 0.1913436
Moved 1092.169 211.1116 453.3349 -0.3446489 0.1680423
Moved 1092.2 209.2742 440.371 -0.3489023 0.134699
Moved 1092.231 208 426.4469 -0.3518518 0.09888601
Moved 1092.262 208 411.67 -0.3518518 0.06087966
Moved 1092.292 208 399.1111 -0.3518518 0.02857793
Moved 1092.323 208 387.6318 -0.3518518 -0.0009470024
Moved 1092.354 215.7159 374.1364 -0.333991 -0.03565737
Moved 1092.385 219.5 361.5 -0.3252315 -0.06815843
Moved 1092.415 226.1606 347.6788 -0.3098134 -0.1037069
Moved 1092.446 228.0136 342.9591 -0.305524 -0.115846
Moved 1092.477 231.8818 335.2364 -0.2965699 -0.1357089
Moved 1092.507 234.313 330.3739 -0.290942 -0.1482154
Moved 1092.538 238.2916 324.4169 -0.2817325 -0.1635369
Moved 1092.569 240 319.8405 -0.2777777 -0.1753074
Moved 1092.599 242 316.9686 -0.2731481 -0.1826939
Moved 1092.63 244 313.4688 -0.2685185 -0.1916954
Moved 1092.661 245 310.5921 -0.2662037 -0.1990944
Moved 1092.692 246 307.7258 -0.2638889 -0.2064666
Moved 1092.723 247.8621 306.1379 -0.2595785 -0.2105508
Moved 1092.753 248.6857 303.3143 -0.2576721 -0.217813
Moved 1092.784 249 301.8755 -0.2569445 -0.2215137
Moved 1092.815 250.5 299.5 -0.2534722 -0.2276234
Moved 1092.845 250 298.6266 -0.2546296 -0.2298699
Moved 1092.876 251 298 -0.2523148 -0.2314816
Moved 1092.907 252.5 297 -0.2488426 -0.2340535
Stationary 1092.938 252.5 297 -0.2488426 -0.2340535
Moved 1092.968 254.1346 297 -0.2450587 -0.2340535
Moved 1092.999 256.0092 297 -0.2407195 -0.2340535
Moved 1093.03 261.7332 306.5997 -0.2274695 -0.2093629
Moved 1093.061 267.918 311.612 -0.2131529 -0.1964712
Moved 1093.091 279.1086 323.3857 -0.1872486 -0.1661891
Moved 1093.122 293.7563 336.7563 -0.1533419 -0.1317997
Moved 1093.153 311.1774 352.1478 -0.1130152 -0.09221245
Moved 1093.183 329.124 365.6033 -0.07147232 -0.0576046
Moved 1093.214 347.3772 378.981 -0.02921954 -0.0231972
Moved 1093.245 365.6007 396.6007 0.01296461 0.02212116
Moved 1093.276 378.3129 405.5877 0.04239092 0.04523579
Moved 1093.306 391.7231 416.0423 0.07343302 0.07212517
Moved 1093.337 406.3242 426.7701 0.1072319 0.09971736
Moved 1093.368 420.1267 439.1267 0.1391823 0.1314986
Moved 1093.399 430.774 447.8305 0.1638287 0.153885
Moved 1093.429 440.2953 456.4715 0.1858688 0.1761097
Moved 1093.46 450.0677 464.0677 0.2084902 0.1956475
Moved 1093.491 459.5 470 0.2303241 0.2109053
Moved 1093.521 466.3356 475.2238 0.2461472 0.2243409
Moved 1093.552 474.9507 480.9672 0.2660896 0.239113
Moved 1093.583 485.4302 489.5726 0.2903476 0.2612464
Moved 1093.614 493.8815 497.8815 0.3099109 0.2826171
Moved 1093.644 504.8155 509.0873 0.335221 0.3114384
Moved 1093.675 512.4128 518.4128 0.3528073 0.3354237
Moved 1093.706 515.9979 525.9957 0.3611062 0.3549272
Moved 1093.737 517 530.9983 0.3634259 0.3677939
Moved 1093.767 517 534.3748 0.3634259 0.3764782
Moved 1093.798 506.8932 536.123 0.3400307 0.3809746
Moved 1093.829 491.9804 536 0.3055101 0.3806583
Moved 1093.859 469.0522 531.374 0.2524357 0.3687602
Moved 1093.89 446.764 520.882 0.2008425 0.3417745
Moved 1093.921 424.2035 508.402 0.1486192 0.3096759
Moved 1093.952 402.6835 495.4272 0.09880443 0.2763044
Moved 1093.982 382.4648 481.837 0.05200177 0.2413503
Moved 1094.013 364.6891 467.6891 0.0108544 0.2049616
Moved 1094.044 347 452.5 -0.0300926 0.165895
Moved 1094.074 333.5272 439.6218 -0.06127963 0.132772
Moved 1094.105 320.1385 426.1108 -0.09227186 0.09802162
Moved 1094.136 308.6473 411.8091 -0.1188719 0.06123747
Moved 1094.167 300.1595 401.8793 -0.1385197 0.03569764
Moved 1094.198 290.2601 388.0134 -0.161435 3.441862E-05
Moved 1094.228 283.6743 377.6744 -0.1766797 -0.02655775
Moved 1094.259 279.0143 366.0573 -0.1874669 -0.05643695
Moved 1094.29 275.5132 358.0527 -0.1955713 -0.07702509
Moved 1094.32 270.2634 349.8951 -0.2077236 -0.0980064
Moved 1094.351 267.7746 342.3239 -0.2134847 -0.11748
Moved 1094.382 264.1715 333.6859 -0.2218253 -0.1396968
Moved 1094.413 260.3574 326.7148 -0.2306541 -0.1576265
Moved 1094.443 256.9743 319.4615 -0.2384853 -0.1762823
Moved 1094.474 253.6154 313.2307 -0.2462608 -0.1923079
Moved 1094.505 251.1014 308.2028 -0.2520802 -0.2052399
Moved 1094.536 248.229 302.4579 -0.2587292 -0.2200156
Moved 1094.566 245.3588 299.3588 -0.2653731 -0.2279865
Moved 1094.597 243.5 296.5 -0.2696759 -0.2353395
Moved 1094.628 242.6752 297 -0.2715852 -0.2340535
Moved 1094.658 241.5 297 -0.2743055 -0.2340535
Moved 1094.689 239.1791 307.4627 -0.279678 -0.2071433
Moved 1094.72 236.7255 319.0979 -0.2853576 -0.1772174
Moved 1094.751 234.7802 336.099 -0.2898607 -0.1334903
Moved 1094.781 235 350.4667 -0.2893518 -0.09653641
Moved 1094.812 234 364.8232 -0.2916667 -0.05961123
Moved 1094.843 234 380.7956 -0.2916667 -0.01852993
Moved 1094.874 234 399.3494 -0.2916667 0.02919087
Moved 1094.904 234 411.8069 -0.2916667 0.06123158
Moved 1094.935 234 425.0519 -0.2916667 0.09529816
Moved 1094.966 243.6242 438.4968 -0.2693885 0.1298785
Moved 1094.996 248.9951 450.9902 -0.2569557 0.1620118
Moved 1095.027 252.3478 462.3911 -0.2491949 0.1913351
Moved 1095.058 255.7324 468.7324 -0.2413602 0.2076449
Moved 1095.089 257.7427 475.4855 -0.2367066 0.2250139
Moved 1095.119 259 479.6122 -0.2337963 0.2356281
Moved 1095.15 260.4852 482.4852 -0.2303583 0.2430175
Moved 1095.181 261.0445 485.0445 -0.2290636 0.2495999
Moved 1095.212 261 486.9237 -0.2291666 0.2544334
Moved 1095.242 262 488.7925 -0.2268519 0.25924
Moved 1095.273 262 491.2461 -0.2268519 0.2655506
Moved 1095.304 264 494.2004 -0.2222222 0.2731492
Moved 1095.334 266 497.0676 -0.2175926 0.2805237
Moved 1095.365 267.9359 498.9359 -0.2131113 0.285329
Moved 1095.396 269.4454 500 -0.2096172 0.2880658
Moved 1095.427 274.6176 501 -0.1976443 0.2906378
Moved 1095.457 283.7332 501 -0.1765436 0.2906378
Moved 1095.488 293.3745 501 -0.1542256 0.2906378
Moved 1095.519 304.3934 491.8033 -0.1287191 0.2669839
Moved 1095.55 314.8705 484.5971 -0.1044664 0.2484492
Moved 1095.58 323.6806 476.3195 -0.08407275 0.2271591
Moved 1095.611 332.5642 466.5811 -0.06350885 0.2021119
Moved 1095.642 342.9024 455.0976 -0.03957778 0.172576
Moved 1095.672 350.7855 445.2145 -0.02132987 0.1471564
Moved 1095.703 356.9306 436.6041 -0.007105172 0.1250105
Moved 1095.734 365.0873 424.8544 0.01177629 0.09479016
Moved 1095.765 374.6196 407.6656 0.03384173 0.05058029
Moved 1095.795 382.3462 395.0897 0.05172729 0.01823464
Moved 1095.826 389.7144 385.0475 0.06878326 -0.007593837
Moved 1095.857 394.1806 373.0971 0.07912169 -0.03833048
Moved 1095.888 398.0524 363.8428 0.08808423 -0.06213262
Moved 1095.918 401.9324 355.2028 0.09706577 -0.08435512
Moved 1095.949 403.4377 347.6868 0.1005503 -0.1036861
Moved 1095.98 405 340.0844 0.1041667 -0.1232399
Moved 1096.01 406 334.6462 0.1064815 -0.137227
Moved 1096.041 407 322.5197 0.1087963 -0.1684164
Moved 1096.072 407 304.0682 0.1087963 -0.215874
Moved 1096.103 407 287.7753 0.1087963 -0.2577797
Moved 1096.133 397.7951 269.7951 0.08748869 -0.3040249
Moved 1096.164 397 255.8022 0.0856481 -0.3400149
Moved 1096.195 395.2928 245.8783 0.08169621 -0.3655393
Moved 1096.226 395 238.8396 0.08101851 -0.383643
Moved 1096.256 395 234.094 0.08101851 -0.3958488
Moved 1096.287 394 226.9436 0.07870366 -0.4142398
Moved 1096.318 393.1114 219.2229 0.07664681 -0.4340974
Moved 1096.349 393 212.7159 0.07638891 -0.4508336
Moved 1096.379 393 206.5667 0.07638891 -0.4666496
Moved 1096.41 390.8343 197.6685 0.07137557 -0.4895359
Moved 1096.441 390 188.9183 0.06944448 -0.5120414
Moved 1096.471 389 185.0903 0.06712963 -0.521887
Moved 1096.502 387.5879 184 0.06386091 -0.5246913
Moved 1096.533 382.1534 194.2574 0.05128115 -0.4983091
Moved 1096.564 370.4771 232.2659 0.02425253 -0.4005508
Moved 1096.594 361.6436 274.7821 0.003804564 -0.2911983
Moved 1096.625 351.6944 313.4933 -0.01922602 -0.1916326
Moved 1096.656 341.1968 341.0572 -0.0435259 -0.1207377
Moved 1096.687 334.0481 359.9037 -0.06007378 -0.0722641
Moved 1096.717 328.3221 377.0336 -0.07332837 -0.02820592
Moved 1096.748 322.5813 389.8373 -0.08661727 0.004725633
Moved 1096.779 315.8523 402.2955 -0.1021939 0.03676807
Moved 1096.809 310.0899 411.3651 -0.1155326 0.06009545
Moved 1096.84 303.9638 420.0543 -0.1297134 0.08244397
Moved 1096.871 298.2155 428.6768 -0.1430197 0.1046212
Moved 1096.902 292.4773 438.0453 -0.1563025 0.1287174
Moved 1096.932 288.5591 446.8818 -0.1653725 0.151445
Moved 1096.963 284.8367 455.4898 -0.173989 0.1735848
Moved 1096.994 281.9712 464.0865 -0.1806223 0.1956957
Moved 1097.025 282 472.7184 -0.1805555 0.217897
Moved 1097.055 282 479.2339 -0.1805555 0.2346551
Moved 1097.086 282 487.1277 -0.1805555 0.2549579
Moved 1097.117 290.0842 493.4647 -0.1618422 0.2712568
Moved 1097.147 292.7759 501.3277 -0.1556114 0.2914806
Moved 1097.178 295.575 507.1499 -0.1491321 0.3064554
Moved 1097.209 298.4396 512.8792 -0.1425009 0.3211913
Moved 1097.24 301.3079 517.6157 -0.1358614 0.3333737
Moved 1097.27 302.8333 519.8333 -0.1323302 0.3390774
Moved 1097.301 303.696 522.696 -0.1303332 0.3464403
Moved 1097.332 305 524.5696 -0.1273148 0.3512591
Moved 1097.363 306 527.4412 -0.125 0.358645
Moved 1097.393 308.0068 529.0068 -0.1203547 0.3626716
Moved 1097.424 309.8753 530.8753 -0.1160294 0.3674776
Moved 1097.455 311 532 -0.113426 0.3703703
Moved 1097.485 312.2119 533.2119 -0.1106205 0.3734874
Stationary 1097.516 312.2119 533.2119 -0.1106205 0.3734874
Ended 1097.547 312 533 -0.1111111 0.3729423
Candidates 1097.67 13 president product persistent presidents pursuant perspective presidency patient performance predictive prospective positive producer
Began 1098.131 243 414 -0.2708333 0.06687239
Stationary 1098.162 243 414 -0.2708333 0.06687239
Moved 1098.192 261.1137 414 -0.2289034 0.06687239
Moved 1098.223 292.9185 408.6189 -0.1552812 0.05303202
Moved 1098.254 309.1981 403.8004 -0.1175971 0.04063869
Moved 1098.284 325.8691 396.7103 -0.0790067 0.02240302
Moved 1098.315 339.089 391.9822 -0.04840513 0.01024223
Moved 1098.346 348.6935 388.1022 -0.02617255 0.000262751
Moved 1098.377 355.2886 385.5704 -0.01090601 -0.006248882
Moved 1098.407 363.9095 382.6968 0.009049773 -0.0136399
Moved 1098.438 371.3626 379.8187 0.02630234 -0.02104261
Moved 1098.469 377.5596 378.2202 0.04064729 -0.02515408
Moved 1098.5 382.5752 376.4248 0.05225738 -0.02977167
Moved 1098.53 386.8938 374.5531 0.06225407 -0.03458565
Moved 1098.561 388.3199 373.6801 0.06555538 -0.03683122
Moved 1098.592 390.5 374 0.0706019 -0.03600823
Moved 1098.622 393.5 373 0.07754634 -0.03858032
Moved 1098.653 394 372.3734 0.07870366 -0.04019184
Moved 1098.684 395 372 0.08101851 -0.04115226
Moved 1098.715 396.4495 372 0.08437385 -0.04115226
Moved 1098.745 397.1571 372 0.08601178 -0.04115226
Moved 1098.776 398.374 370.626 0.0888286 -0.04468619
Moved 1098.807 399 371 0.09027779 -0.04372435
Moved 1098.838 400.222 371 0.09310632 -0.04372435
Moved 1098.868 401.2492 371 0.09548415 -0.04372435
Stationary 1098.899 401.2492 371 0.09548415 -0.04372435
Moved 1098.93 402.1869 371 0.09765475 -0.04372435
Moved 1098.96 403.1726 371 0.09993653 -0.04372435
Stationary 1098.991 403 371 0.09953707 -0.04372435
Stationary 1099.022 403 371 0.09953707 -0.04372435
Moved 1099.053 397.9304 369.4367 0.08780172 -0.04774509
Moved 1099.083 382.8409 362.7046 0.0528726 -0.06506029
Moved 1099.114 365.4643 348.7714 0.0126488 -0.1008966
Moved 1099.145 352.6576 338.3945 -0.01699636 -0.1275861
Moved 1099.176 345.5133 331.5133 -0.03353402 -0.1452848
Moved 1099.206 340.3846 327.3845 -0.04540613 -0.1559041
Moved 1099.237 336.5104 323.5104 -0.05437398 -0.1658682
Moved 1099.268 332.9779 319.9779 -0.06255119 -0.174954
Moved 1099.299 329.1052 316.1052 -0.07151584 -0.1849148
Moved 1099.329 325.2333 312.2333 -0.08047844 -0.1948733
Moved 1099.36 321.8065 307.613 -0.08841093 -0.2067567
Moved 1099.391 317.86 303.72 -0.09754633 -0.2167696
Moved 1099.421 313.9859 298.9859 -0.1065142 -0.2289458
Moved 1099.452 309.2294 293.2294 -0.1175246 -0.2437516
Moved 1099.483 305.5733 288.1466 -0.1259877 -0.2568246
Moved 1099.514 301.702 283.4039 -0.1349491 -0.2690229
Moved 1099.544 297.8307 279.8307 -0.1439103 -0.2782133
Moved 1099.575 295.2322 277.2322 -0.1499255 -0.2848967
Moved 1099.606 292.4365 273.4365 -0.1563969 -0.2946593
Moved 1099.636 289.5664 269.5664 -0.1630407 -0.3046131
Moved 1099.667 283.3773 263.3773 -0.1773673 -0.3205316
Moved 1099.698 277.2418 254.3627 -0.19157 -0.3437174
Moved 1099.729 270.5069 245.7604 -0.2071599 -0.3658427
Moved 1099.76 264.7631 237.7631 -0.2204558 -0.3864119
Moved 1099.79 261.5103 233.5103 -0.2279855 -0.3973502
Moved 1099.821 258.9763 232 -0.2338513 -0.4012346
Moved 1099.852 258 231 -0.2361111 -0.4038066
Moved 1099.882 257 230.2365 -0.2384259 -0.4057705
Moved 1099.913 255.8866 230 -0.2410033 -0.4063786
Moved 1099.944 256 228.5 -0.2407407 -0.4102367
Moved 1099.975 255 228 -0.2430556 -0.4115227
Moved 1100.005 254.1076 228 -0.2451213 -0.4115227
Ended 1100.036 254 228 -0.2453704 -0.4115227
Accept 1100.743 3 presidents
Began 1102.525 273 349 -0.2013889 -0.1003086
Ended 1102.556 273 349 -0.2013889 -0.1003086
Candidates 1102.617 7 g f h d j s k
Began 1102.648 280 358 -0.1851852 -0.07716057
Stationary 1102.679 280 358 -0.1851852 -0.07716057
Stationary 1102.709 280 358 -0.1851852 -0.07716057
Stationary 1102.74 280 358 -0.1851852 -0.07716057
Moved 1102.771 297 366.5 -0.1458333 -0.05529835
Moved 1102.802 299.4739 367 -0.1401066 -0.05401234
Moved 1102.832 304.0245 369 -0.129573 -0.04886839
Moved 1102.863 307.3814 370.3813 -0.1218024 -0.04531546
Moved 1102.894 310.2578 370 -0.1151441 -0.04629637
Moved 1102.925 311.7563 371 -0.1116753 -0.04372435
Moved 1102.955 312.5 371 -0.1099537 -0.04372435
Moved 1102.986 313.249 371 -0.10822 -0.04372435
Moved 1103.017 313 372 -0.1087963 -0.04115226
Stationary 1103.047 313 372 -0.1087963 -0.04115226
Stationary 1103.078 313 372 -0.1087963 -0.04115226
Stationary 1103.109 313 372 -0.1087963 -0.04115226
Stationary 1103.14 313 372 -0.1087963 -0.04115226
Moved 1103.17 305.6367 372 -0.1258409 -0.04115226
Moved 1103.201 301.1511 372 -0.1362242 -0.04115226
Moved 1103.232 296.4189 372 -0.1471784 -0.04115226
Moved 1103.263 289.2091 373 -0.1638678 -0.03858032
Moved 1103.293 287 373.6634 -0.1689815 -0.03687399
Moved 1103.324 285.4681 374.5319 -0.1725276 -0.03464012
Moved 1103.355 284.5 375.5 -0.1747685 -0.03215028
Moved 1103.386 284.4955 377 -0.174779 -0.02829226
Moved 1103.416 284 378.5 -0.1759259 -0.02443423
Moved 1103.447 284 379.249 -0.1759259 -0.02250789
Moved 1103.478 283 379 -0.1782407 -0.02314815
Moved 1103.508 281.8142 379 -0.1809857 -0.02314815
Moved 1103.539 278.501 379 -0.1886551 -0.02314815
Moved 1103.57 275.6295 379 -0.1953022 -0.02314815
Moved 1103.601 272.168 379 -0.2033149 -0.02314815
Moved 1103.631 268.4326 371.2163 -0.2119615 -0.04316793
Moved 1103.662 260.0202 367.3401 -0.2314348 -0.05313771
Moved 1103.693 250.4574 363.8643 -0.2535709 -0.06207737
Moved 1103.724 235.7147 359.9429 -0.2876974 -0.07216331
Moved 1103.754 215.5659 355.6415 -0.3343382 -0.08322672
Moved 1103.785 205.2197 353.0549 -0.3582878 -0.08987936
Moved 1103.816 193.8381 349.4191 -0.3846339 -0.09923086
Moved 1103.847 189.3349 347.7783 -0.3950582 -0.1034511
Moved 1103.877 180.8021 346 -0.41481 -0.1080248
Moved 1103.908 174.5495 344 -0.4292835 -0.1131688
Moved 1103.939 170.002 342.501 -0.4398103 -0.1170242
Moved 1103.969 164.2506 342 -0.4531236 -0.1183128
Moved 1104 159.5419 341 -0.4640233 -0.1208849
Moved 1104.031 157.2685 340 -0.4692858 -0.1234569
Moved 1104.062 154.3928 340 -0.4759427 -0.1234569
Moved 1104.092 152.9646 340 -0.4792486 -0.1234569
Moved 1104.123 150.6501 340 -0.4846061 -0.1234569
Ended 1104.154 151 340 -0.4837963 -0.1234569
Cancel 1104.215
Backspace 1105.045
Began 1105.106 262 366 -0.2268519 -0.05658444
Stationary 1105.137 262 366 -0.2268519 -0.05658444
Stationary 1105.168 262 366 -0.2268519 -0.05658444
Stationary 1105.199 262 366 -0.2268519 -0.05658444
Stationary 1105.229 262 366 -0.2268519 -0.05658444
Moved 1105.26 262 376.6155 -0.2268519 -0.02928109
Moved 1105.291 262 380.6797 -0.2268519 -0.01882796
Moved 1105.322 262 383.1935 -0.2268519 -0.01236237
Moved 1105.352 251.7469 385.1265 -0.2505858 -0.007390662
Moved 1105.383 245.2921 386 -0.2655275 -0.005144111
Moved 1105.414 240.2747 387 -0.2771418 -0.002572055
Moved 1105.444 235.2085 387 -0.2888691 -0.002572055
Moved 1105.475 229.4738 387 -0.302144 -0.002572055
Moved 1105.506 223.7225 387 -0.3154572 -0.002572055
Moved 1105.537 218.5241 387 -0.3274905 -0.002572055
Moved 1105.567 212.9666 387 -0.3403551 -0.002572055
Moved 1105.598 208.2213 387 -0.3513395 -0.002572055
Moved 1105.629 204.7392 378.7392 -0.3594 -0.02381902
Moved 1105.66 202.1951 379 -0.365289 -0.02314815
Moved 1105.69 199.321 378 -0.3719421 -0.02572024
Moved 1105.721 197 377 -0.3773148 -0.02829226
Moved 1105.752 194.5755 377 -0.3829269 -0.02829226
Moved 1105.782 193.057 376 -0.3864422 -0.03086435
Moved 1105.813 191.1832 376 -0.3907797 -0.03086435
Moved 1105.844 189.7532 374.7532 -0.3940898 -0.03407098
Moved 1105.875 187.7999 375 -0.3986115 -0.03343629
Moved 1105.905 186.5 374 -0.4016204 -0.03600823
Moved 1105.936 184.9965 373 -0.4051008 -0.03858032
Moved 1105.967 183.1237 372.1237 -0.4094359 -0.04083414
Moved 1105.998 181.826 370.826 -0.4124398 -0.04417176
Moved 1106.028 181 369.7156 -0.4143519 -0.04702776
Moved 1106.059 178.9222 368.9222 -0.4191615 -0.04906854
Moved 1106.09 177.6261 369 -0.4221619 -0.04886839
Moved 1106.12 176.5 368 -0.4247685 -0.05144041
Moved 1106.151 175.8658 368 -0.4262366 -0.05144041
Moved 1106.182 174.8613 367 -0.4285619 -0.05401234
Stationary 1106.213 174.8613 367 -0.4285619 -0.05401234
Moved 1106.243 173.9399 367 -0.4306948 -0.05401234
Stationary 1106.274 174 367 -0.4305556 -0.05401234
Stationary 1106.305 174 367 -0.4305556 -0.05401234
Moved 1106.336 189.7478 383.7838 -0.3941024 -0.01084418
Moved 1106.366 218.154 402.8253 -0.3283473 0.03813072
Moved 1106.397 251.7362 420.5165 -0.2506106 0.08363284
Moved 1106.428 280.0742 433.0371 -0.1850135 0.1158361
Moved 1106.458 315.7975 443.4493 -0.1023207 0.1426165
Moved 1106.489 340.1454 450.0364 -0.04595961 0.1595586
Moved 1106.52 361.2472 456.7849 0.00288705 0.1769158
Moved 1106.551 377.0251 460.8643 0.03940989 0.1874082
Moved 1106.581 390.4989 463.2998 0.07059942 0.1936722
Moved 1106.612 402.6834 465.1708 0.09880423 0.1984846
Moved 1106.643 411.2867 466.7623 0.1187193 0.2025778
Moved 1106.674 421.1953 469 0.1416558 0.2083333
Moved 1106.704 431.2772 470 0.1649934 0.2109053
Moved 1106.735 439.5889 471 0.1842336 0.2134772
Moved 1106.766 446.692 472 0.2006758 0.2160493
Moved 1106.797 454.4333 473 0.2185956 0.2186213
Moved 1106.827 461.1711 473.5855 0.2341922 0.2201273
Moved 1106.858 469.0824 475 0.2525056 0.2237653
Moved 1106.889 470.9868 475 0.2569139 0.2237653
Moved 1106.919 475.7045 476 0.2678345 0.2263374
Moved 1106.95 478.7322 477 0.2748431 0.2289094
Moved 1106.981 481.2281 478.2281 0.2806205 0.232068
Moved 1107.012 483.0825 479.0825 0.2849132 0.2342657
Moved 1107.042 485.0371 480 0.2894378 0.2366254
Moved 1107.073 485 482.9113 0.2893518 0.2441133
Moved 1107.104 485 485.4469 0.2893518 0.2506349
Moved 1107.135 485 487.1572 0.2893518 0.2550338
Moved 1107.165 485 490.1851 0.2893518 0.2628218
Moved 1107.196 485 491.7756 0.2893518 0.2669125
Moved 1107.227 485 494.564 0.2893518 0.2740844
Moved 1107.257 476.5587 496.4413 0.269812 0.2789126
Moved 1107.288 472.6875 497 0.2608508 0.2803498
Moved 1107.319 467.4346 498.8551 0.2486913 0.2851211
Moved 1107.35 460.8166 500 0.2333717 0.2880658
Moved 1107.38 453.7956 501 0.2171194 0.2906378
Moved 1107.411 445.58 501 0.1981018 0.2906378
Moved 1107.442 435.0161 501 0.1736483 0.2906378
Moved 1107.473 424.525 501 0.1493635 0.2906378
Moved 1107.503 415.7715 501 0.1291006 0.2906378
Moved 1107.534 407.3014 501 0.109494 0.2906378
Moved 1107.565 392.1197 501 0.07435103 0.2906378
Moved 1107.595 379.8091 501 0.04585445 0.2906378
Moved 1107.626 366.3908 492.0782 0.01479357 0.2676907
Moved 1107.657 355.1544 489.5386 -0.01121655 0.261159
Moved 1107.688 343.6581 489 -0.03782858 0.2597736
Moved 1107.718 332.3796 487 -0.06393601 0.2546296
Moved 1107.749 322.6419 485.2139 -0.08647715 0.2500357
Moved 1107.78 312.0966 484.4193 -0.1108875 0.247992
Moved 1107.811 298.7674 484 -0.1417421 0.2469135
Moved 1107.841 288.7014 483 -0.165043 0.2443414
Moved 1107.872 278.6426 483 -0.1883272 0.2443414
Moved 1107.903 268.0347 483 -0.2128827 0.2443414
Moved 1107.933 258.1584 482 -0.2357446 0.2417695
Moved 1107.964 248.5445 482 -0.2579989 0.2417695
Moved 1107.995 239.985 482 -0.2778126 0.2417695
Moved 1108.026 232.3703 482 -0.2954391 0.2417695
Moved 1108.056 226.4996 482 -0.3090288 0.2417695
Moved 1108.087 221.7587 482 -0.3200029 0.2417695
Moved 1108.118 215.6204 482 -0.3342121 0.2417695
Moved 1108.149 210.8781 482 -0.3451896 0.2417695
Moved 1108.179 207.0701 482 -0.3540044 0.2417695
Moved 1108.21 202.0612 482 -0.365599 0.2417695
Moved 1108.241 198.3188 482 -0.374262 0.2417695
Moved 1108.272 194.7887 482 -0.3824336 0.2417695
Moved 1108.302 191.413 482 -0.3902477 0.2417695
Moved 1108.333 188.4085 489.5915 -0.3972026 0.2612949
Moved 1108.364 185.5372 491.4628 -0.4038491 0.2661079
Moved 1108.394 182.6621 492 -0.4105043 0.2674896
Moved 1108.425 182 493.8824 -0.412037 0.2723311
Moved 1108.456 180.2457 494 -0.416098 0.2726337
Moved 1108.487 178.5 495 -0.4201389 0.2752057
Moved 1108.517 177.8338 495 -0.421681 0.2752057
Moved 1108.548 176.9796 496 -0.4236584 0.2777777
Stationary 1108.579 176.9796 496 -0.4236584 0.2777777
Moved 1108.609 175.7508 496 -0.4265027 0.2777777
Moved 1108.64 175 497.2576 -0.4282407 0.2810122
Stationary 1108.671 175 497.2576 -0.4282407 0.2810122
Moved 1108.702 175 498 -0.4282407 0.2829217
Moved 1108.733 175 499.5 -0.4282407 0.2867798
Moved 1108.763 175 500.1126 -0.4282407 0.2883554
Moved 1108.794 175 502.5 -0.4282407 0.2944958
Moved 1108.825 175 506.2316 -0.4282407 0.3040936
Moved 1108.855 180.6441 507.8063 -0.4151758 0.3081436
Moved 1108.886 186.2194 510.6097 -0.4022699 0.315354
Moved 1108.917 191.9537 513 -0.3889961 0.321502
Moved 1108.948 200.0676 515.3559 -0.3702138 0.3275614
Moved 1108.978 207.5529 517 -0.3528867 0.33179
Moved 1109.009 218.0627 518.7657 -0.3285587 0.3363314
Moved 1109.04 228.5505 519 -0.3042811 0.3369341
Moved 1109.071 236.5 519 -0.2858796 0.3369341
Moved 1109.101 242.0635 519 -0.2730012 0.3369341
Moved 1109.132 246.8886 519 -0.2618318 0.3369341
Moved 1109.163 250.7587 519 -0.2528735 0.3369341
Moved 1109.193 254.251 519 -0.2447894 0.3369341
Moved 1109.224 258.6335 519 -0.2346447 0.3369341
Moved 1109.255 260.0739 519 -0.2313103 0.3369341
Moved 1109.286 263.89 519 -0.222477 0.3369341
Moved 1109.316 267.9639 519 -0.2130465 0.3369341
Moved 1109.347 272.7093 519 -0.2020618 0.3369341
Moved 1109.378 276.226 512 -0.1939212 0.31893
Moved 1109.409 279.8022 511 -0.185643 0.3163579
Moved 1109.439 283.6017 510 -0.1768479 0.3137859
Moved 1109.47 286.474 508.526 -0.1701991 0.3099948
Moved 1109.501 288.3453 507.6547 -0.1658673 0.3077537
Moved 1109.531 289.5 508 -0.1631944 0.3086419
Moved 1109.562 291 506.2358 -0.1597222 0.3041043
Moved 1109.593 292.1973 506 -0.1569507 0.3034978
Moved 1109.624 293.023 504.977 -0.1550393 0.3008667
Moved 1109.654 294.0219 504 -0.152727 0.2983539
Moved 1109.685 294 502.1094 -0.1527778 0.2934911
Moved 1109.716 294 498.4755 -0.1527778 0.2841446
Moved 1109.746 294 493.5001 -0.1527778 0.2713478
Moved 1109.777 282.5928 486.3892 -0.1791834 0.2530584
Moved 1109.808 268.5776 476.7465 -0.211626 0.2282574
Moved 1109.839 246.5042 462.3361 -0.2627219 0.1911937
Moved 1109.87 223.6216 448.0811 -0.3156908 0.1545294
Moved 1109.9 205.8369 436.9185 -0.3568591 0.125819
Moved 1109.931 189.8726 428.3235 -0.3938135 0.1037127
Moved 1109.962 178.7493 420.562 -0.4195617 0.08374999
Moved 1109.992 167.1622 411.1622 -0.4463836 0.05957356
Moved 1110.023 157.5689 404.0459 -0.4685906 0.04127027
Moved 1110.054 149.3064 397.3065 -0.4877166 0.02393628
Moved 1110.085 141.3067 391.2045 -0.5062345 0.008241866
Moved 1110.115 133.716 385.4774 -0.5238054 -0.006488281
Moved 1110.146 127.7279 380.364 -0.5376669 -0.01964004
Moved 1110.177 122 375 -0.550926 -0.03343629
Moved 1110.208 118.9728 372.9728 -0.5579332 -0.03865018
Moved 1110.238 114.192 367.192 -0.5689999 -0.05351855
Moved 1110.269 111.2216 363.4433 -0.5758758 -0.06316032
Moved 1110.3 108.7251 360.725 -0.5816549 -0.07015173
Moved 1110.33 105.772 358 -0.5884907 -0.07716057
Moved 1110.361 103.9006 354.9006 -0.5928226 -0.08513218
Moved 1110.392 103 354 -0.5949074 -0.08744855
Moved 1110.423 101.5 353 -0.5983797 -0.09002065
Moved 1110.453 102 351.6266 -0.5972223 -0.0935531
Stationary 1110.484 102 352 -0.5972223 -0.09259266
Stationary 1110.515 102 352 -0.5972223 -0.09259266
Stationary 1110.546 102 352 -0.5972223 -0.09259266
Stationary 1110.576 102 352 -0.5972223 -0.09259266
Stationary 1110.607 102 352 -0.5972223 -0.09259266
Moved 1110.638 113.0329 361.4102 -0.571683 -0.06838959
Moved 1110.668 117.3513 360.7838 -0.5616868 -0.07000063
Moved 1110.699 129.2558 364.6511 -0.5341302 -0.06005377
Moved 1110.73 146 369.5 -0.4953704 -0.04758238
Moved 1110.761 165.3636 377.1558 -0.4505472 -0.02789148
Moved 1110.791 180.577 381.9154 -0.4153311 -0.01564976
Moved 1110.822 195.69 386.5634 -0.3803471 -0.003695193
Moved 1110.853 212.9037 391.5439 -0.3405007 0.009115085
Moved 1110.884 229.1286 398.6771 -0.3029431 0.02746174
Moved 1110.914 242.4685 403.1874 -0.2720636 0.03906211
Moved 1110.945 258.7853 408.9285 -0.2342932 0.05382824
Moved 1110.976 271.527 413.0108 -0.2047986 0.06432807
Moved 1111.006 290.2436 418.8109 -0.1614731 0.07924613
Moved 1111.037 296.0552 420.2638 -0.1480204 0.08298293
Moved 1111.068 302.6362 422.8181 -0.1327866 0.08955269
Moved 1111.099 310.2435 425 -0.1151771 0.09516452
Moved 1111.129 315.9888 426 -0.1018777 0.09773654
Moved 1111.16 322.74 428.37 -0.08625001 0.1038322
Moved 1111.191 329.7465 430.9155 -0.07003119 0.1103794
Moved 1111.222 338.3564 434.7855 -0.05010103 0.1203329
Moved 1111.252 348.971 440.657 -0.02553016 0.1354345
Moved 1111.283 358.5 447 -0.003472219 0.1517489
Moved 1111.314 367.1399 455.1399 0.01652757 0.1726848
Moved 1111.344 376.708 463.708 0.03867606 0.1947222
Moved 1111.375 378.7984 465.7984 0.04351487 0.2000987
Moved 1111.406 383.5398 470.5398 0.05449037 0.2122936
Moved 1111.437 390.4475 476.4475 0.0704803 0.2274884
Moved 1111.467 396.205 484.3076 0.083808 0.2477045
Moved 1111.498 402.9456 492.9185 0.09941111 0.269852
Moved 1111.529 408.0139 501.0139 0.1111433 0.2906736
Moved 1111.56 412.7509 509.1263 0.1221086 0.3115389
Moved 1111.59 415.2468 516.4937 0.1278861 0.3304877
Moved 1111.621 417.8119 521.8119 0.1338238 0.3441663
Moved 1111.652 420.6179 530.4717 0.1403193 0.3664394
Moved 1111.682 423.4878 539.9756 0.1469626 0.3908838
Moved 1111.713 425 547.7288 0.150463 0.4108249
Moved 1111.744 425 552.8253 0.150463 0.4239331
Moved 1111.775 425 554.345 0.150463 0.4278419
Moved 1111.805 411.4013 555 0.1189846 0.4295266
Moved 1111.836 399 555 0.09027779 0.4295266
Moved 1111.867 381.7372 542.8686 0.05031755 0.3983244
Moved 1111.898 361.712 532.3956 0.003963014 0.3713877
Moved 1111.928 341.2619 518.0516 -0.04337515 0.3344949
Moved 1111.959 325.3645 505.6371 -0.08017476 0.3025645
Moved 1111.99 310.0716 493.3036 -0.1155751 0.2708426
Moved 1112.021 295.9131 481.9131 -0.1483494 0.2415459
Moved 1112.051 292.0745 478.0745 -0.157235 0.2316731
Moved 1112.082 285.9708 472.4562 -0.1713639 0.2172225
Moved 1112.113 279.2122 463.8183 -0.1870088 0.1950058
Moved 1112.143 273.4898 458.4898 -0.2002551 0.1813008
Moved 1112.174 270.1761 455.1761 -0.2079256 0.1727781
Moved 1112.205 265.7385 450.3692 -0.218198 0.1604145
Moved 1112.236 261 445 -0.2291666 0.1466049
Moved 1112.266 256.6258 439.2515 -0.2392922 0.1318196
Moved 1112.297 252.1585 435.1585 -0.2496331 0.1212924
Moved 1112.328 248.2057 430.4114 -0.258783 0.1090829
Moved 1112.359 244.331 426.3311 -0.2677522 0.09858806
Moved 1112.389 240.5 422.5 -0.2766204 0.08873452
Moved 1112.42 236.8798 415.8197 -0.2850004 0.07155269
Moved 1112.451 233.0711 410.1422 -0.2938169 0.05695009
Moved 1112.481 229.4165 404.6248 -0.3022766 0.04275906
Moved 1112.512 225.4346 399.152 -0.3114939 0.02868307
Moved 1112.543 220.5174 392.2761 -0.3228765 0.0109981
Moved 1112.574 214.7756 384.6634 -0.3361676 -0.008581852
Moved 1112.604 210.0157 379.0157 -0.3471858 -0.02310772
Moved 1112.635 205.9644 373.4822 -0.356564 -0.03734015
Moved 1112.666 198.3804 363.7609 -0.3741193 -0.06234346
Moved 1112.697 195.4913 361.7456 -0.3808073 -0.06752681
Moved 1112.727 191.1865 356.373 -0.3907719 -0.08134504
Moved 1112.758 185.7682 349.1522 -0.4033144 -0.0999172
Moved 1112.789 180.0254 344.5127 -0.4166079 -0.1118501
Moved 1112.82 176.6374 338.2748 -0.4244505 -0.1278941
Moved 1112.85 173.0933 335.0933 -0.4326544 -0.1360771
Moved 1112.881 170.2237 331.2237 -0.4392969 -0.1460297
Moved 1112.912 167.3521 329 -0.4459443 -0.151749
Moved 1112.942 164.5 328 -0.4525463 -0.1543211
Moved 1112.973 162.965 328 -0.4560997 -0.1543211
Moved 1113.004 161 328 -0.4606481 -0.1543211
Moved 1113.035 158.2186 328 -0.4670865 -0.1543211
Moved 1113.065 154.4662 328 -0.4757726 -0.1543211
Moved 1113.096 149.5833 342.6251 -0.4870756 -0.1167052
Moved 1113.127 145.8407 354.3187 -0.4957393 -0.08662879
Moved 1113.157 144.0414 370.7515 -0.4999041 -0.04436344
Moved 1113.188 143 381.9766 -0.5023148 -0.01549246
Moved 1113.219 143 395.7765 -0.5023148 0.02000118
Moved 1113.25 143 412.4016 -0.5023148 0.06276131
Moved 1113.281 143 424.2059 -0.5023148 0.09312198
Moved 1113.311 143 439.386 -0.5023148 0.1321657
Moved 1113.342 143 452.3219 -0.5023148 0.1654369
Moved 1113.373 152.3491 463.6779 -0.4806734 0.1946447
Moved 1113.403 152.8862 471.6587 -0.47943 0.2151715
Moved 1113.434 154.761 480.2829 -0.4750904 0.237353
Moved 1113.465 157.6326 487.8978 -0.4684431 0.2569386
Moved 1113.496 159.4976 494.4927 -0.464126 0.2739009
Moved 1113.526 162.0173 499.0345 -0.4582933 0.2855826
Moved 1113.557 164.8943 503.7886 -0.4516335 0.2978102
Moved 1113.588 168.5184 509.5184 -0.4432444 0.3125473
Moved 1113.619 172.5083 513.5083 -0.4340085 0.3228093
Moved 1113.649 176.1984 518.3968 -0.4254667 0.3353826
Moved 1113.68 180.0748 522.0748 -0.4164935 0.3448426
Moved 1113.711 182.9493 524 -0.4098395 0.3497942
Moved 1113.741 184 525 -0.4074074 0.3523662
Moved 1113.772 185.1834 525 -0.404668 0.3523662
Moved 1113.803 190.6854 525 -0.391932 0.3523662
Moved 1113.834 198.3876 508.8165 -0.3741027 0.3107418
Moved 1113.864 210.005 491.192 -0.3472106 0.2654115
Moved 1113.895 224.7099 463.5801 -0.3131715 0.1943932
Moved 1113.926 228.9738 455.0524 -0.3033014 0.1724597
Moved 1113.957 237.5 438.875 -0.2835648 0.1308513
Moved 1113.987 247.2526 415.744 -0.2609894 0.07135799
Moved 1114.018 254.2314 398.3057 -0.2448346 0.02650626
Moved 1114.049 260.9609 379.6368 -0.2292572 -0.02151018
Moved 1114.079 265.995 362.0202 -0.2176042 -0.06682055
Moved 1114.11 276.415 343.819 -0.1934838 -0.1136342
Moved 1114.141 287.2438 325.5124 -0.1684171 -0.1607192
Moved 1114.172 294.7185 310.563 -0.1511146 -0.1991693
Moved 1114.202 299.1783 301.4651 -0.140791 -0.2225693
Moved 1114.233 302.0494 296.9506 -0.1341448 -0.2341807
Moved 1114.263 304 293.0788 -0.1296296 -0.2441389
Moved 1114.295 305 289.0898 -0.1273148 -0.2543988
Moved 1114.325 307 286.6708 -0.1226852 -0.2606204
Moved 1114.356 308 282.7988 -0.1203704 -0.2705794
Moved 1114.387 309 280.2183 -0.1180555 -0.2772165
Moved 1114.417 310.563 275.8739 -0.1144374 -0.2883902
Moved 1114.448 312.4335 271.1329 -0.1101076 -0.3005841
Moved 1114.479 313 263.0894 -0.1087963 -0.3212721
Moved 1114.51 314.8553 255.5789 -0.1045016 -0.3405894
Moved 1114.54 316.7255 248.5491 -0.1001725 -0.3586701
Moved 1114.571 318.5983 243.4017 -0.09583727 -0.3719092
Moved 1114.602 320.4696 239.5304 -0.09150553 -0.3818662
Moved 1114.633 321 238.0107 -0.09027779 -0.3857749
Moved 1114.663 323 236.139 -0.08564815 -0.390589
Moved 1114.694 325.5 234.5 -0.07986113 -0.3948045
Moved 1114.725 327.2331 234 -0.07584925 -0.3960905
Moved 1114.755 330.171 231.8291 -0.0690487 -0.4016742
Moved 1114.786 333.0425 229.9575 -0.06240159 -0.4064879
Moved 1114.817 336.9139 228.0861 -0.05343993 -0.4113013
Moved 1114.848 338.0082 226.9918 -0.05090698 -0.4141158
Moved 1114.878 341.3264 226 -0.04322589 -0.4166668
Moved 1114.909 342.1978 225 -0.04120876 -0.4192387
Stationary 1114.94 342 225 -0.04166668 -0.4192387
Moved 1114.971 329.5605 243.5861 -0.07046192 -0.3714351
Moved 1115.001 308.4521 274.8784 -0.1193239 -0.2909508
Moved 1115.032 292.4805 299.1273 -0.1562951 -0.2285821
Moved 1115.063 278.6933 322.752 -0.1882099 -0.1678191
Moved 1115.094 267.828 344.3441 -0.2133612 -0.1122838
Moved 1115.124 260.7958 357.8062 -0.2296393 -0.077659
Moved 1115.155 255.05 368.8999 -0.2429398 -0.04912576
Moved 1115.186 251.0157 376.9686 -0.2522784 -0.02837303
Moved 1115.216 248.1367 384.7267 -0.2589429 -0.008419138
Moved 1115.247 245.2668 393.1998 -0.2655862 0.01337381
Moved 1115.278 242.7719 400.6844 -0.2713614 0.03262441
Moved 1115.309 241 409.5158 -0.275463 0.05533893
Moved 1115.339 237.9518 416.1447 -0.282519 0.07238839
Moved 1115.37 237 420.8175 -0.2847222 0.08440704
Moved 1115.401 234.5535 425.8929 -0.2903854 0.09746119
Moved 1115.432 232.6866 429.3134 -0.2947069 0.1062588
Moved 1115.462 232 433.184 -0.2962963 0.1162138
Moved 1115.493 230.2292 436.7708 -0.3003953 0.1254391
Moved 1115.524 229 441.5569 -0.3032407 0.1377491
Moved 1115.554 227.5703 446.8594 -0.3065502 0.1513873
Moved 1115.585 228 452.2964 -0.3055556 0.1653712
Moved 1115.616 228 457.6587 -0.3055556 0.1791632
Moved 1115.647 228 464.0974 -0.3055556 0.1957237
Moved 1115.677 228 469.7263 -0.3055556 0.2102012
Moved 1115.708 238.0751 478.7572 -0.2822335 0.233429
Moved 1115.739 239.9206 488.8015 -0.2779616 0.2592629
Moved 1115.77 242.8256 498.4767 -0.2712371 0.2841477
Moved 1115.8 244.6891 505.3783 -0.2669233 0.3018989
Moved 1115.831 246 511.5679 -0.2638889 0.3178185
Moved 1115.862 247 516.1154 -0.2615741 0.3295147
Moved 1115.892 248 521.4131 -0.2592593 0.3431406
Moved 1115.923 248 522.8536 -0.2592593 0.3468457
Moved 1115.954 248 525.3876 -0.2592593 0.353363
Moved 1115.985 249 527 -0.2569445 0.3575102
Moved 1116.015 249 529.0663 -0.2569445 0.3628247
Stationary 1116.046 249 529.0663 -0.2569445 0.3628247
Stationary 1116.077 249 529 -0.2569445 0.3626543
Stationary 1116.108 249 529 -0.2569445 0.3626543
Moved 1116.138 235.5161 517.5161 -0.2881573 0.3331174
Moved 1116.169 223.3242 505.5495 -0.3163791 0.3023392
Moved 1116.2 219.0123 499.3498 -0.3263604 0.2863934
Moved 1116.23 211.4114 489.8818 -0.3439551 0.2620416
Moved 1116.261 203.7625 479.35 -0.3616608 0.2349538
Moved 1116.292 199.1582 472.1582 -0.372319 0.2164562
Moved 1116.323 192.4234 462.635 -0.3879089 0.1919624
Moved 1116.353 185.6789 452.679 -0.403521 0.1663553
Moved 1116.384 181.6503 446.6503 -0.4128466 0.1508494
Moved 1116.415 175.7775 436.5549 -0.4264411 0.1248839
Moved 1116.446 170.0434 426.0651 -0.4397144 0.09790388
Moved 1116.476 165.308 414.4619 -0.450676 0.06806035
Moved 1116.507 162.6175 406.8525 -0.456904 0.04848884
Moved 1116.538 158.7564 398.2691 -0.4658418 0.02641226
Moved 1116.568 154.8883 391.7766 -0.4747956 0.009713427
Moved 1116.599 153 385.2815 -0.4791667 -0.00699212
Moved 1116.63 150.5155 380.0309 -0.4849179 -0.02049662
Moved 1116.661 148.6381 375.2762 -0.4892636 -0.03272571
Moved 1116.691 146.7673 370.5345 -0.4935943 -0.04492167
Moved 1116.722 146 367.228 -0.4953704 -0.05342609
Moved 1116.753 144 361.7184 -0.5000001 -0.06759682
Moved 1116.784 142.4961 356.9922 -0.5034812 -0.07975268
Moved 1116.814 140.6203 353.6203 -0.5078233 -0.08842523
Moved 1116.845 139.1134 349.2268 -0.5113116 -0.09972536
Moved 1116.876 137.2417 345.2416 -0.5156443 -0.1099753
Moved 1116.906 136 341.368 -0.5185185 -0.1199382
Moved 1116.937 135 338.8475 -0.5208333 -0.1264209
Moved 1116.968 132.9255 335.9255 -0.5256354 -0.1339365
Moved 1116.999 131.5 333.5 -0.5289352 -0.140175
Stationary 1117.029 131.5 333.5 -0.5289352 -0.140175
Ended 1117.06 132 334 -0.5277778 -0.1388889
Candidates 1117.183 13 presidents performed patients products performers projects performs protected suspended apartments payments prospects departments
Began 1117.552 175 393 -0.4282407 0.01285996
Stationary 1117.583 175 393 -0.4282407 0.01285996
Moved 1117.613 192.2807 397.2471 -0.3882392 0.02378358
Moved 1117.644 238.9424 411.3672 -0.2802258 0.0601009
Moved 1117.675 289.2218 419.4222 -0.1638385 0.08081833
Moved 1117.705 299.9681 420 -0.1389628 0.08230445
Moved 1117.736 318.3119 420 -0.09650032 0.08230445
Moved 1117.767 334.0904 420 -0.05997588 0.08230445
Moved 1117.798 337.2588 420 -0.05264163 0.08230445
Moved 1117.828 341.0059 420 -0.04396786 0.08230445
Moved 1117.859 345.7551 420 -0.03297433 0.08230445
Moved 1117.89 348.2932 420 -0.0270992 0.08230445
Moved 1117.921 351.7041 420 -0.01920347 0.08230445
Moved 1117.951 354.5736 420 -0.01256118 0.08230445
Moved 1117.982 356.0092 420 -0.009237875 0.08230445
Moved 1118.013 357.5757 420 -0.005611926 0.08230445
Moved 1118.044 359.0068 420 -0.00229915 0.08230445
Moved 1118.074 361.1654 420 0.002697706 0.08230445
Moved 1118.105 362 413.7024 0.004629592 0.06610689
Moved 1118.136 363 413 0.006944438 0.06430033
Ended 1118.167 364.0865 413 0.009459455 0.06430033
Accept 1118.289 0 presidents
Began 1118.781 359 361 -0.002314796 -0.06944452
Stationary 1118.812 359 361 -0.002314796 -0.06944452
Stationary 1118.843 359 361 -0.002314796 -0.06944452
Moved 1118.873 342.157 361 -0.04130319 -0.06944452
Moved 1118.904 322.8594 361 -0.08597354 -0.06944452
Moved 1118.935 303.8026 361 -0.1300865 -0.06944452
Moved 1118.965 281.0564 361 -0.1827399 -0.06944452
Moved 1118.996 275.3243 361 -0.1960086 -0.06944452
Moved 1119.027 267.8784 361 -0.2132444 -0.06944452
Moved 1119.058 265.051 361 -0.2197893 -0.06944452
Moved 1119.088 260.2904 361 -0.2308093 -0.06944452
Moved 1119.119 258.1315 361 -0.2358067 -0.06944452
Moved 1119.15 255.2578 361 -0.2424588 -0.06944452
Moved 1119.181 252.3923 361 -0.249092 -0.06944452
Moved 1119.211 247.5 361 -0.2604167 -0.06944452
Moved 1119.242 246.5096 361 -0.2627092 -0.06944452
Moved 1119.273 246 361 -0.2638889 -0.06944452
Moved 1119.303 244 361 -0.2685185 -0.06944452
Moved 1119.334 243 361 -0.2708333 -0.06944452
Moved 1119.365 242 361 -0.2731481 -0.06944452
Stationary 1119.396 242 361 -0.2731481 -0.06944452
Moved 1119.426 242 369.3929 -0.2731481 -0.04785781
Moved 1119.457 242 379.8262 -0.2731481 -0.02102306
Moved 1119.488 254.6498 393.2997 -0.2438661 0.01363079
Moved 1119.519 262.605 405.8066 -0.2254515 0.04579897
Moved 1119.549 267.4949 415.9899 -0.2141321 0.07199032
Moved 1119.58 273.2337 426.8506 -0.2008479 0.09992427
Moved 1119.611 278.9766 437.9532 -0.1875542 0.1284803
Moved 1119.641 283.7218 446.0826 -0.17657 0.1493895
Moved 1119.672 285.8798 451.7596 -0.1715745 0.1639906
Moved 1119.703 288.7586 458.5172 -0.1649107 0.1813712
Moved 1119.734 290.6216 463.6216 -0.1605982 0.1944999
Moved 1119.764 292.1456 467.1456 -0.1570704 0.2035637
Moved 1119.795 293 472.0635 -0.1550926 0.2162126
Moved 1119.826 294.9321 476.9321 -0.1506202 0.2287346
Moved 1119.857 296 481.6123 -0.1481481 0.2407723
Moved 1119.887 297.3408 484.3408 -0.1450445 0.2477899
Moved 1119.918 298 488.422 -0.1435185 0.258287
Moved 1119.949 300.0888 492.0887 -0.1386834 0.2677179
Moved 1119.979 300.696 495.3921 -0.1372777 0.2762141
Moved 1120.01 301 498.4568 -0.1365741 0.2840966
Moved 1120.041 302 501.327 -0.1342593 0.2914789
Moved 1120.072 303 504.2041 -0.1319445 0.2988788
Moved 1120.102 304.5 506.5 -0.1284722 0.3047839
Moved 1120.133 305.5 508.5 -0.1261574 0.3099279
Moved 1120.164 305 510.4905 -0.1273148 0.3150476
Moved 1120.195 306.374 511.374 -0.1241343 0.3173198
Moved 1120.225 306 512.5 -0.125 0.3202159
Stationary 1120.256 306 512.5 -0.125 0.3202159
Moved 1120.287 307.5 513 -0.1215278 0.321502
Moved 1120.318 307 514.0575 -0.1226852 0.3242219
Moved 1120.348 309.0307 514 -0.1179844 0.324074
Moved 1120.379 310.9329 515 -0.1135813 0.326646
Moved 1120.41 317.422 516.8073 -0.09856021 0.3312945
Moved 1120.44 325.375 518.3438 -0.08015041 0.3352461
Moved 1120.471 335.6536 519 -0.05635748 0.3369341
Moved 1120.502 346.3315 519 -0.03164003 0.3369341
Moved 1120.533 356.4979 520 -0.008106679 0.3395061
Moved 1120.563 367.8522 520 0.01817644 0.3395061
Moved 1120.594 382.6572 520 0.05244722 0.3395061
Moved 1120.625 397.0277 520 0.08571227 0.3395061
Moved 1120.656 406.9957 520 0.1087863 0.3395061
Moved 1120.686 417.4777 520 0.1330502 0.3395061
Moved 1120.717 424.9787 520 0.1504136 0.3395061
Moved 1120.748 429.7325 520 0.1614178 0.3395061
Moved 1120.778 432.8812 520 0.1687066 0.3395061
Moved 1120.809 435.6352 520 0.1750814 0.3395061
Moved 1120.84 438.6319 520 0.1820183 0.3395061
Moved 1120.871 441.156 520 0.187861 0.3395061
Moved 1120.901 443.5 520 0.193287 0.3395061
Moved 1120.932 445.9445 520 0.1989455 0.3395061
Moved 1120.963 447.818 520 0.2032824 0.3395061
Moved 1120.994 449.1505 520 0.2063669 0.3395061
Moved 1121.024 450.5 509.5 0.2094908 0.3124999
Moved 1121.055 453.0977 513 0.2155039 0.321502
Moved 1121.086 454.7112 512.2888 0.2192388 0.3196728
Moved 1121.117 457.475 512 0.2256366 0.31893
Moved 1121.147 459 509.6543 0.2291666 0.3128968
Moved 1121.178 462.228 507.772 0.2366388 0.3080555
Moved 1121.209 464.7738 505.2262 0.2425319 0.3015077
Moved 1121.239 467.6447 502.3553 0.2491775 0.2941238
Moved 1121.27 469.0645 499.8711 0.252464 0.2877342
Moved 1121.301 472.3768 495.6232 0.2601314 0.2768087
Moved 1121.332 474.8954 492.1046 0.2659617 0.2677586
Moved 1121.362 476 490.2281 0.2685185 0.2629324
Moved 1121.393 477 487.3609 0.2708333 0.2555579
Moved 1121.424 478.0823 485.9177 0.2733386 0.251846
Moved 1121.455 478 483.907 0.2731481 0.2466744
Moved 1121.485 478 480.0944 0.2731481 0.2368682
Moved 1121.516 468.5348 472.5348 0.2512379 0.2174248
Moved 1121.547 455.7719 458.4006 0.2216943 0.1810715
Moved 1121.578 435.5895 439.5895 0.1749756 0.1326889
Moved 1121.608 417.4249 421.4249 0.1329279 0.08596922
Moved 1121.639 404.4497 404.0295 0.1028928 0.0412282
Moved 1121.67 390.1244 387.1865 0.06973226 -0.002092354
Moved 1121.7 378.6172 371.5801 0.04309545 -0.04223223
Moved 1121.731 365.6682 351.0024 0.01312097 -0.09515848
Moved 1121.762 353.4512 331.1768 -0.01515935 -0.1461504
Moved 1121.793 341.5053 312.6343 -0.04281178 -0.1938419
Moved 1121.823 334 298.5 -0.06018519 -0.2301955
Moved 1121.854 327.6251 287.8754 -0.07494186 -0.2575223
Moved 1121.885 323.1159 278.4635 -0.08537993 -0.2817298
Moved 1121.915 320 269.7288 -0.09259259 -0.3041955
Moved 1121.946 316.3766 258.8828 -0.1009802 -0.3320915
Moved 1121.977 316 247.2504 -0.1018519 -0.3620104
Moved 1122.008 315 237.8065 -0.1041667 -0.3863001
Moved 1122.038 315 230.192 -0.1041667 -0.4058847
Moved 1122.069 315 222.3882 -0.1041667 -0.4259563
Moved 1122.1 325.7501 214.9688 -0.07928217 -0.4450392
Moved 1122.131 326.2115 209.3656 -0.07821415 -0.4594507
Moved 1122.161 329.0868 206.9132 -0.07155826 -0.4657582
Moved 1122.192 330 205.2999 -0.06944443 -0.4699077
Moved 1122.223 332.4595 203.5405 -0.06375114 -0.4744328
Moved 1122.254 333 201.665 -0.06249999 -0.4792566
Moved 1122.284 336.2027 202 -0.05508626 -0.4783951
Moved 1122.315 339.5076 202 -0.0474361 -0.4783951
Moved 1122.346 344.248 202 -0.03646304 -0.4783951
Moved 1122.376 348.9968 202 -0.02547031 -0.4783951
Moved 1122.407 352.3743 216.1228 -0.01765217 -0.442071
Moved 1122.438 354 229.4277 -0.01388888 -0.4078505
Moved 1122.469 346.4139 254.5861 -0.0314492 -0.3431429
Moved 1122.499 328.165 288.3917 -0.0736922 -0.2561942
Moved 1122.53 316.2186 311.2502 -0.1013458 -0.1974017
Moved 1122.561 304.7672 331.4655 -0.1278536 -0.1454076
Moved 1122.591 294.1444 346.7593 -0.1524435 -0.1060719
Moved 1122.622 283.5417 361.0972 -0.1769869 -0.06919444
Moved 1122.653 273.5695 372.7881 -0.2000705 -0.03912537
Moved 1122.684 263.3234 387.9022 -0.2237884 -0.0002517229
Moved 1122.714 252.6242 400.3758 -0.2485551 0.03183066
Moved 1122.745 246.5791 408.421 -0.2625485 0.05252296
Moved 1122.776 237.2127 421.5747 -0.28423 0.08635462
Moved 1122.807 235.667 425.999 -0.2878078 0.09773387
Moved 1122.837 230.575 434.6375 -0.2995949 0.1199524
Moved 1122.868 228.2496 441.5008 -0.3049778 0.1376048
Moved 1122.899 226 448.8386 -0.3101852 0.1564778
Moved 1122.93 225 454.9701 -0.3125 0.1722481
Moved 1122.96 224 461.6983 -0.3148148 0.1895532
Moved 1122.991 224 467.7479 -0.3148148 0.2051129
Moved 1123.022 224 475.4792 -0.3148148 0.224998
Moved 1123.052 224 482.2195 -0.3148148 0.2423341
Moved 1123.083 233.27 490.405 -0.2933564 0.2633874
Moved 1123.114 237.0482 498.1447 -0.2846106 0.2832939
Moved 1123.145 242.8277 505.8278 -0.2712321 0.3030548
Moved 1123.175 248.5456 514.3184 -0.2579964 0.3248928
Moved 1123.206 254.744 522.488 -0.2436481 0.3459052
Moved 1123.237 257.3622 525.3622 -0.2375875 0.3532977
Moved 1123.268 262.1082 529.0541 -0.2266014 0.3627933
Moved 1123.298 264.6766 532.6766 -0.2206559 0.3721105
Moved 1123.329 268.4314 535.4314 -0.2119645 0.3791959
Moved 1123.36 270.1517 537.1517 -0.2079821 0.3836206
Moved 1123.391 272.1752 538 -0.2032983 0.3858024
Moved 1123.421 272 539 -0.2037037 0.3883744
Stationary 1123.452 272 539 -0.2037037 0.3883744
Stationary 1123.483 272 539 -0.2037037 0.3883744
Stationary 1123.513 272 539 -0.2037037 0.3883744
Stationary 1123.544 272 539 -0.2037037 0.3883744
Ended 1123.575 272 539 -0.2037037 0.3883744
Candidates 1123.729 13 drive driver river drove derive rice since five soccer arrive size dive delivery
Began 1124.159 231 422 -0.2986111 0.08744851
Stationary 1124.189 231 422 -0.2986111 0.08744851
Moved 1124.22 244.1147 422 -0.268253 0.08744851
Moved 1124.251 270.5593 422 -0.2070387 0.08744851
Moved 1124.282 295.1854 422 -0.1500337 0.08744851
Moved 1124.312 314.9678 422 -0.1042413 0.08744851
Moved 1124.343 328.8592 413.5352 -0.07208521 0.06567696
Moved 1124.374 339.0036 411.6655 -0.04860277 0.06086789
Moved 1124.405 348.4658 411 -0.0266995 0.05915629
Moved 1124.435 357.202 409.266 -0.006476939 0.0546964
Moved 1124.466 366.4417 407.3896 0.01491139 0.0498703
Moved 1124.497 373.2581 405.914 0.03069004 0.04607506
Moved 1124.527 378.9774 404 0.04392912 0.04115226
Moved 1124.558 382.8649 403 0.05292803 0.03858017
Moved 1124.589 385.5 403 0.05902777 0.03858017
Moved 1124.62 386.3209 401.6791 0.06092796 0.03518297
Moved 1124.65 387.3542 402 0.0633198 0.03600815
Ended 1124.681 387.3542 402 0.0633198 0.03600815
Accept 1124.743 0 drive
Began 1125.449 374 396 0.03240744 0.02057605
Stationary 1125.48 374 396 0.03240744 0.02057605
Stationary 1125.511 374 396 0.03240744 0.02057605
Stationary 1125.542 374 396 0.03240744 0.02057605
Moved 1125.572 374 407.5984 0.03240744 0.05040734
Moved 1125.603 362.5283 419.9434 0.005852481 0.08215892
Moved 1125.634 357.394 432.4242 -0.006032536 0.1142597
Moved 1125.664 351.708 445.876 -0.01919443 0.1488579
Moved 1125.695 346.9768 456.0464 -0.03014634 0.1750165
Moved 1125.726 343.1196 463.6412 -0.03907502 0.1945505
Moved 1125.757 339.5 470.5 -0.04745369 0.2121912
Moved 1125.787 334.4778 477.5222 -0.05907913 0.2302525
Moved 1125.818 330.729 483.2711 -0.06775702 0.2450387
Moved 1125.849 327.9962 488.0076 -0.07408291 0.2572212
Moved 1125.88 325.4463 490.5536 -0.07998536 0.2637696
Moved 1125.91 321.571 494.858 -0.08895601 0.2748404
Moved 1125.941 318.6995 497.3005 -0.09560312 0.2811227
Moved 1125.972 315.8281 499 -0.1022498 0.2854938
Moved 1126.003 312.3102 500.6898 -0.110393 0.2898399
Moved 1126.033 307.879 502 -0.1206505 0.2932098
Moved 1126.064 303.564 503 -0.1306389 0.2957818
Moved 1126.095 297.9993 503 -0.1435202 0.2957818
Moved 1126.125 292.1252 503.8748 -0.1571175 0.2980317
Moved 1126.156 286.2526 504 -0.1707117 0.2983539
Moved 1126.187 281.3842 505 -0.1819811 0.3009258
Moved 1126.218 277.6974 506.1513 -0.1905154 0.303887
Moved 1126.248 274.976 507.024 -0.1968148 0.3061317
Moved 1126.279 272.1044 507.8956 -0.203462 0.3083733
Moved 1126.31 269.5 509.5 -0.2094908 0.3124999
Moved 1126.341 266.7279 510 -0.2159076 0.3137859
Moved 1126.371 264.4298 512 -0.2212273 0.31893
Moved 1126.402 262.9911 513.0089 -0.2245576 0.3215247
Moved 1126.433 262 513.5544 -0.2268519 0.3229278
Moved 1126.464 260.7861 515.2139 -0.2296619 0.3271962
Moved 1126.494 259.9013 516.0987 -0.2317099 0.3294719
Moved 1126.525 258.9441 517.0559 -0.2339257 0.3319338
Stationary 1126.556 258.9441 517.0559 -0.2339257 0.3319338
Moved 1126.586 257.9727 518.0273 -0.2361744 0.3344324
Stationary 1126.617 257.9727 518.0273 -0.2361744 0.3344324
Moved 1126.648 256.8507 519.1493 -0.2387715 0.337318
Stationary 1126.679 256.8507 519.1493 -0.2387715 0.337318
Moved 1126.709 256 519 -0.2407407 0.3369341
Moved 1126.74 254.7977 519 -0.2435239 0.3369341
Moved 1126.771 252.8503 507.4011 -0.2480318 0.3071014
Moved 1126.802 251.9762 486.8336 -0.250055 0.2542016
Moved 1126.832 252 465.7544 -0.25 0.1999855
Moved 1126.863 252 448.5 -0.25 0.1556069
Moved 1126.894 252 427.5712 -0.25 0.1017776
Moved 1126.924 252 414.2916 -0.25 0.06762225
Moved 1126.955 252 399.9458 -0.25 0.03072468
Moved 1126.986 252 388.7637 -0.25 0.001964294
Moved 1127.017 252 377.2788 -0.25 -0.02757508
Moved 1127.047 252 365.7886 -0.25 -0.05712799
Moved 1127.078 252 356.4794 -0.25 -0.08107158
Moved 1127.109 252 349.6219 -0.25 -0.09870921
Moved 1127.14 252 341.866 -0.25 -0.1186576
Moved 1127.17 252 335.1266 -0.25 -0.1359914
Moved 1127.201 252 327.998 -0.25 -0.154326
Moved 1127.232 252 318.3983 -0.25 -0.1790169
Moved 1127.262 252 315.5253 -0.25 -0.1864062
Moved 1127.293 252 309.7897 -0.25 -0.2011583
Moved 1127.324 252 303.7073 -0.25 -0.2168023
Moved 1127.355 259 298.9868 -0.2337963 -0.2289436
Moved 1127.385 260 295.118 -0.2314815 -0.2388941
Moved 1127.416 260 292.5 -0.2314815 -0.2456276
Moved 1127.447 261.2633 288.7367 -0.2285572 -0.2553069
Moved 1127.478 261 284.7584 -0.2291666 -0.2655392
Moved 1127.508 261 280.0043 -0.2291666 -0.2777666
Moved 1127.539 262 275.1888 -0.2268519 -0.2901522
Moved 1127.57 263.4009 269.1982 -0.2236091 -0.3055601
Moved 1127.6 263 264.7271 -0.2245371 -0.31706
Moved 1127.631 264 260.8555 -0.2222222 -0.3270178
Moved 1127.662 265 259 -0.2199074 -0.3317901
Moved 1127.693 266.5 258 -0.2164352 -0.3343622
Moved 1127.723 267.1379 258 -0.2149585 -0.3343622
Moved 1127.754 270.9751 258 -0.2060761 -0.3343622
Moved 1127.785 288.1371 274.137 -0.1663494 -0.2928574
Moved 1127.816 302.6279 290.3535 -0.1328058 -0.2511485
Moved 1127.846 313.9588 304.5506 -0.1065768 -0.2146333
Moved 1127.877 326.7972 321.0629 -0.0768583 -0.1721632
Moved 1127.908 342.0218 340.0305 -0.04161631 -0.1233786
Moved 1127.938 358.2323 359.1043 -0.004091958 -0.07432027
Moved 1127.969 374.5 380.5 0.03356477 -0.0192902
Moved 1128 388.0529 396.3162 0.06493727 0.02138923
Moved 1128.031 399.5271 408.6589 0.091498 0.05313504
Moved 1128.061 413.9866 419.9888 0.124969 0.08227567
Moved 1128.092 426.7014 429.1611 0.1544014 0.1058671
Moved 1128.123 437.2433 438.2433 0.178804 0.1292265
Moved 1128.154 445.5715 443.5715 0.1980821 0.1429307
Moved 1128.184 453.3065 449.1533 0.2159873 0.1572871
Moved 1128.215 460.3651 454.3652 0.2323267 0.1706922
Moved 1128.246 468.6461 460.0974 0.2514955 0.1854357
Moved 1128.276 480.0954 466.2572 0.2779985 0.2012788
Moved 1128.307 491.9845 471.9922 0.3055197 0.2160294
Moved 1128.338 502.5938 477.7292 0.3300781 0.2307849
Moved 1128.369 510.1991 482.4661 0.347683 0.2429681
Moved 1128.399 521.3911 490.7933 0.3735906 0.2643861
Moved 1128.43 529.3973 496.2649 0.3921235 0.278459
Moved 1128.461 538.0149 502.0074 0.4120716 0.293229
Moved 1128.492 550.4318 510.6591 0.4408144 0.3154811
Moved 1128.522 559.5 516 0.4618056 0.329218
Moved 1128.553 567.7531 521.7531 0.4809098 0.3440149
Moved 1128.584 575.2112 525.1056 0.498174 0.3526377
Moved 1128.615 581.9601 529.9601 0.5137965 0.3651236
Moved 1128.645 588.0508 533.5254 0.5278953 0.3742936
Moved 1128.676 593.805 537.4025 0.5412152 0.3842655
Moved 1128.707 600.8204 541.547 0.5574547 0.3949254
Moved 1128.737 606.3 544.15 0.570139 0.4016203
Moved 1128.768 608.6663 545.6663 0.5756165 0.4055203
Moved 1128.799 610.5372 547.5372 0.5799474 0.4103323
Moved 1128.83 611 549.1989 0.5810185 0.414606
Moved 1128.86 612.5 549 0.5844907 0.4140946
Moved 1128.891 603.0613 556.5539 0.562642 0.4335233
Moved 1128.922 591.8729 561.1381 0.5367427 0.445314
Moved 1128.953 561.0035 564 0.4652859 0.4526748
Moved 1128.983 528.5256 564 0.3901056 0.4526748
Moved 1129.014 500.0777 557.0604 0.3242539 0.4348261
Moved 1129.045 479.9622 552.2749 0.2776903 0.4225177
Moved 1129.075 461.5 549.5 0.2349537 0.4153806
Moved 1129.106 442.3394 545.7628 0.1906006 0.4057683
Moved 1129.137 427.3518 544 0.1559069 0.4012345
Moved 1129.168 414.0785 541.0197 0.1251818 0.393569
Moved 1129.198 402.0277 539.6055 0.0972864 0.3899318
Moved 1129.229 388.0214 538 0.06486435 0.3858024
Moved 1129.26 374.6654 537 0.03394772 0.3832304
Moved 1129.291 362.309 534.8618 0.005344848 0.377731
Moved 1129.321 351.7281 534.3456 -0.01914799 0.3764031
Moved 1129.352 338.3819 532 -0.05004193 0.3703703
Moved 1129.383 326.4405 529.6101 -0.07768397 0.3642234
Moved 1129.413 317.1037 528.0259 -0.09929707 0.3601489
Moved 1129.444 308.4871 525.1624 -0.1192428 0.3527837
Moved 1129.475 299.8618 523.2872 -0.1392088 0.3479609
Moved 1129.506 291.2527 520.4175 -0.1591373 0.3405801
Moved 1129.536 283.6672 516.7781 -0.1766963 0.3312194
Moved 1129.567 276.0462 514.0231 -0.1943375 0.3241333
Moved 1129.598 269.3126 511.1563 -0.2099245 0.31676
Moved 1129.629 264 509.5 -0.2222222 0.3124999
Moved 1129.659 258.5652 507.7826 -0.2348028 0.3080827
Moved 1129.69 252.8274 506 -0.2480846 0.3034978
Moved 1129.721 248.082 503.041 -0.2590695 0.2958873
Moved 1129.752 245.6195 501.6195 -0.2647697 0.2922311
Moved 1129.782 241.6296 501 -0.2740055 0.2906378
Moved 1129.813 237.7595 500 -0.2829641 0.2880658
Moved 1129.844 234.8894 499 -0.2896078 0.2854938
Moved 1129.874 233.3673 498 -0.2931312 0.2829217
Moved 1129.905 230.5007 498 -0.299767 0.2829217
Moved 1129.936 229.8752 498 -0.3012149 0.2829217
Stationary 1129.967 230 498 -0.3009259 0.2829217
Moved 1129.997 230 493.4883 -0.3009259 0.2713177
Moved 1130.028 241.7522 490.6239 -0.2737218 0.2639503
Moved 1130.059 261.4186 477.686 -0.2281977 0.2306739
Moved 1130.089 280.7035 462.3844 -0.1835567 0.1913178
Moved 1130.12 298.7988 447.1341 -0.1416694 0.1520938
Moved 1130.151 317.8312 429.1688 -0.09761303 0.1058868
Moved 1130.182 335 412 -0.05787035 0.06172835
Moved 1130.212 347.8879 398.1121 -0.02803723 0.02600831
Moved 1130.243 359.3716 385.6285 -0.001454751 -0.006099708
Moved 1130.274 370.805 364.3413 0.0250116 -0.06085062
Moved 1130.305 379.49 349.02 0.04511575 -0.1002574
Moved 1130.335 388.155 333.075 0.0651736 -0.1412682
Moved 1130.366 394.515 320.97 0.07989576 -0.1724022
Moved 1130.397 398.1174 311.7652 0.08823474 -0.1960772
Moved 1130.428 400.6468 306.7065 0.09408971 -0.2090883
Moved 1130.458 403 300.4318 0.09953707 -0.225227
Moved 1130.489 405.3951 295.2099 0.1050811 -0.2386577
Moved 1130.52 406.9722 289.0556 0.108732 -0.2544867
Moved 1130.55 410.825 278.7 0.1176504 -0.2811214
Moved 1130.581 414.6924 267.2305 0.1266027 -0.3106211
Moved 1130.612 417.5689 260.2933 0.1332613 -0.3284637
Moved 1130.643 419 255.8934 0.1365741 -0.3397803
Moved 1130.673 421 252.0219 0.1412037 -0.349738
Moved 1130.704 423.847 246.306 0.147794 -0.3644392
Moved 1130.735 427 240.2117 0.1550926 -0.380114
Moved 1130.766 428.2292 237.5416 0.1579379 -0.3869815
Moved 1130.796 430.0972 233.9028 0.1622619 -0.3963405
Moved 1130.827 431.9702 231.0298 0.1665978 -0.40373
Moved 1130.858 433 229.4799 0.1689814 -0.4077164
Moved 1130.888 434.1927 229 0.1717424 -0.4089506
Moved 1130.919 437.2642 225.7358 0.1788523 -0.4173461
Moved 1130.95 442.271 223.8645 0.1904422 -0.4221593
Moved 1130.981 447.9861 222 0.2036715 -0.4269547
Moved 1131.011 456.5923 218.4692 0.2235932 -0.436036
Moved 1131.042 460.4024 217 0.2324129 -0.4398148
Moved 1131.073 463.9785 217 0.2406911 -0.4398148
Moved 1131.104 465.4009 217 0.2439836 -0.4398148
Moved 1131.134 466.0954 217 0.2455912 -0.4398148
Moved 1131.165 461.2782 242.9022 0.2344403 -0.3731939
Moved 1131.196 439.5809 276.1287 0.184215 -0.2877348
Moved 1131.226 423.9248 295.0878 0.147974 -0.2389719
Moved 1131.257 398.2527 311.4306 0.08854806 -0.1969378
Moved 1131.288 369 323.5 0.02083332 -0.1658951
Moved 1131.319 340.2607 334.9962 -0.04569292 -0.1363268
Moved 1131.349 323.2399 342.3801 -0.08509287 -0.1173353
Moved 1131.38 306.0113 347.9962 -0.1249738 -0.1028904
Moved 1131.411 293.8078 354.6442 -0.1532226 -0.08579183
Moved 1131.442 281.3511 362.2366 -0.1820576 -0.06626388
Moved 1131.472 268.8689 369.8483 -0.2109516 -0.0466864
Moved 1131.503 256.3569 376.3215 -0.2399146 -0.03003729
Moved 1131.534 245.6007 384.3993 -0.2648132 -0.00926108
Moved 1131.565 235.334 393.666 -0.2885787 0.01457301
Moved 1131.595 227.7169 400.8554 -0.3062108 0.03306424
Moved 1131.626 222.0119 405.9921 -0.319417 0.04627581
Moved 1131.657 216.2874 409.8563 -0.3326681 0.05621482
Moved 1131.688 212.2709 412.7291 -0.3419656 0.0636036
Moved 1131.718 209 415.6022 -0.349537 0.07099332
Moved 1131.749 206.8562 418.1437 -0.3544994 0.07753011
Moved 1131.78 204.9852 420.0148 -0.3588305 0.08234239
Moved 1131.81 205 424.7832 -0.3587963 0.09460696
Moved 1131.841 205 431 -0.3587963 0.1105966
Moved 1131.872 217.6906 445.6144 -0.3294199 0.1481851
Moved 1131.903 252.701 470.9923 -0.2483772 0.2134575
Moved 1131.933 287.0996 489.0453 -0.168751 0.2598901
Moved 1131.964 309.4838 497.121 -0.1169357 0.2806608
Moved 1131.995 331.0519 502.436 -0.06700953 0.2943312
Moved 1132.026 359.6988 508.7397 -0.0006972253 0.3105445
Moved 1132.056 366.8855 510.1771 0.01593858 0.3142415
Moved 1132.087 379.7896 511 0.04580925 0.3163579
Moved 1132.118 391.2981 511.5745 0.07244934 0.3178356
Moved 1132.148 401.3503 512 0.0957182 0.31893
Moved 1132.179 411.0486 514.0121 0.1181682 0.3241052
Moved 1132.21 436.2166 518.3167 0.1764272 0.3351765
Moved 1132.241 442.8136 519.7627 0.1916982 0.3388957
Moved 1132.271 455.5686 522.6422 0.2212235 0.3463017
Moved 1132.302 463.5357 526.3571 0.239666 0.3558567
Moved 1132.333 473.1302 529.0434 0.2618754 0.3627658
Moved 1132.364 481.7525 531.9175 0.2818346 0.3701582
Moved 1132.394 488.5 534.5 0.2974537 0.3768003
Moved 1132.425 493.5541 536.277 0.309153 0.3813709
Moved 1132.456 499.3136 537.1568 0.3224851 0.3836336
Moved 1132.486 503.0228 538.0228 0.3310713 0.3858611
Moved 1132.517 505.562 538 0.3369492 0.3858024
Moved 1132.548 510.8497 539 0.349189 0.3883744
Moved 1132.579 514.6076 539 0.3578879 0.3883744
Moved 1132.609 517.1762 539 0.3638338 0.3883744
Moved 1132.64 518.6896 539 0.3673372 0.3883744
Moved 1132.671 519 539 0.3680556 0.3883744
Stationary 1132.702 519 539 0.3680556 0.3883744
Stationary 1132.732 519 539 0.3680556 0.3883744
Moved 1132.763 471.1838 491.3203 0.2573699 0.2657413
Moved 1132.794 431.4064 447.9305 0.1652926 0.1541421
Moved 1132.825 405.3579 414.5369 0.1049953 0.06825314
Moved 1132.855 390.1238 390.6857 0.06973097 0.006907506
Moved 1132.886 376.9289 364.84 0.03918717 -0.05956806
Moved 1132.917 367.3286 344.5477 0.01696448 -0.11176
Moved 1132.947 364.5 333 0.01041671 -0.141461
Moved 1132.978 361.7353 318.6763 0.004016757 -0.1783017
Moved 1133.009 361 306.2451 0.002314846 -0.2102751
Moved 1133.04 361 295.9163 0.002314846 -0.236841
Moved 1133.07 360 289.8588 0 -0.2524208
Moved 1133.101 360 286.5537 0 -0.2609216
Moved 1133.132 360 283.6833 0 -0.2683044
Moved 1133.163 360 280.8083 0 -0.2756989
Moved 1133.193 360 279.2885 0 -0.2796078
Moved 1133.224 360 277.8515 0 -0.2833038
Moved 1133.255 360 274.5517 0 -0.291791
Moved 1133.285 360 271.9872 0 -0.2983868
Moved 1133.316 360 268.6744 0 -0.3069074
Stationary 1133.347 360 268.6744 0 -0.3069074
Moved 1133.378 360 268 0 -0.308642
Stationary 1133.408 360 268 0 -0.308642
Moved 1133.439 357.8919 298.5948 -0.004879931 -0.2299517
Moved 1133.47 339.3426 339.2463 -0.04781807 -0.1253954
Moved 1133.501 323 371.5 -0.08564815 -0.04243827
Moved 1133.531 310.8086 395.3828 -0.1138689 0.01898856
Moved 1133.562 299.4687 417.0626 -0.1401188 0.07474943
Moved 1133.593 286.8006 439.3489 -0.169443 0.1320703
Moved 1133.624 278.6213 454.1627 -0.1883766 0.1701715
Moved 1133.654 269.5823 469.3628 -0.2093002 0.2092664
Moved 1133.685 261.9937 482.3417 -0.2268665 0.2426484
Moved 1133.716 256.567 492.866 -0.2394282 0.2697169
Moved 1133.746 251.2727 501.1818 -0.2516835 0.2911053
Moved 1133.777 247.4168 509.7495 -0.2606092 0.3131417
Moved 1133.808 244.5439 518.3682 -0.2672594 0.3353089
Moved 1133.839 241.9747 524.0507 -0.2732068 0.3499246
Moved 1133.869 241 530.7951 -0.275463 0.3672713
Moved 1133.9 241 538.5414 -0.275463 0.387195
Moved 1133.931 241 544.2853 -0.275463 0.4019682
Moved 1133.961 241 548.1796 -0.275463 0.4119845
Moved 1133.992 241 549 -0.275463 0.4140946
Moved 1134.023 241 550.4852 -0.275463 0.4179144
Stationary 1134.054 241 550 -0.275463 0.4166666
Ended 1134.084 241 550 -0.275463 0.4166666
Candidates 1134.177 13 expensive alternative respective extensive affirmative informative scientist excitement responsive collective representative consider experience
Began 1134.607 213 414 -0.3402778 0.06687239
Stationary 1134.638 213 414 -0.3402778 0.06687239
Moved 1134.668 227.2157 414 -0.3073711 0.06687239
Moved 1134.699 245.5517 414 -0.2649265 0.06687239
Moved 1134.73 271.2037 414 -0.2055469 0.06687239
Moved 1134.76 292.8989 405.3002 -0.1553266 0.04449628
Moved 1134.791 309.2895 400.8552 -0.1173854 0.03306373
Moved 1134.822 319.345 398.5517 -0.09410888 0.0271391
Moved 1134.853 323.9281 397.0359 -0.08349974 0.02324049
Moved 1134.883 327.8407 397 -0.07444282 0.02314815
Moved 1134.914 330.7126 396 -0.06779502 0.02057605
Moved 1134.945 333.2185 396 -0.06199429 0.02057605
Moved 1134.976 335 394.848 -0.05787035 0.01761299
Moved 1135.006 337.5 395 -0.05208333 0.01800408
Moved 1135.037 338.2492 395 -0.05034913 0.01800408
Moved 1135.068 339.4309 394 -0.04761373 0.01543206
Stationary 1135.099 339.4309 394 -0.04761373 0.01543206
Ended 1135.129 340 393 -0.04629632 0.01285996
Accept 1135.252 0 expensive
Began 1135.713 331 332 -0.06712963 -0.144033
Stationary 1135.744 331 332 -0.06712963 -0.144033
Stationary 1135.775 331 332 -0.06712963 -0.144033
Stationary 1135.805 331 332 -0.06712963 -0.144033
Stationary 1135.836 331 332 -0.06712963 -0.144033
Moved 1135.867 323.3759 317.8796 -0.08477797 -0.1803509
Moved 1135.898 318 294.5 -0.09722222 -0.2404836
Moved 1135.928 314.9689 275.7823 -0.1042386 -0.2886259
Moved 1135.959 313 251.61 -0.1087963 -0.3507973
Moved 1135.99 313 246.6594 -0.1087963 -0.3635303
Moved 1136.02 313 239.6963 -0.1087963 -0.3814397
Moved 1136.051 313 234.8306 -0.1087963 -0.3939544
Moved 1136.082 313 229.9229 -0.1087963 -0.406577
Moved 1136.113 313 227.0902 -0.1087963 -0.4138627
Moved 1136.143 313 223.0878 -0.1087963 -0.424157
Moved 1136.174 313 221.6516 -0.1087963 -0.4278508
Moved 1136.205 310.7779 217.7778 -0.1139401 -0.4378143
Moved 1136.236 310 213.9049 -0.1157407 -0.4477755
Moved 1136.266 308 211.3711 -0.1203704 -0.4542925
Moved 1136.297 306.5 210 -0.1238426 -0.457819
Moved 1136.328 305.5 207.5 -0.1261574 -0.464249
Moved 1136.358 303.8772 207 -0.1299138 -0.465535
Moved 1136.389 301.2479 206 -0.1360003 -0.4681071
Moved 1136.42 297.3808 205 -0.1449519 -0.470679
Moved 1136.451 292.0205 205 -0.1573599 -0.470679
Moved 1136.481 288.9714 205 -0.164418 -0.470679
Moved 1136.512 284.1594 205 -0.1755569 -0.470679
Moved 1136.543 280.4335 205 -0.1841818 -0.470679
Moved 1136.574 276.3514 205 -0.1936311 -0.470679
Moved 1136.604 273.8362 205 -0.1994531 -0.470679
Moved 1136.635 269.9623 205 -0.2084205 -0.470679
Moved 1136.666 267.0876 205 -0.2150749 -0.470679
Moved 1136.696 264.5 203.5 -0.2210648 -0.4745371
Moved 1136.727 260.6539 204 -0.2299678 -0.473251
Moved 1136.758 257.7843 203 -0.2366104 -0.4758231
Moved 1136.789 252.8242 203 -0.2480922 -0.4758231
Moved 1136.819 248.7547 203 -0.2575124 -0.4758231
Moved 1136.85 244.0056 214.9775 -0.2685055 -0.4450167
Moved 1136.881 233.5209 223.8489 -0.2927757 -0.4221995
Moved 1136.912 225.2617 234.7383 -0.3118941 -0.3941917
Moved 1136.942 217.0451 246.4324 -0.3309142 -0.3641143
Moved 1136.973 206.5516 256.4484 -0.3552047 -0.3383528
Moved 1137.004 195.1051 266.4211 -0.3817011 -0.3127029
Moved 1137.035 185.9222 278.0778 -0.4029578 -0.2827218
Moved 1137.065 175.3759 290.5302 -0.4273707 -0.2506941
Moved 1137.096 165.1652 300.0679 -0.4510066 -0.226163
Moved 1137.127 155.0648 311.5803 -0.474387 -0.1965528
Moved 1137.157 147.5061 320.4939 -0.4918841 -0.1736269
Moved 1137.188 139.8955 329.1045 -0.5095011 -0.1514802
Moved 1137.219 134.1934 336.7099 -0.5227004 -0.1319191
Moved 1137.25 130 343 -0.5324074 -0.1157408
Moved 1137.28 126.6635 351.0096 -0.5401309 -0.09513988
Moved 1137.311 122.5607 356.4393 -0.549628 -0.08117463
Moved 1137.342 120.9082 361.0917 -0.5534532 -0.06920858
Moved 1137.373 120 365.626 -0.5555555 -0.05754635
Moved 1137.403 118.5011 370.9977 -0.5590252 -0.04373016
Moved 1137.434 119 377.7245 -0.5578703 -0.02642871
Moved 1137.465 119 389.8718 -0.5578703 0.004814289
Moved 1137.495 133.8902 402.8902 -0.5234023 0.03829779
Moved 1137.526 150.3995 420.3995 -0.4851864 0.0833319
Moved 1137.557 164.3637 435.3637 -0.4528618 0.1218201
Moved 1137.588 177.0476 447.0381 -0.423501 0.1518468
Moved 1137.618 189.3919 457.5135 -0.3949262 0.1787898
Moved 1137.649 199.9813 465.4907 -0.3704137 0.1993071
Moved 1137.68 208.8455 472.2303 -0.3498947 0.2166417
Moved 1137.711 217.4317 477.1439 -0.3300191 0.2292796
Moved 1137.741 235.3177 487.8784 -0.2886165 0.2568888
Moved 1137.772 241.5113 490.7557 -0.2742794 0.2642892
Moved 1137.803 250.5 494.5 -0.2534722 0.2739197
Moved 1137.833 258.9454 497.3151 -0.2339227 0.2811603
Moved 1137.864 266.389 500.1945 -0.2166921 0.2885661
Moved 1137.895 274.1245 502 -0.1987858 0.2932098
Moved 1137.926 280.205 503.6025 -0.1847107 0.2973314
Moved 1137.956 288.4028 505 -0.1657342 0.3009258
Moved 1137.987 294.6813 507.3406 -0.1512007 0.3069459
Moved 1138.018 299.2172 508.2172 -0.1407009 0.3092006
Moved 1138.049 305.2865 508 -0.1266517 0.3086419
Stationary 1138.079 305.2865 508 -0.1266517 0.3086419
Moved 1138.11 307.0182 508 -0.122643 0.3086419
Moved 1138.141 308 508 -0.1203704 0.3086419
Moved 1138.172 308 495.3984 -0.1203704 0.2762305
Moved 1138.202 298.5491 483.4559 -0.1422474 0.2455141
Moved 1138.233 296.7649 479.1474 -0.1463775 0.2344325
Moved 1138.264 290.5977 467.3296 -0.1606533 0.2040369
Moved 1138.294 280.9865 453.982 -0.1829017 0.1697067
Moved 1138.325 270.4915 439.6143 -0.2071957 0.1327528
Moved 1138.356 262.5 425.5 -0.2256944 0.09645053
Moved 1138.387 254.0326 412.7101 -0.2452949 0.06355486
Moved 1138.417 246.4274 401.4274 -0.2628995 0.03453545
Moved 1138.448 239.7824 389.6374 -0.2782813 0.004211316
Moved 1138.479 234.7985 382.597 -0.2898183 -0.01389672
Moved 1138.51 226.1985 367.2977 -0.3097257 -0.05324658
Moved 1138.54 224.6518 362.9554 -0.313306 -0.06441508
Moved 1138.571 220.7923 355.377 -0.3222399 -0.08390693
Moved 1138.602 217.2963 348.8889 -0.3303327 -0.1005945
Moved 1138.632 213.431 342.8619 -0.3392802 -0.1160959
Moved 1138.663 210.5527 337.1055 -0.3459427 -0.1309016
Moved 1138.694 208.0073 332.0146 -0.351835 -0.1439952
Moved 1138.725 205.1374 327.2748 -0.3584782 -0.1561862
Moved 1138.755 202.2671 324.2671 -0.3651225 -0.1639222
Moved 1138.786 200.3958 320.3958 -0.3694541 -0.1738791
Moved 1138.817 197.4432 315.8865 -0.3762888 -0.1854773
Moved 1138.848 197 315 -0.3773148 -0.1877573
Moved 1138.878 196 312.1373 -0.3796296 -0.19512
Moved 1138.909 195 310.5 -0.3819444 -0.1993313
Moved 1138.94 195 311 -0.3819444 -0.1980453
Ended 1138.97 194 311 -0.3842593 -0.1980453
Candidates 1139.063 13 cars cards card careers cats cases cares cared arts data bars based hard
Began 1139.493 251 418 -0.2523148 0.07716041
Stationary 1139.524 251 418 -0.2523148 0.07716041
Moved 1139.554 279.3086 418 -0.1867858 0.07716041
Moved 1139.585 298.41 418 -0.1425695 0.07716041
Moved 1139.616 319.2042 418 -0.09443482 0.07716041
Moved 1139.646 338.6946 425.6158 -0.04931802 0.09674829
Moved 1139.677 353.8984 427 -0.01412397 0.1003086
Moved 1139.708 362.9441 427 0.006814996 0.1003086
Moved 1139.739 372.5594 428 0.02907276 0.1028806
Moved 1139.769 380.1773 428 0.0467068 0.1028806
Moved 1139.8 386 428 0.06018519 0.1028806
Moved 1139.831 389.1392 429 0.0674518 0.1054526
Moved 1139.862 394.0247 429 0.07876079 0.1054526
Moved 1139.892 397.8849 429 0.08769651 0.1054526
Moved 1139.923 401.2965 429 0.09559382 0.1054526
Moved 1139.954 406.2728 429 0.107113 0.1054526
Moved 1139.985 409.1409 429 0.1137521 0.1054526
Moved 1140.015 411.0077 429 0.1180733 0.1054526
Ended 1140.046 411.0077 429 0.1180733 0.1054526
Accept 1140.107 0 cars
Began 1140.722 295 337 -0.150463 -0.1311728
Stationary 1140.753 295 337 -0.150463 -0.1311728
Stationary 1140.784 295 337 -0.150463 -0.1311728
Moved 1140.814 323.8583 350.2575 -0.08366127 -0.09707439
Moved 1140.845 382.4859 361.2123 0.05205065 -0.06889853
Moved 1140.876 426.4561 362 0.1538334 -0.06687243
Moved 1140.906 451.7438 362 0.2123699 -0.06687243
Moved 1140.937 473.1878 354.3124 0.2620088 -0.08664504
Moved 1140.968 501.4863 348.4263 0.3275146 -0.1017843
Moved 1140.999 522.4956 344.9292 0.3761472 -0.1107788
Moved 1141.029 534.7768 343.0744 0.4045759 -0.1155494
Moved 1141.06 541.5 343 0.4201389 -0.1157408
Moved 1141.091 548.0518 343 0.4353051 -0.1157408
Moved 1141.122 554.431 342 0.4500717 -0.1183128
Moved 1141.152 560.1688 341 0.4633536 -0.1208849
Moved 1141.183 563.202 340.399 0.4703749 -0.1224307
Moved 1141.214 567.9369 337.5316 0.4813354 -0.1298057
Moved 1141.244 572.6482 335.6759 0.4922412 -0.1345785
Ended 1141.275 578.5 332 0.505787 -0.144033
PhraseEnd 1141.337
