a dog is the best friend of a man
a dog is the best friend of a man
Basic
Radial

0.6 0.6
432 388.8
Began 417.1302 239 389 -0.2800926 0.002572016
Stationary 417.1609 239 389 -0.2800926 0.002572016
Stationary 417.1916 239 389 -0.2800926 0.002572016
Moved 417.2224 219.1867 378.0988 -0.3259566 -0.02546616
Moved 417.2531 202.4928 375.0986 -0.3646001 -0.03318276
Moved 417.2838 188.8949 368.2237 -0.3960766 -0.05086506
Moved 417.3145 178.404 363.702 -0.4203612 -0.06249502
Moved 417.3452 170.6562 359.7708 -0.4382959 -0.07260624
Moved 417.376 162.9293 356.9647 -0.4561822 -0.07982355
Moved 417.4067 156.6646 357 -0.4706839 -0.07973259
Moved 417.4374 155.5 357 -0.4733796 -0.07973259
Moved 417.4681 153.6791 357 -0.4775947 -0.07973259
Moved 417.4988 151.9007 357 -0.4817114 -0.07973259
Moved 417.5296 150.6271 357 -0.4846595 -0.07973259
Moved 417.5603 151 364.6927 -0.4837963 -0.05994663
Moved 417.591 151 367.4541 -0.4837963 -0.05284446
Moved 417.6218 151 373.9946 -0.4837963 -0.03602228
Moved 417.6525 164.4128 381.4127 -0.4527482 -0.01694259
Moved 417.6832 169.5642 385.7821 -0.4408237 -0.005704581
Moved 417.7138 173.6603 389.6603 -0.4313419 0.004270184
Moved 417.7447 176.5305 391.5305 -0.4246979 0.009080549
Moved 417.7753 177 392 -0.4236111 0.01028803
Moved 417.8061 178.3757 392 -0.4204265 0.01028803
Moved 417.8368 179.126 392 -0.4186897 0.01028803
Ended 417.8675 179 392 -0.4189815 0.01028803
Candidates 417.9597 13 a sa as s da add ass dad sad ad ads fas was
Began 418.2669 275 433 -0.1967592 0.1157406
Stationary 418.2976 275 433 -0.1967592 0.1157406
Moved 418.3283 305.5544 433 -0.1260314 0.1157406
Moved 418.3591 338.2944 433 -0.05024438 0.1157406
Moved 418.3898 362.4257 433 0.005614956 0.1157406
Moved 418.4205 383.0803 433 0.05342662 0.1157406
Moved 418.4511 400.3223 433 0.09333869 0.1157406
Moved 418.4819 410.5 433 0.1168981 0.1157406
Moved 418.5127 420.9195 423.8545 0.1410173 0.09221826
Moved 418.5434 431.5488 426 0.1656221 0.09773654
Moved 418.5741 441.1049 425 0.1877428 0.09516452
Moved 418.6048 446.5727 425 0.2003997 0.09516452
Moved 418.6355 449.446 425 0.207051 0.09516452
Moved 418.6663 450.5 425 0.2094908 0.09516452
Ended 418.6969 451 425 0.2106482 0.09516452
Accept 418.7584 0 a
Began 419.465 249 423 -0.2569445 0.09002049
Stationary 419.4957 249 423 -0.2569445 0.09002049
Stationary 419.5265 249 423 -0.2569445 0.09002049
Moved 419.5572 229.8008 423 -0.301387 0.09002049
Moved 419.5879 214.067 423 -0.3378079 0.09002049
Moved 419.6186 200.9687 423 -0.368128 0.09002049
Moved 419.6493 192.5892 423 -0.3875249 0.09002049
Moved 419.68 186.0643 423 -0.4026289 0.09002049
Moved 419.7108 182 423 -0.412037 0.09002049
Moved 419.7415 181 423 -0.4143519 0.09002049
Stationary 419.7722 181 423 -0.4143519 0.09002049
Stationary 419.803 181 423 -0.4143519 0.09002049
Moved 419.8337 190.0388 423 -0.3934287 0.09002049
Moved 419.8644 202.2094 423 -0.365256 0.09002049
Moved 419.895 211.1619 423 -0.3445326 0.09002049
Moved 419.9258 221.826 423 -0.3198473 0.09002049
Moved 419.9566 230.6293 423 -0.2994692 0.09002049
Moved 419.9873 241.068 423 -0.2753055 0.09002049
Moved 420.018 252.2873 423 -0.2493349 0.09002049
Moved 420.0487 270.9457 423 -0.2061442 0.09002049
Moved 420.0794 296.0511 423 -0.14803 0.09002049
Moved 420.1101 324.9189 428.2792 -0.08120626 0.1035988
Moved 420.1409 356.1971 439.2592 -0.00880296 0.1318393
Moved 420.1716 381.3725 452.4828 0.04947345 0.1658508
Moved 420.2024 399.9259 465.7716 0.09242117 0.2000298
Moved 420.233 411.678 475.0085 0.1196251 0.2237874
Moved 420.2637 423.1708 484.6281 0.1462288 0.248529
Moved 420.2945 433.2561 494.2561 0.1695744 0.2732924
Moved 420.3252 443.8767 503.8766 0.194159 0.2980366
Moved 420.3559 451.4796 511.4796 0.2117584 0.3175915
Moved 420.3866 459.3945 517.6973 0.2300799 0.3335834
Moved 420.4174 469.2816 524.1407 0.2529666 0.3501561
Moved 420.4481 480.3533 530.212 0.2785956 0.3657714
Moved 420.4788 496.7953 536.9318 0.3166557 0.3830549
Moved 420.5096 510.1885 541.8377 0.3476586 0.395673
Moved 420.5403 524.5408 546.4163 0.3808815 0.4074493
Moved 420.571 538.6974 549.2829 0.4136514 0.4148222
Moved 420.6017 553.7845 552.1569 0.4485753 0.4222142
Moved 420.6324 561.0583 553 0.4654127 0.4243826
Moved 420.6631 563.5 554 0.4710648 0.4269547
Moved 420.6938 563 554 0.4699074 0.4269547
Moved 420.7246 536.3179 528.6301 0.4081434 0.3617028
Moved 420.7553 503.1258 495.9384 0.3313097 0.2776191
Moved 420.786 472.3387 463.6527 0.2600433 0.19458
Moved 420.8167 442.0652 428.941 0.1899659 0.1053009
Moved 420.8474 422.4358 405.0084 0.1445272 0.0437457
Moved 420.8781 409.7754 391.7755 0.1152208 0.009710445
Moved 420.9088 400.4346 382.4346 0.09359866 -0.01431438
Moved 420.9396 391.8147 372.8147 0.07364511 -0.03905692
Moved 420.9703 384.2033 365.2033 0.05602618 -0.05863346
Moved 421.0011 378.8237 359.8237 0.04357348 -0.07246991
Moved 421.0318 374.0143 355.0143 0.03244052 -0.08483988
Moved 421.0625 371.1387 352.1387 0.02578408 -0.09223576
Moved 421.0932 368.5 350.5 0.01967589 -0.09645069
Moved 421.1238 366.6914 350 0.01548936 -0.09773669
Moved 421.1546 365.5 349 0.01273145 -0.1003086
Moved 421.1853 364.7508 349 0.01099726 -0.1003086
Moved 421.2161 363.7503 349 0.008681317 -0.1003086
Moved 421.2469 362.8599 349 0.006620189 -0.1003086
Moved 421.2776 361.626 349 0.003763934 -0.1003086
Moved 421.3083 360.7904 349 0.001829565 -0.1003086
Stationary 421.339 361 349 0.002314846 -0.1003086
Moved 421.3697 359.6838 349 -0.0007319947 -0.1003086
Moved 421.4004 358.538 359.2342 -0.003384352 -0.0739862
Moved 421.4312 359 359.3381 -0.002314796 -0.07371894
Ended 421.4619 359 360.3515 -0.002314796 -0.07111247
Candidates 421.5233 13 dog son spin rapid addition espn weapon sigh edition aid stupid doj stood
Began 421.9842 284 411 -0.1759259 0.05915629
Moved 422.0149 305.7781 411 -0.1255136 0.05915629
Moved 422.0456 337.8193 411 -0.05134418 0.05915629
Moved 422.0763 361.7159 411 0.003972054 0.05915629
Moved 422.107 384.8857 418.8857 0.0576057 0.07943844
Moved 422.1378 398.009 418 0.0879838 0.07716041
Moved 422.1685 405.7482 418 0.1058987 0.07716041
Moved 422.1992 409.4482 418 0.1144636 0.07716041
Moved 422.2299 413.3164 418 0.1234176 0.07716041
Moved 422.2607 416.1918 418 0.1300736 0.07716041
Moved 422.2914 417 418 0.1319444 0.07716041
Moved 422.3221 418.1673 418 0.1346466 0.07716041
Ended 422.3528 418.1673 418 0.1346466 0.07716041
Accept 422.4142 0 dog
Began 423.5509 475 596 0.2662037 0.5349793
Stationary 423.5817 475 596 0.2662037 0.5349793
Stationary 423.6124 475 596 0.2662037 0.5349793
Stationary 423.6431 475 596 0.2662037 0.5349793
Moved 423.6738 463.8226 596 0.24033 0.5349793
Moved 423.7045 455.0189 596 0.2199512 0.5349793
Moved 423.7353 450.1354 604 0.2086466 0.5555555
Moved 423.766 447.6904 606.3096 0.202987 0.5614959
Moved 423.7967 444.7142 609.2858 0.1960976 0.5691507
Moved 423.8274 444 611.1572 0.1944444 0.5739638
Moved 423.8582 442.9725 612 0.1920659 0.5761316
Stationary 423.8889 442.9725 612 0.1920659 0.5761316
Moved 423.9196 441.5853 612 0.1888549 0.5761316
Moved 423.9503 440.7112 602.9781 0.1868313 0.5529272
Moved 423.981 439.1045 589.7318 0.1831123 0.5188573
Moved 424.0117 437 563.42 0.1782407 0.451183
Moved 424.0424 437 543.3381 0.1782407 0.3995321
Moved 424.0732 437 529.0762 0.1782407 0.3628503
Moved 424.1039 435.9885 518.9539 0.1758993 0.3368154
Moved 424.1347 432.2302 508.4603 0.1671995 0.3098258
Moved 424.1653 420.6934 495.4515 0.140494 0.276367
Moved 424.1961 400 480 0.09259263 0.2366254
Moved 424.2268 376.8108 465.2072 0.03891389 0.1985781
Moved 424.2575 360.9598 456.9799 0.002221863 0.1774174
Moved 424.2882 342.99 451.2475 -0.03937503 0.1626735
Moved 424.3189 329.0898 445.3633 -0.0715513 0.1475392
Moved 424.3496 315.5094 441.7019 -0.1029875 0.1381221
Moved 424.3804 303.3275 438.8319 -0.1311863 0.1307404
Moved 424.4111 291.8319 436.9579 -0.1577965 0.1259205
Moved 424.4418 283.8841 435.442 -0.1761943 0.1220216
Moved 424.4726 275.7139 433.5713 -0.1951067 0.11721
Moved 424.5033 269.4136 431.7068 -0.2096907 0.1124145
Moved 424.534 263.2002 430.1001 -0.2240737 0.1082821
Moved 424.5647 256.5168 427.2584 -0.2395444 0.1009732
Moved 424.5955 248.7603 422.7603 -0.2574993 0.08940402
Moved 424.6262 242.0121 419.506 -0.27312 0.08103397
Moved 424.6569 236.9486 414.9486 -0.2848412 0.06931222
Moved 424.6876 233.1054 411.1054 -0.2937375 0.05942748
Moved 424.7183 229 407.2354 -0.3032407 0.04947376
Moved 424.749 225.5 404.5 -0.3113426 0.04243823
Moved 424.7798 224 400.8594 -0.3148148 0.03307468
Moved 424.8105 222 398.993 -0.3194444 0.0282742
Moved 424.8412 221 398 -0.3217593 0.02572008
Moved 424.8719 220 396.679 -0.3240741 0.02232238
Moved 424.9027 219 395.6987 -0.3263889 0.01980122
Moved 424.9334 218 394.9127 -0.3287037 0.01777939
Moved 424.9641 217 393.9782 -0.3310185 0.01537598
Moved 424.9948 215.4347 393 -0.3346419 0.01285996
Moved 425.0255 213.7816 393 -0.3384685 0.01285996
Moved 425.0562 212.8488 390.8489 -0.3406277 0.007327279
Moved 425.087 211.6255 391 -0.3434595 0.007715971
Moved 425.1177 210.5 390 -0.3460648 0.005143954
Stationary 425.1484 210.5 390 -0.3460648 0.005143954
Moved 425.1791 209.8132 388.8132 -0.3476548 0.002091412
Moved 425.2098 208.7503 389 -0.3501149 0.002572016
Stationary 425.2406 208.7503 389 -0.3501149 0.002572016
Moved 425.2713 207.8598 389 -0.3521763 0.002572016
Moved 425.302 206.9486 389 -0.3542857 0.002572016
Moved 425.3327 205.9659 389 -0.3565604 0.002572016
Stationary 425.3635 205.9659 389 -0.3565604 0.002572016
Moved 425.3942 204.8505 389 -0.3591424 0.002572016
Stationary 425.4249 205 389 -0.3587963 0.002572016
Ended 425.4557 205 387.5 -0.3587963 -0.001286047
Candidates 425.5478 13 is us its toys his pass id pa road oa usa gifts rights
Began 426.0701 338 465 -0.05092591 0.1980452
Stationary 426.1008 338 465 -0.05092591 0.1980452
Moved 426.1315 364.6809 465 0.01083553 0.1980452
Moved 426.1622 379.8174 465 0.04587372 0.1980452
Moved 426.1929 392.3301 465 0.0748381 0.1980452
Moved 426.2236 400.4004 465 0.09351939 0.1980452
Moved 426.2544 405.574 465 0.1054955 0.1980452
Moved 426.2851 408.1467 465 0.1114506 0.1980452
Moved 426.3158 409.0041 465 0.1134354 0.1980452
Stationary 426.3465 409 465 0.113426 0.1980452
Stationary 426.3773 409 465 0.113426 0.1980452
Stationary 426.408 409 465 0.113426 0.1980452
Stationary 426.4387 409 465 0.113426 0.1980452
Stationary 426.4695 409 465 0.113426 0.1980452
Stationary 426.5002 409 465 0.113426 0.1980452
Stationary 426.5309 409 465 0.113426 0.1980452
Stationary 426.5616 409 465 0.113426 0.1980452
Stationary 426.5923 409 465 0.113426 0.1980452
Stationary 426.623 409 465 0.113426 0.1980452
Stationary 426.6537 409 465 0.113426 0.1980452
Stationary 426.6845 409 465 0.113426 0.1980452
Stationary 426.7152 409 465 0.113426 0.1980452
Stationary 426.7459 409 465 0.113426 0.1980452
Moved 426.7766 412.4102 465 0.12132 0.1980452
Moved 426.8074 416.1625 465 0.1300058 0.1980452
Moved 426.8381 419.1503 465 0.1369221 0.1980452
Moved 426.8688 422.0235 465 0.143573 0.1980452
Moved 426.8995 423.4533 465 0.1468826 0.1980452
Moved 426.9302 425.3308 465 0.1512287 0.1980452
Moved 426.961 426.3201 465 0.1535187 0.1980452
Moved 426.9917 427 465 0.1550926 0.1980452
Moved 427.0224 428.5 465 0.1585648 0.1980452
Moved 427.0531 429.1596 465 0.1600917 0.1980452
Moved 427.0839 430.4196 465 0.1630083 0.1980452
Stationary 427.1145 430 465 0.162037 0.1980452
Moved 427.1453 431.5 465 0.1655093 0.1980452
Ended 427.176 432.0816 465 0.1668555 0.1980452
Accept 427.2375 0 is
Began 428.5585 270 623 -0.2083333 0.6044238
Stationary 428.5892 270 623 -0.2083333 0.6044238
Stationary 428.6199 270 623 -0.2083333 0.6044238
Stationary 428.6507 270 623 -0.2083333 0.6044238
Stationary 428.6814 270 623 -0.2083333 0.6044238
Moved 428.7121 270 612.5863 -0.2083333 0.5776395
Moved 428.7428 270 605.1314 -0.2083333 0.5584655
Moved 428.7735 270 598.4165 -0.2083333 0.5411946
Moved 428.8042 270 589.3742 -0.2083333 0.5179377
Moved 428.835 270 580.9276 -0.2083333 0.496213
Moved 428.8657 280.2839 569.2902 -0.1845279 0.4662812
Moved 428.8964 285.3588 557.2825 -0.1727807 0.4353973
Moved 428.9271 294.6796 540.6407 -0.1512046 0.3925944
Moved 428.9579 306.7032 520.0194 -0.1233722 0.339556
Moved 428.9885 316.7874 502.3719 -0.1000291 0.2941664
Moved 429.0193 331.0322 481.5485 -0.06705512 0.2406083
Moved 429.0498 344.368 463.9585 -0.03618528 0.1953665
Moved 429.0807 358.1675 447.8325 -0.004241814 0.15389
Moved 429.1114 369.4941 437.5059 0.02197712 0.1273299
Moved 429.1422 386.8205 425.1436 0.0620844 0.09553391
Moved 429.1729 400.1866 414.6508 0.09302446 0.06854614
Moved 429.2036 411 406.5 0.1180555 0.04758226
Moved 429.2343 422.8932 394.1068 0.1455861 0.01570678
Moved 429.265 431.2995 384.7005 0.1650452 -0.008486406
Moved 429.2958 438.916 373.112 0.1826759 -0.03829226
Moved 429.3265 445.0795 364.841 0.1969433 -0.0595654
Moved 429.3572 450.8209 357.1791 0.2102336 -0.07927199
Moved 429.3879 454.2798 349.4404 0.2182402 -0.09917593
Moved 429.4187 456.1553 345.8447 0.2225817 -0.1084243
Moved 429.4494 457.1917 344.8083 0.2249808 -0.1110899
Moved 429.4801 441.7923 350.772 0.189334 -0.09575102
Moved 429.5108 412.6311 374.4951 0.1218312 -0.03473478
Moved 429.5416 392.2775 392.7621 0.07471651 0.01224808
Moved 429.5723 373.9471 407.2423 0.03228496 0.04949149
Moved 429.603 362.2611 417.0542 0.005233984 0.07472783
Moved 429.6337 351.1934 426.8066 -0.02038558 0.09981104
Moved 429.6644 338.4514 439.5486 -0.04988104 0.1325837
Moved 429.6951 326.0983 449.9263 -0.07847607 0.1592753
Moved 429.7258 317.3028 459.5458 -0.09883612 0.1840169
Moved 429.7566 311 465 -0.113426 0.1980452
Moved 429.7873 306.5309 469.2346 -0.123771 0.2089365
Moved 429.818 302.8914 475.2172 -0.1321959 0.224324
Moved 429.8488 298.0331 481.9503 -0.1434418 0.2416416
Moved 429.8795 292.3289 489.1141 -0.156646 0.260067
Moved 429.9102 285.1689 499.6621 -0.17322 0.2871967
Moved 429.9409 278.7087 506.874 -0.1881744 0.3057458
Moved 429.9717 271.6721 512.3279 -0.2044628 0.3197735
Moved 430.0023 267.5864 516.7068 -0.2139203 0.3310359
Moved 430.0331 264.4222 520.5778 -0.2212449 0.3409922
Moved 430.0638 261.5516 522 -0.2278899 0.3446501
Moved 430.0945 259.0332 524 -0.2337193 0.3497942
Moved 430.1252 257.1764 526 -0.2380175 0.3549381
Moved 430.1559 255.3046 527 -0.2423504 0.3575102
Moved 430.1866 253.4312 528 -0.246687 0.3600822
Moved 430.2174 251.9512 528 -0.2501129 0.3600822
Moved 430.2481 251.0127 528.9872 -0.2522853 0.3626214
Moved 430.2788 251 529.861 -0.2523148 0.3648688
Ended 430.3096 251 530 -0.2523148 0.3652262
Candidates 430.4017 13 the where there else winner went either wife resume time regime turner trigger
Began 430.8626 286 491 -0.1712963 0.2649176
Stationary 430.8933 286 491 -0.1712963 0.2649176
Moved 430.924 307.2426 491 -0.1221237 0.2649176
Moved 430.9546 335.0619 478.1876 -0.0577271 0.231964
Moved 430.9854 359.545 472.091 -0.001053363 0.2162833
Moved 431.0161 366.7526 469.299 0.01563102 0.2091021
Moved 431.0468 377.8768 465.5616 0.04138152 0.1994896
Moved 431.0776 385.4675 464.1775 0.05895257 0.1959297
Moved 431.1083 395.53 462 0.08224527 0.1903292
Moved 431.139 406 461 0.1064815 0.1877571
Moved 431.1698 415.4979 460 0.1284674 0.1851851
Moved 431.2005 420.7524 460 0.1406306 0.1851851
Moved 431.2312 423.7484 460 0.1475658 0.1851851
Moved 431.2619 426.6173 459 0.1542067 0.1826131
Moved 431.2926 428.2449 459 0.1579743 0.1826131
Moved 431.3234 429.0393 458 0.1598132 0.180041
Ended 431.354 429.0393 458 0.1598132 0.180041
Accept 431.477 0 the
Began 432.1835 318 314 -0.09722222 -0.1903292
Stationary 432.2143 318 314 -0.09722222 -0.1903292
Stationary 432.245 318 314 -0.09722222 -0.1903292
Moved 432.2757 301.3018 297.3018 -0.1358755 -0.2332774
Moved 432.3065 283.7655 279.9026 -0.1764687 -0.2780282
Moved 432.3372 265.6694 263.6694 -0.2183578 -0.3197803
Moved 432.3679 264.121 262.121 -0.2219421 -0.3237628
Moved 432.3986 260.1184 260.1184 -0.2312074 -0.3289136
Moved 432.4294 259.5 259.5 -0.2326389 -0.3305041
Moved 432.46 259 258.5 -0.2337963 -0.3330762
Moved 432.4908 259 259 -0.2337963 -0.3317901
Moved 432.5215 264.972 259 -0.2199723 -0.3317901
Moved 432.5522 287.3242 275.4023 -0.168231 -0.2896031
Moved 432.5829 307.0981 285.0491 -0.1224581 -0.2647915
Moved 432.6136 327.313 293.4377 -0.07566432 -0.2432158
Moved 432.6443 345.3236 299.4412 -0.03397311 -0.2277746
Moved 432.6751 356.7812 302 -0.007450928 -0.2211935
Moved 432.7058 364.9292 302 0.01141022 -0.2211935
Moved 432.7365 374.0309 302 0.03247887 -0.2211935
Moved 432.7672 384.6526 295.8107 0.05706618 -0.2371125
Moved 432.798 394.2663 290.4891 0.07932017 -0.2507996
Moved 432.8287 400.2602 286.7398 0.09319484 -0.2604429
Moved 432.8594 405.2876 283.8562 0.1048324 -0.2678596
Moved 432.8901 410.0353 278.9647 0.1158225 -0.2804408
Moved 432.9209 411 277.5 0.1180555 -0.2842079
Moved 432.9516 411 278 0.1180555 -0.2829219
Moved 432.9823 389.6403 297.3597 0.0686118 -0.2331284
Moved 433.013 371.7204 316.2796 0.02713045 -0.1844661
Moved 433.0438 344.2614 352.0668 -0.03643185 -0.09242077
Moved 433.0744 323.4365 386.2725 -0.08463781 -0.00444318
Moved 433.1052 307 417.5 -0.1226852 0.0758744
Moved 433.1359 295.5733 436.4968 -0.1491359 0.1247344
Moved 433.1666 289.5351 449.9298 -0.1631132 0.1592844
Moved 433.1974 285.5239 457.4761 -0.1723984 0.1786936
Moved 433.2278 281.7851 464.2149 -0.1810529 0.1960259
Moved 433.2588 278.519 471.4431 -0.1886135 0.2146169
Moved 433.2895 274.9784 475.0432 -0.1968093 0.2238765
Moved 433.3203 271.0993 482.702 -0.2057886 0.2435749
Moved 433.351 267.2211 490.3367 -0.214766 0.2632117
Moved 433.3817 263.3531 498.9409 -0.2237198 0.2853416
Moved 433.4124 259.8344 506.4967 -0.2318647 0.3047754
Moved 433.4431 254.9291 513.0709 -0.2432197 0.3216844
Moved 433.4738 252.091 517.9089 -0.2497893 0.3341278
Moved 433.5046 250 521.597 -0.2546296 0.3436136
Moved 433.5353 247.6515 524.3485 -0.260066 0.3506906
Moved 433.566 247 525 -0.2615741 0.3523662
Moved 433.5967 245.9688 525 -0.2639612 0.3523662
Stationary 433.6275 246 525 -0.2638889 0.3523662
Moved 433.6581 245 511.5046 -0.2662037 0.3176557
Moved 433.6889 245 494.4132 -0.2662037 0.2736965
Moved 433.7196 245 474.3149 -0.2662037 0.2220034
Moved 433.7503 245 458.2828 -0.2662037 0.1807684
Moved 433.7811 245 444.5445 -0.2662037 0.1454333
Moved 433.8118 245 432.0228 -0.2662037 0.1132274
Moved 433.8425 245 418.8693 -0.2662037 0.07939613
Moved 433.8732 245 406.3838 -0.2662037 0.04728337
Moved 433.9039 245 395.6755 -0.2662037 0.01974161
Moved 433.9347 245 386.4044 -0.2662037 -0.004104096
Moved 433.9654 245 377.3051 -0.2662037 -0.02750758
Moved 433.9961 245 366.9122 -0.2662037 -0.05423832
Moved 434.0268 245 356.3531 -0.2662037 -0.08139645
Moved 434.0576 245 349.1948 -0.2662037 -0.09980778
Moved 434.0882 245 340.9325 -0.2662037 -0.1210585
Moved 434.119 253.6037 335.5418 -0.2462876 -0.1349234
Moved 434.1497 253.0513 333.9487 -0.2475666 -0.1390208
Moved 434.1805 254.4776 333 -0.2442648 -0.141461
Moved 434.2112 256.0357 333 -0.2406582 -0.141461
Moved 434.2419 262.1412 346.8041 -0.2265249 -0.1059567
Moved 434.2726 272.7812 360.302 -0.2018954 -0.07123978
Moved 434.3033 286.833 383.1328 -0.169368 -0.01251849
Moved 434.334 299.905 407.445 -0.1391088 0.05001276
Moved 434.3648 309.5276 429.5643 -0.1168343 0.1069041
Moved 434.3955 317.1249 447.2914 -0.09924798 0.1524983
Moved 434.4262 327.7879 471.4344 -0.07456496 0.2145947
Moved 434.4569 332.6028 489.6097 -0.06341954 0.2613417
Moved 434.4877 336.67 502.0099 -0.05400469 0.2932352
Moved 434.5184 340.1924 510.7697 -0.04585082 0.3157657
Moved 434.5491 344.0607 518.1821 -0.03689652 0.3348306
Moved 434.5798 346.9415 523.883 -0.030228 0.3494932
Moved 434.6106 350.2469 529.2468 -0.0225767 0.3632891
Moved 434.6413 354.7655 534.7655 -0.01211688 0.3774832
Moved 434.672 357.2518 540.5037 -0.006361505 0.3922418
Moved 434.7027 361.1234 546.2468 0.002600451 0.4070132
Moved 434.7334 364.3256 551.9884 0.01001299 0.4217808
Moved 434.7642 366.5303 557.0607 0.01511653 0.4348267
Moved 434.7949 368.405 562.81 0.01945605 0.4496141
Moved 434.8256 369 567.5417 0.02083332 0.4617842
Moved 434.8564 369.7713 571.5425 0.02261867 0.4720744
Moved 434.887 370 575 0.02314816 0.480967
Moved 434.9177 370 577.5189 0.02314816 0.4874455
Moved 434.9485 370 579.0489 0.02314816 0.4913808
Moved 434.9792 370 580.5 0.02314816 0.4951131
Moved 435.0099 370 581.2492 0.02314816 0.49704
Stationary 435.0406 370 581.2492 0.02314816 0.49704
Ended 435.0714 370 581 0.02314816 0.496399
Candidates 435.1328 13 best chest newest anyway beast abstract next nest very craft character beat breast
Began 435.5322 304 477 -0.1296296 0.2289094
Stationary 435.5629 304 477 -0.1296296 0.2289094
Stationary 435.5936 304 477 -0.1296296 0.2289094
Stationary 435.6244 304 477 -0.1296296 0.2289094
Moved 435.6551 319.4972 477 -0.09375641 0.2289094
Moved 435.6858 344.5934 477 -0.03566334 0.2289094
Moved 435.7166 375.9659 471.1865 0.03695816 0.213957
Moved 435.7472 406.5 470 0.1076389 0.2109053
Moved 435.778 435.1437 470 0.1739438 0.2109053
Moved 435.8087 455.5407 470 0.221159 0.2109053
Moved 435.8394 464.9859 470 0.2430229 0.2109053
Moved 435.8701 471.918 470 0.2590694 0.2109053
Moved 435.9009 473.3607 470 0.262409 0.2109053
Moved 435.9315 475.5 470 0.2673611 0.2109053
Moved 435.9623 477.0516 470 0.2709528 0.2109053
Stationary 435.993 477.0516 470 0.2709528 0.2109053
Moved 436.0237 478 477.7004 0.2731481 0.2307109
Moved 436.0544 479.3723 477 0.2763248 0.2289094
Moved 436.0852 480.187 477 0.2782107 0.2289094
Moved 436.1159 481 477.7923 0.2800926 0.2309471
Moved 436.1466 481 478.5 0.2800926 0.2327674
Stationary 436.1774 481 478.5 0.2800926 0.2327674
Moved 436.2081 482 478 0.2824074 0.2314814
Ended 436.2388 482 478 0.2824074 0.2314814
Accept 436.3002 0 best
Began 437.7135 320 375 -0.09259259 -0.03343629
Stationary 437.7441 320 375 -0.09259259 -0.03343629
Stationary 437.7749 320 375 -0.09259259 -0.03343629
Stationary 437.8056 320 375 -0.09259259 -0.03343629
Stationary 437.8363 320 375 -0.09259259 -0.03343629
Stationary 437.8671 320 375 -0.09259259 -0.03343629
Stationary 437.8978 320 375 -0.09259259 -0.03343629
Moved 437.9285 308.9714 386.0572 -0.1181218 -0.004996939
Moved 437.9592 306.0872 391.8256 -0.1247981 0.009839367
Moved 437.9899 304.224 397.5519 -0.1291111 0.02456771
Moved 438.0207 302.3493 406.3014 -0.1334507 0.04707144
Moved 438.0514 301 416.7953 -0.1365741 0.07406203
Moved 438.0821 300 430.3652 -0.1388889 0.108964
Moved 438.1128 299.062 446.6901 -0.1410602 0.1509517
Moved 438.1436 299 461 -0.1412037 0.1877571
Moved 438.1743 298 473.6673 -0.1435185 0.2203376
Moved 438.205 297 484.2828 -0.1458333 0.247641
Moved 438.2357 297 488.2356 -0.1458333 0.2578075
Moved 438.2664 296 493.295 -0.1481481 0.2708206
Moved 438.2972 296 499 -0.1481481 0.2854938
Moved 438.3279 296 504.77 -0.1481481 0.3003343
Moved 438.3586 296 509.5139 -0.1481481 0.3125357
Moved 438.3893 296 512.5937 -0.1481481 0.3204569
Moved 438.42 296 515.6674 -0.1481481 0.3283624
Moved 438.4507 296 518.5362 -0.1481481 0.3357412
Moved 438.4815 296 521.0313 -0.1481481 0.3421586
Moved 438.5122 296 524.9175 -0.1481481 0.3521541
Moved 438.5428 296 527.7895 -0.1481481 0.3595408
Moved 438.5736 296 532.3277 -0.1481481 0.3712131
Moved 438.6044 296 535.2112 -0.1481481 0.3786297
Moved 438.6351 296 539.0843 -0.1481481 0.3885912
Moved 438.6658 296 541.9545 -0.1481481 0.3959735
Moved 438.6965 296 544.5 -0.1481481 0.4025204
Moved 438.7273 296 547.347 -0.1481481 0.4098431
Moved 438.758 296 549.213 -0.1481481 0.4146422
Moved 438.7887 296 550.5 -0.1481481 0.4179526
Moved 438.8194 296 550 -0.1481481 0.4166666
Moved 438.8502 296 551 -0.1481481 0.4192385
Moved 438.8809 296 552.389 -0.1481481 0.4228112
Moved 438.9116 306.5333 552 -0.1237655 0.4218106
Moved 438.9423 318.0184 553 -0.09717961 0.4243826
Moved 438.973 331.3713 553 -0.06627014 0.4243826
Moved 439.0037 347.8031 553 -0.02823348 0.4243826
Moved 439.0345 362.2172 553 0.005132358 0.4243826
Moved 439.0652 377.5202 545.08 0.04055599 0.4040121
Moved 439.0959 390.948 542.2104 0.07163883 0.3966316
Moved 439.1266 405.3234 538.3353 0.1049152 0.3866649
Moved 439.1573 417.0424 535.7915 0.1320426 0.3801221
Moved 439.1881 428.2495 531.9168 0.1579851 0.3701563
Moved 439.2188 439.8209 529.0448 0.1847706 0.3627695
Moved 439.2495 450.8415 527 0.2102812 0.3575102
Moved 439.2802 461.388 526 0.2346945 0.3549381
Moved 439.311 469.6516 525 0.2538231 0.3523662
Moved 439.3417 477.1877 524 0.2712679 0.3497942
Moved 439.3723 484.3262 522.3369 0.2877922 0.3455167
Moved 439.4031 489.5334 520.4666 0.2998459 0.3407061
Moved 439.4338 493.4124 517.5876 0.308825 0.3333013
Moved 439.4646 493 518 0.3078704 0.3343621
Moved 439.4953 493 516.7177 0.3078704 0.3310638
Moved 439.526 463.8126 516 0.240307 0.329218
Moved 439.5567 434.9824 515 0.1735703 0.326646
Moved 439.5875 412.5806 515 0.1217144 0.326646
Moved 439.6182 391.3952 514.0659 0.07267405 0.3242434
Moved 439.6489 371.3479 512 0.02626826 0.31893
Moved 439.6796 351.9095 511 -0.01872788 0.3163579
Moved 439.7103 336.8501 511 -0.0535878 0.3163579
Moved 439.7411 325.6338 509 -0.07955134 0.3112139
Moved 439.7718 313.1323 506 -0.10849 0.3034978
Moved 439.8025 304 503.5 -0.1296296 0.2970678
Moved 439.8332 292.241 502.6482 -0.1568495 0.294877
Moved 439.864 278.864 500.7728 -0.1878148 0.2900535
Moved 439.8947 267.7075 497.9025 -0.2136401 0.282671
Moved 439.9254 260.0009 496.3336 -0.2314793 0.2786357
Moved 439.9561 251.9282 494.4641 -0.2501662 0.2738273
Moved 439.9868 246.192 493 -0.2634445 0.2700616
Moved 440.0175 243.7209 492 -0.2691645 0.2674896
Moved 440.0481 243 491 -0.2708333 0.2649176
Moved 440.079 243 489.7509 -0.2708333 0.2617048
Moved 440.1097 249.191 480.7487 -0.2565023 0.2385511
Moved 440.1404 263.2472 470.7528 -0.2239649 0.2128415
Moved 440.1712 278.6696 458.2643 -0.1882649 0.180721
Moved 440.2019 295.0207 445.7834 -0.1504152 0.1486199
Moved 440.2326 311.3815 434.2948 -0.1125428 0.1190709
Moved 440.2633 326.6317 422.6014 -0.07724146 0.08899539
Moved 440.294 346.5 406 -0.03125002 0.04629618
Moved 440.3248 351.8546 399.1454 -0.01885504 0.02866611
Moved 440.3555 360.8612 389.5184 0.001993577 0.003905198
Moved 440.3862 368.0887 380.9113 0.01872391 -0.01823245
Moved 440.417 373.471 371.0579 0.03118297 -0.04357538
Moved 440.4476 380.2166 360.675 0.04679769 -0.0702803
Moved 440.4784 383.6763 350.2946 0.05480627 -0.09697894
Moved 440.5091 386.5463 339.815 0.06144971 -0.1239327
Moved 440.5398 389.4229 328.3086 0.06810844 -0.1535273
Moved 440.5705 393.5938 314.5156 0.0777633 -0.1890031
Moved 440.6013 395.8336 303.6655 0.08294822 -0.2169099
Moved 440.632 397.6993 290.9022 0.08726686 -0.2497372
Moved 440.6627 400 279.2752 0.09259263 -0.2796419
Moved 440.6934 403.5 264 0.1006944 -0.31893
Moved 440.7242 403.9501 260.1497 0.1017364 -0.3288333
Moved 440.7548 405.8218 253.3563 0.106069 -0.3463058
Moved 440.7856 407.6952 247.6095 0.1104056 -0.3610868
Moved 440.8163 409.2442 243.7557 0.1139913 -0.3709987
Moved 440.847 410 240.9426 0.1157407 -0.3782341
Moved 440.8777 412 238.0116 0.1203704 -0.3857727
Moved 440.9084 414.5 236.5 0.1261574 -0.3896605
Moved 440.9392 418.7674 235 0.1360357 -0.3935186
Moved 440.9699 422.2515 234 0.1441006 -0.3960905
Moved 441.0006 425.1258 234 0.1507542 -0.3960905
Stationary 441.0313 425 234 0.150463 -0.3960905
Moved 441.0621 409.3066 257.2627 0.1141356 -0.3362586
Moved 441.0928 385.4474 279.6644 0.05890608 -0.2786409
Moved 441.1235 368.1484 294.543 0.01886199 -0.2403729
Moved 441.1542 357.6023 301.6989 -0.005550235 -0.2219681
Moved 441.1849 349.84 308.16 -0.0235185 -0.2053498
Moved 441.2157 340.2198 314.7802 -0.04578744 -0.1883226
Moved 441.2464 331.7134 321.215 -0.06547828 -0.1717722
Moved 441.2771 321.0758 328.9242 -0.09010225 -0.151944
Moved 441.3079 311.4632 336.5367 -0.1123537 -0.1323644
Moved 441.3386 300.8633 347.1367 -0.1368905 -0.1051013
Moved 441.3693 293.2272 357.0303 -0.1545666 -0.07965456
Moved 441.4001 287.7448 364.3829 -0.1672574 -0.06074372
Moved 441.4307 279.1366 377.2951 -0.1871838 -0.02753316
Moved 441.4615 276.7032 381.5935 -0.1928165 -0.01647761
Moved 441.4922 270.2014 390.1978 -0.207867 0.005652816
Moved 441.5229 264.7303 396.5394 -0.2205317 0.02196339
Moved 441.5536 260.86 401.14 -0.2294908 0.03379629
Moved 441.5843 258.2909 405.4183 -0.2354378 0.04480009
Moved 441.6151 256.419 408.5811 -0.2397709 0.05293477
Moved 441.6458 256 411.4544 -0.2407407 0.060325
Moved 441.6765 255 414.3278 -0.2430556 0.06771547
Moved 441.7072 254 416.5 -0.2453704 0.07330243
Moved 441.7379 253.2682 417 -0.2470642 0.0745884
Moved 441.7687 253 417.6078 -0.2476852 0.0761518
Moved 441.7994 251.9585 418 -0.250096 0.07716041
Ended 441.8301 252 418 -0.25 0.07716041
Candidates 441.9222 13 friend friends depends depend september returns spend forms queens firms supreme spends sequence
Began 442.2909 271 425 -0.2060186 0.09516452
Stationary 442.3217 271 425 -0.2060186 0.09516452
Moved 442.3524 319.2875 425 -0.09424195 0.09516452
Moved 442.3831 359.8548 425 -0.0003361205 0.09516452
Moved 442.4138 385.6007 425 0.05926092 0.09516452
Moved 442.4445 404.2751 425 0.1024886 0.09516452
Moved 442.4753 418.3324 425 0.1350287 0.09516452
Moved 442.506 428.3132 425 0.1581324 0.09516452
Moved 442.5367 433.9367 425 0.1711499 0.09516452
Moved 442.5674 437.8484 425 0.1802046 0.09516452
Moved 442.5981 439.2647 425 0.1834832 0.09516452
Moved 442.6289 441.5 425 0.1886574 0.09516452
Moved 442.6595 442.3648 425 0.1906593 0.09516452
Stationary 442.6903 442 425 0.1898148 0.09516452
Ended 442.721 442 425 0.1898148 0.09516452
Accept 442.7825 0 friend
Began 443.3048 495 612 0.3125 0.5761316
Stationary 443.3354 495 612 0.3125 0.5761316
Stationary 443.3662 495 612 0.3125 0.5761316
Stationary 443.3969 495 612 0.3125 0.5761316
Moved 443.4276 475.1852 595.1234 0.2666323 0.5327247
Moved 443.4583 470.8835 589.5112 0.2566747 0.5182901
Moved 443.4891 463.2625 583.5084 0.2390336 0.5028507
Moved 443.5198 456.3717 576.3717 0.2230826 0.484495
Moved 443.5505 448.1531 567.1531 0.2040581 0.4607846
Moved 443.5813 440.5151 559.0201 0.1863776 0.4398666
Moved 443.612 431.9034 549.9034 0.166443 0.416418
Moved 443.6427 422.3527 539.4409 0.1443348 0.3895082
Moved 443.6734 412.6267 528.6266 0.121821 0.3616939
Moved 443.7041 396.5723 509.5723 0.08465817 0.312686
Moved 443.7349 385.9612 496.3535 0.06009549 0.278687
Moved 443.7656 378.7861 487.7433 0.04348635 0.2565415
Moved 443.7963 357.2178 459.5049 -0.006440282 0.1839118
Moved 443.827 340.5891 435.8837 -0.04493261 0.1231575
Moved 443.8578 334.8215 426.7323 -0.05828356 0.09962003
Moved 443.8885 321.0649 407.8312 -0.09012744 0.05100611
Moved 443.9192 311.6875 393.4792 -0.1118345 0.01409252
Moved 443.9499 305.0446 385.0446 -0.1272115 -0.007601333
Moved 443.9807 299.9546 377.9545 -0.1389941 -0.0258372
Moved 444.0113 295.6107 370.2213 -0.1490494 -0.04572707
Moved 444.0421 290.7407 363.4814 -0.1603225 -0.06306236
Moved 444.0728 289 361.1708 -0.1643519 -0.06900505
Moved 444.1035 287.3611 359 -0.1681455 -0.07458848
Moved 444.1342 287 357.9285 -0.1689815 -0.07734431
Moved 444.1649 286 356.5 -0.1712963 -0.0810186
Moved 444.1957 285 357 -0.1736111 -0.07973259
Ended 444.2264 285 357 -0.1736111 -0.07973259
Candidates 444.3185 13 of is id if its off us odd his odds puts kids ps
Began 444.6258 298 396 -0.1435185 0.02057605
Stationary 444.6565 298 396 -0.1435185 0.02057605
Moved 444.6873 327.5121 404.0585 -0.07520353 0.04130257
Moved 444.718 366.3403 409.0212 0.01467655 0.05406685
Moved 444.7486 398.3739 410 0.0888284 0.05658428
Moved 444.7794 421.9063 410 0.1433017 0.05658428
Moved 444.8102 437.4228 410 0.1792194 0.05658428
Moved 444.8409 450.8709 410 0.2103493 0.05658428
Moved 444.8716 454.4584 410 0.2186538 0.05658428
Moved 444.9023 460.1985 403 0.231941 0.03858017
Moved 444.933 463.4826 403 0.2395431 0.03858017
Moved 444.9637 466.0091 402 0.2453914 0.03600815
Ended 444.9944 467.45 402 0.2487268 0.03600815
Accept 445.0559 0 of
Began 445.5475 186 416 -0.4027778 0.07201634
Stationary 445.5782 186 416 -0.4027778 0.07201634
Stationary 445.6089 186 416 -0.4027778 0.07201634
Stationary 445.6396 186 416 -0.4027778 0.07201634
Stationary 445.6703 186 416 -0.4027778 0.07201634
Stationary 445.701 186 416 -0.4027778 0.07201634
Stationary 445.7318 186 416 -0.4027778 0.07201634
Stationary 445.7625 186 416 -0.4027778 0.07201634
Stationary 445.7932 186 416 -0.4027778 0.07201634
Stationary 445.8239 186 416 -0.4027778 0.07201634
Stationary 445.8547 186 416 -0.4027778 0.07201634
Stationary 445.8854 186 416 -0.4027778 0.07201634
Stationary 445.9162 186 416 -0.4027778 0.07201634
Stationary 445.9469 186 416 -0.4027778 0.07201634
Stationary 445.9776 186 416 -0.4027778 0.07201634
Ended 446.0083 186 416 -0.4027778 0.07201634
Candidates 446.0698 6 a s d q w e
Began 446.377 258 438 -0.2361111 0.1286007
Stationary 446.4077 258 438 -0.2361111 0.1286007
Moved 446.4384 289.268 438 -0.1637315 0.1286007
Moved 446.4691 331.5281 438 -0.06590724 0.1286007
Moved 446.4998 362.304 429.6559 0.005333423 0.1071397
Moved 446.5305 383.4384 428.9374 0.05425562 0.1052915
Moved 446.5613 397.6875 428 0.08723954 0.1028806
Moved 446.592 408 428 0.1111111 0.1028806
Moved 446.6227 416.9429 427 0.1318123 0.1003086
Moved 446.6535 422.3612 427 0.1443546 0.1003086
Moved 446.6842 425.0596 425.9404 0.1506009 0.09758337
Moved 446.7149 427.4579 426 0.1561525 0.09773654
Moved 446.7457 428.0212 426 0.1574566 0.09773654
Ended 446.7763 428 426 0.1574074 0.09773654
Accept 446.8378 0 a
Began 447.3601 470 235 0.2546296 -0.3935186
Stationary 447.3908 470 235 0.2546296 -0.3935186
Stationary 447.4216 470 235 0.2546296 -0.3935186
Stationary 447.4522 470 235 0.2546296 -0.3935186
Stationary 447.483 470 235 0.2546296 -0.3935186
Moved 447.5137 455.4995 243.0004 0.2210638 -0.3729415
Moved 447.5444 447.8628 246.379 0.2033861 -0.3642515
Moved 447.5751 441.1216 249.9595 0.1877815 -0.3550425
Moved 447.6058 432.5449 253.6367 0.167928 -0.3455847
Moved 447.6366 426.6316 256.6842 0.1542398 -0.3377465
Moved 447.6673 420.3102 261.1266 0.1396068 -0.3263205
Moved 447.698 413.6884 268.3116 0.1242788 -0.3078406
Moved 447.7288 397.1776 286.7969 0.08605937 -0.2602959
Moved 447.7595 362.4889 324.5111 0.005761385 -0.1632945
Moved 447.7902 337.7934 346.0661 -0.05140409 -0.1078548
Moved 447.821 309.1557 364.5758 -0.1176951 -0.06024748
Moved 447.8517 294.0609 373.5635 -0.1526369 -0.03713105
Moved 447.8824 269.218 384.9182 -0.2101434 -0.007926446
Moved 447.9131 249.7898 391.5789 -0.2551162 0.009204841
Moved 447.9438 230.6572 396.3904 -0.2994045 0.02158035
Moved 447.9745 212.6732 398 -0.3410341 0.02572008
Moved 448.0052 201.4253 399 -0.3670711 0.02829214
Moved 448.036 194.0362 399 -0.3841754 0.02829214
Moved 448.0667 183.4152 399 -0.4087611 0.02829214
Moved 448.0974 166.6599 391.165 -0.4475466 0.008140297
Moved 448.1281 157.4016 386.2008 -0.4689778 -0.004627636
Moved 448.1589 153.4818 384.3212 -0.4780513 -0.00946194
Moved 448.1896 146.5767 380.2883 -0.4940354 -0.01983462
Moved 448.2203 142.4153 378 -0.5036684 -0.02572024
Moved 448.251 140.8776 375.8776 -0.5072278 -0.03117903
Moved 448.2817 141 373.0066 -0.5069445 -0.03856337
Moved 448.3125 141 365.3814 -0.5069445 -0.05817554
Moved 448.3432 163.8092 352.5954 -0.4541453 -0.09106121
Moved 448.3739 172.4614 348.2693 -0.4341172 -0.1021881
Moved 448.4047 198.5 342.5 -0.3738426 -0.1170267
Moved 448.4354 217.9643 339.5765 -0.3287863 -0.124546
Moved 448.4661 225.2761 338.4655 -0.3118608 -0.1274037
Moved 448.4968 244.396 335.6006 -0.2676018 -0.134772
Moved 448.5275 259.3521 332.4592 -0.2329812 -0.1428519
Moved 448.5582 275.8902 328.7032 -0.1946987 -0.1525123
Moved 448.589 290.3404 325.3319 -0.161249 -0.1611834
Moved 448.6197 301.6078 321.4641 -0.1351671 -0.1711316
Moved 448.6504 310.2414 317.5862 -0.115182 -0.1811056
Moved 448.6812 318.9608 314.0131 -0.09499818 -0.1902957
Moved 448.7119 332.8727 305.4182 -0.06279464 -0.2124018
Moved 448.7426 342.4754 300.683 -0.04056618 -0.2245806
Moved 448.7733 352.0928 296.2268 -0.01830369 -0.2360422
Moved 448.804 356.42 292.58 -0.008286983 -0.245422
Moved 448.8347 366.0288 286.9808 0.01395553 -0.2598232
Moved 448.8654 374.6481 283.1173 0.03390769 -0.2697601
Moved 448.8962 384 278 0.0555556 -0.2829219
Moved 448.9269 391.8133 275.7289 0.07364184 -0.2887632
Moved 448.9576 402.5627 272.8593 0.09852478 -0.2961438
Moved 448.9884 409.0287 272 0.1134922 -0.2983539
Moved 449.0191 417.9756 270 0.1342026 -0.303498
Moved 449.0498 420.8518 268.5741 0.1408606 -0.3071654
Moved 449.0806 428.7343 267.2657 0.1591072 -0.3105306
Moved 449.1113 431.3554 267 0.1651746 -0.311214
Moved 449.142 436.3938 266 0.1768375 -0.3137861
Moved 449.1727 441.1276 265.4362 0.1877953 -0.3152361
Moved 449.2034 446.8724 265 0.2010936 -0.3163581
Moved 449.2342 450.0019 265 0.2083376 -0.3163581
Moved 449.2649 452.8733 265 0.2149844 -0.3163581
Moved 449.2956 454 263.5 0.2175926 -0.3202162
Moved 449.3263 455.2032 264 0.2203778 -0.31893
Ended 449.357 455 263 0.2199073 -0.3215021
Candidates 449.4185 13 man mann ban mab mean van khan jam beam nsm can jan lamb
Began 449.8179 307 359 -0.1226852 -0.07458848
Moved 449.8486 327.6752 359 -0.07482583 -0.07458848
Moved 449.8793 361.2568 367.7537 0.002909203 -0.05207391
Moved 449.91 388.068 367 0.06497224 -0.05401234
Moved 449.9408 412.3873 367 0.1212669 -0.05401234
Moved 449.9715 426.4984 367 0.1539315 -0.05401234
Moved 450.0023 441.4488 367 0.1885388 -0.05401234
Moved 450.033 443.8389 367 0.1940715 -0.05401234
Moved 450.0637 448.7875 361.4874 0.2055266 -0.06819085
Moved 450.0944 451.6617 360 0.2121797 -0.07201654
Moved 450.1252 453.0935 360 0.2154941 -0.07201654
Ended 450.1559 454 360 0.2175926 -0.07201654
Accept 450.2173 0 man
Began 450.4938 328 386 -0.07407407 -0.005144111
Moved 450.5245 345.2733 386 -0.03408963 -0.005144111
Moved 450.5553 406.7824 386 0.1082926 -0.005144111
Moved 450.586 421.2787 386 0.1418487 -0.005144111
Moved 450.6167 454.9612 386 0.2198175 -0.005144111
Moved 450.6475 482.003 386 0.2824143 -0.005144111
Moved 450.6782 505.85 386 0.3376157 -0.005144111
Moved 450.7089 527.7427 386 0.3882933 -0.005144111
Moved 450.7396 546.6094 379.3906 0.4319663 -0.02214369
Moved 450.7703 560.2453 378.1887 0.4635308 -0.02523501
Moved 450.801 570 376.5 0.4861112 -0.02957819
Moved 450.8318 578.5197 375.8268 0.5058326 -0.03130979
Moved 450.8625 591.4415 375 0.5357441 -0.03343629
Moved 450.8932 602.8269 374 0.5620993 -0.03600823
Moved 450.9239 607.373 372.5254 0.5726228 -0.03980095
Moved 450.9547 618.3762 370.6559 0.598093 -0.04460927
Moved 450.9854 631.8159 371 0.6292034 -0.04372435
Moved 451.0161 639.2412 371 0.6463917 -0.04372435
Moved 451.0466 644.1302 371 0.6577088 -0.04372435
Ended 451.0775 648.0419 371 0.6667635 -0.04372435
PhraseEnd 451.139
