have a good weekend
have a good weekend
FixStart
Radial

0.6 0.6
432 388.8
Began 1535.882 384 361 0.0555556 -0.06944452
Stationary 1535.913 384 361 0.0555556 -0.06944452
Stationary 1535.943 384 361 0.0555556 -0.06944452
Stationary 1535.974 384 361 0.0555556 -0.06944452
Stationary 1536.005 384 361 0.0555556 -0.06944452
Stationary 1536.036 384 361 0.0555556 -0.06944452
Stationary 1536.066 384 361 0.0555556 -0.06944452
Stationary 1536.097 384 361 0.0555556 -0.06944452
Stationary 1536.128 384 361 0.0555556 -0.06944452
Stationary 1536.158 384 361 0.0555556 -0.06944452
Moved 1536.189 384 372.7605 0.0555556 -0.03919625
Moved 1536.22 384 371.0673 0.0555556 -0.0435512
Moved 1536.251 392.6515 372.0814 0.07558206 -0.04094292
Moved 1536.281 401.1022 372 0.095144 -0.04115226
Moved 1536.312 406.8194 372 0.1083781 -0.04115226
Moved 1536.343 411.8347 372 0.1199877 -0.04115226
Moved 1536.374 416.5832 372 0.1309797 -0.04115226
Moved 1536.404 420.1667 372 0.1392749 -0.04115226
Moved 1536.435 423.7986 365 0.1476819 -0.05915646
Moved 1536.466 429.2177 363 0.1602262 -0.06430049
Moved 1536.496 433.4794 362 0.1700913 -0.06687243
Moved 1536.527 436.3665 361 0.1767743 -0.06944452
Moved 1536.558 438.8942 361 0.1826255 -0.06944452
Moved 1536.589 441.7643 361 0.1892693 -0.06944452
Moved 1536.619 442.5 361 0.1909722 -0.06944452
Moved 1536.65 443.0174 359.9825 0.1921699 -0.07206143
Moved 1536.681 444.2229 360 0.1949605 -0.07201654
Moved 1536.712 444 358.7804 0.1944444 -0.07515331
Moved 1536.742 437.0518 351.456 0.1783607 -0.09399186
Moved 1536.773 425.8422 343.0737 0.1524125 -0.1155511
Moved 1536.804 405.6465 336.6133 0.105663 -0.1321676
Moved 1536.834 376.3475 334 0.0378414 -0.1388889
Moved 1536.865 342.9787 334 -0.03940111 -0.1388889
Moved 1536.896 316.0943 344.7568 -0.1016336 -0.1112222
Moved 1536.927 304.5287 347.6178 -0.1284057 -0.1038637
Moved 1536.957 284.646 351.1934 -0.1744306 -0.09466713
Moved 1536.988 266.2681 353.8188 -0.2169719 -0.08791456
Moved 1537.019 245.2027 356.6329 -0.2657345 -0.08067676
Moved 1537.05 225.9799 357 -0.3102317 -0.07973259
Moved 1537.08 209.1315 357 -0.3492327 -0.07973259
Moved 1537.111 196.4974 357 -0.3784782 -0.07973259
Moved 1537.142 184.65 357 -0.4059028 -0.07973259
Moved 1537.172 175.0411 357 -0.4281457 -0.07973259
Moved 1537.203 168 357 -0.4444444 -0.07973259
Moved 1537.234 163.9841 357 -0.4537406 -0.07973259
Moved 1537.265 161.5 358.5 -0.4594907 -0.07587456
Moved 1537.295 159.5 360.5 -0.4641204 -0.07073053
Moved 1537.326 158.9052 361.0947 -0.4654971 -0.06920081
Moved 1537.357 159 363.0906 -0.4652778 -0.06406737
Moved 1537.388 159 364.017 -0.4652778 -0.06168482
Stationary 1537.418 159 364.017 -0.4652778 -0.06168482
Moved 1537.449 181.2156 364 -0.4138527 -0.06172839
Moved 1537.48 196.533 364 -0.3783958 -0.06172839
Moved 1537.511 214.9137 350.6345 -0.3358479 -0.0961047
Moved 1537.541 229.0558 343.5665 -0.3031115 -0.1142837
Moved 1537.572 242.496 335.128 -0.2719999 -0.1359878
Moved 1537.603 256.4774 326.0181 -0.2396356 -0.1594186
Moved 1537.633 267.4685 316.5314 -0.2141932 -0.1838183
Moved 1537.664 283.3538 303.9847 -0.1774219 -0.2160888
Moved 1537.695 292.64 295.3599 -0.1559258 -0.2382719
Moved 1537.726 297.9687 291.0313 -0.1435909 -0.2494052
Moved 1537.756 309.5 281 -0.1168982 -0.2752058
Moved 1537.787 318.0858 270.9141 -0.09702349 -0.3011469
Moved 1537.818 329.6813 258.3187 -0.07018223 -0.3335424
Moved 1537.849 341.3523 243.6477 -0.04316603 -0.3712765
Moved 1537.879 348.7011 231.8315 -0.02615491 -0.4016678
Moved 1537.91 359.746 218.254 -0.0005880495 -0.4365895
Moved 1537.941 366.1209 207.7582 0.01416882 -0.463585
Moved 1537.971 373.8582 199.1418 0.03207922 -0.4857463
Moved 1538.002 377.9007 193.0992 0.04143685 -0.501288
Moved 1538.033 381.6347 189.3654 0.05008022 -0.5108916
Moved 1538.064 386.3986 185.8007 0.06110788 -0.52006
Moved 1538.094 389.8204 182.1796 0.06902874 -0.5293735
Moved 1538.125 394.2978 178.3511 0.07939298 -0.5392206
Moved 1538.156 397.5138 176 0.08683751 -0.5452675
Moved 1538.187 399.5 174.5 0.09143522 -0.5491255
Moved 1538.217 400.3745 173.6255 0.09345949 -0.5513747
Moved 1538.248 401.3201 172.6799 0.09564827 -0.5538067
Moved 1538.279 402.249 171.7511 0.0977985 -0.5561958
Moved 1538.309 403.2499 172 0.1001155 -0.5555555
Stationary 1538.34 403.2499 172 0.1001155 -0.5555555
Moved 1538.371 404.0771 172 0.1020304 -0.5555555
Stationary 1538.402 404.0771 172 0.1020304 -0.5555555
Stationary 1538.432 404.0771 172 0.1020304 -0.5555555
Moved 1538.463 404 185.2527 0.1018518 -0.5214695
Moved 1538.494 384.5932 219.0576 0.05692869 -0.4345227
Moved 1538.525 369.265 253.3816 0.02144684 -0.3462408
Moved 1538.555 357.5488 278.9025 -0.005674163 -0.2806007
Moved 1538.586 348.2845 296.7889 -0.02711932 -0.2345966
Moved 1538.617 341.5758 307.8484 -0.04264866 -0.2061512
Moved 1538.647 338.1662 313.6676 -0.05054121 -0.1911842
Moved 1538.678 335.3448 317.6553 -0.05707234 -0.1809279
Moved 1538.709 334 320.5269 -0.06018519 -0.1735419
Moved 1538.74 333 323.401 -0.06249999 -0.1661498
Moved 1538.77 332 324.9413 -0.06481484 -0.1621881
Moved 1538.801 330.1869 326.8131 -0.06901184 -0.1573737
Moved 1538.832 327.313 332.374 -0.07566437 -0.1430709
Moved 1538.863 322 342 -0.08796295 -0.1183128
Moved 1538.893 315.8819 353.2952 -0.1021252 -0.08926148
Moved 1538.924 310.1339 364.7321 -0.1154307 -0.05984545
Moved 1538.955 305.3919 376.2162 -0.1264076 -0.03030816
Moved 1538.986 301.4705 387.3237 -0.1354849 -0.001739494
Moved 1539.016 300 398.6841 -0.1388889 0.02747956
Moved 1539.047 298 407.3056 -0.1435185 0.04965429
Moved 1539.078 296 413.9449 -0.1481481 0.06673063
Moved 1539.109 294.5078 419.4766 -0.1516024 0.08095831
Moved 1539.139 291.6354 427.0937 -0.1582513 0.1005495
Moved 1539.17 288.7653 439.1735 -0.1648951 0.131619
Moved 1539.201 284.3016 450.3969 -0.1752278 0.1604856
Moved 1539.231 280.6568 462.358 -0.1836648 0.19125
Moved 1539.262 276.0214 482.8718 -0.194395 0.2440117
Moved 1539.293 275 493.1972 -0.1967592 0.2705689
Moved 1539.324 275 498.8318 -0.1967592 0.2850611
Moved 1539.354 275 510.2985 -0.1967592 0.3145538
Moved 1539.385 275 518.407 -0.1967592 0.3354088
Moved 1539.416 275 525.5 -0.1967592 0.3536522
Moved 1539.446 282 528.0804 -0.1805555 0.3602891
Moved 1539.477 283.5 531.5 -0.1770833 0.3690843
Moved 1539.508 283 533.5 -0.1782407 0.3742283
Moved 1539.539 283 534 -0.1782407 0.3755144
Moved 1539.569 283 535.374 -0.1782407 0.3790482
Stationary 1539.6 283 535.374 -0.1782407 0.3790482
Moved 1539.662 283 536.1075 -0.1782407 0.3809348
Moved 1539.692 283 537.1399 -0.1782407 0.3835902
Stationary 1539.723 283 537.1399 -0.1782407 0.3835902
Moved 1539.754 283 538.0475 -0.1782407 0.3859245
Stationary 1539.785 283 538.0475 -0.1782407 0.3859245
Moved 1539.815 283 539.1286 -0.1782407 0.3887052
Stationary 1539.846 283 539.1286 -0.1782407 0.3887052
Ended 1539.877 283 539 -0.1782407 0.3883744
Candidates 1539.969 13 have save dave jane gave face ace janet dance andrew cancer anne act
Began 1540.399 234 404 -0.2916667 0.04115226
Stationary 1540.43 234 404 -0.2916667 0.04115226
Moved 1540.461 259.7151 404 -0.232141 0.04115226
Moved 1540.491 302.3897 404 -0.1333573 0.04115226
Moved 1540.522 338.9614 391.7596 -0.04870047 0.009669786
Moved 1540.553 362.9876 387.3765 0.006915728 -0.001603664
Moved 1540.583 379.9839 383.5027 0.04625896 -0.01156717
Moved 1540.614 392.1677 380.9665 0.0744622 -0.01809038
Moved 1540.645 402.6202 379 0.09865781 -0.02314815
Moved 1540.676 409.5367 377.2317 0.1146682 -0.02769635
Moved 1540.706 414.6518 376.3482 0.1265089 -0.02996868
Moved 1540.737 417.1715 376 0.1323415 -0.03086435
Moved 1540.768 420.0426 374.9574 0.1389876 -0.03354586
Moved 1540.799 421.9167 375 0.1433258 -0.03343629
Moved 1540.829 423 375 0.1458333 -0.03343629
Moved 1540.86 426.3604 375 0.1536121 -0.03343629
Moved 1540.891 428.1119 375 0.1576664 -0.03343629
Moved 1540.922 430.5 375 0.1631944 -0.03343629
Moved 1540.952 431.2722 375 0.1649819 -0.03343629
Moved 1540.983 432.3205 375 0.1674085 -0.03343629
Ended 1541.014 433 382 0.1689814 -0.01543218
Accept 1541.106 0 have
Began 1541.598 408 348 0.1111111 -0.1028807
Stationary 1541.628 408 348 0.1111111 -0.1028807
Stationary 1541.659 408 348 0.1111111 -0.1028807
Moved 1541.69 397.8614 348 0.08764207 -0.1028807
Moved 1541.72 384.9882 348 0.05784303 -0.1028807
Moved 1541.751 371.6169 348 0.02689103 -0.1028807
Moved 1541.782 357.2413 348 -0.006385942 -0.1028807
Moved 1541.813 348.0914 348 -0.02756626 -0.1028807
Moved 1541.843 334.151 348 -0.05983557 -0.1028807
Moved 1541.874 323.8261 348 -0.08373579 -0.1028807
Moved 1541.905 315.0374 348 -0.1040801 -0.1028807
Moved 1541.936 304.3999 348 -0.128704 -0.1028807
Moved 1541.966 296.0797 348 -0.1479636 -0.1028807
Moved 1541.997 288.639 348 -0.1651874 -0.1028807
Moved 1542.027 280.992 348 -0.1828889 -0.1028807
Moved 1542.058 273.748 348 -0.1996574 -0.1028807
Moved 1542.089 267.0047 348 -0.2152669 -0.1028807
Moved 1542.12 259.8842 348 -0.2317497 -0.1028807
Moved 1542.151 255.1759 341 -0.2426483 -0.1208849
Moved 1542.182 250.2166 341 -0.2541281 -0.1208849
Moved 1542.212 245.3452 340 -0.2654047 -0.1234569
Moved 1542.243 240.7734 340 -0.2759874 -0.1234569
Moved 1542.274 234.9206 340 -0.2895357 -0.1234569
Moved 1542.304 228.1913 340 -0.3051127 -0.1234569
Moved 1542.335 220.6888 340 -0.3224798 -0.1234569
Moved 1542.366 214.0412 340 -0.3378676 -0.1234569
Moved 1542.397 209.6088 340 -0.3481278 -0.1234569
Moved 1542.427 207.5 340 -0.3530093 -0.1234569
Ended 1542.458 207 340 -0.3541667 -0.1234569
Candidates 1542.581 13 a as ass sa da ga had fda aaa gas aa faa dad
Began 1542.919 226 369 -0.3101852 -0.04886839
Stationary 1542.95 226 369 -0.3101852 -0.04886839
Moved 1542.98 254.2651 369 -0.2447568 -0.04886839
Moved 1543.011 308.0399 375.2377 -0.1202781 -0.03282476
Moved 1543.042 349.1885 378.3459 -0.02502655 -0.02483062
Moved 1543.073 386.5871 378 0.06154428 -0.02572024
Moved 1543.103 412.6788 378 0.1219416 -0.02572024
Moved 1543.134 434.5057 378 0.1724669 -0.02572024
Moved 1543.165 444.8223 370.3926 0.1963479 -0.04528666
Moved 1543.196 454.416 369 0.2185556 -0.04886839
Moved 1543.226 463.0121 366.6626 0.238454 -0.05488022
Moved 1543.257 466.8828 366 0.2474138 -0.05658444
Moved 1543.288 472.4189 365 0.260229 -0.05915646
Moved 1543.318 475.5855 364.4144 0.2675591 -0.06066247
Moved 1543.349 478.4555 364 0.2742026 -0.06172839
Ended 1543.38 479.5 364 0.2766204 -0.06172839
Accept 1543.441 0 a
Began 1544.148 389 379 0.06712963 -0.02314815
Stationary 1544.179 389 379 0.06712963 -0.02314815
Stationary 1544.21 389 379 0.06712963 -0.02314815
Stationary 1544.24 389 379 0.06712963 -0.02314815
Stationary 1544.271 389 379 0.06712963 -0.02314815
Moved 1544.302 372.7098 379 0.02942075 -0.02314815
Moved 1544.333 367.9739 386.5131 0.01845817 -0.003824469
Moved 1544.363 359.9718 389.5141 -6.536642E-05 0.003894209
Moved 1544.394 355.2317 391.3842 -0.01103769 0.008704063
Moved 1544.425 353.1788 391.8212 -0.01578982 0.009828104
Moved 1544.455 349 392 -0.02546296 0.01028803
Moved 1544.486 345.7664 393 -0.03294815 0.01285996
Moved 1544.517 343 394 -0.03935183 0.01543206
Moved 1544.548 342.7345 395.2656 -0.03996651 0.01868715
Moved 1544.578 342 396.9067 -0.04166668 0.02290824
Moved 1544.609 342 398.3469 -0.04166668 0.02661242
Moved 1544.64 342 402.217 -0.04166668 0.03656631
Moved 1544.671 363.4513 420.4513 0.007989208 0.08346514
Moved 1544.701 375.6383 431.5674 0.03619989 0.1120559
Moved 1544.732 389.053 444.0424 0.06725242 0.144142
Moved 1544.763 411.6652 463.2845 0.1195954 0.1936329
Moved 1544.793 431.3613 478.6008 0.1651882 0.2330268
Moved 1544.824 453.3571 494.8265 0.2161044 0.2747594
Moved 1544.855 473.4478 507.5416 0.2626106 0.3074628
Moved 1544.886 492.0598 516.02 0.305694 0.3292694
Moved 1544.916 507.4961 521.1653 0.3414261 0.3425034
Moved 1544.947 519.8056 523.9514 0.3699203 0.3496692
Moved 1544.978 530.2745 526 0.394154 0.3549381
Moved 1545.009 540 527.5 0.4166667 0.3587962
Moved 1545.039 549.6649 527 0.4390391 0.3575102
Moved 1545.07 557.1752 527 0.4564242 0.3575102
Moved 1545.101 562.9156 527 0.469712 0.3575102
Moved 1545.131 568.8878 527 0.4835365 0.3575102
Moved 1545.162 573.4991 527 0.4942108 0.3575102
Moved 1545.193 576.6163 527 0.5014266 0.3575102
Moved 1545.224 578.0511 527 0.5047479 0.3575102
Moved 1545.254 580.5872 527 0.5106184 0.3575102
Moved 1545.285 583.4637 527 0.5172772 0.3575102
Moved 1545.316 585.5 527 0.5219908 0.3575102
Moved 1545.347 585 527 0.5208333 0.3575102
Moved 1545.377 555.0065 507.717 0.4514039 0.3079141
Moved 1545.408 515.196 489.8915 0.3592501 0.2620665
Moved 1545.439 478.4496 474.1799 0.2741889 0.221656
Moved 1545.469 451.7961 462.9185 0.2124911 0.1926915
Moved 1545.5 424.0383 451.4153 0.1482368 0.1631052
Moved 1545.531 384.1009 435.0504 0.05578905 0.1210144
Moved 1545.562 362.6214 427.0486 0.006068051 0.1004335
Moved 1545.592 350.5957 421.2979 -0.02176921 0.0856425
Moved 1545.623 328.6725 410.8129 -0.07251724 0.05867502
Moved 1545.654 312.4059 402.2435 -0.1101715 0.03663455
Moved 1545.684 299.4714 396.3885 -0.1401124 0.02157545
Moved 1545.715 284.5533 389.132 -0.1746452 0.002911375
Moved 1545.746 274.5216 385.8405 -0.1978667 -0.00555423
Moved 1545.777 264.9164 381.9721 -0.220101 -0.01550384
Moved 1545.808 258.2797 379.4266 -0.2354637 -0.02205107
Moved 1545.838 248.2442 376 -0.2586939 -0.03086435
Moved 1545.869 242.5008 374 -0.2719888 -0.03600823
Moved 1545.9 240.2445 373.1223 -0.2772117 -0.03826589
Moved 1545.931 234.575 370.2875 -0.2903357 -0.04555698
Moved 1545.961 230.5 369 -0.2997685 -0.04886839
Moved 1545.992 228.5474 367.5474 -0.3042883 -0.05260443
Moved 1546.023 226.9897 367 -0.3078942 -0.05401234
Stationary 1546.053 226.9897 367 -0.3078942 -0.05401234
Moved 1546.084 225.7522 367 -0.3107587 -0.05401234
Stationary 1546.115 225.7522 367 -0.3107587 -0.05401234
Ended 1546.146 226 367 -0.3101852 -0.05401234
Candidates 1546.299 13 tips good tops foods food ups trips troops oops odds road pass gods
Began 1546.699 285 371 -0.1736111 -0.04372435
Stationary 1546.729 285 371 -0.1736111 -0.04372435
Moved 1546.76 302.1305 371 -0.1339571 -0.04372435
Moved 1546.791 323.8036 371 -0.08378784 -0.04372435
Moved 1546.822 337.9452 371 -0.05105282 -0.04372435
Moved 1546.852 350.2553 371 -0.02255708 -0.04372435
Moved 1546.883 359.829 371 -0.0003958742 -0.04372435
Moved 1546.914 364.2073 371 0.009739201 -0.04372435
Moved 1546.945 367.3461 371 0.01700481 -0.04372435
Moved 1546.975 369.1086 371 0.02108465 -0.04372435
Moved 1547.006 371.1745 371 0.02586692 -0.04372435
Moved 1547.037 372.028 371 0.02784252 -0.04372435
Stationary 1547.067 372 371 0.02777775 -0.04372435
Stationary 1547.098 372 371 0.02777775 -0.04372435
Moved 1547.129 372 384.1092 0.02777775 -0.01000726
Moved 1547.16 372 396.9889 0.02777775 0.02311954
Moved 1547.19 372 410.2993 0.02777775 0.05735397
Moved 1547.221 372 425.1003 0.02777775 0.09542257
Moved 1547.252 373 435.149 0.0300926 0.1212679
Moved 1547.283 374 444.8134 0.03240744 0.146125
Moved 1547.313 375 452.609 0.03472219 0.1661754
Moved 1547.344 375 458.3529 0.03472219 0.1809487
Moved 1547.375 375 463.3621 0.03472219 0.1938323
Moved 1547.406 367.6281 471.1063 0.01765748 0.2137506
Moved 1547.436 364.0799 477.8403 0.009444158 0.2310705
Moved 1547.467 360.4012 484.1977 0.0009286404 0.247422
Moved 1547.498 357.6695 489.661 -0.005394668 0.2614737
Moved 1547.528 354.3564 495.6436 -0.0130638 0.2768609
Moved 1547.559 354 497.083 -0.01388888 0.2805632
Moved 1547.59 353.4045 498.5955 -0.01526733 0.2844534
Moved 1547.621 352 500 -0.01851852 0.2880658
Stationary 1547.651 352 500 -0.01851852 0.2880658
Ended 1547.682 352 500 -0.01851852 0.2880658
Accept 1547.774 1 good
Began 1548.266 320 386 -0.09259259 -0.005144111
Stationary 1548.297 320 386 -0.09259259 -0.005144111
Stationary 1548.327 320 386 -0.09259259 -0.005144111
Stationary 1548.358 320 386 -0.09259259 -0.005144111
Moved 1548.389 307.1757 386 -0.1222784 -0.005144111
Moved 1548.42 295.7793 386 -0.1486591 -0.005144111
Moved 1548.45 284.6009 386 -0.1745351 -0.005144111
Moved 1548.481 274.583 386 -0.1977246 -0.005144111
Moved 1548.512 262.1204 396.9398 -0.2265731 0.02299321
Moved 1548.542 252.5009 403.6661 -0.2488406 0.04029333
Moved 1548.573 246 411.5 -0.2638889 0.06044234
Moved 1548.604 239.4986 418.7521 -0.2789384 0.07909492
Moved 1548.635 233.8913 427.326 -0.2919182 0.1011472
Moved 1548.665 229.0208 437.9169 -0.3031927 0.1283871
Moved 1548.696 225.6301 445.1098 -0.3110416 0.1468872
Moved 1548.727 222.6395 452.721 -0.3179641 0.1664634
Moved 1548.758 219.7643 458.4714 -0.3246197 0.1812537
Moved 1548.788 217.8942 464.1058 -0.3289486 0.1957452
Moved 1548.819 216.3273 467.6727 -0.3325757 0.2049195
Moved 1548.85 215 471.5427 -0.3356481 0.2148732
Moved 1548.88 214 475.4155 -0.3379629 0.2248341
Moved 1548.911 214 478.9651 -0.3379629 0.2339636
Moved 1548.942 213 484.6419 -0.3402778 0.2485645
Moved 1548.973 213 488.6915 -0.3402778 0.2589802
Moved 1549.003 212.4444 494.1111 -0.3415639 0.2729195
Moved 1549.034 212 500.1827 -0.3425926 0.2885357
Moved 1549.065 211 506.9241 -0.3449074 0.3058746
Moved 1549.096 210 513.7923 -0.3472222 0.3235398
Moved 1549.126 208.5 518.5 -0.3506944 0.335648
Moved 1549.157 209 523.4178 -0.349537 0.3482968
Moved 1549.188 208 526.0782 -0.3518518 0.3551393
Moved 1549.219 207 527.5 -0.3541667 0.3587962
Moved 1549.249 204.6499 528 -0.3596066 0.3600822
Moved 1549.28 202.6556 528 -0.3642231 0.3600822
Moved 1549.311 198.7868 528 -0.3731786 0.3600822
Moved 1549.341 193.8214 528 -0.3846726 0.3600822
Moved 1549.372 189.6654 528 -0.394293 0.3600822
Moved 1549.403 185.4665 524.2653 -0.4040128 0.3504764
Moved 1549.434 181.5965 517.5966 -0.412971 0.3333244
Moved 1549.464 178.0423 515.0423 -0.4211983 0.3267548
Moved 1549.495 173.376 512.188 -0.4319999 0.3194135
Moved 1549.526 169.32 508.3201 -0.4413888 0.3094651
Moved 1549.557 166.4514 506.4514 -0.4480292 0.3046587
Moved 1549.587 163.9615 503.9615 -0.4537928 0.2982548
Moved 1549.618 161.0898 502.0898 -0.4604402 0.2934409
Moved 1549.649 158.2189 499.2189 -0.4670858 0.2860567
Moved 1549.68 155.5 496.5 -0.4733796 0.2790637
Moved 1549.71 150.5984 492.7992 -0.4847258 0.2695451
Moved 1549.741 149 491 -0.4884259 0.2649176
Moved 1549.772 147.5 489.5 -0.4918982 0.2610596
Moved 1549.802 147 489 -0.4930556 0.2597736
Stationary 1549.833 147 489 -0.4930556 0.2597736
Stationary 1549.864 147 489 -0.4930556 0.2597736
Moved 1549.895 170.5919 501.296 -0.4384446 0.291399
Moved 1549.925 190.4591 508.274 -0.3924558 0.3093467
Moved 1549.956 208.5 513.5 -0.3506944 0.3227879
Moved 1549.987 231.0303 518.7576 -0.2985411 0.3363105
Moved 1550.018 246.6494 521 -0.2623855 0.3420781
Moved 1550.048 263.6489 523 -0.2230349 0.3472221
Moved 1550.079 278.2178 523 -0.1893107 0.3472221
Moved 1550.11 288.54 524 -0.1654167 0.3497942
Moved 1550.141 294.0294 524 -0.1527097 0.3497942
Moved 1550.171 296.8862 524 -0.1460967 0.3497942
Moved 1550.202 298.318 524 -0.1427823 0.3497942
Moved 1550.233 299.374 524 -0.140338 0.3497942
Moved 1550.263 300.2218 524 -0.1383755 0.3497942
Stationary 1550.294 300.2218 524 -0.1383755 0.3497942
Stationary 1550.325 300.2218 524 -0.1383755 0.3497942
Moved 1550.356 303.3279 524 -0.1311853 0.3497942
Moved 1550.386 314.2308 525.3077 -0.1059473 0.3531576
Moved 1550.417 332.1093 527.1849 -0.06456172 0.3579857
Moved 1550.448 345.2318 528 -0.03418575 0.3600822
Moved 1550.479 353.8789 528 -0.01416922 0.3600822
Moved 1550.509 361 529 0.002314846 0.3626543
Moved 1550.54 367.7287 529 0.01789043 0.3626543
Moved 1550.571 370.9337 529 0.02530962 0.3626543
Moved 1550.601 374.78 529 0.03421296 0.3626543
Moved 1550.632 377.6526 529 0.04086256 0.3626543
Moved 1550.663 379.5267 529 0.04520079 0.3626543
Moved 1550.694 381 529 0.04861106 0.3626543
Moved 1550.724 382.4653 529 0.05200297 0.3626543
Moved 1550.755 383.7752 529 0.05503516 0.3626543
Stationary 1550.786 384 529 0.0555556 0.3626543
Moved 1550.817 385.5 518.5 0.05902777 0.335648
Stationary 1550.847 385.5 518.5 0.05902777 0.335648
Moved 1550.878 385 520.9012 0.05787035 0.3418242
Moved 1550.909 385 519.8771 0.05787035 0.3391899
Moved 1550.939 385 517.6671 0.05787035 0.3335057
Moved 1550.97 385 513.5942 0.05787035 0.3230302
Moved 1551.001 377.4985 510.9283 0.04050583 0.3161736
Moved 1551.032 375.3585 506.717 0.03555208 0.305342
Moved 1551.062 372.4852 501.9704 0.0289009 0.2931337
Moved 1551.093 370.6149 496.2298 0.02457152 0.2783687
Moved 1551.124 369.051 490.102 0.02095133 0.262608
Moved 1551.155 369 477.9828 0.02083332 0.2314371
Moved 1551.185 369 463.6114 0.02083332 0.1944737
Moved 1551.216 372.8332 448.0715 0.02970656 0.1545049
Moved 1551.247 381.1743 421.3027 0.04901468 0.08565498
Moved 1551.277 388.8645 404.3387 0.06681601 0.04202352
Moved 1551.308 395.419 393.581 0.08198847 0.01435441
Moved 1551.339 402.5 385.5 0.09837966 -0.006430119
Moved 1551.37 410.6533 378.3467 0.117253 -0.02482858
Moved 1551.4 420.2769 372.8154 0.13953 -0.0390552
Moved 1551.431 432.8872 365.0846 0.1687203 -0.05893888
Moved 1551.462 440.0731 361.6423 0.1853544 -0.06779259
Moved 1551.493 447.6942 356.6529 0.2029959 -0.08062527
Moved 1551.523 454.7113 353.7629 0.2192392 -0.08805843
Moved 1551.554 463.2924 349.9025 0.2391029 -0.09798732
Moved 1551.585 470.3385 348 0.2554132 -0.1028807
Moved 1551.615 476.0873 347 0.2687206 -0.1054527
Moved 1551.646 479.4149 346 0.2764234 -0.1080248
Moved 1551.677 482.9283 345 0.2845562 -0.1105968
Moved 1551.708 485.826 345 0.2912638 -0.1105968
Moved 1551.739 488.7032 345 0.297924 -0.1105968
Moved 1551.769 491.5808 345 0.3045853 -0.1105968
Moved 1551.8 494 352.5286 0.3101851 -0.09123303
Moved 1551.831 494 373.6924 0.3101851 -0.03679935
Moved 1551.861 481.3435 389.313 0.2808878 0.00337691
Moved 1551.892 473.5 399 0.2627315 0.02829214
Moved 1551.923 464.2733 405.7267 0.2413734 0.04559332
Moved 1551.953 453.5448 409.1138 0.2165389 0.05430508
Moved 1551.984 435.0976 411.986 0.1738371 0.06169233
Moved 1552.015 411.3678 412 0.1189069 0.06172835
Moved 1552.046 381.5926 412 0.04998276 0.06172835
Moved 1552.076 354.6799 412 -0.01231506 0.06172835
Moved 1552.107 338.3607 413.1279 -0.05009105 0.06462921
Moved 1552.138 324.8287 416.3904 -0.08141503 0.07302064
Moved 1552.169 309.5759 422.1414 -0.1167224 0.08781201
Moved 1552.199 294.7659 428.8936 -0.1510048 0.105179
Moved 1552.23 282.0831 435.9501 -0.1803631 0.1233284
Moved 1552.261 267.7536 443.5479 -0.2135334 0.1428699
Moved 1552.292 248.2063 453.4763 -0.2587818 0.1684059
Moved 1552.322 243.6115 456.1943 -0.2694179 0.1753967
Moved 1552.353 232.4966 461.3021 -0.2951469 0.1885341
Moved 1552.384 224.0676 464.9662 -0.3146584 0.1979583
Moved 1552.415 214.4856 468.8381 -0.3368389 0.2079169
Moved 1552.445 207.5 472.5 -0.3530093 0.2173353
Moved 1552.476 202.4846 476.5154 -0.364619 0.227663
Moved 1552.507 196.7311 482.2689 -0.3779372 0.242461
Moved 1552.537 192.0025 490.9924 -0.388883 0.2648979
Moved 1552.568 187.9798 497.5303 -0.3981949 0.2817136
Moved 1552.599 184.6157 504.7686 -0.4059821 0.3003305
Moved 1552.63 183 511.5095 -0.4097222 0.3176684
Moved 1552.66 181 518.2592 -0.4143519 0.3350286
Moved 1552.691 181 523.3937 -0.4143519 0.3482349
Moved 1552.722 181 530.1442 -0.4143519 0.3655972
Moved 1552.752 181 534.895 -0.4143519 0.3778161
Moved 1552.783 181 537 -0.4143519 0.3832304
Moved 1552.814 181 540.8545 -0.4143519 0.3931442
Moved 1552.845 191.4587 544.7294 -0.3901418 0.4031105
Moved 1552.875 206.4192 547 -0.3555111 0.4089505
Moved 1552.906 233.3067 535.9111 -0.2932715 0.3804296
Moved 1552.937 267.7838 511.1946 -0.2134636 0.3168586
Moved 1552.968 296.483 483.8204 -0.1470301 0.2464515
Moved 1552.998 314 459.5 -0.1064815 0.1838991
Moved 1553.029 326.3639 442.0906 -0.07786135 0.1391218
Moved 1553.06 343.9477 411.4205 -0.03715803 0.0602378
Moved 1553.091 357.0892 390.8751 -0.006737957 0.00739486
Moved 1553.121 367.6841 373.1687 0.01778712 -0.03814642
Moved 1553.152 381.0609 346.466 0.04875203 -0.1068262
Moved 1553.183 390.1491 330.9891 0.06978949 -0.1466329
Moved 1553.214 399.4794 316.2009 0.09138754 -0.1846684
Moved 1553.244 407.1794 305.3677 0.1092115 -0.2125318
Moved 1553.275 414.2038 293.5925 0.1254717 -0.2428178
Moved 1553.306 418.4752 285.0496 0.1353593 -0.2647901
Moved 1553.336 421.007 278.9859 0.14122 -0.2803861
Moved 1553.367 422 273.2268 0.1435185 -0.2951985
Moved 1553.398 423 263.7195 0.1458333 -0.3196516
Moved 1553.429 423 254.1122 0.1458333 -0.3443617
Moved 1553.459 423 246.5968 0.1458333 -0.3636914
Moved 1553.49 423 233.9537 0.1458333 -0.3962095
Moved 1553.521 423 222.3494 0.1458333 -0.4260562
Moved 1553.551 423 216 0.1458333 -0.4423869
Moved 1553.582 423 212.6786 0.1458333 -0.4509295
Moved 1553.613 414.7867 211 0.126821 -0.455247
Moved 1553.644 405.834 211 0.1060974 -0.455247
Moved 1553.674 397.7352 211 0.08735001 -0.455247
Moved 1553.705 387.2786 223.291 0.06314496 -0.4236343
Moved 1553.736 375.0384 235.9615 0.0348112 -0.3910455
Moved 1553.767 365.4177 247.7765 0.01254092 -0.3606572
Moved 1553.797 352.2595 264.733 -0.0179179 -0.3170449
Moved 1553.828 340.4835 286.662 -0.04517704 -0.2606429
Moved 1553.859 332.5064 302.4893 -0.06364256 -0.2199349
Moved 1553.89 324.9285 317.1429 -0.08118396 -0.1822455
Moved 1553.92 314.3805 336.4292 -0.1056007 -0.1326409
Moved 1553.951 305.6637 350.1151 -0.1257786 -0.09744055
Moved 1553.982 297.0542 358.9459 -0.1457079 -0.0747278
Moved 1554.012 290.5097 365.4904 -0.1608572 -0.05789525
Moved 1554.043 282.9203 373.0532 -0.1784253 -0.03844351
Moved 1554.074 275.2972 380.8019 -0.1960714 -0.01851368
Moved 1554.105 268.5 388.5 -0.2118056 0.00128589
Moved 1554.135 259.0314 394.6457 -0.2337235 0.01709279
Moved 1554.166 249.2787 402.541 -0.2562992 0.03739958
Moved 1554.197 238.7903 411.1573 -0.280578 0.05956092
Moved 1554.228 231.2884 417.7116 -0.2979436 0.07641866
Moved 1554.258 222.6622 424.3378 -0.3179116 0.09346145
Moved 1554.289 217.3731 426.3135 -0.3301549 0.09854281
Moved 1554.32 209.6201 429 -0.3481016 0.1054526
Moved 1554.35 203.4806 431 -0.3623135 0.1105966
Moved 1554.381 196.9321 432 -0.377472 0.1131687
Moved 1554.412 195.4978 432 -0.3807922 0.1131687
Moved 1554.443 192.9707 432 -0.3866419 0.1131687
Moved 1554.473 191.087 433 -0.3910024 0.1157406
Moved 1554.504 189.2149 433 -0.3953359 0.1157406
Moved 1554.535 187.5 433 -0.3993056 0.1157406
Moved 1554.566 186.9523 433 -0.4005735 0.1157406
Moved 1554.596 187 434.0168 -0.4004629 0.118356
Moved 1554.627 185.532 434 -0.4038612 0.1183127
Moved 1554.658 186 435.5 -0.4027778 0.1221707
Ended 1554.688 186 436 -0.4027778 0.1234567
Candidates 1554.842 13 weekend weekends wilderness friend remember friends september relations works williams depends elena arguments
Began 1555.395 190 418 -0.3935185 0.07716041
Stationary 1555.426 190 418 -0.3935185 0.07716041
Moved 1555.457 248.4248 425.5249 -0.258276 0.09651458
Moved 1555.487 281.5 428 -0.181713 0.1028806
Moved 1555.518 322.3501 429 -0.08715256 0.1054526
Moved 1555.549 351.1341 429 -0.02052302 0.1054526
Moved 1555.58 367.0863 420.2285 0.0164034 0.08289208
Moved 1555.61 375.5 416.5 0.03587961 0.07330243
Moved 1555.641 381.4224 415 0.04958888 0.06944436
Moved 1555.672 385.0739 412.9261 0.05804141 0.06411038
Moved 1555.703 387.9425 412.0575 0.06468177 0.06187619
Moved 1555.733 390.3596 412 0.07027686 0.06172835
Moved 1555.764 392.3553 411 0.07489661 0.05915629
Moved 1555.795 393.3734 409.6266 0.07725338 0.05562386
Ended 1555.826 394 410 0.07870366 0.05658428
Accept 1555.887 0 weekend
Began 1556.256 184 390 -0.4074074 0.005143954
Stationary 1556.286 184 390 -0.4074074 0.005143954
Moved 1556.317 208.5087 390 -0.3506743 0.005143954
Moved 1556.348 284.3675 411.1051 -0.1750752 0.05942666
Moved 1556.379 352.6597 418.4236 -0.01699135 0.07824988
Moved 1556.409 396.5442 420 0.084593 0.08230445
Moved 1556.44 436.0393 420 0.1760169 0.08230445
Moved 1556.471 475.7518 423.9862 0.267944 0.09255707
Moved 1556.502 503.4483 424 0.3320562 0.09259254
Moved 1556.532 524.7178 418.2822 0.3812913 0.07788614
Moved 1556.563 538.5623 411.2189 0.4133385 0.05971924
Moved 1556.594 552.9896 406.6701 0.4467352 0.04801977
Ended 1556.625 560 405 0.462963 0.04372424
PhraseEnd 1556.686
