coalition governments never work
coalition governments never work
FixStart
Radial

0.6 0.6
432 388.8
Began 4335.217 413 393 0.1226852 0.01285996
Stationary 4335.248 413 393 0.1226852 0.01285996
Stationary 4335.279 413 393 0.1226852 0.01285996
Stationary 4335.31 413 393 0.1226852 0.01285996
Stationary 4335.34 413 393 0.1226852 0.01285996
Stationary 4335.371 413 393 0.1226852 0.01285996
Stationary 4335.402 413 393 0.1226852 0.01285996
Stationary 4335.433 413 393 0.1226852 0.01285996
Stationary 4335.463 413 393 0.1226852 0.01285996
Stationary 4335.494 413 393 0.1226852 0.01285996
Stationary 4335.525 413 393 0.1226852 0.01285996
Stationary 4335.556 413 393 0.1226852 0.01285996
Moved 4335.586 403.3923 393 0.1004452 0.01285996
Moved 4335.617 400.9674 383.9674 0.09483189 -0.01037197
Moved 4335.647 395.2601 377.6801 0.08162051 -0.02654292
Moved 4335.678 383.4164 361.183 0.05420456 -0.06897388
Moved 4335.709 370.5 341 0.02430558 -0.1208849
Moved 4335.74 356.5081 318.813 -0.008082986 -0.17795
Moved 4335.771 346.6638 300.3275 -0.03087093 -0.2254951
Moved 4335.801 341.0013 287.0062 -0.04397859 -0.2597577
Moved 4335.832 336 279.5 -0.05555556 -0.2790638
Moved 4335.863 335 273.3449 -0.05787035 -0.2948948
Moved 4335.894 332.6163 269.6163 -0.06338824 -0.304485
Moved 4335.924 332 267.0625 -0.06481484 -0.3110533
Moved 4335.955 332 266 -0.06481484 -0.3137861
Moved 4335.986 332 264.6268 -0.06481484 -0.317318
Moved 4336.016 330.9713 265 -0.06719619 -0.3163581
Moved 4336.047 331 263.7147 -0.06712963 -0.3196639
Moved 4336.078 340.6729 273.6729 -0.04473865 -0.2940512
Moved 4336.108 361.8194 295.4218 0.004211664 -0.2381126
Moved 4336.139 387.5081 322.6589 0.06367624 -0.1680584
Moved 4336.17 413.2722 348.5753 0.1233153 -0.1014009
Moved 4336.201 443.0556 375.8206 0.1922583 -0.03132581
Moved 4336.231 479.5 404.5 0.2766204 0.04243823
Moved 4336.262 501.6085 419.426 0.3277974 0.08082802
Moved 4336.293 535.9616 436.377 0.4073185 0.1244262
Moved 4336.324 563.4127 450.7848 0.4708626 0.1614835
Moved 4336.354 579.6966 459.541 0.508557 0.1840044
Moved 4336.385 587.8361 464.8907 0.5273984 0.1977642
Moved 4336.416 590.5021 467 0.5335698 0.2031892
Moved 4336.446 591 468.0234 0.5347222 0.2058216
Stationary 4336.477 591 468 0.5347222 0.2057612
Moved 4336.508 572.9286 468 0.4928903 0.2057612
Moved 4336.539 545.9117 468 0.4303513 0.2057612
Moved 4336.569 505.3481 451.1088 0.3364538 0.1623167
Moved 4336.6 442.2551 435.7513 0.1904053 0.1228172
Moved 4336.631 373.3883 420.5087 0.03099144 0.08361294
Moved 4336.662 318.8857 405.0692 -0.09517203 0.0439021
Moved 4336.692 279.7545 391.6748 -0.1857536 0.009451618
Moved 4336.723 251.6587 382.5529 -0.2507901 -0.01401006
Moved 4336.754 230.9168 376.0938 -0.2988037 -0.03062299
Moved 4336.784 215.8963 370.6321 -0.3335733 -0.0446705
Moved 4336.815 207.8094 365.5396 -0.3522931 -0.05776872
Moved 4336.846 204.0097 363.0097 -0.3610886 -0.06427544
Moved 4336.876 201.5 363 -0.3668981 -0.06430049
Moved 4336.907 202 363 -0.3657407 -0.06430049
Moved 4336.938 225.6962 368.7721 -0.3108885 -0.04945457
Moved 4336.969 265.8744 380.6458 -0.2178834 -0.01891533
Moved 4337 321.397 389.2996 -0.08935884 0.003342569
Moved 4337.03 371.6346 394 0.02693196 0.01543206
Moved 4337.061 410.5 394 0.1168981 0.01543206
Moved 4337.092 449.2976 384.5846 0.2067075 -0.008784596
Moved 4337.123 485.3493 378.2751 0.2901604 -0.0250128
Moved 4337.153 508.3273 374.0961 0.3433502 -0.03576098
Moved 4337.184 529.2418 370.5369 0.3917634 -0.04491547
Moved 4337.214 542.322 370 0.4220416 -0.04629637
Moved 4337.245 552.7836 370 0.4462584 -0.04629637
Moved 4337.276 561.606 370 0.4666806 -0.04629637
Moved 4337.307 565.3433 370 0.4753317 -0.04629637
Moved 4337.337 568.561 370 0.4827801 -0.04629637
Moved 4337.368 571.1044 370 0.4886677 -0.04629637
Moved 4337.399 572.3251 370 0.4914933 -0.04629637
Moved 4337.43 573 378.3071 0.4930556 -0.02493038
Moved 4337.46 573 379.3467 0.4930556 -0.02225648
Moved 4337.491 563.9479 388.0289 0.4721017 7.43709E-05
Moved 4337.522 548.0656 400.3724 0.4353369 0.03182195
Moved 4337.552 528.0742 413.6172 0.3890606 0.06588791
Moved 4337.583 509.7333 430.2667 0.3466049 0.1087107
Moved 4337.614 483.0397 452.1913 0.2848141 0.1651011
Moved 4337.645 462.072 471.928 0.2362777 0.2158642
Moved 4337.675 442.2091 492.761 0.1902989 0.269447
Moved 4337.706 431.2061 507.1909 0.1648288 0.306561
Moved 4337.737 418.8345 523.7482 0.136191 0.3491466
Moved 4337.768 412.3363 538.9912 0.1211488 0.3883518
Moved 4337.798 408.1151 548.5394 0.1113776 0.41291
Moved 4337.829 404.7875 554.2125 0.1036748 0.4275011
Moved 4337.86 399.971 558.6763 0.09252538 0.4389823
Moved 4337.891 391.1131 560 0.07202108 0.4423867
Moved 4337.921 381.9639 560 0.05084236 0.4423867
Moved 4337.952 375.8682 560 0.03673196 0.4423867
Moved 4337.982 365.5 560 0.01273145 0.4423867
Moved 4338.013 364 560 0.009259283 0.4423867
Stationary 4338.044 364 560 0.009259283 0.4423867
Moved 4338.075 364 560.8858 0.009259283 0.4446651
Moved 4338.105 392.4133 569.2036 0.07503083 0.4660586
Moved 4338.136 425.1955 576.8492 0.1509155 0.4857231
Moved 4338.167 476.9012 581.9918 0.2706046 0.4989499
Moved 4338.198 513.4931 581 0.3553081 0.496399
Moved 4338.229 542.6592 581 0.4228223 0.496399
Moved 4338.259 561.6616 581 0.4668093 0.496399
Moved 4338.29 575.8007 581 0.4995385 0.496399
Moved 4338.32 584.4243 581 0.5195008 0.496399
Moved 4338.351 590.3771 581 0.5332803 0.496399
Moved 4338.382 594.7368 581.7368 0.5433721 0.498294
Moved 4338.413 597.2831 582 0.5492665 0.4989711
Moved 4338.443 598.331 582 0.5516921 0.4989711
Moved 4338.474 599 582 0.5532407 0.4989711
Moved 4338.505 600.5 582 0.5567129 0.4989711
Stationary 4338.536 600.5 582 0.5567129 0.4989711
Moved 4338.566 600 582 0.5555555 0.4989711
Moved 4338.597 575.6015 555.6015 0.4990775 0.4310737
Moved 4338.628 537.6642 509.197 0.4112598 0.3117206
Moved 4338.659 490.65 444.4999 0.3024305 0.1453187
Moved 4338.689 461 394 0.2337964 0.01543206
Moved 4338.72 440.7795 355.8707 0.1869895 -0.08263701
Moved 4338.75 427.1133 323.4719 0.1553547 -0.1659675
Moved 4338.781 423.0621 299.5589 0.1459771 -0.2274719
Moved 4338.812 420.5175 282.1396 0.1400867 -0.2722746
Moved 4338.843 420 266.0446 0.1388889 -0.3136713
Moved 4338.874 420 251.7582 0.1388889 -0.3504162
Moved 4338.904 420 240.833 0.1388889 -0.3785159
Moved 4338.935 420 230.3522 0.1388889 -0.4054728
Moved 4338.966 420 220.1401 0.1388889 -0.4317383
Moved 4338.997 420 209.4911 0.1388889 -0.4591279
Ended 4339.027 420 205 0.1388889 -0.470679
Candidates 4339.119 13 coalition position condition jason pacific collaboration chain constitution opposition latin historic consortium location
Began 4339.734 328 301 -0.07407407 -0.2237656
Stationary 4339.765 328 301 -0.07407407 -0.2237656
Stationary 4339.795 328 301 -0.07407407 -0.2237656
Moved 4339.826 360.0324 301 7.500251E-05 -0.2237656
Moved 4339.856 377.2086 301 0.03983478 -0.2237656
Moved 4339.887 393.9892 309.1413 0.07867873 -0.2028259
Moved 4339.918 406.0855 310 0.1066794 -0.2006174
Moved 4339.949 414.7681 310 0.1267781 -0.2006174
Moved 4339.979 418.7279 310 0.1359443 -0.2006174
Moved 4340.01 423.0589 310 0.1459697 -0.2006174
Moved 4340.041 426.1665 310 0.1531632 -0.2006174
Ended 4340.072 428 310 0.1574074 -0.2006174
Accept 4340.133 0 coalition
Began 4341.27 375 316 0.03472219 -0.1851853
Stationary 4341.301 375 316 0.03472219 -0.1851853
Stationary 4341.332 375 316 0.03472219 -0.1851853
Stationary 4341.362 375 316 0.03472219 -0.1851853
Stationary 4341.393 375 316 0.03472219 -0.1851853
Stationary 4341.424 375 316 0.03472219 -0.1851853
Stationary 4341.454 375 316 0.03472219 -0.1851853
Stationary 4341.485 375 316 0.03472219 -0.1851853
Stationary 4341.516 375 316 0.03472219 -0.1851853
Moved 4341.546 385.1646 332.1646 0.05825132 -0.1436099
Moved 4341.577 393.4008 342.4009 0.07731675 -0.1172818
Moved 4341.608 404.5817 353.7271 0.1031984 -0.0881505
Moved 4341.639 416.5 363 0.130787 -0.06430049
Moved 4341.669 426.7895 371.8316 0.1546053 -0.04158546
Moved 4341.7 438.5658 384.0527 0.1818653 -0.01015267
Moved 4341.731 447.1843 393.1843 0.2018155 0.01333401
Moved 4341.762 454.5 400.5 0.21875 0.03215016
Moved 4341.792 459.7031 405.5546 0.2307941 0.04515071
Moved 4341.823 466.1934 411.1934 0.245818 0.05965366
Moved 4341.854 472.6418 416.7313 0.2607449 0.0738974
Moved 4341.884 482.543 426.543 0.2836643 0.09913307
Moved 4341.915 495.1143 439.1143 0.3127644 0.1314667
Moved 4341.946 507.8292 451.6633 0.3421972 0.163743
Moved 4341.977 516.8353 459.1265 0.3630446 0.1829384
Moved 4342.007 525.7608 467.7608 0.3837056 0.205146
Moved 4342.038 531 472 0.3958333 0.2160493
Moved 4342.069 535.0475 475.0475 0.4052026 0.2238876
Moved 4342.1 538.6092 477.6092 0.4134472 0.2304762
Moved 4342.13 541.1487 479.1487 0.4193256 0.2344358
Moved 4342.161 542.1614 480.1614 0.4216698 0.2370404
Moved 4342.192 543 480.9258 0.4236111 0.2390066
Moved 4342.223 543 481 0.4236111 0.2391974
Moved 4342.253 544 482.0067 0.4259259 0.2417865
Moved 4342.284 545.127 482 0.4285347 0.2417695
Stationary 4342.314 545.127 482 0.4285347 0.2417695
Moved 4342.345 545 483.3784 0.4282407 0.2453147
Moved 4342.376 546 483 0.4305556 0.2443414
Stationary 4342.407 546 483 0.4305556 0.2443414
Moved 4342.438 546 484.4412 0.4305556 0.2480483
Stationary 4342.468 546 484.4412 0.4305556 0.2480483
Moved 4342.499 547 484 0.4328704 0.2469135
Stationary 4342.53 547 484 0.4328704 0.2469135
Stationary 4342.561 547 484 0.4328704 0.2469135
Stationary 4342.591 547 484 0.4328704 0.2469135
Stationary 4342.622 547 484 0.4328704 0.2469135
Moved 4342.652 514.2974 457.2974 0.3571698 0.1782339
Moved 4342.683 454.5185 387.1182 0.2187929 -0.002267979
Moved 4342.714 412.7796 329.7194 0.1221749 -0.1498986
Moved 4342.745 392 301.5 0.07407407 -0.2224794
Moved 4342.775 382.7914 287.1871 0.05275786 -0.2592925
Moved 4342.806 373.9756 270.9512 0.03235092 -0.3010516
Moved 4342.837 370.2396 259.4792 0.02370278 -0.3305577
Moved 4342.868 367.5814 250.7443 0.01754959 -0.3530241
Moved 4342.898 367 247.2919 0.01620372 -0.3619037
Moved 4342.929 367 244.7493 0.01620372 -0.3684433
Moved 4342.96 367 243.5 0.01620372 -0.3716564
Stationary 4342.991 367 243.5 0.01620372 -0.3716564
Stationary 4343.021 367 243.5 0.01620372 -0.3716564
Moved 4343.052 377.1734 244 0.03975332 -0.3703704
Moved 4343.083 380.7205 244 0.04796406 -0.3703704
Moved 4343.113 383.2604 254.0831 0.05384346 -0.3444364
Moved 4343.144 384 259.4358 0.0555556 -0.3306693
Moved 4343.175 384 281.3254 0.0555556 -0.2743689
Moved 4343.206 366.8665 305.0861 0.01589457 -0.2132561
Moved 4343.236 345.7562 336.9348 -0.03297175 -0.1313406
Moved 4343.267 321.2977 361.7023 -0.08958866 -0.06763827
Moved 4343.298 290.6027 394.3973 -0.1606419 0.01645386
Moved 4343.329 260.6308 418.8351 -0.2300213 0.07930841
Moved 4343.359 249.0919 431.2108 -0.2567317 0.1111389
Moved 4343.39 245.1644 434.8356 -0.2658231 0.1204619
Moved 4343.42 237.5724 445.4276 -0.2833972 0.1477047
Moved 4343.451 232.2927 454.061 -0.2956188 0.1699098
Moved 4343.482 228.1965 462.6071 -0.3051008 0.1918906
Moved 4343.513 225.8565 471.574 -0.3105173 0.2149536
Moved 4343.543 224 480.1701 -0.3148148 0.2370629
Moved 4343.574 221.7337 486.799 -0.3200609 0.2541126
Moved 4343.605 221 491.6202 -0.3217593 0.2665129
Moved 4343.636 221 495.0865 -0.3217593 0.2754281
Moved 4343.667 220 497.5963 -0.3240741 0.2818835
Moved 4343.697 220 499 -0.3240741 0.2854938
Moved 4343.728 220 501 -0.3240741 0.2906378
Moved 4343.759 220 502.9385 -0.3240741 0.2956235
Moved 4343.79 220 504.2274 -0.3240741 0.2989386
Moved 4343.82 220 507.0088 -0.3240741 0.3060925
Moved 4343.851 234.7588 509.5518 -0.2899103 0.3126331
Moved 4343.881 252.4938 511.8494 -0.248857 0.3185425
Moved 4343.912 281.0908 512 -0.1826603 0.31893
Moved 4343.943 312.8525 502.9562 -0.1091376 0.2956693
Moved 4343.974 337.1389 495.6204 -0.05291909 0.2768012
Moved 4344.004 355.3237 492.4789 -0.01082485 0.2687215
Moved 4344.035 366.958 487.521 0.01610657 0.2559695
Moved 4344.066 373.555 485.2225 0.03137738 0.2500577
Moved 4344.097 376.3244 482.6756 0.03778785 0.2435071
Moved 4344.127 377.6773 480.3227 0.04091958 0.2374554
Moved 4344.158 379.1371 477.8629 0.04429897 0.2311286
Moved 4344.189 379 470.8978 0.04398147 0.2132145
Moved 4344.219 379 461.9987 0.04398147 0.1903257
Moved 4344.25 379 447.5 0.04398147 0.1530349
Moved 4344.281 379 416.6543 0.04398147 0.07369921
Moved 4344.312 381.1742 386.5417 0.04901439 -0.003750883
Moved 4344.342 385.1432 356.282 0.05820175 -0.08157919
Moved 4344.373 391 328 0.07175922 -0.1543211
Moved 4344.404 393.9255 306.5215 0.0785313 -0.209564
Moved 4344.435 396.4793 287.1656 0.08444289 -0.2593479
Moved 4344.465 396 269.7683 0.08333336 -0.304094
Moved 4344.496 396 250.5 0.08333336 -0.3536523
Moved 4344.527 396 237.5669 0.08333336 -0.3869165
Moved 4344.558 396 227.7563 0.08333336 -0.4121494
Moved 4344.588 396 213.2041 0.08333336 -0.4495779
Moved 4344.619 396 202 0.08333336 -0.4783951
Moved 4344.649 396 190.7041 0.08333336 -0.5074484
Moved 4344.68 397.3139 182.0582 0.08637488 -0.5296857
Moved 4344.711 402.7569 174.3646 0.0989743 -0.5494737
Moved 4344.742 409.2693 166.7306 0.1140494 -0.5691087
Moved 4344.772 422.9483 160.5862 0.1457137 -0.5849121
Moved 4344.803 438.6316 159 0.1820176 -0.5889918
Moved 4344.834 453.8347 157.1942 0.21721 -0.5936363
Moved 4344.865 469.1936 157 0.2527629 -0.5941358
Moved 4344.896 481.1147 157 0.2803581 -0.5941358
Moved 4344.926 490.5344 165.2468 0.3021629 -0.5729249
Moved 4344.957 496.4704 165.7352 0.3159037 -0.5716686
Moved 4344.987 500.61 166 0.3254862 -0.5709877
Moved 4345.018 505 167 0.3356481 -0.5684157
Moved 4345.049 509.1425 168 0.3452373 -0.5658437
Moved 4345.08 510.341 168 0.3480115 -0.5658437
Moved 4345.11 512.5 169.5 0.3530093 -0.5619856
Moved 4345.141 512 174.2207 0.3518519 -0.5498438
Moved 4345.172 489.2308 196.798 0.2991455 -0.4917748
Moved 4345.203 464 224.5 0.2407408 -0.4205247
Moved 4345.233 441.4299 246.4989 0.1884951 -0.3639432
Moved 4345.264 414.0241 267.124 0.1250557 -0.3108953
Moved 4345.295 392.2133 286.9383 0.0745679 -0.2599324
Moved 4345.326 367.7853 306.0652 0.01802147 -0.2107375
Moved 4345.356 339.6324 333.3149 -0.04714713 -0.140651
Moved 4345.387 316.4482 353.0879 -0.1008144 -0.08979459
Moved 4345.417 295.5608 375.2162 -0.1491647 -0.03288026
Moved 4345.448 282.275 395.76 -0.179919 0.01995879
Moved 4345.479 275.2168 413.2412 -0.1962574 0.06492069
Moved 4345.51 269.7193 430.2631 -0.208983 0.1087012
Moved 4345.541 265.3074 447.1555 -0.2191958 0.152149
Moved 4345.571 261.7514 458.9943 -0.2274272 0.1825983
Moved 4345.602 259.2039 469.3882 -0.2333243 0.2093317
Moved 4345.633 258 478.0557 -0.2361111 0.2316248
Moved 4345.664 256 484.5562 -0.2407407 0.248344
Moved 4345.694 256 489.1918 -0.2407407 0.2602669
Moved 4345.725 256 491.636 -0.2407407 0.2665536
Moved 4345.756 256 493 -0.2407407 0.2700616
Stationary 4345.786 256 493 -0.2407407 0.2700616
Moved 4345.817 290.7573 476.1618 -0.1602841 0.2267535
Moved 4345.848 326 449.5 -0.07870371 0.158179
Moved 4345.878 353.4377 425.3293 -0.01519039 0.09601145
Moved 4345.909 377.5895 399.0868 0.04071653 0.02851537
Moved 4345.94 398.3989 376.8416 0.08888632 -0.02869979
Moved 4345.971 412.54 360.0366 0.1216205 -0.07192235
Moved 4346.001 425.2528 345.0384 0.1510481 -0.1104981
Moved 4346.032 435.062 332.938 0.1737546 -0.1416204
Moved 4346.063 443.4827 322.5173 0.1932471 -0.1684227
Moved 4346.094 448.773 315.8405 0.2054932 -0.1855956
Moved 4346.125 451.6284 310.7432 0.2121028 -0.1987058
Moved 4346.155 454.189 305.433 0.2180301 -0.2123636
Moved 4346.186 455.7494 301.5012 0.2216422 -0.2224764
Moved 4346.216 458.3109 295.0671 0.2275716 -0.2390249
Moved 4346.247 460.3961 287.4158 0.2323983 -0.2587042
Moved 4346.278 463.0695 274.5133 0.2385869 -0.2918896
Moved 4346.309 466.6178 251.6755 0.2468005 -0.3506288
Moved 4346.339 468.1627 234.8612 0.2503766 -0.3938755
Moved 4346.37 470.3258 214.4164 0.2553838 -0.4464599
Moved 4346.401 472.9766 198.1172 0.2615198 -0.4883817
Moved 4346.432 475.5 185.5 0.2673611 -0.5208334
Moved 4346.462 476 178.7809 0.2685185 -0.538115
Moved 4346.493 476 175.7531 0.2685185 -0.5459026
Moved 4346.524 476 175 0.2685185 -0.5478395
Moved 4346.554 456.6338 196.2078 0.2236893 -0.4932928
Moved 4346.585 437.1271 230.7671 0.1785349 -0.4044057
Moved 4346.616 425.8082 251.9863 0.1523338 -0.3498295
Moved 4346.646 410.1831 284.8309 0.1161647 -0.2653525
Moved 4346.677 396.2998 308.0604 0.08402725 -0.205606
Moved 4346.708 379.7176 336.0773 0.04564265 -0.133546
Moved 4346.739 362.0341 358.0732 0.004708568 -0.07697235
Moved 4346.77 341.3752 386.0309 -0.04311289 -0.005064442
Moved 4346.8 324.7246 403.2753 -0.08165593 0.03928836
Moved 4346.831 308.4193 417.7835 -0.1193999 0.07660363
Moved 4346.862 295.9213 429.0984 -0.1483304 0.1057058
Moved 4346.893 285.8618 439.7073 -0.1716162 0.1329918
Moved 4346.923 281.8791 448.3627 -0.1808354 0.1552536
Moved 4346.954 277.3305 455.339 -0.1913646 0.1731969
Moved 4346.984 275.0508 459.8984 -0.1966416 0.1849237
Moved 4347.015 272.5127 463.9745 -0.2025168 0.1954077
Moved 4347.046 270.9576 467.0425 -0.2061168 0.2032984
Moved 4347.077 270 469.5992 -0.2083333 0.2098744
Moved 4347.107 270 470.5 -0.2083333 0.2121912
Moved 4347.138 270 471 -0.2083333 0.2134772
Ended 4347.169 270 471 -0.2083333 0.2134772
Candidates 4347.292 13 government governments payment investment instrument agreement document offensive treatment element identify prevent intensive
Began 4347.968 271 383 -0.2060186 -0.01286016
Stationary 4347.999 271 383 -0.2060186 -0.01286016
Stationary 4348.029 271 383 -0.2060186 -0.01286016
Moved 4348.06 278.1425 383 -0.1894848 -0.01286016
Moved 4348.09 283.3679 383 -0.1773891 -0.01286016
Moved 4348.121 299.1139 383 -0.14094 -0.01286016
Moved 4348.152 317.4112 383 -0.09858518 -0.01286016
Moved 4348.183 329.832 383 -0.06983325 -0.01286016
Moved 4348.213 335.5567 383 -0.0565818 -0.01286016
Moved 4348.244 340.5329 383 -0.04506275 -0.01286016
Ended 4348.275 341 383 -0.04398147 -0.01286016
Accept 4348.336 0 government
Began 4349.228 397 330 0.0856481 -0.149177
Stationary 4349.258 397 330 0.0856481 -0.149177
Stationary 4349.289 397 330 0.0856481 -0.149177
Stationary 4349.319 397 330 0.0856481 -0.149177
Moved 4349.35 386.9648 330 0.06241838 -0.149177
Moved 4349.381 381 330 0.04861106 -0.149177
Moved 4349.412 377.9298 323 0.0415042 -0.1671811
Moved 4349.442 376 322 0.03703703 -0.1697531
Moved 4349.473 374.5 322 0.03356477 -0.1697531
Moved 4349.504 373.9308 322 0.0322473 -0.1697531
Moved 4349.535 372.7786 322 0.0295801 -0.1697531
Stationary 4349.565 372.7786 322 0.0295801 -0.1697531
Moved 4349.596 371.8671 322 0.02747019 -0.1697531
Stationary 4349.627 371.8671 322 0.02747019 -0.1697531
Moved 4349.658 370.8751 322 0.02517372 -0.1697531
Stationary 4349.688 370.8751 322 0.02517372 -0.1697531
Stationary 4349.719 371 322 0.025463 -0.1697531
Moved 4349.75 369.7378 322 0.02254128 -0.1697531
Stationary 4349.78 369.7378 322 0.02254128 -0.1697531
Stationary 4349.811 370 322 0.02314816 -0.1697531
Stationary 4349.842 370 322 0.02314816 -0.1697531
Moved 4349.873 368.7983 322 0.02036651 -0.1697531
Stationary 4349.903 369 322 0.02083332 -0.1697531
Stationary 4349.934 369 322 0.02083332 -0.1697531
Stationary 4349.965 369 322 0.02083332 -0.1697531
Moved 4349.996 367.974 322 0.01845827 -0.1697531
Stationary 4350.026 368 322 0.01851857 -0.1697531
Stationary 4350.057 368 322 0.01851857 -0.1697531
Stationary 4350.088 368 322 0.01851857 -0.1697531
Stationary 4350.118 368 322 0.01851857 -0.1697531
Stationary 4350.149 368 322 0.01851857 -0.1697531
Stationary 4350.18 368 322 0.01851857 -0.1697531
Stationary 4350.21 368 322 0.01851857 -0.1697531
Stationary 4350.241 368 322 0.01851857 -0.1697531
Stationary 4350.272 368 322 0.01851857 -0.1697531
Stationary 4350.303 368 322 0.01851857 -0.1697531
Stationary 4350.333 368 322 0.01851857 -0.1697531
Stationary 4350.364 368 322 0.01851857 -0.1697531
Stationary 4350.395 368 322 0.01851857 -0.1697531
Stationary 4350.426 368 322 0.01851857 -0.1697531
Stationary 4350.457 368 322 0.01851857 -0.1697531
Stationary 4350.487 368 322 0.01851857 -0.1697531
Stationary 4350.518 368 322 0.01851857 -0.1697531
Stationary 4350.548 368 322 0.01851857 -0.1697531
Moved 4350.579 365.7253 322 0.01325299 -0.1697531
Moved 4350.61 363.5 322 0.008101861 -0.1697531
Moved 4350.641 353.7845 322 -0.01438782 -0.1697531
Moved 4350.671 338.4659 322 -0.04984751 -0.1697531
Moved 4350.702 319.8554 322 -0.09292736 -0.1697531
Moved 4350.733 302.0502 334.1849 -0.134143 -0.1384132
Moved 4350.764 288.2339 338.9064 -0.1661253 -0.1262695
Moved 4350.794 274.5 344 -0.1979167 -0.1131688
Moved 4350.825 264.8234 348.0883 -0.2203162 -0.1026536
Moved 4350.855 252.1147 353.808 -0.2497346 -0.0879425
Moved 4350.886 229.2333 360.6476 -0.3027008 -0.07035071
Moved 4350.917 209.3673 364.7522 -0.3486867 -0.05979381
Moved 4350.948 190.5658 366.9192 -0.3922087 -0.05422027
Moved 4350.979 174.6041 369.1994 -0.4291571 -0.04835552
Moved 4351.009 166.4797 370 -0.4479636 -0.04629637
Moved 4351.04 161.6952 370 -0.4590389 -0.04629637
Moved 4351.071 158.1382 371 -0.4672727 -0.04372435
Stationary 4351.102 158 371 -0.4675925 -0.04372435
Ended 4351.132 158 371 -0.4675925 -0.04372435
Delete 4351.194 LeftSwipe
Began 4351.931 351 332 -0.02083332 -0.144033
Stationary 4351.962 351 332 -0.02083332 -0.144033
Stationary 4351.993 351 332 -0.02083332 -0.144033
Stationary 4352.023 351 332 -0.02083332 -0.144033
Stationary 4352.054 351 332 -0.02083332 -0.144033
Stationary 4352.084 351 332 -0.02083332 -0.144033
Stationary 4352.115 351 332 -0.02083332 -0.144033
Stationary 4352.146 351 332 -0.02083332 -0.144033
Stationary 4352.177 351 332 -0.02083332 -0.144033
Stationary 4352.208 351 332 -0.02083332 -0.144033
Stationary 4352.238 351 332 -0.02083332 -0.144033
Stationary 4352.269 351 332 -0.02083332 -0.144033
Stationary 4352.3 351 332 -0.02083332 -0.144033
Stationary 4352.331 351 332 -0.02083332 -0.144033
Stationary 4352.361 351 332 -0.02083332 -0.144033
Stationary 4352.392 351 332 -0.02083332 -0.144033
Moved 4352.423 351 344.2991 -0.02083332 -0.1123994
Moved 4352.453 363.4439 351.1479 0.007972023 -0.09478407
Moved 4352.484 370.7157 357.8578 0.02480477 -0.07752618
Moved 4352.515 382.415 365.449 0.05188664 -0.05800153
Moved 4352.545 395.1757 372.0878 0.0814252 -0.04092644
Moved 4352.576 415.3761 383.32 0.1281853 -0.0120371
Moved 4352.607 437.77 397.1214 0.180023 0.02346027
Moved 4352.638 464.0018 415.9104 0.2407449 0.07178596
Moved 4352.668 494.1094 445.1094 0.3104385 0.1468864
Moved 4352.699 514.4235 462.1387 0.3574617 0.190686
Moved 4352.73 533.1198 479.8065 0.4007403 0.2361276
Moved 4352.761 544.7454 491.9938 0.4276513 0.2674736
Moved 4352.792 549.6199 498.6199 0.438935 0.2845162
Moved 4352.822 551.0671 501.0671 0.442285 0.2908105
Moved 4352.853 551 503.5 0.4421297 0.2970678
Moved 4352.883 551 504.0575 0.4421297 0.2985017
Stationary 4352.914 551 504.0575 0.4421297 0.2985017
Stationary 4352.945 551 504.0575 0.4421297 0.2985017
Moved 4352.976 519.5 467 0.3692129 0.2031892
Moved 4353.006 481.1924 408.7079 0.280538 0.05326098
Moved 4353.037 459.9742 375.833 0.2314217 -0.03129371
Moved 4353.068 443.6025 348.0329 0.1935244 -0.1027961
Moved 4353.099 433.62 328.78 0.1704166 -0.1523149
Moved 4353.129 425.0154 312.0256 0.1504984 -0.1954075
Moved 4353.16 416.5 292 0.130787 -0.2469136
Moved 4353.191 414.4113 287.8226 0.1259522 -0.2576578
Moved 4353.222 410.3412 279.0117 0.1165305 -0.2803196
Moved 4353.252 408.1315 273.2631 0.1114156 -0.2951053
Moved 4353.283 404.5768 267.1536 0.1031871 -0.3108189
Moved 4353.313 399.0471 259.3962 0.09038696 -0.3307712
Moved 4353.344 392.5891 251.3835 0.07543763 -0.3513798
Moved 4353.375 387.4622 244.4622 0.06356994 -0.3691818
Moved 4353.406 383.6785 238.3569 0.05481134 -0.3848845
Moved 4353.437 379.4175 234.4176 0.04494806 -0.3950164
Moved 4353.467 375.7381 230.869 0.03643075 -0.4041435
Moved 4353.498 373.3148 226.6296 0.03082136 -0.4150473
Moved 4353.529 369.7666 223.7666 0.02260784 -0.4224111
Moved 4353.56 367.6407 220.2815 0.01768688 -0.4313748
Moved 4353.59 362.9556 216.9556 0.00684162 -0.4399292
Moved 4353.621 357.8686 212.8687 -0.004933725 -0.4504408
Moved 4353.651 348.4019 206.6411 -0.02684747 -0.466458
Moved 4353.682 342.046 203.364 -0.04156013 -0.4748868
Moved 4353.713 335.0752 200.0752 -0.0576963 -0.4833457
Moved 4353.744 328.5 200 -0.07291664 -0.4835392
Moved 4353.774 324.911 200 -0.08122449 -0.4835392
Moved 4353.805 321.5329 200 -0.08904427 -0.4835392
Moved 4353.836 314.6352 214.7296 -0.1050111 -0.4456543
Moved 4353.867 306.8206 236.145 -0.1231004 -0.3905736
Moved 4353.897 296.2769 267.1 -0.1475071 -0.3109567
Moved 4353.928 280.0809 307.2977 -0.1849979 -0.2075675
Moved 4353.959 251.6957 362.2076 -0.2507044 -0.06633844
Moved 4353.99 228.7644 394.9808 -0.3037862 0.01795478
Moved 4354.02 214.987 412.013 -0.3356782 0.06176183
Moved 4354.051 204.7506 425.2993 -0.3593736 0.09593433
Moved 4354.082 197.781 434.4379 -0.3755069 0.1194391
Moved 4354.112 192.6892 441.4662 -0.3872935 0.1375158
Moved 4354.143 190.2976 447.4048 -0.3928297 0.1527902
Moved 4354.174 189.0511 451.8978 -0.395715 0.1643461
Moved 4354.205 189 456.9627 -0.3958333 0.1773731
Moved 4354.235 189 462.0432 -0.3958333 0.1904402
Moved 4354.266 193.1869 466.5981 -0.3861414 0.2021556
Moved 4354.297 200.7085 469.9028 -0.3687303 0.2106554
Moved 4354.328 213.1779 473.8712 -0.3398659 0.2208619
Moved 4354.358 235.8273 474 -0.2874368 0.2211934
Moved 4354.389 261.5 474 -0.2280093 0.2211934
Moved 4354.419 280.4408 468.2127 -0.1841649 0.2063083
Moved 4354.45 297.9795 461.3401 -0.143566 0.188632
Moved 4354.481 318.1171 454.3311 -0.09695122 0.1706047
Moved 4354.512 334.6825 447.1058 -0.05860533 0.1520211
Moved 4354.542 346.4962 440.7519 -0.03125876 0.1356786
Moved 4354.573 363.3038 424.4789 0.007647674 0.0938242
Moved 4354.604 377.7964 392.3701 0.04119545 0.01123982
Moved 4354.635 385.6422 351.8624 0.05935699 -0.09294666
Moved 4354.666 389.678 312.8298 0.06869911 -0.193339
Moved 4354.696 392.1404 274.8939 0.07439911 -0.2909108
Moved 4354.727 396.4027 246.6877 0.08426557 -0.3634575
Moved 4354.758 400.5074 230.7314 0.09376714 -0.4044974
Moved 4354.789 403.6055 218.3667 0.1009387 -0.4362996
Moved 4354.819 407.0283 205.8584 0.1088618 -0.4684713
Moved 4354.85 410.5784 195.2648 0.1170796 -0.4957183
Moved 4354.88 415.2499 187.6251 0.1278933 -0.5153675
Moved 4354.911 418.5 181 0.1354167 -0.5324075
Moved 4354.942 420.9603 177.0795 0.1411117 -0.5424911
Moved 4354.973 422 174.5 0.1435185 -0.5491255
Moved 4355.003 423 172.5 0.1458333 -0.5542696
Moved 4355.034 423 170.5 0.1458333 -0.5594137
Moved 4355.065 423 167.8818 0.1458333 -0.5661476
Stationary 4355.096 423 168 0.1458333 -0.5658437
Moved 4355.126 423 167 0.1458333 -0.5684157
Stationary 4355.157 423 167 0.1458333 -0.5684157
Moved 4355.188 438.0401 174.9202 0.1806485 -0.5480449
Moved 4355.218 457.269 192.7648 0.2251597 -0.5021482
Moved 4355.249 478.39 211.5688 0.2740508 -0.4537839
Moved 4355.28 492.4905 227.8632 0.3066911 -0.4118747
Moved 4355.311 496 241.8593 0.3148148 -0.3758765
Moved 4355.341 496 253.8118 0.3148148 -0.3451344
Moved 4355.372 477.5315 265.7237 0.2720637 -0.3144967
Moved 4355.402 454.48 278.575 0.2187038 -0.2814429
Moved 4355.434 433.5 288.5 0.1701389 -0.2559158
Moved 4355.464 408.2562 298.3719 0.1117042 -0.230525
Moved 4355.495 380.6223 309.1888 0.04773667 -0.2027037
Moved 4355.525 349.9138 324.1379 -0.02334779 -0.1642543
Moved 4355.557 313.0706 349.6196 -0.1086328 -0.09871518
Moved 4355.587 284.893 368.0713 -0.1738587 -0.05125705
Moved 4355.618 258.5 389 -0.2349537 0.002572016
Moved 4355.648 235.0519 404.6321 -0.2892318 0.04277794
Moved 4355.679 220.8866 414.4089 -0.3220217 0.06792417
Moved 4355.71 210.4012 421.6992 -0.3462936 0.08667467
Moved 4355.741 202.6551 429.3449 -0.3642243 0.1063397
Moved 4355.771 197.0032 435.9951 -0.3773073 0.1234441
Moved 4355.802 192.5524 441.4476 -0.3876102 0.137468
Moved 4355.833 190.2298 448.5403 -0.3929865 0.1557105
Moved 4355.864 190 452.3156 -0.3935185 0.1654207
Moved 4355.895 188.5 454.5 -0.3969907 0.171039
Moved 4355.925 189 456.1219 -0.3958333 0.1752107
Stationary 4355.956 189 456 -0.3958333 0.174897
Moved 4355.986 189 446.0203 -0.3958333 0.1492291
Moved 4356.018 212.8624 411.0876 -0.3405963 0.05938173
Moved 4356.048 240.8958 367.1667 -0.2757041 -0.05358377
Moved 4356.079 263.481 332.3267 -0.2234237 -0.1431928
Moved 4356.109 284.86 302.9249 -0.1739351 -0.2188146
Moved 4356.14 304.6485 278.6874 -0.1281284 -0.2811538
Moved 4356.171 325.4965 258.5035 -0.07986923 -0.3330671
Moved 4356.202 348.5 236.5 -0.02662038 -0.3896605
Moved 4356.232 368.452 222.7175 0.01956483 -0.4251093
Moved 4356.263 394.0243 201.1805 0.07875989 -0.4805028
Moved 4356.294 413.0247 187.6967 0.1227423 -0.5151836
Moved 4356.325 424.6598 179.7551 0.1496754 -0.5356092
Moved 4356.355 430.9503 177.0249 0.1642368 -0.5426315
Moved 4356.386 436 175 0.1759259 -0.5478395
Moved 4356.417 437.757 173.243 0.1799931 -0.5523586
Moved 4356.447 440.3141 173 0.1859123 -0.5529835
Moved 4356.478 441 191.0959 0.1875 -0.5064405
Moved 4356.509 430.9954 225.4384 0.1643412 -0.4181113
Moved 4356.54 425.9529 245.1415 0.1526686 -0.3674344
Moved 4356.57 416.3278 273.7925 0.1303884 -0.2937435
Moved 4356.601 406.1587 295.9144 0.1068488 -0.2368457
Moved 4356.632 393.4355 321.1291 0.07739693 -0.1719932
Moved 4356.663 385.7697 341.0181 0.05965223 -0.1208384
Moved 4356.693 375.4903 362.0195 0.03585706 -0.06682243
Moved 4356.724 364.4183 385.1635 0.01022746 -0.007295725
Moved 4356.755 355.2119 405.5761 -0.01108348 0.04520593
Moved 4356.786 347.8886 427.7047 -0.02803564 0.102121
Moved 4356.816 340.9664 451.1345 -0.04405931 0.162383
Moved 4356.847 334.4395 473.363 -0.05916779 0.2195549
Moved 4356.877 330.7922 491.5194 -0.06761055 0.2662535
Moved 4356.908 328.7214 501.1145 -0.07240425 0.2909323
Moved 4356.939 326.0835 509.8331 -0.07851049 0.3133565
Moved 4356.97 324.5257 513.4743 -0.08211653 0.3227219
Moved 4357 324 517.0182 -0.08333336 0.3318369
Moved 4357.031 322.8214 518 -0.08606171 0.3343621
Moved 4357.062 323 519 -0.08564815 0.3369341
Moved 4357.093 320.6823 519 -0.09101311 0.3369341
Moved 4357.124 318.1475 519 -0.09688079 0.3369341
Moved 4357.154 312.7015 505.5025 -0.1094873 0.3022183
Moved 4357.185 300.6746 482.6841 -0.1373273 0.243529
Moved 4357.215 287.7377 455.4755 -0.1672738 0.1735479
Moved 4357.246 275.6862 428.3724 -0.1951708 0.1038383
Moved 4357.277 265.9805 408.9648 -0.2176378 0.05392188
Moved 4357.308 256 393 -0.2407407 0.01285996
Moved 4357.338 244.4885 374.2839 -0.2673878 -0.03527818
Moved 4357.369 234.4111 360.1166 -0.2907151 -0.07171646
Moved 4357.4 226.1653 349.2203 -0.3098026 -0.09974193
Moved 4357.431 217.535 340.535 -0.32978 -0.1220807
Moved 4357.461 211.923 333.923 -0.3427708 -0.1390868
Moved 4357.492 206.836 328.836 -0.3545462 -0.1521709
Moved 4357.523 203.1302 325.1302 -0.3631246 -0.1617022
Moved 4357.554 202 324 -0.3657407 -0.164609
Ended 4357.584 200.5 322.5 -0.369213 -0.1684671
Candidates 4357.707 13 governments instruments investments payments movements documents documented departments elements partners apartments incentives participants
Began 4358.26 223 330 -0.3171296 -0.149177
Stationary 4358.291 223 330 -0.3171296 -0.149177
Stationary 4358.322 223 330 -0.3171296 -0.149177
Stationary 4358.353 223 330 -0.3171296 -0.149177
Moved 4358.383 254.4962 340.3466 -0.2442218 -0.1225655
Moved 4358.414 282.2448 344.7493 -0.179989 -0.1112417
Moved 4358.444 305.8242 347.6276 -0.1254069 -0.1038384
Moved 4358.475 321.2855 347 -0.08961683 -0.1054527
Moved 4358.506 329.347 347 -0.070956 -0.1054527
Moved 4358.537 336.3 347 -0.05486101 -0.1054527
Moved 4358.567 340.193 347 -0.04584963 -0.1054527
Moved 4358.598 342.7371 347 -0.03996049 -0.1054527
Ended 4358.629 343 347 -0.03935183 -0.1054527
Accept 4358.69 0 governments
Began 4359.182 313 396 -0.1087963 0.02057605
Stationary 4359.212 313 396 -0.1087963 0.02057605
Stationary 4359.243 313 396 -0.1087963 0.02057605
Stationary 4359.274 313 396 -0.1087963 0.02057605
Stationary 4359.305 313 396 -0.1087963 0.02057605
Stationary 4359.335 313 396 -0.1087963 0.02057605
Stationary 4359.366 313 396 -0.1087963 0.02057605
Moved 4359.397 330.5345 375.4655 -0.06820714 -0.03223898
Moved 4359.428 346 354 -0.03240739 -0.08744855
Moved 4359.458 363.294 329.059 0.007625023 -0.1515972
Moved 4359.489 384.507 298.0902 0.05672912 -0.2312495
Moved 4359.52 398.5 275 0.08912037 -0.2906379
Stationary 4359.551 398.5 275 0.08912037 -0.2906379
Moved 4359.581 403.7532 262.987 0.1012806 -0.3215356
Moved 4359.612 407.3251 252.6997 0.1095488 -0.3479947
Moved 4359.643 409 245.4418 0.113426 -0.3666622
Moved 4359.673 410 240.1412 0.1157407 -0.3802952
Moved 4359.704 411.6958 235.6084 0.1196663 -0.3919537
Moved 4359.735 412 231.7549 0.1203704 -0.4018651
Moved 4359.766 412 228.2051 0.1203704 -0.4109952
Moved 4359.796 412 225.6539 0.1203704 -0.4175568
Moved 4359.827 412 223.4211 0.1203704 -0.4232996
Moved 4359.858 412 221.9341 0.1203704 -0.4271243
Moved 4359.889 412 220.5 0.1203704 -0.4308128
Moved 4359.919 412 221 0.1203704 -0.4295268
Moved 4359.95 397.292 235.708 0.08632401 -0.3916976
Moved 4359.981 376.4728 257.5272 0.03813157 -0.3355784
Moved 4360.012 349.9489 287.6561 -0.02326633 -0.2580861
Moved 4360.042 318.7564 325.8419 -0.0954713 -0.1598718
Moved 4360.073 293.7897 355.0118 -0.1532645 -0.08484616
Moved 4360.104 270.5988 382.2924 -0.2069473 -0.01468015
Moved 4360.134 250.5268 406.4672 -0.2534102 0.04749788
Moved 4360.165 239.8414 423.2538 -0.2781449 0.09067327
Moved 4360.196 233.2669 438.955 -0.2933637 0.131057
Moved 4360.227 227.4182 451.1635 -0.3069022 0.1624575
Moved 4360.257 223.3049 461.3901 -0.3164237 0.1887604
Moved 4360.288 220.1113 468.7773 -0.3238164 0.2077606
Moved 4360.319 218.8511 474.2977 -0.3267335 0.2219591
Moved 4360.35 218.3036 476 -0.3280009 0.2263374
Moved 4360.38 218 478.2388 -0.3287037 0.2320955
Moved 4360.411 217 479.7875 -0.3310185 0.2360789
Moved 4360.441 217 480.5 -0.3310185 0.2379114
Moved 4360.472 217 481.0879 -0.3310185 0.2394235
Stationary 4360.503 217 481 -0.3310185 0.2391974
Stationary 4360.534 217 481 -0.3310185 0.2391974
Moved 4360.564 217 482.166 -0.3310185 0.2421965
Stationary 4360.595 217 482.166 -0.3310185 0.2421965
Stationary 4360.626 217 482 -0.3310185 0.2417695
Moved 4360.657 217 467.8251 -0.3310185 0.2053114
Moved 4360.688 233.7399 437.3077 -0.2922687 0.12682
Moved 4360.718 250.286 394.9039 -0.2539675 0.01775683
Moved 4360.749 266.5583 353.9569 -0.2163001 -0.08755946
Moved 4360.78 281.3576 318.3988 -0.1820427 -0.1790155
Moved 4360.811 291.7704 297.0741 -0.157939 -0.233863
Moved 4360.841 299.4743 279.8143 -0.1401058 -0.2782553
Moved 4360.872 304.7798 265.1011 -0.1278246 -0.3160979
Moved 4360.902 307.3171 256.0488 -0.1219512 -0.3393807
Moved 4360.933 309 250.2698 -0.1180555 -0.3542444
Moved 4360.964 310 245.7723 -0.1157407 -0.365812
Moved 4360.995 311 242.3497 -0.113426 -0.3746149
Moved 4361.025 312 239.8202 -0.1111111 -0.381121
Moved 4361.056 313.3262 237.6738 -0.1080413 -0.3866414
Stationary 4361.087 313.3262 237.6738 -0.1080413 -0.3866414
Moved 4361.118 313 237 -0.1087963 -0.3883744
Moved 4361.148 313 244.0875 -0.1087963 -0.3701453
Moved 4361.179 313 257.9844 -0.1087963 -0.3344023
Moved 4361.209 296.65 290.7 -0.1466435 -0.2502572
Moved 4361.24 281.8866 324.0721 -0.180818 -0.1644235
Moved 4361.271 269.0865 351.8559 -0.210448 -0.0929633
Moved 4361.302 256.9076 379.549 -0.2386399 -0.02173608
Moved 4361.333 245.8293 400.3414 -0.264284 0.03174213
Moved 4361.363 236.9889 419.6964 -0.284748 0.08152346
Moved 4361.394 231.2501 437.2498 -0.2980322 0.1266711
Moved 4361.425 225.8621 450.3447 -0.3105044 0.1603516
Moved 4361.456 221.3538 463.2309 -0.3209402 0.193495
Moved 4361.486 217.8071 474.9644 -0.3291502 0.2236737
Moved 4361.517 216 485.9588 -0.3333333 0.2519515
Moved 4361.548 214.9865 490.0405 -0.3356794 0.2624497
Moved 4361.579 214 502.5 -0.3379629 0.2944958
Moved 4361.609 214 507.0967 -0.3379629 0.3063187
Moved 4361.64 214 511.6433 -0.3379629 0.3180125
Moved 4361.67 214 513.906 -0.3379629 0.3238323
Moved 4361.701 214 516.6885 -0.3379629 0.3309889
Moved 4361.732 214 517.9675 -0.3379629 0.3342785
Moved 4361.763 214 520.5 -0.3379629 0.3407921
Moved 4361.793 235.0703 524.845 -0.2891891 0.3519677
Moved 4361.824 261.22 527.3578 -0.2286574 0.3584304
Moved 4361.855 279.4854 528 -0.1863764 0.3600822
Moved 4361.886 293.3291 529.4658 -0.1543308 0.3638523
Moved 4361.917 300.3465 529 -0.1380869 0.3626543
Moved 4361.947 306.538 529 -0.1237547 0.3626543
Moved 4361.978 309 529 -0.1180555 0.3626543
Ended 4362.008 309 529 -0.1180555 0.3626543
Candidates 4362.131 13 never next member nerve manner have name manager many be may manage bennett
Began 4362.562 239 394 -0.2800926 0.01543206
Stationary 4362.592 239 394 -0.2800926 0.01543206
Stationary 4362.623 239 394 -0.2800926 0.01543206
Stationary 4362.654 239 394 -0.2800926 0.01543206
Moved 4362.685 254.2599 400.5197 -0.2447688 0.03220083
Moved 4362.715 267.8108 406.6036 -0.2134009 0.04784862
Moved 4362.746 280.2672 409.8535 -0.1845666 0.05620736
Moved 4362.777 289.2192 412.4064 -0.1638445 0.06277355
Moved 4362.807 300.67 413 -0.1373378 0.06430033
Moved 4362.838 316.2103 413 -0.101365 0.06430033
Moved 4362.869 330.7791 413 -0.06764109 0.06430033
Moved 4362.899 338.6063 413 -0.04952247 0.06430033
Moved 4362.93 344 413 -0.03703703 0.06430033
Ended 4362.961 346 413 -0.03240739 0.06430033
Accept 4363.022 0 never
Began 4363.268 319 367 -0.09490739 -0.05401234
Stationary 4363.299 319 367 -0.09490739 -0.05401234
Stationary 4363.33 319 367 -0.09490739 -0.05401234
Stationary 4363.36 319 367 -0.09490739 -0.05401234
Stationary 4363.391 319 367 -0.09490739 -0.05401234
Stationary 4363.422 319 367 -0.09490739 -0.05401234
Stationary 4363.453 319 367 -0.09490739 -0.05401234
Stationary 4363.483 319 367 -0.09490739 -0.05401234
Stationary 4363.514 319 367 -0.09490739 -0.05401234
Moved 4363.545 307.1754 367 -0.1222791 -0.05401234
Moved 4363.576 296.0919 381.7568 -0.1479355 -0.01605768
Moved 4363.606 284.463 397.2444 -0.174854 0.02377663
Moved 4363.637 271.3812 410.6188 -0.205136 0.05817582
Moved 4363.667 255.1115 428.3699 -0.2427973 0.1038319
Moved 4363.698 240.9316 443.0684 -0.2756212 0.1416368
Moved 4363.729 226.1993 455.8007 -0.3097239 0.1743844
Moved 4363.76 215.8676 463.4795 -0.3336399 0.1941344
Moved 4363.791 206.8631 468.7579 -0.3544835 0.2077105
Moved 4363.821 198.3128 472.8436 -0.374276 0.2182191
Moved 4363.852 186.1485 478.9258 -0.4024341 0.2338625
Moved 4363.883 176.5421 483.3832 -0.4246711 0.245327
Moved 4363.914 168.0364 488.4818 -0.4443602 0.2584408
Moved 4363.944 159.8182 492.5909 -0.4633837 0.2690094
Moved 4363.975 150.9572 499.6953 -0.4838955 0.2872819
Moved 4364.005 146.3691 504.6309 -0.494516 0.2999766
Moved 4364.036 143.8186 507.1814 -0.5004199 0.3065364
Moved 4364.067 143 508.7315 -0.5023148 0.3105233
Moved 4364.098 143 514.8427 -0.5023148 0.3262413
Moved 4364.128 180.5303 522.2244 -0.4154391 0.3452273
Moved 4364.159 283.6909 512.308 -0.1766414 0.3197223
Moved 4364.19 345.7766 500.5207 -0.03292456 0.289405
Moved 4364.221 391.7049 488.3238 0.0733909 0.2580343
Moved 4364.251 418.9654 481.0849 0.136494 0.2394158
Moved 4364.282 437.725 477.0393 0.1799189 0.2290105
Moved 4364.313 451.5 474.5 0.2118056 0.2224794
Moved 4364.344 465.2258 472.9548 0.2435783 0.2185051
Moved 4364.375 472.7263 473 0.2609406 0.2186213
Moved 4364.405 481.5879 472 0.2814534 0.2160493
Moved 4364.436 485.3985 472 0.2902744 0.2160493
Moved 4364.466 487.9368 472 0.2961499 0.2160493
Moved 4364.497 489.2036 472 0.2990823 0.2160493
Stationary 4364.528 489 472 0.2986111 0.2160493
Moved 4364.559 481.0864 472 0.2802926 0.2160493
Moved 4364.589 462.7484 472 0.2378434 0.2160493
Moved 4364.62 436.0158 472 0.1759624 0.2160493
Moved 4364.651 397.3478 472 0.08645326 0.2160493
Moved 4364.682 351.3677 481.1912 -0.01998216 0.2396892
Moved 4364.712 308.6568 481 -0.1188499 0.2391974
Moved 4364.743 291.7415 481 -0.1580059 0.2391974
Moved 4364.774 252.5 481 -0.2488426 0.2391974
Moved 4364.804 235.2815 481 -0.2887001 0.2391974
Moved 4364.835 225.6849 481 -0.3109146 0.2391974
Moved 4364.866 221.175 481 -0.3213542 0.2391974
Moved 4364.896 218.579 481 -0.3273635 0.2391974
Moved 4364.927 217.5 482.5 -0.3298611 0.2430555
Moved 4364.958 216.6669 482 -0.3317896 0.2417695
Moved 4364.989 223.7075 482 -0.3154919 0.2417695
Moved 4365.02 249.6728 471.3289 -0.2553871 0.2143233
Moved 4365.05 284.976 446.6669 -0.1736668 0.1508921
Moved 4365.081 321.7457 412.0975 -0.08855169 0.06197921
Moved 4365.112 347.7236 386.5293 -0.02841751 -0.003782712
Moved 4365.143 371.9056 362.0944 0.0275593 -0.06662965
Moved 4365.173 393.7257 343.0469 0.07806867 -0.1156202
Moved 4365.204 411.9626 324.7103 0.1202839 -0.1627822
Moved 4365.234 420.7546 316.9341 0.1406356 -0.1827827
Moved 4365.265 428.4958 310.5042 0.1585552 -0.1993207
Moved 4365.296 434.444 306.278 0.1723242 -0.2101904
Moved 4365.327 438.536 303.732 0.1817963 -0.2167387
Ended 4365.357 439.5 302.5 0.1840278 -0.2199075
Candidates 4365.45 13 work worn worth written with return queen growth wooden happen storm wish depth
Began 4365.972 315 361 -0.1041667 -0.06944452
Stationary 4366.002 315 361 -0.1041667 -0.06944452
Stationary 4366.033 315 361 -0.1041667 -0.06944452
Moved 4366.064 330.4283 361 -0.0684531 -0.06944452
Moved 4366.095 350.9583 370.213 -0.02092982 -0.04574865
Moved 4366.125 372.1506 372.6918 0.02812644 -0.03937309
Moved 4366.156 383.9744 373 0.05549639 -0.03858032
Moved 4366.187 392.3812 374 0.07495641 -0.03600823
Moved 4366.218 402.1976 374 0.09767959 -0.03600823
Ended 4366.249 402.1976 374 0.09767959 -0.03600823
Accept 4366.279 0 work
Began 4366.463 307 370 -0.1226852 -0.04629637
Stationary 4366.494 307 370 -0.1226852 -0.04629637
Moved 4366.525 317.4542 370 -0.0984856 -0.04629637
Moved 4366.556 347.0179 370 -0.03005107 -0.04629637
Moved 4366.586 377 370 0.03935188 -0.04629637
Moved 4366.617 413.0472 370 0.1227944 -0.04629637
Moved 4366.648 458.1409 370 0.227178 -0.04629637
Moved 4366.679 490.5984 370 0.3023112 -0.04629637
Moved 4366.709 513.428 370 0.3551573 -0.04629637
Moved 4366.74 532.0367 370 0.398233 -0.04629637
Moved 4366.771 546.2402 370 0.4311117 -0.04629637
Moved 4366.801 555.3157 377 0.4521196 -0.02829226
Moved 4366.832 563.4069 379.3517 0.4708492 -0.02224353
Moved 4366.863 568.7903 380.8951 0.4833108 -0.01827381
Moved 4366.894 572.8752 381 0.4927666 -0.01800419
Moved 4366.924 574.9811 382 0.4976414 -0.01543218
Moved 4366.955 576.2036 383 0.5004712 -0.01286016
Ended 4366.986 577.4559 383 0.5033702 -0.01286016
PhraseEnd 4367.047
