the force is with you
the force is with you
FixStart
List

0.6 0.6
432 388.8
Began 669.8549 383 317 0.05324075 -0.1826131
Stationary 669.8857 383 317 0.05324075 -0.1826131
Stationary 669.9164 383 317 0.05324075 -0.1826131
Stationary 669.9471 383 317 0.05324075 -0.1826131
Moved 669.9776 366.9759 341.8386 0.01614789 -0.118728
Moved 670.0085 356.0691 364.8618 -0.009099244 -0.05951194
Moved 670.0392 347.3123 398.0948 -0.02936979 0.02596412
Moved 670.0699 345 421.7354 -0.03472224 0.08676799
Moved 670.1007 345 440.7047 -0.03472224 0.1355573
Moved 670.1314 345 454.0618 -0.03472224 0.169912
Moved 670.1621 345 462.436 -0.03472224 0.1914505
Moved 670.1929 345 466.0446 -0.03472224 0.2007319
Moved 670.2236 345 468.5 -0.03472224 0.2070472
Moved 670.2543 345 469.7784 -0.03472224 0.2103354
Stationary 670.285 345 470 -0.03472224 0.2109053
Moved 670.3157 343.5 470 -0.03819446 0.2109053
Moved 670.3464 342.5 470 -0.04050925 0.2109053
Moved 670.3772 343 456.3124 -0.03935183 0.1757004
Moved 670.4079 343 437.9551 -0.03935183 0.1284854
Moved 670.4387 353.9362 413.1913 -0.01403655 0.06479248
Moved 670.4694 360.3749 389.5005 0.0008677443 0.00385928
Moved 670.5001 368.3829 371.2343 0.01940479 -0.04312186
Moved 670.5308 379.402 350.7964 0.0449121 -0.0956883
Moved 670.5615 392.4047 332.1144 0.07501075 -0.1437387
Moved 670.5922 404.3991 319.6009 0.1027757 -0.1759236
Moved 670.6229 420.0997 304.7717 0.1391196 -0.2140645
Moved 670.6536 433.9337 290.0663 0.1711428 -0.2518872
Moved 670.6844 443.2191 281.1714 0.1926367 -0.2747649
Moved 670.7151 447.9675 276.0325 0.2036284 -0.2879822
Moved 670.7458 450.0557 272.9443 0.2084622 -0.2959251
Moved 670.7766 450 271 0.2083333 -0.300926
Moved 670.8073 443.6487 271 0.1936313 -0.300926
Moved 670.838 426.9905 279.7583 0.1550706 -0.2783995
Moved 670.8687 398.1375 296.0347 0.08828133 -0.2365362
Moved 670.8995 371.1712 316.6631 0.02585918 -0.1834797
Moved 670.9302 342.3945 338.6932 -0.04075348 -0.126818
Moved 670.9609 317.5038 356.6642 -0.09837095 -0.08059623
Moved 670.9916 296.345 374.3231 -0.1473495 -0.03517723
Moved 671.0223 279.0111 388.9889 -0.1874743 0.002543367
Moved 671.053 267.5735 398.6177 -0.2139503 0.02730876
Moved 671.0837 258.1487 409.4684 -0.2357669 0.05521699
Moved 671.1145 252.5095 419.4714 -0.2488205 0.08094477
Moved 671.1452 248.6351 426.7298 -0.2577891 0.09961363
Moved 671.176 247 432.7557 -0.2615741 0.1151124
Moved 671.2067 246 439.2537 -0.2638889 0.1318252
Moved 671.2374 245 444.6227 -0.2662037 0.1456344
Moved 671.2681 245 449.9858 -0.2662037 0.1594284
Moved 671.2988 245 452.0619 -0.2662037 0.1647681
Moved 671.3295 245 454 -0.2662037 0.169753
Moved 671.3603 245 455.3653 -0.2662037 0.1732646
Moved 671.391 242.855 457.145 -0.2711689 0.1778419
Ended 671.4217 240.7767 458 -0.2759799 0.180041
Candidates 671.5748 13 the there what that where gene enter tennessee genre gender these else rubber
Began 672.4662 362 316 0.004629592 -0.1851853
Stationary 672.497 362 316 0.004629592 -0.1851853
Stationary 672.5276 362 316 0.004629592 -0.1851853
Moved 672.5584 339.9066 316 -0.04651248 -0.1851853
Moved 672.5891 317.5 316 -0.09837966 -0.1851853
Moved 672.6198 301.1237 316 -0.1362877 -0.1851853
Moved 672.6506 290.2565 316 -0.1614433 -0.1851853
Moved 672.6813 284.4133 316 -0.1749693 -0.1851853
Moved 672.712 281.3393 316 -0.182085 -0.1851853
Moved 672.7427 279.4703 316 -0.1864112 -0.1851853
Stationary 672.7734 279 316 -0.1875 -0.1851853
Stationary 672.8042 279 316 -0.1875 -0.1851853
Moved 672.8349 288.6209 332.4314 -0.1652294 -0.1429234
Moved 672.8656 297.027 342.027 -0.1457709 -0.1182434
Moved 672.8964 305.7345 349.5508 -0.1256146 -0.09889186
Moved 672.9271 321.5535 360.3321 -0.08899659 -0.07116231
Moved 672.9578 333.9832 368.9916 -0.06022409 -0.04888997
Moved 672.9885 343.5982 375.7322 -0.03796706 -0.03155312
Moved 673.0192 356.0133 382.208 -0.009228438 -0.01489718
Moved 673.0499 371.6564 389.8282 0.02698233 0.004702085
Moved 673.0807 386.9143 396.3047 0.06230156 0.02135987
Moved 673.1114 401.4847 403.2424 0.09602944 0.03920363
Moved 673.1421 424.6655 415.0946 0.1496887 0.06968769
Moved 673.1728 445.3657 425.1829 0.1976058 0.09563493
Moved 673.2036 464.6129 433.5377 0.2421595 0.1171236
Moved 673.2343 481.8984 442.4492 0.2821721 0.1400442
Moved 673.265 495.0651 448.6884 0.3126506 0.1560914
Moved 673.2957 504.6855 453.5618 0.3349203 0.168626
Moved 673.3265 509.4336 456.4336 0.345911 0.1760123
Moved 673.3572 512 457.9539 0.3518519 0.1799226
Moved 673.3879 513 459.5 0.3541666 0.1838991
Moved 673.4186 513 459 0.3541666 0.1826131
Stationary 673.4493 513 459 0.3541666 0.1826131
Moved 673.48 489.0215 459 0.2986608 0.1826131
Moved 673.5108 462.9281 446.984 0.2382596 0.1517078
Moved 673.5415 431.4869 441.2478 0.1654789 0.1369541
Moved 673.5722 401.134 436.162 0.09521753 0.1238733
Moved 673.603 378.9821 433.7117 0.04394004 0.1175713
Moved 673.6337 353.7104 431.8388 -0.01455913 0.112754
Moved 673.6644 325.3096 429.9014 -0.08030192 0.1077709
Moved 673.6948 318.3148 429.463 -0.0964934 0.1066434
Moved 673.7258 304.9955 429 -0.1273253 0.1054526
Moved 673.7565 296.1465 429 -0.1478091 0.1054526
Moved 673.7872 287.6763 429 -0.1674159 0.1054526
Moved 673.818 277.8811 436 -0.19009 0.1234567
Moved 673.8487 268.8494 437.5753 -0.2109968 0.1275084
Moved 673.8794 262.102 438 -0.2266158 0.1286007
Moved 673.9102 257.0607 438 -0.2382854 0.1286007
Moved 673.9409 254.1592 438 -0.2450018 0.1286007
Moved 673.9716 251.2912 438 -0.2516407 0.1286007
Moved 674.0023 249.8793 438 -0.2549091 0.1286007
Moved 674.0331 244.7005 427.6522 -0.2668971 0.1019859
Moved 674.0638 237.953 408.8119 -0.2825163 0.05352844
Moved 674.0945 231.2925 383.8776 -0.297934 -0.01060305
Moved 674.1252 228.5627 352.7518 -0.3042531 -0.0906591
Moved 674.1559 228 318.3855 -0.3055556 -0.1790496
Moved 674.1866 228 292.4053 -0.3055556 -0.2458713
Moved 674.2173 237.306 265.3134 -0.2840139 -0.3155521
Moved 674.2481 247.2158 240.5685 -0.2610746 -0.3791963
Moved 674.2788 257.722 221.417 -0.2367546 -0.4284543
Moved 674.3096 270.2063 203.1906 -0.2078558 -0.475333
Moved 674.3402 282.219 188.781 -0.1800486 -0.5123946
Moved 674.371 295.6111 175.1111 -0.1490484 -0.5475539
Moved 674.4017 307.9739 164.0261 -0.1204308 -0.5760645
Moved 674.4324 318.4097 153.5903 -0.09627387 -0.6029055
Moved 674.4631 327.9444 143.0555 -0.07420272 -0.6300013
Moved 674.4938 335.5945 135.4055 -0.05649427 -0.6496772
Moved 674.5246 341.7386 128.5228 -0.04227182 -0.6673796
Moved 674.5553 345.2373 124.7627 -0.03417283 -0.6770507
Moved 674.586 348.1822 121.8179 -0.0273561 -0.6846249
Moved 674.6168 351.0532 121 -0.02071028 -0.6867284
Moved 674.6475 352.9266 121 -0.0163737 -0.6867284
Moved 674.6782 355.4517 121 -0.01052842 -0.6867284
Moved 674.7089 358.3359 152.0229 -0.003852149 -0.6069369
Moved 674.7397 361.2047 183.2518 0.002788703 -0.5266157
Moved 674.7704 361 207.4655 0.002314846 -0.4643379
Moved 674.8011 361 244.1842 0.002314846 -0.3698967
Moved 674.8318 361 255.681 0.002314846 -0.3403265
Moved 674.8625 361 275.3344 0.002314846 -0.2897779
Moved 674.8932 354.0054 292.9946 -0.01387641 -0.2443555
Moved 674.924 349.2477 312.2665 -0.02488971 -0.1947878
Moved 674.9547 343.7542 335.606 -0.03760601 -0.1347582
Moved 674.9854 340.503 359.4733 -0.04513204 -0.07337131
Moved 675.0161 333.9589 381.1644 -0.06028036 -0.0175812
Moved 675.0469 326.3438 398.1978 -0.07790779 0.02622871
Moved 675.0776 319.7065 412.8224 -0.09327198 0.0638437
Moved 675.1083 314.7385 425.3077 -0.104772 0.09595592
Moved 675.139 307.5743 439.8513 -0.1213557 0.1333623
Moved 675.1697 299.7676 451.2324 -0.1394267 0.1626346
Moved 675.2004 290.1427 461.8573 -0.1617068 0.1899621
Moved 675.2312 282.538 469.462 -0.1793101 0.2095215
Moved 675.2619 275.9297 473.7135 -0.1946071 0.2204564
Moved 675.2927 270.7659 478.2341 -0.2065603 0.2320834
Moved 675.3233 267.1948 479.8052 -0.214827 0.2361244
Moved 675.3541 264.3875 481 -0.2213251 0.2391974
Moved 675.3848 262.5128 482.4872 -0.2256648 0.2430225
Moved 675.4155 262 483.3805 -0.2268519 0.2453201
Ended 675.4462 262 483.3805 -0.2268519 0.2453201
Accept 675.5692 0 the
Candidates 675.5692 13 direct orange owner force disagree peace distance diane represent difference disney surface present
Began 676.583 338 304 -0.05092591 -0.2160494
Stationary 676.6137 338 304 -0.05092591 -0.2160494
Stationary 676.6444 338 304 -0.05092591 -0.2160494
Stationary 676.6752 338 304 -0.05092591 -0.2160494
Stationary 676.7059 338 304 -0.05092591 -0.2160494
Stationary 676.7366 338 304 -0.05092591 -0.2160494
Moved 676.7673 320.5199 321.0601 -0.09138922 -0.1721705
Moved 676.798 303.9086 342.3642 -0.1298411 -0.117376
Moved 676.8287 283.9456 362.0544 -0.176052 -0.06673247
Moved 676.8595 263.725 382.3785 -0.2228588 -0.01445857
Moved 676.8902 249.5 398 -0.255787 0.02572008
Moved 676.9209 233.2135 410.191 -0.2934872 0.05707548
Moved 676.9516 222.4782 420.5218 -0.3183374 0.08364645
Moved 676.9824 211.8623 430.1377 -0.3429114 0.1083788
Moved 677.0131 203.3467 438.6533 -0.3626234 0.1302812
Moved 677.0438 194.7357 448.6857 -0.3825562 0.1560846
Moved 677.0745 188.4097 455.5903 -0.3971998 0.1738434
Moved 677.1052 182.8313 463.3375 -0.4101128 0.1937692
Moved 677.136 177.2857 469.4287 -0.4229499 0.2094359
Moved 677.1667 172.4132 475.1736 -0.4342288 0.224212
Moved 677.1974 167.0786 479.9214 -0.4465774 0.2364234
Moved 677.2281 165.018 482.982 -0.4513472 0.2442952
Moved 677.2589 163.1451 485 -0.4556826 0.2494856
Moved 677.2896 162 487.7213 -0.4583334 0.2564846
Moved 677.3203 161 489.5 -0.4606481 0.2610596
Moved 677.3511 159.6756 490.3245 -0.463714 0.2631802
Moved 677.3818 158.9883 492.0117 -0.4653048 0.2675196
Moved 677.4125 159 494.896 -0.4652778 0.2749382
Moved 677.4432 157.6266 497.7468 -0.468457 0.2822706
Moved 677.4739 158 499.3042 -0.4675925 0.2862761
Moved 677.5046 158 502.1761 -0.4675925 0.2936627
Moved 677.5354 158 504 -0.4675925 0.2983539
Moved 677.5661 158 506.4012 -0.4675925 0.3045297
Moved 677.5968 158 507 -0.4675925 0.3060699
Moved 677.6276 158 508 -0.4675925 0.3086419
Moved 677.6583 158 509 -0.4675925 0.3112139
Moved 677.689 158 510 -0.4675925 0.3137859
Moved 677.7197 158 511 -0.4675925 0.3163579
Moved 677.7504 158 512.4442 -0.4675925 0.3200723
Moved 677.7812 158 512.9709 -0.4675925 0.3214271
Moved 677.8118 158 513.8297 -0.4675925 0.3236358
Moved 677.8425 157.3021 514.6979 -0.4692082 0.3258691
Moved 677.8734 157 516 -0.4699074 0.329218
Expand 677.8734
Stationary 677.9041 157 516 -0.4699074 0.329218
Moved 677.9348 154.9854 518.0146 -0.4745708 0.3343996
Moved 677.9655 152.5 519.5 -0.4803241 0.3382201
Ended 677.9962 152.5 519.5 -0.4803241 0.3382201
Accept 678.0576 3 force
Began 678.3956 330 315 -0.06944443 -0.1877573
Stationary 678.4263 330 315 -0.06944443 -0.1877573
Stationary 678.457 330 315 -0.06944443 -0.1877573
Stationary 678.4877 330 315 -0.06944443 -0.1877573
Stationary 678.5185 330 315 -0.06944443 -0.1877573
Stationary 678.5492 330 315 -0.06944443 -0.1877573
Stationary 678.58 330 315 -0.06944443 -0.1877573
Moved 678.6106 339.5909 332.1818 -0.04724324 -0.1435653
Moved 678.6414 346.8605 343.4342 -0.0304155 -0.114624
Moved 678.6721 355.6723 354.6723 -0.0100178 -0.08571938
Moved 678.7028 368.1672 368.1338 0.0189056 -0.0510963
Moved 678.7335 380.4077 379.7261 0.04724006 -0.02128051
Moved 678.7642 395.2457 396.6948 0.08158724 0.02236323
Moved 678.795 410.6248 410.6248 0.1171871 0.05819132
Moved 678.8257 426.9487 424.759 0.1549738 0.09454463
Moved 678.8564 440.286 437.0004 0.1858473 0.1260296
Moved 678.8871 453.9315 449.9315 0.217434 0.1592886
Moved 678.9178 463.3712 458.3712 0.2392851 0.1809957
Moved 678.9485 469.6349 463.3174 0.2537846 0.1937177
Moved 678.9793 472.884 467.884 0.2613057 0.205463
Moved 679.0101 474 469.5 0.2638889 0.2096193
Moved 679.0407 474 470 0.2638889 0.2109053
Stationary 679.0715 474 470 0.2638889 0.2109053
Moved 679.1022 463.8069 470 0.2402937 0.2109053
Moved 679.1329 445.6137 463.6138 0.19818 0.1944798
Moved 679.1636 423.8025 451.9012 0.147691 0.164355
Moved 679.1943 396.8933 436.023 0.08540113 0.1235159
Moved 679.225 369.4838 416.9387 0.02195319 0.07443067
Moved 679.2558 343.7663 395.8182 -0.03757795 0.02010863
Moved 679.2866 323.5987 378.2739 -0.08426219 -0.02501586
Moved 679.3173 300.4589 357.4589 -0.1378267 -0.07855231
Moved 679.348 279.7965 341.1113 -0.1856563 -0.1205987
Moved 679.3787 262.0757 327.2606 -0.2266765 -0.1562227
Moved 679.4094 248.0377 317.4555 -0.259172 -0.1814416
Moved 679.4399 234.6784 305.2589 -0.2900962 -0.2128116
Moved 679.4709 222.211 295.2111 -0.3189559 -0.2386547
Moved 679.5016 209.7026 287.0269 -0.3479107 -0.2597045
Moved 679.5323 200.3383 280.2255 -0.3695872 -0.2771978
Moved 679.563 192.7191 274.4794 -0.3872242 -0.2919768
Moved 679.5938 186.7403 270.3702 -0.401064 -0.3025458
Moved 679.6245 181.7407 266.8704 -0.4126373 -0.3115475
Moved 679.6552 176.9133 262.9133 -0.4238119 -0.3217252
Moved 679.6859 174.0858 261.0858 -0.4303569 -0.3264254
Moved 679.7167 171.2133 260 -0.4370064 -0.3292181
Moved 679.7473 169.7078 260 -0.4404913 -0.3292181
Stationary 679.7781 169.7078 260 -0.4404913 -0.3292181
Ended 679.8088 170 260 -0.4398148 -0.3292181
Candidates 679.9317 13 is his us goods good id of odds its god usa gods pass
Began 680.6998 355 307 -0.01157408 -0.2083334
Stationary 680.7305 355 307 -0.01157408 -0.2083334
Stationary 680.7612 355 307 -0.01157408 -0.2083334
Stationary 680.7919 355 307 -0.01157408 -0.2083334
Stationary 680.8226 355 307 -0.01157408 -0.2083334
Stationary 680.8534 355 307 -0.01157408 -0.2083334
Moved 680.8841 342.4988 324.0024 -0.04051204 -0.164603
Moved 680.9148 335.197 336.0706 -0.05741433 -0.1335632
Moved 680.9456 329.7273 345.4091 -0.07007579 -0.1095444
Moved 680.9762 322.9709 353.0291 -0.08571541 -0.08994585
Moved 681.007 316.9637 360.3575 -0.09962112 -0.07109685
Moved 681.0377 310.0928 367.9072 -0.1155259 -0.05167902
Moved 681.0684 303.0392 372.6406 -0.1318537 -0.0395048
Moved 681.0991 294.2275 377.3862 -0.1522512 -0.02729887
Moved 681.1299 284.0811 383.4595 -0.1757382 -0.01167839
Moved 681.1606 270.9237 388.2305 -0.2061951 0.0005928479
Moved 681.1913 259.0514 391.9743 -0.2336774 0.0102219
Moved 681.222 245.2067 396.7173 -0.2657252 0.02242096
Moved 681.2527 231.7089 403.5746 -0.2969701 0.04005821
Moved 681.2834 219.0732 408.7317 -0.3262194 0.05332216
Moved 681.3141 210.6248 413.1876 -0.3457758 0.06478278
Moved 681.3449 203.6674 417.1108 -0.3618809 0.07487344
Moved 681.3756 197.9706 421.0147 -0.3750682 0.0849143
Moved 681.4064 195.1114 423.8886 -0.3816866 0.09230606
Moved 681.4371 194 425.5 -0.3842593 0.09645053
Moved 681.4677 194 427.2783 -0.3842593 0.1010242
Moved 681.4985 194 429.0729 -0.3842593 0.1056402
Moved 681.5292 194 431 -0.3842593 0.1105966
Moved 681.5599 209.1029 435.6838 -0.3492988 0.1226435
Moved 681.5907 241.8231 438 -0.2735577 0.1286007
Moved 681.6214 278.9178 438 -0.1876902 0.1286007
Moved 681.6521 309.8208 428.5954 -0.1161556 0.104412
Moved 681.6829 334.3023 424.2698 -0.05948549 0.09328642
Moved 681.7136 363.5184 420.3868 0.008144478 0.08329944
Moved 681.7443 384.4029 417.5139 0.05648822 0.07591
Moved 681.775 400.1147 416 0.09285797 0.07201634
Moved 681.8057 417.6936 414.1451 0.13355 0.06724561
Moved 681.8365 435.6425 413 0.1750984 0.06430033
Moved 681.8671 450.9814 413 0.2106051 0.06430033
Moved 681.8979 463.5339 413 0.2396618 0.06430033
Moved 681.9286 478.1018 413 0.2733838 0.06430033
Moved 681.9594 489.6533 421.8845 0.3001234 0.0871513
Moved 681.9901 498.5044 423 0.320612 0.09002049
Moved 682.0208 502.2671 424 0.3293219 0.09259254
Moved 682.0515 502 426.1241 0.3287037 0.09805569
Moved 682.0822 489.015 433.9925 0.2986457 0.1182934
Moved 682.1129 462.9972 442.0009 0.2384195 0.1388912
Moved 682.1437 430.7203 446.44 0.1637044 0.1503086
Moved 682.1744 406.4665 450.3167 0.1075613 0.1602795
Moved 682.2051 385.7258 451 0.0595505 0.162037
Moved 682.2358 366.9429 451 0.0160715 0.162037
Moved 682.2665 349.0345 452 -0.02538309 0.164609
Moved 682.2972 334.713 452 -0.05853484 0.164609
Moved 682.328 324.6595 452 -0.08180682 0.164609
Moved 682.3588 318.3254 452 -0.09646898 0.164609
Moved 682.3895 314.2906 452 -0.1058089 0.164609
Moved 682.4202 311.4185 452 -0.1124571 0.164609
Moved 682.4509 308.9024 444.3168 -0.1182815 0.1448477
Moved 682.4816 307.0027 441.0027 -0.1226788 0.1363238
Moved 682.5123 305 432.4977 -0.1273148 0.1144487
Moved 682.543 305 419.2799 -0.1273148 0.08045235
Moved 682.5738 305 405.4202 -0.1273148 0.04480483
Moved 682.6045 318.4178 390.4429 -0.09625515 0.006283222
Moved 682.6351 332.0503 372.9396 -0.06469841 -0.03873558
Moved 682.666 342.7218 360.5977 -0.03999576 -0.07047912
Moved 682.6967 355.766 347.234 -0.009800891 -0.1048509
Moved 682.7274 372.5836 333.7332 0.02912869 -0.1395754
Moved 682.7582 388.9733 323.416 0.06706784 -0.1661111
Moved 682.7888 405.1165 316.5381 0.1044363 -0.1838011
Moved 682.8196 421.4257 308.7871 0.1421892 -0.2037369
Moved 682.8503 432.4225 302.0517 0.1676446 -0.2210605
Moved 682.881 441.3957 294.9532 0.1884161 -0.2393178
Moved 682.9117 446.7227 289.2772 0.200747 -0.2539167
Moved 682.9424 449.7257 286.2743 0.2076984 -0.2616403
Moved 682.9731 452.5991 283.4009 0.2143497 -0.2690305
Moved 683.0039 455.1041 280.8959 0.2201483 -0.2754735
Moved 683.0347 456 280 0.2222222 -0.2777778
Ended 683.0653 457.436 278.564 0.2255462 -0.2814712
Accept 683.1882 0 is
Candidates 683.1882 13 worth with work written worn depth wish storm reform ruth truth rough south
Began 684.2328 353 304 -0.01620372 -0.2160494
Stationary 684.2635 353 304 -0.01620372 -0.2160494
Stationary 684.2943 353 304 -0.01620372 -0.2160494
Stationary 684.325 353 304 -0.01620372 -0.2160494
Moved 684.3557 346.6829 327.1219 -0.03082658 -0.1565793
Moved 684.3864 336.9044 352.7388 -0.05346194 -0.0906923
Moved 684.4172 318.5875 395.8251 -0.09586234 0.02012622
Moved 684.4479 308.0749 422.1586 -0.120197 0.0878564
Moved 684.4786 301.6598 434.5955 -0.1350468 0.1198442
Moved 684.5093 290.1442 457.7117 -0.1617033 0.1792995
Moved 684.54 280.3291 476.0126 -0.1844233 0.2263699
Moved 684.5707 273.4459 489.6624 -0.2003567 0.2614771
Moved 684.6014 267.522 500.9561 -0.2140695 0.2905247
Moved 684.6322 263.8972 510.2057 -0.2224603 0.3143149
Moved 684.663 261.0233 518.9302 -0.2291128 0.3367545
Moved 684.6937 259.5214 525.9573 -0.2325895 0.3548282
Moved 684.7244 257.6488 532.7024 -0.236924 0.3721769
Moved 684.7551 257 539.4458 -0.2384259 0.389521
Moved 684.7858 257 543.6571 -0.2384259 0.4003526
Moved 684.8165 257 547.2964 -0.2384259 0.409713
Moved 684.8473 257 550 -0.2384259 0.4166666
Moved 684.878 257 553.5 -0.2384259 0.4256686
Moved 684.9087 257 554 -0.2384259 0.4269547
Moved 684.9395 257 555.772 -0.2384259 0.4315124
Stationary 684.9702 257 556 -0.2384259 0.4320986
Moved 685.0008 257 557 -0.2384259 0.4346707
Ended 685.0316 257 557 -0.2384259 0.4346707
Expand 685.0623
Accept 685.1852 1 with
Began 685.6768 326 397 -0.07870371 0.02314815
Stationary 685.7075 326 397 -0.07870371 0.02314815
Stationary 685.7382 326 397 -0.07870371 0.02314815
Stationary 685.7689 326 397 -0.07870371 0.02314815
Moved 685.7996 326 411.2267 -0.07870371 0.05973949
Moved 685.8304 326 419.192 -0.07870371 0.08022629
Moved 685.8611 342.5 445.5 -0.04050925 0.1478908
Moved 685.8918 346.2025 459.7089 -0.03193855 0.1844363
Moved 685.9225 348.9752 471.9008 -0.02552037 0.215794
Moved 685.9532 351 479.6947 -0.02083332 0.2358402
Moved 685.984 352.2865 482.573 -0.01785532 0.2432432
Moved 686.0147 353 486.6597 -0.01620372 0.2537542
Moved 686.0455 354 490.7032 -0.01388888 0.2641544
Moved 686.0762 355.574 494.574 -0.01024529 0.2741101
Moved 686.1069 357.0678 497.0678 -0.006787529 0.2805241
Moved 686.1376 357.9598 499.9598 -0.004722724 0.2879623
Moved 686.168 358 501.3991 -0.004629641 0.2916643
Moved 686.199 359 503.2728 -0.002314796 0.2964835
Moved 686.2298 360 504.5 0 0.2996398
Moved 686.2605 361.1479 505 0.002657076 0.3009258
Stationary 686.2913 361.1479 505 0.002657076 0.3009258
Moved 686.322 362.1495 505 0.004975795 0.3009258
Moved 686.3527 363.4156 505 0.007906556 0.3009258
Moved 686.3834 368.5698 505 0.01983752 0.3009258
Moved 686.4141 379.6624 505 0.0455149 0.3009258
Moved 686.4448 391.6583 500.3417 0.07328302 0.2889447
Moved 686.4756 411.7664 495.4619 0.1198297 0.2763938
Moved 686.5063 429.0644 492.5871 0.1598713 0.2689996
Moved 686.537 445.6587 492 0.198284 0.2674896
Moved 686.5677 463.6059 490.1743 0.2398285 0.2627938
Moved 686.5984 480.4918 490 0.2789162 0.2623456
Moved 686.6292 495.8627 490 0.3144969 0.2623456
Moved 686.6599 509.3678 490 0.3457588 0.2623456
Moved 686.6906 522.827 490 0.3769144 0.2623456
Moved 686.7214 534.5197 490 0.4039807 0.2623456
Moved 686.7521 536.8725 497.8725 0.4094271 0.2825938
Moved 686.7828 537 499.2651 0.4097222 0.2861757
Moved 686.8135 537 502.2869 0.4097222 0.2939477
Moved 686.8442 519.8997 510.0446 0.3701383 0.3139005
Moved 686.8749 497.4082 518.6367 0.3180745 0.3359997
Moved 686.9056 466.4156 526.8336 0.2463324 0.3570822
Moved 686.9364 445.9636 531.2909 0.1989898 0.3685464
Moved 686.9671 431.3448 533 0.1651499 0.3729423
Moved 686.9979 419.359 534 0.137405 0.3755144
Moved 687.0286 407.9325 534 0.1109549 0.3755144
Moved 687.0593 400.1882 534 0.09302834 0.3755144
Moved 687.09 394.4514 534 0.07974873 0.3755144
Moved 687.1208 387.4895 534 0.06363323 0.3755144
Moved 687.1514 382.7533 534 0.05266964 0.3755144
Moved 687.1822 381.4379 534 0.04962474 0.3755144
Moved 687.2129 378.942 534 0.04384736 0.3755144
Moved 687.2437 377.5 534 0.04050931 0.3755144
Ended 687.2743 377 534 0.03935188 0.3755144
Candidates 687.3358 13 you put your got pit pi pitt out it joy our ppt hot
Began 688.196 342 390 -0.04166668 0.005143954
Stationary 688.2267 342 390 -0.04166668 0.005143954
Moved 688.2574 369.3742 390 0.02169957 0.005143954
Moved 688.2882 412.2571 390 0.1209656 0.005143954
Moved 688.3189 476.2764 402.1595 0.2691584 0.03641851
Moved 688.3497 537.605 404 0.4111226 0.04115226
Moved 688.3804 552.3091 404 0.4451599 0.04115226
Moved 688.4111 574.6606 404 0.4968997 0.04115226
Moved 688.4418 588.1788 394.4553 0.5281917 0.01660319
Moved 688.4725 596.8413 391.5793 0.5482437 0.009206136
Moved 688.5032 603.5758 390.7121 0.5638329 0.006975479
Ended 688.5339 605.4924 391 0.5682695 0.007715971
Accept 688.5954 0 you
PhraseEnd 688.5954
