important news always seems to be late
important news always seems to be late
Basic
List

0.6 0.6
432 388.8
Began 2665.092 359 529 -0.002314796 0.3626543
Stationary 2665.123 359 529 -0.002314796 0.3626543
Stationary 2665.154 359 529 -0.002314796 0.3626543
Moved 2665.185 359 515.8765 -0.002314796 0.3289005
Moved 2665.215 359 503.1071 -0.002314796 0.2960573
Moved 2665.246 359 482.2665 -0.002314796 0.2424548
Moved 2665.277 359 456.5 -0.002314796 0.1761831
Moved 2665.307 368.271 425.0189 0.01914581 0.09521319
Moved 2665.338 370.6676 395.989 0.02469341 0.02054776
Moved 2665.369 374.715 359.3524 0.03406246 -0.07368213
Moved 2665.4 379.2384 329.5696 0.04453331 -0.1502841
Moved 2665.43 384.362 302.8712 0.05639344 -0.2189527
Moved 2665.461 387.3508 274.4923 0.06331195 -0.2919437
Moved 2665.492 391.2427 246.908 0.072321 -0.3628911
Moved 2665.523 394.8691 228.7853 0.08071552 -0.409503
Moved 2665.553 398.4345 212.4794 0.08896867 -0.451442
Moved 2665.584 403.0652 194.6743 0.09968787 -0.4972369
Moved 2665.615 405.8238 185.3524 0.1060736 -0.5212129
Moved 2665.646 407 178.8326 0.1087963 -0.5379819
Moved 2665.676 408 176.0103 0.1111111 -0.5452412
Moved 2665.707 409 173.2493 0.113426 -0.5523424
Moved 2665.738 410.5 173 0.1168981 -0.5529835
Moved 2665.769 411.3557 173 0.118879 -0.5529835
Moved 2665.799 416.1336 185.2672 0.129939 -0.5214322
Moved 2665.83 421.9518 195.4276 0.1434068 -0.4952993
Moved 2665.861 433.2001 221.8804 0.1694448 -0.4272625
Moved 2665.892 445.6946 258.8229 0.1983672 -0.3322458
Moved 2665.922 455.1887 296.1511 0.2203443 -0.236237
Moved 2665.953 464.4944 329.9777 0.2418852 -0.1492345
Moved 2665.984 471.7798 355.1927 0.2587496 -0.08438078
Moved 2666.014 477.6227 375.1796 0.2722749 -0.03297429
Moved 2666.045 484.3091 396.9273 0.2877525 0.0229611
Moved 2666.076 490.7596 412.5192 0.3026842 0.06306358
Moved 2666.107 497.3677 428.1031 0.3179809 0.1031459
Moved 2666.137 504.5009 441.7513 0.3344928 0.1382492
Moved 2666.168 510.7766 456.5532 0.3490199 0.1763198
Moved 2666.199 518.9481 470.2469 0.3679355 0.2115403
Moved 2666.229 528.6475 485.0593 0.3903877 0.2496381
Moved 2666.26 538.2906 500.1132 0.4127097 0.288357
Moved 2666.291 548.3311 512.3311 0.4359517 0.3197816
Moved 2666.322 557.0555 522.0555 0.456147 0.3447928
Moved 2666.353 561.692 528.692 0.4668797 0.3618621
Moved 2666.383 566.5544 535.1089 0.4781353 0.3783664
Moved 2666.414 569.3166 539.3166 0.4845291 0.3891886
Moved 2666.445 570 542.0775 0.4861112 0.3962896
Moved 2666.476 571 544.3776 0.4884259 0.4022056
Moved 2666.506 571 546.2703 0.4884259 0.4070736
Moved 2666.537 571 547 0.4884259 0.4089505
Moved 2666.568 571 548.3601 0.4884259 0.4124488
Moved 2666.598 571 549.2626 0.4884259 0.4147701
Moved 2666.629 557.8795 549 0.4580544 0.4140946
Moved 2666.66 536.8802 549 0.4094451 0.4140946
Moved 2666.691 511 535.5 0.349537 0.3793723
Moved 2666.721 478.988 530.9973 0.2754351 0.3677911
Moved 2666.752 445.9535 520.9088 0.1989664 0.3418434
Moved 2666.783 417.6912 511.8765 0.1335444 0.3186122
Moved 2666.813 393.4295 503.1718 0.07738322 0.2962237
Moved 2666.844 370.0813 493.892 0.02333631 0.2723559
Moved 2666.875 351.1538 485.5769 -0.02047737 0.2509693
Moved 2666.906 334.6135 479.5378 -0.05876497 0.2354368
Moved 2666.937 322.6327 475.6531 -0.08649845 0.2254451
Moved 2666.967 310.2721 470.136 -0.115111 0.2112552
Moved 2666.998 300.2086 466.8021 -0.1384061 0.2026803
Moved 2667.029 290.1145 464.0381 -0.161772 0.1955713
Moved 2667.06 279.1749 461.6349 -0.1870952 0.1893902
Moved 2667.09 266.3452 456.738 -0.2167936 0.1767953
Moved 2667.121 251.5325 451.3195 -0.2510821 0.1628587
Moved 2667.152 236 447.5 -0.287037 0.1530349
Moved 2667.182 222.3535 441.7414 -0.3186261 0.1382237
Moved 2667.213 210.4259 438.1065 -0.3462363 0.1288747
Moved 2667.244 202.6888 436 -0.3641464 0.1234567
Moved 2667.275 200 436 -0.3703704 0.1234567
Moved 2667.305 199 436 -0.3726852 0.1234567
Stationary 2667.336 199 436 -0.3726852 0.1234567
Moved 2667.367 199 443.6495 -0.3726852 0.1431314
Moved 2667.398 205.2675 446.7834 -0.358177 0.1511919
Moved 2667.428 211.6556 451.1038 -0.3433897 0.1623038
Moved 2667.459 217.6298 455.3149 -0.3295607 0.1731349
Moved 2667.49 223.1499 460.1499 -0.3167827 0.1855707
Moved 2667.521 228 462.5 -0.3055556 0.1916151
Moved 2667.551 231.2885 465.2885 -0.2979433 0.1987872
Moved 2667.582 236.0452 468.0452 -0.2869324 0.2058775
Moved 2667.613 239.5 470.5 -0.2789352 0.2121912
Moved 2667.644 243.2238 473.2238 -0.2703152 0.2191969
Moved 2667.674 247.9812 474.9906 -0.2593028 0.2237412
Moved 2667.705 252.5071 477.7535 -0.2488261 0.2308474
Moved 2667.736 256.3504 479 -0.2399297 0.2340534
Moved 2667.766 259.987 481 -0.2315117 0.2391974
Moved 2667.797 264.5023 483 -0.2210594 0.2443414
Moved 2667.828 269 485.5 -0.2106481 0.2507715
Moved 2667.859 271.9569 486 -0.2038035 0.2520575
Moved 2667.889 275.7225 487.7225 -0.1950868 0.2564878
Moved 2667.92 279.9736 489 -0.1852463 0.2597736
Moved 2667.951 282.2517 491.2517 -0.1799729 0.265565
Moved 2667.982 285.6627 492.6627 -0.1720771 0.2691942
Moved 2668.012 288.4221 494 -0.1656895 0.2726337
Moved 2668.043 293.3568 497.1784 -0.1542666 0.2808087
Moved 2668.074 299.1742 500.7247 -0.1408005 0.2899297
Moved 2668.104 307.1605 504.3868 -0.1223138 0.2993487
Moved 2668.135 319.6388 510.1597 -0.09342864 0.3141967
Moved 2668.166 330.7072 514.8536 -0.06780744 0.3262694
Moved 2668.197 338.7797 517.2599 -0.04912108 0.3324585
Moved 2668.228 343.1162 518 -0.03908291 0.3343621
Moved 2668.258 344.49 518 -0.03590271 0.3343621
Stationary 2668.289 344.49 518 -0.03590271 0.3343621
Moved 2668.32 326.9985 496.9985 -0.07639243 0.2803458
Moved 2668.35 291.8513 463.6044 -0.1577517 0.1944558
Moved 2668.381 260.9614 436.6013 -0.229256 0.1250032
Moved 2668.412 230.5407 410.6938 -0.2996743 0.05836871
Moved 2668.443 208.1961 391.0252 -0.351398 0.007780805
Moved 2668.473 191.609 377.6089 -0.389794 -0.02672596
Moved 2668.504 180.9667 368.9667 -0.414429 -0.0489541
Moved 2668.535 177.189 365.189 -0.4231737 -0.05867036
Moved 2668.566 176 362.5069 -0.4259259 -0.06556876
Moved 2668.596 175 360.764 -0.4282407 -0.07005157
Moved 2668.627 175 359.0222 -0.4282407 -0.07453133
Moved 2668.658 175 357.815 -0.4282407 -0.07763631
Moved 2668.688 191.6886 353.6557 -0.3896097 -0.0883341
Moved 2668.719 205.6098 350.1561 -0.3573847 -0.09733529
Moved 2668.75 221.6708 347.3328 -0.3202066 -0.1045969
Moved 2668.781 238.7458 343.8342 -0.280681 -0.1135952
Moved 2668.812 259.9286 339.1531 -0.2316468 -0.1256352
Moved 2668.842 279.2361 333.1845 -0.1869535 -0.1409863
Moved 2668.873 299.5822 324.8933 -0.1398559 -0.1623115
Moved 2668.904 326.6226 310.9183 -0.07726247 -0.1982555
Moved 2668.934 351.2847 292.9395 -0.02017429 -0.2444972
Moved 2668.965 371.5856 279.1531 0.02681851 -0.2799559
Moved 2668.996 387.0722 266.7731 0.06266724 -0.3117975
Moved 2669.027 407.8464 250.7031 0.1107556 -0.3531298
Moved 2669.057 423.5574 240.0656 0.1471235 -0.38049
Moved 2669.088 436.2825 229.7882 0.1765797 -0.4069234
Moved 2669.119 444.0926 224.2716 0.1946587 -0.4211121
Moved 2669.15 452.7354 221.7549 0.2146653 -0.4275852
Moved 2669.18 463.9906 220 0.240719 -0.4320988
Moved 2669.211 471.2775 220 0.2575868 -0.4320988
Moved 2669.242 477.5938 231.9794 0.2722079 -0.4012877
Moved 2669.272 477 252.5591 0.2708333 -0.3483562
Moved 2669.303 461.3804 283.5153 0.2346769 -0.2687364
Moved 2669.334 441.1725 310.7843 0.1878994 -0.1986001
Moved 2669.365 420.8426 337.9467 0.1408394 -0.1287379
Moved 2669.396 394.9904 365.0096 0.08099616 -0.05913165
Moved 2669.426 375.9282 387.5106 0.03687083 -0.001258772
Moved 2669.457 361.4247 405.4055 0.003297826 0.04476708
Moved 2669.488 348.7203 427.9034 -0.02611031 0.102632
Moved 2669.519 339.7503 445.4995 -0.04687439 0.1478895
Moved 2669.549 331 468.5 -0.06712963 0.2070472
Moved 2669.58 328.1178 476.137 -0.07380138 0.2266896
Moved 2669.611 323.2196 487.5609 -0.08513987 0.256072
Moved 2669.641 319.856 497.288 -0.09292597 0.2810905
Moved 2669.672 317 505.822 -0.09953702 0.3030401
Moved 2669.703 314.6746 510.3254 -0.10492 0.3146229
Moved 2669.734 311.9241 514.0759 -0.1112869 0.3242693
Moved 2669.764 311 516.8389 -0.113426 0.3313757
Moved 2669.795 309.5 519.5 -0.1168982 0.3382201
Moved 2669.826 310 522.0901 -0.1157407 0.3448818
Ended 2669.857 310 523 -0.1157407 0.3472221
Candidates 2669.979 13 important client importance ignorance immigrant unpleasant impact enjoyable current employment honorable incident internet
Began 2670.902 402 212 0.09722222 -0.4526749
Stationary 2670.932 402 212 0.09722222 -0.4526749
Stationary 2670.963 402 212 0.09722222 -0.4526749
Moved 2670.994 391.7032 222.2968 0.07338702 -0.4261915
Moved 2671.025 381 234.5 0.04861106 -0.3948045
Moved 2671.055 365.6083 259.2267 0.01298219 -0.331207
Moved 2671.086 352.8347 280.2892 -0.01658623 -0.277034
Moved 2671.117 343.6075 296.9875 -0.03794566 -0.2340856
Moved 2671.147 335.3707 311.0489 -0.05701233 -0.1979196
Moved 2671.178 325.9247 329.1883 -0.07887805 -0.1512648
Moved 2671.209 321.211 339.3671 -0.08978944 -0.1250848
Moved 2671.24 317.4589 347.6232 -0.09847471 -0.1038499
Moved 2671.271 314.0215 356.9139 -0.1064317 -0.07995385
Moved 2671.301 310.5201 366.9599 -0.1145369 -0.05411556
Moved 2671.332 307.5204 379.3981 -0.1214807 -0.0221243
Moved 2671.363 304.7666 395.4006 -0.1278551 0.01903448
Moved 2671.394 302.3614 411.4702 -0.1334227 0.0603657
Moved 2671.424 299.617 430.6808 -0.1397754 0.1097756
Moved 2671.455 295.7346 448.9291 -0.1487626 0.1567105
Moved 2671.486 289.9582 463.0836 -0.1621337 0.1931161
Moved 2671.516 279.9294 479.7844 -0.1853487 0.236071
Moved 2671.547 271.653 490.4628 -0.2045071 0.2635358
Moved 2671.578 265.2793 497.7207 -0.2192609 0.2822034
Moved 2671.609 259.3771 503.6229 -0.2329234 0.297384
Moved 2671.639 253.9236 510.0764 -0.2455472 0.3139825
Moved 2671.67 250.1947 514.6107 -0.254179 0.3256446
Moved 2671.701 248 517.5696 -0.2592593 0.3332552
Moved 2671.731 245.9601 520 -0.2639813 0.3395061
Moved 2671.762 244 522.7957 -0.2685185 0.3466965
Moved 2671.793 241.4483 525 -0.2744252 0.3523662
Moved 2671.824 239.6877 526 -0.2785008 0.3549381
Moved 2671.854 237.2501 527 -0.2841432 0.3575102
Moved 2671.885 233.5 528 -0.2928241 0.3600822
Moved 2671.916 231.7333 529.2667 -0.2969136 0.3633401
Moved 2671.947 229.2373 529 -0.3026914 0.3626543
Moved 2671.978 227.937 529 -0.3057014 0.3626543
Moved 2672.008 226 529 -0.3101852 0.3626543
Moved 2672.039 225 517.1609 -0.3125 0.3322038
Moved 2672.07 225 511.0475 -0.3125 0.3164802
Moved 2672.1 225 503.6522 -0.3125 0.2974592
Moved 2672.131 225 497.1426 -0.3125 0.2807166
Moved 2672.162 225 492.6334 -0.3125 0.2691188
Moved 2672.193 225 489.8976 -0.3125 0.2620824
Moved 2672.223 225 487.1334 -0.3125 0.2549726
Moved 2672.254 225 484.3759 -0.3125 0.2478802
Moved 2672.285 225 481.6102 -0.3125 0.240767
Moved 2672.316 225 480.145 -0.3125 0.2369985
Moved 2672.346 225 477.3794 -0.3125 0.2298852
Moved 2672.377 225 474.6104 -0.3125 0.2227632
Moved 2672.408 225 471.1422 -0.3125 0.213843
Moved 2672.438 225 466.3636 -0.3125 0.2015525
Moved 2672.469 223.6965 459.3931 -0.3155173 0.1836241
Moved 2672.5 224 448.7453 -0.3148148 0.1562379
Moved 2672.531 224 440.9426 -0.3148148 0.1361692
Moved 2672.562 224 425.6904 -0.3148148 0.09694032
Moved 2672.592 224 413.1985 -0.3148148 0.064811
Moved 2672.623 224 403.1068 -0.3148148 0.03885481
Moved 2672.654 224 397.6461 -0.3148148 0.02480986
Moved 2672.684 230.5675 393.0618 -0.2996123 0.01301887
Ended 2672.715 232.3349 390.3303 -0.2955211 0.005993431
Accept 2672.838 0 important
Candidates 2672.838 13 news bed beds bees be need needs brass bread beef bra breed new
Began 2674.068 174 349 -0.4305556 -0.1003086
Stationary 2674.098 174 349 -0.4305556 -0.1003086
Stationary 2674.129 174 349 -0.4305556 -0.1003086
Moved 2674.16 196.5086 349 -0.3784523 -0.1003086
Moved 2674.19 238.8051 357.3171 -0.2805437 -0.07891697
Moved 2674.221 283.201 360.4001 -0.1777753 -0.07098743
Moved 2674.252 322.0638 360 -0.08781523 -0.07201654
Moved 2674.283 361.063 360 0.002460679 -0.07201654
Moved 2674.313 395.9636 360 0.08324902 -0.07201654
Moved 2674.344 433.2198 360 0.1694903 -0.07201654
Moved 2674.375 469.1398 360.9283 0.2526385 -0.06962882
Moved 2674.406 500 363.5 0.324074 -0.06301456
Moved 2674.436 530.9402 367.1045 0.3956949 -0.05374366
Moved 2674.467 553.0142 367 0.4467921 -0.05401234
Moved 2674.498 570.6223 367 0.4875517 -0.05401234
Moved 2674.529 582.0355 368 0.5139711 -0.05144041
Moved 2674.559 589.5551 369.7775 0.5313774 -0.04686858
Moved 2674.59 594.5479 371.5479 0.542935 -0.04231504
Moved 2674.621 597.301 374.301 0.5493078 -0.03523422
Moved 2674.652 597 386.456 0.548611 -0.003971249
Moved 2674.682 570.5 406.5 0.4872685 0.04758226
Moved 2674.713 520.9877 427.7543 0.3726568 0.1022486
Moved 2674.744 477.7001 441.0882 0.2724538 0.1365436
Moved 2674.774 442.2518 451.2494 0.1903977 0.1626784
Moved 2674.805 403.4032 459.6492 0.1004705 0.1842827
Moved 2674.836 376.3354 464.9255 0.03781339 0.1978535
Moved 2674.867 356.5 470 -0.008101861 0.2109053
Moved 2674.897 335.5954 474.2007 -0.05649214 0.2217095
Moved 2674.928 318.1863 478.9628 -0.09679094 0.2339577
Moved 2674.959 301.8814 484.4625 -0.1345337 0.248103
Moved 2674.99 287.2301 490.3849 -0.1684488 0.2633357
Moved 2675.021 273.3102 496.8759 -0.2006709 0.2800306
Moved 2675.051 262.2817 502.3591 -0.2261997 0.2941335
Moved 2675.082 251.2094 507.8953 -0.2518301 0.3083726
Moved 2675.113 242.4295 511.7137 -0.272154 0.3181936
Moved 2675.144 235.1634 514 -0.2889736 0.324074
Moved 2675.174 227.8584 516.3806 -0.3058833 0.3301968
Moved 2675.205 223.8498 516 -0.3151624 0.329218
Moved 2675.236 219.4024 516 -0.3254574 0.329218
Moved 2675.266 216.634 516 -0.3318658 0.329218
Moved 2675.297 213.8751 516 -0.3382522 0.329218
Moved 2675.328 212.3357 516 -0.3418155 0.329218
Moved 2675.359 209.6804 516 -0.3479619 0.329218
Moved 2675.389 205.9192 508.4343 -0.3566686 0.3097588
Moved 2675.42 202.1506 502.3011 -0.3653922 0.2939844
Moved 2675.451 197.5119 494.2678 -0.37613 0.2733224
Moved 2675.481 187.7349 476.3813 -0.3987619 0.2273182
Moved 2675.512 175.6174 454.2349 -0.4268115 0.1703571
Moved 2675.543 162.6025 427.205 -0.4569388 0.1008357
Moved 2675.574 152.9103 404.7758 -0.4793743 0.04314748
Moved 2675.604 144.6537 383.7433 -0.4984868 -0.01094842
Moved 2675.635 140 366.5 -0.5092592 -0.05529835
Moved 2675.666 136.7819 352.1275 -0.5167086 -0.09226473
Moved 2675.697 136.3351 348.6702 -0.5177428 -0.1011569
Moved 2675.728 136 342.1815 -0.5185185 -0.117846
Moved 2675.758 135 338.8535 -0.5208333 -0.1264056
Moved 2675.789 135 336.3204 -0.5208333 -0.1329208
Stationary 2675.82 135 336 -0.5208333 -0.1337449
Moved 2675.85 142.6675 336 -0.5030844 -0.1337449
Moved 2675.881 154.0639 343.5958 -0.4767039 -0.1142083
Moved 2675.912 171.5838 358.1879 -0.4361487 -0.07667737
Moved 2675.943 203.1479 383.115 -0.3630837 -0.01256433
Moved 2675.973 235.8587 409.5318 -0.2873642 0.05538006
Moved 2676.004 271.0483 433.8796 -0.2059066 0.1180031
Moved 2676.035 303.055 455.0309 -0.1318172 0.1724046
Moved 2676.065 328.9307 471.6205 -0.07191961 0.2150732
Moved 2676.096 357.8214 487.1753 -0.005043149 0.2550804
Moved 2676.127 383.6296 500.4609 0.05469819 0.2892512
Moved 2676.158 402.8317 509.9159 0.09914757 0.3135696
Moved 2676.188 423.7544 518.4079 0.1475797 0.3354112
Moved 2676.219 440.4558 525.4853 0.1862403 0.3536144
Moved 2676.25 449.2394 529.7465 0.2065727 0.3645742
Moved 2676.281 455.8399 532 0.2218517 0.3703703
Moved 2676.312 460.3468 534 0.2322844 0.3755144
Moved 2676.342 461.9278 535.9279 0.235944 0.3804728
Moved 2676.373 463.3076 536 0.239138 0.3806583
Stationary 2676.404 463.3076 536 0.239138 0.3806583
Stationary 2676.434 463 536 0.2384259 0.3806583
Moved 2676.465 450.6081 536 0.209741 0.3806583
Moved 2676.496 428.7916 518.1944 0.1592399 0.334862
Moved 2676.527 391.7874 496.0999 0.07358194 0.2780347
Moved 2676.557 354.8572 470.7363 -0.01190459 0.2127991
Moved 2676.588 320.0733 445.5892 -0.09242296 0.1481203
Moved 2676.619 288.336 422.8907 -0.1658888 0.08973937
Moved 2676.649 263.1901 404.7913 -0.224097 0.04318755
Moved 2676.68 242.4622 388.8248 -0.2720783 0.002121278
Moved 2676.711 226.0557 377.6033 -0.3100563 -0.02674063
Moved 2676.742 211.7602 368.3201 -0.3431477 -0.05061702
Moved 2676.772 199.7922 361.3961 -0.3708514 -0.06842586
Moved 2676.803 190.8078 354.8718 -0.3916487 -0.0852062
Moved 2676.834 183.953 349.302 -0.4075161 -0.09953196
Moved 2676.865 177.564 344.564 -0.4223056 -0.1117182
Moved 2676.896 174.0326 343 -0.43048 -0.1157408
Moved 2676.926 171.2854 341.2854 -0.4368393 -0.1201507
Moved 2676.957 169.9345 341 -0.4399665 -0.1208849
Moved 2676.988 170 340 -0.4398148 -0.1234569
Ended 2677.018 170 340 -0.4398148 -0.1234569
Accept 2677.141 0 news
Candidates 2677.141 13 always colleagues salaries alaska cleared emphasis costs holidays apparatus flashes visits speakers clusters
Began 2678.094 329 324 -0.07175927 -0.164609
Stationary 2678.125 329 324 -0.07175927 -0.164609
Stationary 2678.156 329 324 -0.07175927 -0.164609
Stationary 2678.187 329 324 -0.07175927 -0.164609
Moved 2678.217 329 329.2553 -0.07175927 -0.1510924
Moved 2678.248 318.1673 350.2206 -0.09683505 -0.0971692
Moved 2678.279 309.938 372.217 -0.1158842 -0.04059419
Moved 2678.309 300.6722 397.7594 -0.1373329 0.02510126
Moved 2678.34 292.9975 422.2582 -0.1550984 0.08811264
Moved 2678.371 284.984 443.056 -0.1736482 0.1416049
Moved 2678.402 281.2282 461.4022 -0.182342 0.1887916
Moved 2678.432 280 479 -0.1851852 0.2340534
Moved 2678.463 279 491.8652 -0.1875 0.2671428
Moved 2678.494 278.2651 500.4698 -0.1892013 0.2892742
Moved 2678.525 277.5083 505.9833 -0.1909529 0.3034551
Moved 2678.555 277 509.9282 -0.1921296 0.3136012
Moved 2678.586 276 513.6632 -0.1944444 0.3232078
Moved 2678.617 276 515.4277 -0.1944444 0.3277462
Moved 2678.647 276 517.5 -0.1944444 0.3330761
Moved 2678.678 276 518 -0.1944444 0.3343621
Stationary 2678.709 276 518 -0.1944444 0.3343621
Moved 2678.74 313 497 -0.1087963 0.2803498
Moved 2678.771 344.6418 464.388 -0.03555129 0.1964712
Moved 2678.801 365.1601 442.496 0.01194457 0.1401644
Moved 2678.832 394.0379 401.5008 0.07879148 0.03472418
Moved 2678.863 419.1854 360.3965 0.1370033 -0.07099669
Moved 2678.893 437.5 329 0.1793981 -0.151749
Moved 2678.924 449.416 302.1679 0.2069816 -0.2207616
Moved 2678.955 456.701 285.897 0.2238448 -0.2626106
Moved 2678.986 466.3822 268.4267 0.2462552 -0.3075445
Moved 2679.016 472.0458 257.9084 0.2593654 -0.3345978
Moved 2679.047 480.3663 246.845 0.2786256 -0.3630531
Moved 2679.078 488.0963 236.3555 0.2965192 -0.3900322
Moved 2679.109 494.6124 227.0814 0.3116026 -0.4138853
Moved 2679.139 501.1449 217.1401 0.3267242 -0.4394544
Moved 2679.17 506.476 207.5721 0.3390647 -0.4640635
Moved 2679.201 509.2155 203.569 0.3454064 -0.4743597
Moved 2679.231 510 202.0363 0.3472221 -0.4783019
Moved 2679.262 510 200.9871 0.3472221 -0.4810004
Stationary 2679.293 510 201 0.3472221 -0.4809672
Moved 2679.324 469.0555 236.0149 0.2524433 -0.3909083
Moved 2679.354 430.5 274.5 0.1631944 -0.2919239
Moved 2679.385 390.1205 313.3945 0.06972343 -0.1918865
Moved 2679.416 371.236 331.764 0.02600918 -0.1446399
Moved 2679.447 351.9735 352.0265 -0.01857986 -0.09252454
Moved 2679.478 332.6109 371.3891 -0.06340077 -0.04272359
Moved 2679.508 326.8413 377.1587 -0.07675623 -0.0278841
Moved 2679.539 312.0045 392.5946 -0.1111007 0.01181736
Moved 2679.57 299.5699 405.7877 -0.1398845 0.04575011
Moved 2679.6 288.014 416.986 -0.1666342 0.0745524
Moved 2679.631 276.7492 428.2508 -0.1927102 0.1035257
Moved 2679.662 267.0609 438.2522 -0.2151368 0.1292494
Moved 2679.693 255.8885 448.1115 -0.2409988 0.1546077
Moved 2679.723 247.5025 454.4975 -0.260411 0.1710326
Moved 2679.754 244.5806 456.2097 -0.2671745 0.1754362
Moved 2679.785 239.0289 459.9711 -0.2800256 0.1851107
Moved 2679.815 235.5 461 -0.2881945 0.1877571
Moved 2679.846 232.8326 463 -0.2943689 0.1929011
Moved 2679.877 232 464.9276 -0.2962963 0.1978589
Ended 2679.908 232 466 -0.2962963 0.2006171
Accept 2680.062 0 always
Candidates 2680.062 13 seems terms arms member gene assume seemed members farmer asthma send center summer
Began 2680.83 283 475 -0.1782407 0.2237653
Stationary 2680.861 283 475 -0.1782407 0.2237653
Stationary 2680.891 283 475 -0.1782407 0.2237653
Stationary 2680.922 283 475 -0.1782407 0.2237653
Moved 2680.953 297.5413 479.4473 -0.1445804 0.2352037
Moved 2680.984 318.3186 489.2444 -0.09648471 0.2604023
Moved 2681.014 344.6587 496.4976 -0.0355123 0.2790576
Moved 2681.045 369.9566 503.3913 0.02304772 0.2967883
Moved 2681.076 397.2144 509.7143 0.08614431 0.3130511
Moved 2681.106 419.815 514.1164 0.1384606 0.3243734
Moved 2681.137 441.1093 518.8727 0.1877531 0.3366068
Moved 2681.168 453.0266 520 0.2153393 0.3395061
Moved 2681.199 467.1887 522 0.2481219 0.3446501
Moved 2681.229 473.6259 523 0.2630228 0.3472221
Moved 2681.26 479.1528 523.5764 0.2758167 0.3487048
Moved 2681.291 483.0529 524 0.2848445 0.3497942
Moved 2681.322 487.7934 524 0.2958182 0.3497942
Ended 2681.353 493 524 0.3078704 0.3497942
Accept 2681.445 0 seems
Candidates 2681.445 13 to too rio ri trip trio group stop drop ep rep so wto
Began 2682.367 343 215 -0.03935183 -0.4449589
Stationary 2682.397 343 215 -0.03935183 -0.4449589
Stationary 2682.428 343 215 -0.03935183 -0.4449589
Moved 2682.459 343 234.5 -0.03935183 -0.3948045
Moved 2682.49 330.7062 262.5876 -0.06780972 -0.3225628
Moved 2682.521 318.4285 290.347 -0.09623031 -0.2511651
Moved 2682.551 306.1831 315.6337 -0.1245761 -0.1861273
Moved 2682.582 293.9639 341.0723 -0.1528614 -0.1206989
Moved 2682.613 280.1048 368.7904 -0.1849426 -0.04940747
Moved 2682.643 269.8215 392.4462 -0.2087464 0.01143557
Moved 2682.674 260.0772 415.4608 -0.2313027 0.07062943
Moved 2682.705 253.7776 433.1856 -0.2458851 0.1162181
Moved 2682.736 246.0224 452.9329 -0.2638371 0.1670083
Moved 2682.766 241.7455 468.2723 -0.2737372 0.2064616
Moved 2682.797 235.9942 490.041 -0.2870506 0.262451
Moved 2682.828 233.2276 504.0895 -0.2934546 0.298584
Moved 2682.859 230.5 517.5 -0.2997685 0.3330761
Moved 2682.889 228.1841 522.6317 -0.3051293 0.3462749
Moved 2682.92 224 534 -0.3148148 0.3755144
Moved 2682.951 219.902 545.392 -0.3243009 0.4048148
Moved 2682.981 215.2691 555.4618 -0.3350252 0.4307144
Moved 2683.012 212.3789 561.2421 -0.3417154 0.4455816
Moved 2683.043 210.97 564.03 -0.3449768 0.4527519
Moved 2683.074 210 566.8027 -0.3472222 0.4598833
Ended 2683.104 209 568 -0.349537 0.4629629
Accept 2683.197 0 to
Candidates 2683.197 13 vw be ve base new ccr bare bar care crew beer case better
Began 2684.119 404 392 0.1018518 0.01028803
Stationary 2684.15 404 392 0.1018518 0.01028803
Moved 2684.18 414.6201 414.5504 0.1264355 0.06828791
Moved 2684.211 421.3296 428.4357 0.1419666 0.1040013
Moved 2684.242 428.0671 444.2013 0.1575627 0.1445505
Moved 2684.272 436.3711 468.4278 0.176785 0.2068616
Moved 2684.303 439.094 479.4699 0.1830879 0.235262
Moved 2684.334 439 492.4434 0.1828703 0.2686301
Moved 2684.365 439 496.8229 0.1828703 0.2798942
Moved 2684.396 439 509.0959 0.1828703 0.3114607
Moved 2684.426 439 519.3447 0.1828703 0.3378206
Moved 2684.457 427.5641 529.6538 0.1563984 0.3643358
Moved 2684.488 416.1098 541.8902 0.1298837 0.395808
Moved 2684.518 401.3663 554.9069 0.09575535 0.4292873
Moved 2684.549 390.4658 562.4006 0.07052263 0.4485612
Moved 2684.58 373.2858 572.8286 0.03075411 0.475382
Moved 2684.611 358.7603 580.1198 -0.002869666 0.4941352
Moved 2684.641 343.1865 585.9379 -0.03892024 0.5090994
Moved 2684.672 330.5354 589.8929 -0.068205 0.5192717
Moved 2684.703 317.7313 593.6537 -0.09784425 0.5289447
Moved 2684.734 305.3132 595 -0.1265897 0.5324073
Moved 2684.764 292.248 598.188 -0.1568334 0.5406069
Moved 2684.795 277.8755 601.0311 -0.190103 0.5479194
Moved 2684.826 269.6033 602 -0.2092516 0.5504114
Moved 2684.856 265.4759 603.1747 -0.2188059 0.5534327
Moved 2684.887 260.5739 603.713 -0.2301529 0.5548173
Moved 2684.918 256.2318 604 -0.2402041 0.5555555
Moved 2684.949 254.8491 605 -0.2434049 0.5581275
Moved 2684.979 252.0867 605 -0.2497992 0.5581275
Moved 2685.01 250.8656 606.1344 -0.2526259 0.5610452
Moved 2685.041 249.9718 607.0282 -0.254695 0.563344
Moved 2685.072 250 608 -0.2546296 0.5658435
Expand 2685.072
Ended 2685.103 250 608 -0.2546296 0.5658435
Accept 2685.195 1 be
Began 2685.902 562 339 0.4675925 -0.1260288
Stationary 2685.932 562 339 0.4675925 -0.1260288
Stationary 2685.963 562 339 0.4675925 -0.1260288
Moved 2685.994 536.8011 339 0.4092618 -0.1260288
Moved 2686.024 470.8169 346 0.2565205 -0.1080248
Moved 2686.055 447.0777 341.2466 0.2015688 -0.1202505
Moved 2686.086 403.8834 335 0.1015818 -0.1363169
Moved 2686.117 364.4785 335 0.01036684 -0.1363169
Moved 2686.147 321.8846 343.8287 -0.08822998 -0.1136094
Moved 2686.178 311.6234 345.1967 -0.1119829 -0.110091
Moved 2686.209 288.3419 348.9573 -0.1658751 -0.1004185
Moved 2686.24 266 350.5 -0.2175926 -0.09645069
Moved 2686.271 243.65 352 -0.2693288 -0.09259266
Moved 2686.301 224.6197 354.9114 -0.3133803 -0.0851044
Moved 2686.332 205.2761 356.6749 -0.3581571 -0.08056876
Moved 2686.363 192.6179 359.0764 -0.3874586 -0.07439193
Moved 2686.393 178.6875 360.8625 -0.4197049 -0.0697982
Moved 2686.424 168.503 362.6243 -0.4432802 -0.0652668
Moved 2686.455 159.8267 364.3911 -0.4633642 -0.0607226
Moved 2686.486 156.2091 364.7909 -0.4717382 -0.05969435
Moved 2686.516 154 366.5461 -0.4768519 -0.05517975
Moved 2686.547 154 371.5977 -0.4768519 -0.04218702
Moved 2686.578 164.5706 384.3994 -0.4523829 -0.009260805
Moved 2686.609 190.2008 406.2468 -0.3930537 0.04693114
Moved 2686.639 228.1529 429.8392 -0.3052016 0.1076109
Moved 2686.67 265.2937 452.1713 -0.2192275 0.1650496
Moved 2686.701 296.5 469.5 -0.1469907 0.2096193
Moved 2686.731 325.8615 486.0342 -0.07902419 0.2521454
Moved 2686.762 353.6234 500.774 -0.01476074 0.2900565
Moved 2686.793 375.0537 510.8879 0.03484666 0.3160696
Moved 2686.824 391.8949 519.4474 0.07383078 0.3380849
Moved 2686.854 415.6989 528.8871 0.1289326 0.3623638
Moved 2686.885 431.3657 534.4553 0.1651984 0.3766852
Moved 2686.916 443.9429 538.4857 0.1943122 0.3870516
Moved 2686.947 453.7196 541.9299 0.2169436 0.3959102
Moved 2686.978 462.3883 544 0.2370099 0.4012345
Moved 2687.008 464.4502 545 0.2417828 0.4038065
Moved 2687.039 465.5 545 0.244213 0.4038065
Moved 2687.07 465 545 0.2430555 0.4038065
Moved 2687.1 452.47 545 0.2140508 0.4038065
Moved 2687.131 435.9147 545 0.1757285 0.4038065
Moved 2687.162 407.6205 537.3017 0.1102327 0.3840064
Moved 2687.193 368.3836 531.2512 0.01940648 0.3684442
Moved 2687.223 335.5875 524.7432 -0.05651052 0.3517056
Moved 2687.254 309.9903 518.22 -0.1157633 0.334928
Moved 2687.285 291.3584 513.5309 -0.1588926 0.3228676
Moved 2687.315 268.4885 507.8539 -0.2118321 0.308266
Moved 2687.346 255.8248 504.3299 -0.2411464 0.2992024
Moved 2687.377 245.6156 501.4039 -0.2647787 0.2916766
Moved 2687.408 239.8789 499.9395 -0.2780581 0.28791
Moved 2687.438 234.3432 500 -0.2908722 0.2880658
Moved 2687.469 230.4115 499 -0.2999734 0.2854938
Moved 2687.5 227.661 499 -0.3063402 0.2854938
Moved 2687.531 226.6912 499 -0.3085851 0.2854938
Stationary 2687.562 227 499 -0.3078704 0.2854938
Ended 2687.592 227 499 -0.3078704 0.2854938
Candidates 2687.715 13 nature layer marie mature married institute ladies matter hair laura laid lawyer mayor
Began 2688.606 408 349 0.1111111 -0.1003086
Stationary 2688.637 408 349 0.1111111 -0.1003086
Stationary 2688.668 408 349 0.1111111 -0.1003086
Moved 2688.699 420.8517 371.3628 0.1408605 -0.04279117
Moved 2688.729 436.0551 395.3723 0.1760534 0.01896144
Moved 2688.76 449.3565 420.0522 0.2068438 0.08243867
Moved 2688.791 461.3799 442.7597 0.2346756 0.1408428
Moved 2688.822 470.4491 460.1736 0.2556691 0.1856316
Moved 2688.852 480.2434 475.8651 0.2783412 0.2259903
Moved 2688.883 489.2212 490.2949 0.2991231 0.2631041
Moved 2688.914 497.5056 500.3408 0.3182999 0.2889422
Moved 2688.945 505.5 508.5 0.3368056 0.3099279
Moved 2688.975 513.0482 515.0482 0.3542782 0.3267698
Moved 2689.006 519.5566 518.7783 0.3693439 0.3363638
Moved 2689.037 527.6365 523.0911 0.3880475 0.3474563
Moved 2689.068 534.0479 527.0319 0.4028887 0.3575923
Moved 2689.098 538.7839 529 0.4138518 0.3626543
Moved 2689.129 542 531 0.4212962 0.3677982
Moved 2689.16 543 532.3069 0.4236111 0.3711597
Stationary 2689.19 543 532 0.4236111 0.3703703
Moved 2689.221 543 533.0649 0.4236111 0.3731092
Moved 2689.252 543 536.5565 0.4236111 0.3820897
Moved 2689.283 527.8266 547.2601 0.3884875 0.4096196
Moved 2689.313 513.407 559.593 0.3551088 0.4413399
Moved 2689.344 496.7585 574.2415 0.3165706 0.4790162
Moved 2689.375 484.0854 586.9146 0.2872348 0.5116115
Moved 2689.406 476.5 594.5 0.2696759 0.5311213
Moved 2689.436 468.4541 603.5459 0.2510512 0.5543876
Moved 2689.467 462.1276 608.8724 0.2364064 0.5680873
Moved 2689.498 456.6017 613.3984 0.223615 0.5797282
Moved 2689.529 451.8135 616.0933 0.2125313 0.5866595
Moved 2689.559 446.2231 618 0.1995904 0.5915637
Moved 2689.59 441.6911 620.6544 0.1890998 0.5983909
Moved 2689.621 437.1662 622.4169 0.1786255 0.602924
Moved 2689.652 434.2106 624 0.1717838 0.6069958
Moved 2689.682 430.3404 625.6596 0.1628251 0.6112643
Moved 2689.713 427.5801 626 0.1564354 0.6121398
Moved 2689.744 424.8119 627 0.1500275 0.6147118
Moved 2689.774 423.8225 628.1774 0.1477374 0.6177402
Moved 2689.805 420.6075 629.3925 0.1402951 0.6208654
Expand 2689.805
Moved 2689.836 419.5 629 0.1377314 0.6198559
Moved 2689.867 418.7323 629 0.1359543 0.6198559
Moved 2689.897 416.8371 629 0.1315673 0.6198559
Moved 2689.928 415.9608 630 0.1295389 0.6224279
Stationary 2689.959 415.9608 630 0.1295389 0.6224279
Moved 2689.99 414.7597 630 0.1267586 0.6224279
Moved 2690.02 413.8333 630 0.124614 0.6224279
Stationary 2690.051 413.8333 630 0.124614 0.6224279
Moved 2690.082 412.9586 630 0.1225894 0.6224279
Stationary 2690.113 412.9586 630 0.1225894 0.6224279
Moved 2690.143 411.9277 630 0.120203 0.6224279
Stationary 2690.174 411.9277 630 0.120203 0.6224279
Moved 2690.205 410.8802 630 0.1177784 0.6224279
Stationary 2690.236 410.8802 630 0.1177784 0.6224279
Stationary 2690.266 410.8802 630 0.1177784 0.6224279
Stationary 2690.297 410.8802 630 0.1177784 0.6224279
Moved 2690.328 410 620.3947 0.1157407 0.5977229
Moved 2690.358 410 611.9788 0.1157407 0.576077
Moved 2690.389 409 599.3743 0.113426 0.5436581
Moved 2690.42 409 585.8025 0.113426 0.5087512
Moved 2690.451 409 574.3564 0.113426 0.4793118
Moved 2690.481 418.4013 558.9966 0.1351883 0.4398061
Moved 2690.512 423.9263 547.1474 0.1479776 0.4093297
Moved 2690.543 429.4554 537.8168 0.1607765 0.3853313
Moved 2690.574 435.5136 529.4865 0.1748 0.3639055
Moved 2690.604 441.8579 523.1421 0.1894859 0.3475876
Moved 2690.635 448.3871 519.3065 0.2045998 0.3377223
Moved 2690.666 453.9002 516.5499 0.2173617 0.3306323
Moved 2690.697 461.6332 514 0.235262 0.324074
Moved 2690.727 469.922 512 0.2544491 0.31893
Moved 2690.758 479.5628 511 0.2767657 0.3163579
Moved 2690.789 488.6128 510 0.2977148 0.3137859
Moved 2690.82 498.5808 509 0.320789 0.3112139
Moved 2690.85 508.1889 507.6037 0.3430298 0.3076226
Moved 2690.881 516.4775 508 0.3622165 0.3086419
Moved 2690.912 521.5987 507 0.374071 0.3060699
Moved 2690.943 525.7427 506 0.3836638 0.3034978
Moved 2690.973 526.5 506 0.3854167 0.3034978
Moved 2691.004 526 504.7434 0.3842592 0.3002659
Moved 2691.035 526 503.7006 0.3842592 0.2975837
Moved 2691.065 500.348 501.9276 0.3248797 0.2930235
Moved 2691.096 473.1534 499.1794 0.261929 0.2859553
Moved 2691.127 442.5 495 0.1909722 0.2752057
Moved 2691.158 417.6722 490.9271 0.1335004 0.2647302
Moved 2691.188 394.3753 485.3929 0.07957239 0.2504962
Moved 2691.219 378.6 481.8667 0.04305562 0.2414266
Moved 2691.25 366.0317 479.0063 0.01396219 0.2340698
Moved 2691.281 351.235 474.494 -0.02028937 0.2224639
Moved 2691.311 337.5 470 -0.05208333 0.2109053
Moved 2691.342 324.6722 466.7344 -0.08177722 0.2025062
Moved 2691.373 311.6785 461.5595 -0.1118554 0.1891962
Moved 2691.404 296.6843 456.0737 -0.1465642 0.1750867
Moved 2691.434 277.4343 448.329 -0.1911244 0.155167
Moved 2691.465 258.0766 442.0256 -0.2359337 0.1389545
Moved 2691.496 240.9791 436.1369 -0.2755114 0.1238088
Moved 2691.527 219.4375 428.4141 -0.3253761 0.1039456
Moved 2691.557 204.2712 424.0904 -0.3604834 0.09282497
Moved 2691.588 192 419 -0.3888888 0.07973251
Moved 2691.619 180.5245 413.7623 -0.4154525 0.06626094
Moved 2691.649 172.2712 410.1356 -0.4345575 0.05693302
Moved 2691.68 167.3772 409 -0.4458861 0.05401234
Moved 2691.711 164.9489 408 -0.4515072 0.05144025
Moved 2691.742 161.8175 408 -0.4587558 0.05144025
Moved 2691.772 161.422 408 -0.4596712 0.05144025
Ended 2691.803 161 408 -0.4606481 0.05144025
Cancel 2691.895
Began 2692.295 14 304 -0.800926 -0.2160494
Stationary 2692.326 14 304 -0.800926 -0.2160494
Stationary 2692.356 14 304 -0.800926 -0.2160494
Stationary 2692.387 14 304 -0.800926 -0.2160494
Ended 2692.418 14 304 -0.800926 -0.2160494
Accept 2692.479 0 nature
Delete 2692.479 LeftSwipe
Began 2693.217 560 398 0.462963 0.02572008
Stationary 2693.248 560 398 0.462963 0.02572008
Stationary 2693.279 560 398 0.462963 0.02572008
Moved 2693.309 547.8757 398 0.4348973 0.02572008
Moved 2693.34 534.7479 398 0.4045091 0.02572008
Moved 2693.371 510.7038 398 0.3488512 0.02572008
Moved 2693.401 489.745 398 0.3003356 0.02572008
Moved 2693.432 467.9369 398 0.249854 0.02572008
Moved 2693.463 444.3185 398 0.1951816 0.02572008
Moved 2693.494 418.9272 398 0.1364056 0.02572008
Moved 2693.524 394.5133 398 0.07989198 0.02572008
Moved 2693.555 371.5456 398 0.02672583 0.02572008
Moved 2693.586 345.6995 405 -0.03310303 0.04372424
Moved 2693.617 315.6832 407.4431 -0.1025851 0.05000778
Moved 2693.647 287.7488 409.2047 -0.167248 0.05453859
Moved 2693.678 263.4626 409 -0.2234663 0.05401234
Moved 2693.709 237.65 409 -0.2832176 0.05401234
Moved 2693.74 211.7891 409 -0.3430807 0.05401234
Moved 2693.77 191.9161 409 -0.3890832 0.05401234
Moved 2693.801 173.9955 399.6614 -0.430566 0.02999337
Moved 2693.832 158.5836 399.9167 -0.4662417 0.03065007
Moved 2693.863 148.6751 399 -0.489178 0.02829214
Moved 2693.893 142.4093 398 -0.5036822 0.02572008
Moved 2693.924 138.9832 398 -0.5116129 0.02572008
Moved 2693.955 138 398 -0.513889 0.02572008
Stationary 2693.986 138 398 -0.513889 0.02572008
Moved 2694.016 171.9188 422.6216 -0.4353731 0.08904719
Moved 2694.047 186.3542 429.5301 -0.401958 0.1068161
Moved 2694.078 211.741 441.8705 -0.3431922 0.1385557
Moved 2694.108 235.7133 451.6425 -0.2877006 0.1636896
Moved 2694.139 256.2478 459.312 -0.2401672 0.1834154
Moved 2694.17 278.3257 467.2471 -0.1890608 0.2038248
Moved 2694.201 300.4511 476.5442 -0.1378446 0.227737
Moved 2694.231 321.6653 483.1245 -0.08873776 0.2446617
Moved 2694.262 341.8805 490.0802 -0.04194329 0.2625518
Moved 2694.293 361.9947 499.373 0.004617274 0.2864531
Moved 2694.324 382.3049 507.7683 0.05163173 0.308046
Moved 2694.354 396.6113 514.8056 0.08474828 0.326146
Moved 2694.385 423.949 524.983 0.1480302 0.3523225
Moved 2694.416 431.2917 527.7639 0.1650272 0.359475
Moved 2694.447 440.9266 531.6422 0.18733 0.3694501
Moved 2694.477 445.0871 534.0871 0.1969609 0.3757383
Moved 2694.508 447.5 535.5 0.2025463 0.3793723
Moved 2694.539 447 536.5 0.2013889 0.3819444
Moved 2694.57 434.6645 537.3706 0.1728344 0.3841836
Moved 2694.6 414.0328 537 0.1250759 0.3832304
Moved 2694.631 382.0478 537 0.05103647 0.3832304
Moved 2694.662 353.0048 537 -0.01619259 0.3832304
Moved 2694.692 330.719 529.191 -0.06778012 0.3631454
Moved 2694.723 311 525 -0.113426 0.3523662
Moved 2694.754 298.1489 524 -0.1431738 0.3497942
Moved 2694.785 282.861 521.9722 -0.1785625 0.3445787
Moved 2694.815 273.6724 522 -0.1998325 0.3446501
Moved 2694.846 259.9491 520 -0.2315994 0.3395061
Moved 2694.877 251.0969 517.0323 -0.2520905 0.3318731
Moved 2694.908 242.784 515.2613 -0.2713334 0.3273181
Moved 2694.938 236.4006 513.8002 -0.2861098 0.32356
Moved 2694.969 231.0458 513.0458 -0.2985051 0.3216197
Moved 2695 226.2962 512.2961 -0.3094996 0.3196916
Moved 2695.031 223.5486 512 -0.3158596 0.31893
Moved 2695.061 222.1064 512 -0.3191982 0.31893
Moved 2695.092 221.5 512 -0.3206019 0.31893
Moved 2695.123 222 512 -0.3194444 0.31893
Ended 2695.154 222 512 -0.3194444 0.31893
Candidates 2695.276 13 layer lawyer ladies laura latter later large hair issue lawyers layers pair lawsuit
Began 2696.322 490 473 0.300926 0.2186213
Stationary 2696.352 490 473 0.300926 0.2186213
Stationary 2696.383 490 473 0.300926 0.2186213
Stationary 2696.414 490 473 0.300926 0.2186213
Moved 2696.444 490 491.5168 0.300926 0.2662469
Moved 2696.475 490 508.228 0.300926 0.3092282
Moved 2696.506 490 521.1276 0.300926 0.3424063
Moved 2696.537 490 535.2405 0.300926 0.3787048
Moved 2696.567 490 547.6354 0.300926 0.4105847
Moved 2696.598 490 556.4995 0.300926 0.4333834
Moved 2696.629 490 566.7272 0.300926 0.4596891
Moved 2696.66 490 574.6153 0.300926 0.4799775
Moved 2696.69 490 580.3391 0.300926 0.4946993
Moved 2696.721 490 585.8745 0.300926 0.5089364
Moved 2696.752 490 589.5 0.300926 0.5182613
Moved 2696.782 490 593.139 0.300926 0.5276207
Moved 2696.813 490 595.8998 0.300926 0.5347217
Moved 2696.844 490 598.6642 0.300926 0.5418319
Moved 2696.875 490 601.0508 0.300926 0.5479702
Moved 2696.906 490 604.6755 0.300926 0.5572929
Moved 2696.936 490 608.6015 0.300926 0.5673906
Moved 2696.967 479.1709 612.7073 0.2758586 0.5779507
Moved 2696.998 475.3828 616.8086 0.2670899 0.5884994
Moved 2697.029 468.8571 621.1429 0.251984 0.5996474
Moved 2697.059 463.326 623.337 0.2391806 0.6052905
Moved 2697.09 458.7998 626.1001 0.2287032 0.6123972
Moved 2697.121 456.5 627.5 0.2233796 0.6159979
Expand 2697.121
Moved 2697.151 452.4217 628 0.2139391 0.6172838
Moved 2697.182 449.9492 629 0.2082158 0.6198559
Moved 2697.213 448.6404 629 0.2051861 0.6198559
Moved 2697.244 447 630 0.2013889 0.6224279
Moved 2697.274 443.9451 630 0.1943174 0.6224279
Moved 2697.305 442.1831 631 0.1902387 0.6249998
Moved 2697.336 440.8885 631 0.1872418 0.6249998
Moved 2697.366 439.6404 631 0.1843528 0.6249998
Moved 2697.397 438.7979 631 0.1824025 0.6249998
Moved 2697.428 437.9468 631 0.1804324 0.6249998
Moved 2697.459 438 632.3616 0.1805556 0.6285019
Moved 2697.49 436.6945 632 0.1775334 0.6275719
Moved 2697.52 435.973 632 0.1758635 0.6275719
Stationary 2697.551 436 632 0.1759259 0.6275719
Moved 2697.582 435 632 0.1736111 0.6275719
Stationary 2697.613 435 632 0.1736111 0.6275719
Moved 2697.643 434 632 0.1712963 0.6275719
Moved 2697.674 432.5 632 0.167824 0.6275719
Moved 2697.705 430.5719 632 0.1633608 0.6275719
Moved 2697.735 428.8143 632 0.1592924 0.6275719
Moved 2697.766 423.1692 632 0.1462251 0.6275719
Moved 2697.797 414.6913 621.3826 0.1266003 0.6002638
Moved 2697.828 394.8579 611.2386 0.08068949 0.5741733
Moved 2697.858 379.2399 602.1439 0.04453679 0.5507816
Moved 2697.889 365.6992 594.8495 0.01319249 0.5320203
Moved 2697.92 353.027 587.5135 -0.01614114 0.5131521
Moved 2697.951 342.3472 582.1736 -0.04086306 0.4994176
Moved 2697.981 329.2941 575.647 -0.07107839 0.4826312
Moved 2698.012 318.2199 570.1099 -0.09671326 0.4683897
Moved 2698.043 308.6166 565.3083 -0.1189431 0.4560398
Moved 2698.073 297.5465 558.7733 -0.1445683 0.4392315
Moved 2698.104 286.5098 553.2549 -0.1701163 0.4250382
Moved 2698.135 278.5498 550.1375 -0.1885422 0.4170201
Moved 2698.166 271.2626 547.4209 -0.2054106 0.410033
Moved 2698.197 264.3286 544.6642 -0.2214617 0.4029429
Moved 2698.227 259.9062 543 -0.2316987 0.3986624
Moved 2698.258 256.4865 541.4865 -0.2396145 0.3947697
Moved 2698.289 253.7258 539.7258 -0.2460051 0.3902411
Moved 2698.319 250.9664 538.9664 -0.2523926 0.3882879
Moved 2698.35 249.207 538 -0.2564653 0.3858024
Moved 2698.381 248 536.7365 -0.2592593 0.3825525
Moved 2698.412 245.9784 537 -0.2639388 0.3832304
Moved 2698.442 244.5 536 -0.2673611 0.3806583
Moved 2698.473 243.823 536 -0.2689281 0.3806583
Moved 2698.504 244 534.5471 -0.2685185 0.3769215
Moved 2698.535 243 535 -0.2708333 0.3780863
Moved 2698.565 242 534 -0.2731481 0.3755144
Stationary 2698.596 242 534 -0.2731481 0.3755144
Moved 2698.627 241 533 -0.275463 0.3729423
Moved 2698.657 239.861 533 -0.2780995 0.3729423
Moved 2698.688 238.912 532 -0.2802964 0.3703703
Moved 2698.719 239 530.5 -0.2800926 0.3665122
Moved 2698.75 238 529.5 -0.2824074 0.3639403
Moved 2698.781 235.9309 529 -0.2871969 0.3626543
Moved 2698.811 236 527.5 -0.287037 0.3587962
Moved 2698.842 235 526.5 -0.2893518 0.3562242
Moved 2698.873 233.7604 527 -0.2922214 0.3575102
Moved 2698.904 234 525.5 -0.2916667 0.3536522
Stationary 2698.934 234 525.5 -0.2916667 0.3536522
Stationary 2698.965 234 525.5 -0.2916667 0.3536522
Stationary 2698.996 234 525.5 -0.2916667 0.3536522
Moved 2699.026 234 524.9227 -0.2916667 0.3521674
Moved 2699.057 234 523.997 -0.2916667 0.3497864
Stationary 2699.088 234 523.997 -0.2916667 0.3497864
Moved 2699.119 234 522.9601 -0.2916667 0.3471196
Moved 2699.149 233 522 -0.2939815 0.3446501
Moved 2699.18 233 520.5 -0.2939815 0.3407921
Moved 2699.211 231.9488 519.9488 -0.2964149 0.3393744
Moved 2699.241 228.7541 515.5082 -0.3038099 0.3279532
Moved 2699.272 219.9649 506.9649 -0.3241552 0.3059796
Moved 2699.303 208.7077 496.1661 -0.3502137 0.278205
Moved 2699.334 194.6638 483.8865 -0.3827227 0.2466216
Moved 2699.365 181.1188 471.1188 -0.4140769 0.2137828
Moved 2699.395 167.5 461 -0.4456018 0.1877571
Moved 2699.426 155.4433 451.5825 -0.4735109 0.163535
Moved 2699.457 145.295 445.1967 -0.4970023 0.1471107
Moved 2699.488 136.0761 438.7174 -0.5183423 0.130446
Moved 2699.518 129.8503 433.8503 -0.5327539 0.1179276
Moved 2699.549 125.1424 430.1424 -0.5436519 0.1083908
Moved 2699.58 120.7566 427.3783 -0.5538042 0.1012816
Moved 2699.61 117.6343 423.6343 -0.5610317 0.09165202
Moved 2699.641 114.2127 420.2128 -0.568952 0.08285172
Moved 2699.672 110 417.5 -0.5787036 0.0758744
Moved 2699.703 107.7266 415.7266 -0.5839661 0.07131329
Moved 2699.733 103.9337 413.9669 -0.592746 0.06678715
Moved 2699.764 101.5634 413 -0.5982328 0.06430033
Moved 2699.795 97.61046 408.6105 -0.6073832 0.05301039
Moved 2699.825 94.04861 406.0486 -0.6156282 0.04642141
Moved 2699.856 91.5 403.5 -0.6215278 0.03986618
Moved 2699.887 91 401.8499 -0.6226851 0.03562209
Ended 2699.918 91 401.8499 -0.6226851 0.03562209
Cancel 2699.979
Began 2700.379 62 326 -0.6898147 -0.1594652
Stationary 2700.41 62 326 -0.6898147 -0.1594652
Stationary 2700.457 62 326 -0.6898147 -0.1594652
Ended 2700.486 62 326 -0.6898147 -0.1594652
Accept 2700.609 0 layer
Delete 2700.609 LeftSwipe
Began 2701.255 603 407 0.5624999 0.04886827
Stationary 2701.286 603 407 0.5624999 0.04886827
Stationary 2701.316 603 407 0.5624999 0.04886827
Stationary 2701.347 603 407 0.5624999 0.04886827
Moved 2701.378 587.863 407 0.5274608 0.04886827
Moved 2701.408 574.6653 415.4669 0.4969104 0.07064529
Moved 2701.439 559.8011 418.2398 0.4625025 0.07777724
Moved 2701.47 544.0405 421.9838 0.4260197 0.08740692
Moved 2701.501 527.9552 424 0.3887852 0.09259254
Moved 2701.531 510.9792 426.2042 0.3494888 0.09826161
Moved 2701.562 495.1901 427.962 0.3129401 0.1027827
Moved 2701.593 482.3713 429 0.2832668 0.1054526
Moved 2701.624 468.0278 429 0.2500643 0.1054526
Moved 2701.655 448.6786 429 0.2052744 0.1054526
Moved 2701.685 427.6384 430 0.1565704 0.1080246
Moved 2701.716 405.5839 430 0.1055182 0.1080246
Moved 2701.747 383.9453 430 0.05542894 0.1080246
Moved 2701.777 354.8372 430 -0.01195088 0.1080246
Moved 2701.808 333.7449 430 -0.06077578 0.1080246
Moved 2701.839 315.4323 430 -0.103166 0.1080246
Moved 2701.87 304.3395 430 -0.1288437 0.1080246
Moved 2701.9 281.9023 430 -0.1807818 0.1080246
Moved 2701.931 262.1577 422.263 -0.2264868 0.08812492
Moved 2701.962 242.7699 418.8378 -0.2713659 0.07931521
Moved 2701.993 210.8889 412.5397 -0.3451646 0.06311636
Moved 2702.023 201.2046 409.7728 -0.3675819 0.05599987
Moved 2702.054 184.6726 403.269 -0.4058504 0.03927215
Moved 2702.085 163.5938 394.6375 -0.4546439 0.01707175
Moved 2702.115 152.1988 390.5497 -0.4810213 0.006557786
Moved 2702.146 149.3459 389.173 -0.4876252 0.003016829
Moved 2702.177 144 388 -0.5000001 -3.924585E-08
Moved 2702.208 141.0345 387 -0.5068647 -0.002572055
Moved 2702.239 139.2899 387 -0.5109031 -0.002572055
Stationary 2702.269 139 387 -0.511574 -0.002572055
Stationary 2702.3 139 387 -0.511574 -0.002572055
Stationary 2702.331 139 387 -0.511574 -0.002572055
Moved 2702.361 150.3079 396.8719 -0.4853984 0.02281856
Moved 2702.392 160.8076 404.6057 -0.4610936 0.04271008
Moved 2702.423 169.4926 409.2463 -0.4409892 0.05464588
Moved 2702.454 184.2637 417.1318 -0.4067971 0.07492752
Moved 2702.484 200.8096 424.4048 -0.3684961 0.09363374
Moved 2702.515 213.6014 430.8007 -0.3388855 0.110084
Moved 2702.546 224.4791 435.7396 -0.3137059 0.1227868
Moved 2702.577 238.5535 443.2767 -0.2811263 0.1421727
Moved 2702.607 254.3384 451.6692 -0.2445871 0.1637582
Moved 2702.638 267 458 -0.2152778 0.180041
Moved 2702.669 281.5015 466.3009 -0.1817094 0.2013911
Moved 2702.7 296.9746 475.4141 -0.1458922 0.2248303
Moved 2702.73 314.1137 484.8682 -0.1062182 0.2491466
Moved 2702.761 325.0848 491.0339 -0.08082221 0.2650049
Moved 2702.792 336.1344 499.3508 -0.05524447 0.286396
Moved 2702.823 345.6208 505.6208 -0.03328522 0.3025226
Moved 2702.853 352.5945 511.5945 -0.01714234 0.3178869
Moved 2702.884 359.2392 517.2392 -0.001761069 0.3324052
Moved 2702.915 364 522 0.009259283 0.3446501
Moved 2702.946 367.2772 525.2772 0.01684537 0.3530792
Moved 2702.976 370.0459 527 0.02325436 0.3575102
Moved 2703.007 371 529.8469 0.025463 0.3648325
Moved 2703.038 371 531.2299 0.025463 0.3683895
Moved 2703.068 372 532.9919 0.02777775 0.3729214
Moved 2703.099 372 534.5887 0.02777775 0.3770286
Moved 2703.13 372 535.5 0.02777775 0.3793723
Moved 2703.161 372 536 0.02777775 0.3806583
Moved 2703.191 372 537.1835 0.02777775 0.3837022
Moved 2703.222 372 538.0468 0.02777775 0.3859227
Moved 2703.253 361.0743 539 0.002486805 0.3883744
Moved 2703.283 353.804 539.732 -0.01434262 0.3902571
Moved 2703.314 345.5049 540 -0.03355359 0.3909464
Moved 2703.345 335.4621 540 -0.05680079 0.3909464
Moved 2703.376 324.0046 540 -0.08332257 0.3909464
Moved 2703.406 313.306 540 -0.108088 0.3909464
Moved 2703.437 302.0719 540 -0.1340929 0.3909464
Moved 2703.468 292.8305 540 -0.1554849 0.3909464
Moved 2703.499 283.8019 540 -0.1763845 0.3909464
Moved 2703.53 274.5255 532 -0.1978576 0.3703703
Moved 2703.56 268.629 530.3145 -0.2115069 0.3660352
Moved 2703.591 262.3271 528.6636 -0.2260946 0.3617889
Moved 2703.622 258.9031 529 -0.2340206 0.3626543
Moved 2703.653 255.2826 528 -0.2424014 0.3600822
Moved 2703.683 254 528 -0.2453704 0.3600822
Moved 2703.714 250.9093 528 -0.2525247 0.3600822
Moved 2703.745 249.1447 527.1447 -0.2566095 0.3578824
Moved 2703.775 247.5 527 -0.2604167 0.3575102
Moved 2703.806 246.6905 527 -0.2622905 0.3575102
Moved 2703.837 245.7858 527 -0.2643846 0.3575102
Moved 2703.868 244.6404 525.6404 -0.2670361 0.3540132
Moved 2703.898 243.7606 526 -0.2690727 0.3549381
Stationary 2703.929 243.7606 526 -0.2690727 0.3549381
Ended 2703.96 244 526 -0.2685185 0.3549381
Candidates 2704.114 13 player layer late latter later lawyer page pleasure kate plate part poster literature
Began 2704.943 403 484 0.09953707 0.2469135
Stationary 2704.974 403 484 0.09953707 0.2469135
Stationary 2705.005 403 484 0.09953707 0.2469135
Stationary 2705.036 403 484 0.09953707 0.2469135
Stationary 2705.066 403 484 0.09953707 0.2469135
Moved 2705.097 426.6326 507.1938 0.154242 0.3065683
Moved 2705.128 440.0771 519.8617 0.1853637 0.3391504
Moved 2705.159 451.8347 531.8677 0.2125804 0.3700301
Moved 2705.189 461.9614 541.9614 0.2360218 0.3959913
Moved 2705.22 470.6479 550.486 0.2561295 0.4179165
Moved 2705.251 478.7406 558.7406 0.2748625 0.4391476
Moved 2705.281 485 566.5 0.2893518 0.4591049
Moved 2705.312 494.067 575.0671 0.3103404 0.4811395
Moved 2705.343 497.7553 577.8369 0.3188781 0.4882635
Moved 2705.374 501.6812 582.6812 0.3279658 0.5007231
Moved 2705.405 504 586.0912 0.3333333 0.5094938
Moved 2705.435 506 590.7871 0.337963 0.5215718
Moved 2705.466 506 593.6585 0.337963 0.528957
Moved 2705.497 506 597.8472 0.337963 0.5397303
Moved 2705.527 496.5007 601.8331 0.3159738 0.5499821
Moved 2705.558 489.8104 607.1896 0.3004871 0.563759
Moved 2705.589 481.9382 611.3539 0.2822642 0.5744699
Moved 2705.62 474.7527 616.1237 0.2656314 0.5867377
Moved 2705.65 467.8537 618.5731 0.2496614 0.5930378
Moved 2705.681 460.9744 620 0.2337369 0.5967077
Moved 2705.712 456.8926 622 0.2242884 0.6018518
Moved 2705.743 454.3506 623 0.2184041 0.6044238
Moved 2705.773 453 624 0.2152778 0.6069958
Ended 2705.804 453 626.0664 0.2152778 0.6123106
Expand 2705.804
Accept 2705.896 2 late
Began 2706.511 659 333 0.6921296 -0.141461
Stationary 2706.542 659 333 0.6921296 -0.141461
Stationary 2706.573 659 333 0.6921296 -0.141461
Ended 2706.603 659 333 0.6921296 -0.141461
PhraseEnd 2706.665
