most judges are very honest
most judges are very honest
Basic
List

0.6 0.6
432 388.8
Began 3420.094 429 287 0.1597223 -0.2597736
Stationary 3420.125 429 287 0.1597223 -0.2597736
Stationary 3420.156 429 287 0.1597223 -0.2597736
Stationary 3420.187 429 287 0.1597223 -0.2597736
Stationary 3420.217 429 287 0.1597223 -0.2597736
Stationary 3420.248 429 287 0.1597223 -0.2597736
Stationary 3420.279 429 287 0.1597223 -0.2597736
Stationary 3420.309 429 287 0.1597223 -0.2597736
Stationary 3420.34 429 287 0.1597223 -0.2597736
Stationary 3420.371 429 287 0.1597223 -0.2597736
Stationary 3420.402 429 287 0.1597223 -0.2597736
Stationary 3420.432 429 287 0.1597223 -0.2597736
Stationary 3420.463 429 287 0.1597223 -0.2597736
Stationary 3420.494 429 287 0.1597223 -0.2597736
Stationary 3420.525 429 287 0.1597223 -0.2597736
Stationary 3420.555 429 287 0.1597223 -0.2597736
Moved 3420.586 429 276.3784 0.1597223 -0.2870927
Moved 3420.617 439.5688 271.4312 0.184187 -0.2998169
Moved 3420.648 446.5196 266.7402 0.2002769 -0.3118822
Moved 3420.678 451.2648 261.7352 0.2112611 -0.3247553
Moved 3420.709 455.9946 257.0054 0.2222098 -0.3369203
Moved 3420.74 458.5319 253.4043 0.228083 -0.3461823
Moved 3420.771 461.4078 251 0.2347403 -0.3523664
Moved 3420.802 462.5 248.5 0.2372685 -0.3587964
Moved 3420.832 463.3545 247.6455 0.2392466 -0.3609941
Moved 3420.863 464 245.5 0.2407408 -0.3665124
Moved 3420.894 465.0362 244.9639 0.2431394 -0.3678913
Moved 3420.924 466.5 244 0.2465278 -0.3703704
Stationary 3420.955 466.5 244 0.2465278 -0.3703704
Moved 3420.986 467.1724 242.8276 0.2480842 -0.3733858
Moved 3421.017 469.3349 243 0.2530902 -0.3729424
Moved 3421.047 473 253.5 0.2615741 -0.3459363
Moved 3421.078 485.291 323.3285 0.2900256 -0.1663363
Moved 3421.109 494.8704 389.963 0.3121999 0.005048705
Moved 3421.14 503.8432 429.2405 0.3329704 0.1060713
Moved 3421.17 512.5743 454.5314 0.3531812 0.1711199
Moved 3421.201 524.3726 476.7452 0.380492 0.228254
Moved 3421.232 529.9953 490.9811 0.3935076 0.2648689
Moved 3421.263 532 497.7286 0.3981481 0.2822236
Moved 3421.293 532 500.4 0.3981481 0.2890945
Moved 3421.324 532 501 0.3981481 0.2906378
Moved 3421.355 490.6097 487.3127 0.3023374 0.2554339
Moved 3421.385 410.7205 439.6403 0.1174084 0.1328195
Moved 3421.416 360 399.5 0 0.02957815
Moved 3421.447 335.8078 378.0818 -0.05600055 -0.02550988
Moved 3421.478 316.2532 360.2532 -0.1012657 -0.07136521
Moved 3421.509 301.8171 347.5143 -0.1346826 -0.10413
Moved 3421.539 292.2825 339.2825 -0.1567536 -0.1253024
Moved 3421.57 283.67 333.1133 -0.1766897 -0.1411695
Moved 3421.601 278.3844 328.3844 -0.1889251 -0.1533324
Moved 3421.632 273.3471 325.1735 -0.2005854 -0.1615908
Moved 3421.662 269.609 322.3045 -0.2092384 -0.16897
Moved 3421.693 266.4352 321 -0.2165853 -0.1723252
Moved 3421.724 264.9444 321 -0.2200362 -0.1723252
Moved 3421.755 263.9998 321 -0.2222227 -0.1723252
Moved 3421.785 264 347.7993 -0.2222222 -0.1033971
Moved 3421.816 283.4308 379.6002 -0.1772434 -0.02160461
Moved 3421.847 300.2179 409.8813 -0.1383845 0.05627914
Moved 3421.877 319.1203 435.4004 -0.09462889 0.1219145
Moved 3421.908 337.0369 458.0422 -0.05315527 0.1801497
Moved 3421.939 352 474 -0.01851852 0.2211934
Moved 3421.97 368.8943 491.8943 0.02058874 0.2672178
Moved 3422 385.2432 506.9945 0.05843322 0.3060558
Moved 3422.031 399.4431 519.3323 0.09130339 0.3377887
Moved 3422.062 407.6623 526.9967 0.1103294 0.3575017
Moved 3422.093 416.0639 534.064 0.1297776 0.3756788
Moved 3422.124 420.799 538.799 0.1407385 0.3878574
Moved 3422.154 423.2742 541.2742 0.146468 0.3942236
Moved 3422.185 425.7943 542.7943 0.1523015 0.3981333
Moved 3422.216 429.6647 544 0.1612609 0.4012345
Ended 3422.247 431.0972 544 0.1645769 0.4012345
Candidates 3422.308 13 most body bloody monday money might noisy mighty must night boost mount visit
Began 3423.507 391 311 0.07175922 -0.1980453
Stationary 3423.538 391 311 0.07175922 -0.1980453
Stationary 3423.569 391 311 0.07175922 -0.1980453
Stationary 3423.599 391 311 0.07175922 -0.1980453
Stationary 3423.63 391 311 0.07175922 -0.1980453
Stationary 3423.661 391 311 0.07175922 -0.1980453
Stationary 3423.692 391 311 0.07175922 -0.1980453
Stationary 3423.722 391 311 0.07175922 -0.1980453
Stationary 3423.753 391 311 0.07175922 -0.1980453
Stationary 3423.784 391 311 0.07175922 -0.1980453
Stationary 3423.815 391 311 0.07175922 -0.1980453
Stationary 3423.845 391 311 0.07175922 -0.1980453
Stationary 3423.876 391 311 0.07175922 -0.1980453
Moved 3423.907 400.9181 311 0.09471785 -0.1980453
Moved 3423.938 402.8221 311 0.0991253 -0.1980453
Moved 3423.969 410.0351 320.7134 0.115822 -0.1730622
Moved 3423.999 418.6863 336.3727 0.135848 -0.1327864
Moved 3424.03 423.4354 348.7414 0.1468411 -0.1009739
Moved 3424.061 428.003 358.0089 0.1574143 -0.07713781
Moved 3424.091 429.8592 366.5775 0.161711 -0.05509898
Moved 3424.122 430 382.1055 0.162037 -0.01516083
Moved 3424.153 430 396.24 0.162037 0.02119335
Moved 3424.184 416.7293 418.9475 0.1313178 0.07959746
Moved 3424.214 410.067 439.7653 0.115896 0.1331412
Moved 3424.245 405.465 452.0701 0.1052429 0.1647892
Moved 3424.276 400.4766 459.7851 0.09369592 0.1846323
Moved 3424.307 395.7332 468.4003 0.08271565 0.2067907
Moved 3424.337 390.989 474.0055 0.07173389 0.2212075
Moved 3424.368 387.6801 477.66 0.0640743 0.2306069
Moved 3424.399 377.8634 478 0.04135052 0.2314814
Moved 3424.43 350.3334 457.926 -0.02237643 0.1798506
Moved 3424.46 319.3401 431.6721 -0.09412011 0.1123254
Moved 3424.491 299.1988 408.5129 -0.1407435 0.05275961
Moved 3424.522 283.2604 390.2604 -0.177638 0.005813724
Moved 3424.553 271.7454 377.7454 -0.204293 -0.02637494
Moved 3424.583 261.1559 365.8745 -0.2288059 -0.0569072
Moved 3424.614 255.445 360.445 -0.2420254 -0.0708719
Moved 3424.645 251.2754 355.2754 -0.2516773 -0.08416831
Moved 3424.676 249.4049 352.4048 -0.2560073 -0.09155132
Moved 3424.706 248 349.9008 -0.2592593 -0.09799195
Moved 3424.737 248 348.6271 -0.2592593 -0.1012677
Stationary 3424.768 248 349 -0.2592593 -0.1003086
Moved 3424.799 276.6382 349 -0.1929672 -0.1003086
Moved 3424.829 302.754 360.2532 -0.1325139 -0.07136521
Moved 3424.86 324.8181 363.2338 -0.08143947 -0.06369924
Moved 3424.891 340.9597 366.9919 -0.0440748 -0.05403315
Moved 3424.922 351.9109 369 -0.0187247 -0.04886839
Moved 3424.952 357.4093 370 -0.005997072 -0.04629637
Moved 3424.983 360.2808 371 0.0006499887 -0.04372435
Moved 3425.014 360 373.1373 0 -0.03822719
Moved 3425.045 355.3865 384.6135 -0.01067936 -0.008710108
Moved 3425.075 342.3519 403.7074 -0.04085218 0.04039964
Moved 3425.106 329.9994 420.4008 -0.06944592 0.08333527
Moved 3425.137 316.8975 435.1025 -0.09977426 0.1211482
Moved 3425.167 306.4338 445.5662 -0.1239958 0.1480611
Moved 3425.198 294.4388 455.1368 -0.1517622 0.1726769
Moved 3425.229 283.2447 464.7552 -0.1776742 0.1974157
Moved 3425.26 275.6958 471.2028 -0.1951487 0.2139989
Moved 3425.291 268.0061 476.9969 -0.2129488 0.2289016
Moved 3425.321 261.2688 482.7313 -0.2285445 0.2436502
Moved 3425.352 256.5243 486.7379 -0.2395271 0.2539553
Moved 3425.383 253.7535 489.2465 -0.245941 0.2604077
Moved 3425.414 250.4507 493 -0.2535865 0.2700616
Moved 3425.444 250 493.9861 -0.2546296 0.272598
Moved 3425.475 248.5814 494 -0.2579134 0.2726337
Moved 3425.506 244.191 494 -0.2680763 0.2726337
Moved 3425.537 233.1841 466.8242 -0.2935554 0.2027369
Moved 3425.567 224.571 441.5698 -0.3134932 0.1377824
Moved 3425.598 220.3307 417.9764 -0.3233086 0.07709966
Moved 3425.629 219 398.3323 -0.3263889 0.02657478
Moved 3425.66 219 382.8047 -0.3263889 -0.01336251
Moved 3425.69 218 371.6486 -0.3287037 -0.04205602
Moved 3425.721 217 362.4946 -0.3310185 -0.06560031
Moved 3425.751 217 354.5745 -0.3310185 -0.08597095
Moved 3425.782 217 349.4114 -0.3310185 -0.09925057
Ended 3425.813 217 347.9893 -0.3310185 -0.1029082
Accept 3425.906 0 most
Candidates 3425.906 13 judges judged budgets messages has churches pages dishes idea visited ideas hughes discussed
Began 3426.582 203 343 -0.3634259 -0.1157408
Stationary 3426.613 203 343 -0.3634259 -0.1157408
Stationary 3426.644 203 343 -0.3634259 -0.1157408
Stationary 3426.674 203 343 -0.3634259 -0.1157408
Moved 3426.705 203 355.6929 -0.3634259 -0.08309454
Moved 3426.736 195.3254 362.1927 -0.3811911 -0.06637667
Moved 3426.766 194 369.8763 -0.3842593 -0.0466145
Moved 3426.797 193 375.1323 -0.3865741 -0.03309611
Moved 3426.828 190.6392 378.3608 -0.392039 -0.02479216
Moved 3426.859 189.7697 381.2303 -0.3940516 -0.01741189
Moved 3426.889 190 383.5 -0.3935185 -0.01157415
Moved 3426.92 188.5 385.5 -0.3969907 -0.006430119
Moved 3426.951 189 386.0286 -0.3958333 -0.005070604
Moved 3426.982 189 388.1827 -0.3958333 0.0004700083
Moved 3427.012 189 391.8898 -0.3958333 0.01000471
Moved 3427.043 222.6308 410.8154 -0.3179843 0.05868142
Moved 3427.074 251.3578 424.0092 -0.2514867 0.0926161
Moved 3427.105 272.8089 436.1765 -0.2018312 0.1239107
Moved 3427.135 289.5521 446.3155 -0.1630738 0.1499884
Moved 3427.166 305.7373 456.8424 -0.125608 0.1770638
Moved 3427.197 319.9124 466.2749 -0.09279539 0.2013243
Moved 3427.228 332.5 476 -0.06365741 0.2263374
Moved 3427.258 342.7638 486.9548 -0.03989856 0.2545132
Moved 3427.289 351.1792 496.2389 -0.02041861 0.2783921
Moved 3427.32 357.9345 504.8036 -0.004781137 0.3004208
Moved 3427.351 360 508.3622 0 0.3095736
Moved 3427.381 362 511.3557 0.004629592 0.3172727
Moved 3427.412 362 513.5 0.004629592 0.3227879
Moved 3427.443 362 515.0472 0.004629592 0.3267675
Moved 3427.474 354.0674 515 -0.01373286 0.326646
Moved 3427.504 331.6056 515 -0.06572787 0.326646
Moved 3427.535 316.5851 506.6462 -0.1004975 0.30516
Moved 3427.566 304.3039 503.0608 -0.1289262 0.2959382
Moved 3427.597 294.6197 501 -0.1513433 0.2906378
Moved 3427.627 286.6669 499.3334 -0.1697525 0.2863513
Moved 3427.658 280.386 498 -0.1842917 0.2829217
Moved 3427.689 275.8499 498 -0.194792 0.2829217
Moved 3427.72 272.0585 498 -0.2035683 0.2829217
Moved 3427.75 269.1836 498 -0.2102231 0.2829217
Moved 3427.781 266.5 498 -0.2164352 0.2829217
Moved 3427.812 264.8074 498 -0.2203531 0.2829217
Moved 3427.843 263.9796 498 -0.2222693 0.2829217
Stationary 3427.873 264 498 -0.2222222 0.2829217
Ended 3427.904 264 498 -0.2222222 0.2829217
Accept 3427.996 0 judges
Candidates 3427.996 13 are at date after say days ate st says art water sat faster
Began 3428.704 382 285 0.05092591 -0.2649178
Stationary 3428.734 382 285 0.05092591 -0.2649178
Stationary 3428.765 382 285 0.05092591 -0.2649178
Stationary 3428.796 382 285 0.05092591 -0.2649178
Stationary 3428.826 382 285 0.05092591 -0.2649178
Stationary 3428.857 382 285 0.05092591 -0.2649178
Stationary 3428.888 382 285 0.05092591 -0.2649178
Moved 3428.919 382 274.8925 0.05092591 -0.2909145
Moved 3428.949 382 272.0193 0.05092591 -0.2983044
Moved 3428.98 382 268 0.05092591 -0.308642
Moved 3429.011 382 266.8073 0.05092591 -0.3117097
Moved 3429.042 382 263.7455 0.05092591 -0.3195846
Moved 3429.073 382 261.8736 0.05092591 -0.3243993
Stationary 3429.103 382 261.8736 0.05092591 -0.3243993
Moved 3429.134 382 259.7506 0.05092591 -0.3298596
Moved 3429.165 382 258.8719 0.05092591 -0.3321197
Moved 3429.196 373.748 259 0.03182402 -0.3317901
Moved 3429.226 371.2009 259 0.02592792 -0.3317901
Moved 3429.257 367.33 259 0.01696756 -0.3317901
Moved 3429.288 361.92 259 0.004444321 -0.3317901
Moved 3429.319 352.8302 276.3397 -0.01659681 -0.2871923
Moved 3429.349 339.3106 323.5248 -0.04789218 -0.1658314
Moved 3429.38 330.6468 363.5506 -0.06794731 -0.06288435
Moved 3429.411 325.3449 389.5856 -0.0802201 0.004078076
Moved 3429.441 319.3312 408.7836 -0.09414081 0.0534556
Moved 3429.472 312.7341 422.4432 -0.1094119 0.08858849
Moved 3429.503 306.0845 433.8733 -0.1248045 0.1179868
Moved 3429.534 301 442.5 -0.1365741 0.1401748
Moved 3429.564 295.3024 452.0463 -0.1497629 0.1647281
Moved 3429.595 292.7772 460.6683 -0.1556083 0.1869041
Moved 3429.626 291 469.301 -0.1597222 0.2091075
Moved 3429.657 290 475.8057 -0.162037 0.2258377
Moved 3429.688 290 482.9357 -0.162037 0.244176
Moved 3429.718 290 488.6779 -0.162037 0.2589451
Moved 3429.749 290 495.4304 -0.162037 0.2763127
Moved 3429.78 308.7622 503.5049 -0.118606 0.2970803
Moved 3429.811 324.7606 509.6268 -0.08157264 0.3128259
Moved 3429.841 337.456 512.4912 -0.05218526 0.3201934
Moved 3429.872 345.0146 512 -0.03468836 0.31893
Moved 3429.903 352.761 512.8805 -0.01675705 0.3211946
Moved 3429.933 360.244 513 0.0005647541 0.321502
Moved 3429.964 367.2403 513 0.01675983 0.321502
Moved 3429.995 372.3776 513 0.02865195 0.321502
Moved 3430.026 380.1805 513 0.04671405 0.321502
Moved 3430.056 388.7876 513 0.066638 0.321502
Moved 3430.087 395 513 0.08101851 0.321502
Moved 3430.118 399.6526 513 0.09178846 0.321502
Moved 3430.149 402.2063 513 0.09769985 0.321502
Moved 3430.179 404.0367 513 0.1019368 0.321502
Moved 3430.21 405.5752 513 0.1054982 0.321502
Moved 3430.241 407.2235 513 0.1093137 0.321502
Ended 3430.272 407 506 0.1087963 0.3034978
Accept 3430.364 0 are
Candidates 3430.364 13 very betty bet better beer cry net met meet cherry battery beth by
Began 3431.44 360 350 0 -0.09773669
Stationary 3431.471 360 350 0 -0.09773669
Stationary 3431.501 360 350 0 -0.09773669
Moved 3431.532 360 338.1914 0 -0.1281085
Moved 3431.563 360 333.3217 0 -0.1406335
Moved 3431.594 360 330.454 0 -0.1480093
Moved 3431.625 360 326.9146 0 -0.1571127
Moved 3431.655 360 324.0153 0 -0.1645698
Moved 3431.686 360 322.1455 0 -0.1693789
Moved 3431.717 360 320.7114 0 -0.1730676
Moved 3431.748 360 319.5 0 -0.1761832
Stationary 3431.778 360 319.5 0 -0.1761832
Moved 3431.809 367.3586 320 0.01703371 -0.1748972
Moved 3431.84 370.2597 331.779 0.02374927 -0.1446014
Moved 3431.871 379.4662 348.1994 0.04506071 -0.1023679
Moved 3431.901 394.6103 372.5305 0.08011649 -0.03978784
Moved 3431.932 409.44 395.77 0.1144445 0.01998442
Moved 3431.963 429.1345 424.9854 0.1600336 0.09512705
Moved 3431.993 444.0565 450.5989 0.1945754 0.1610055
Moved 3432.024 458.272 470.0294 0.2274815 0.2109808
Moved 3432.055 469.9995 485.2493 0.2546284 0.2501268
Moved 3432.086 477.2817 495.2817 0.2714854 0.2759304
Moved 3432.116 480.6342 499 0.279246 0.2854938
Moved 3432.147 481 499 0.2800926 0.2854938
Stationary 3432.178 481 499 0.2800926 0.2854938
Moved 3432.209 464.2442 467.4395 0.2413059 0.2043195
Moved 3432.24 445.4466 421.4358 0.1977932 0.08599728
Moved 3432.27 428.2445 368.9782 0.1579735 -0.04892443
Moved 3432.301 426 327.3133 0.1527777 -0.1560872
Moved 3432.332 426 288.8776 0.1527777 -0.2549445
Ended 3432.363 434 271 0.1712963 -0.300926
Accept 3432.424 0 very
Candidates 3432.424 13 bin thin coin con fun bob skin soon him von com high gun
Began 3432.485 434 204 0.1712963 -0.473251
Stationary 3432.516 434 204 0.1712963 -0.473251
Moved 3432.547 398.2019 248.2374 0.08843044 -0.3594717
Moved 3432.578 371.7828 286.2896 0.02727498 -0.2616009
Moved 3432.608 346.2398 327.0804 -0.03185238 -0.1566863
Moved 3432.639 329.5814 353.3644 -0.07041346 -0.08908346
Moved 3432.67 310.3933 382.0112 -0.1148304 -0.01540345
Moved 3432.701 296.1239 402.8141 -0.1478613 0.03810215
Moved 3432.731 284.8861 425.2562 -0.1738747 0.09582358
Moved 3432.762 280.0906 450.3657 -0.1849755 0.1604056
Moved 3432.793 280 470.4472 -0.1851852 0.2120555
Moved 3432.824 280 487.2547 -0.1851852 0.2552847
Moved 3432.854 288.1829 498.7318 -0.1662432 0.2848039
Moved 3432.885 290.0462 507.1387 -0.16193 0.3064267
Moved 3432.916 290 510.9184 -0.162037 0.316148
Moved 3432.947 290 511.5 -0.162037 0.317644
Moved 3432.977 275.2906 500.7208 -0.1960865 0.2899197
Moved 3433.008 253.8777 473.3967 -0.2456535 0.2196416
Moved 3433.039 238.8707 446.7415 -0.2803919 0.1510839
Moved 3433.07 231.2691 425.3842 -0.2979883 0.09615254
Moved 3433.1 226.5544 406.3263 -0.3089019 0.04713549
Moved 3433.131 222.6816 393.7264 -0.3178667 0.01472842
Moved 3433.162 221 383.4388 -0.3217593 -0.01173145
Moved 3433.193 219.2978 375.8935 -0.3256994 -0.03113821
Moved 3433.223 219 369.8658 -0.3263889 -0.0466415
Moved 3433.254 218 365.1057 -0.3287037 -0.05888456
Moved 3433.285 218 362.9957 -0.3287037 -0.06431147
Moved 3433.316 218 360.5 -0.3287037 -0.07073053
Ended 3433.346 218 360.5 -0.3287037 -0.07073053
Accept 3433.438 0 bin
Candidates 3433.438 13 news need bed needs beds bees brass bra beef breed beta mess brad
Began 3433.531 325 345 -0.08101851 -0.1105968
Moved 3433.562 302.9751 345 -0.132002 -0.1105968
Moved 3433.592 271.1876 350.2083 -0.2055843 -0.09720107
Moved 3433.623 238.5 356.5 -0.28125 -0.0810186
Moved 3433.654 213.4911 358.0463 -0.339141 -0.07704157
Moved 3433.685 193.4265 361.9147 -0.3855869 -0.06709196
Moved 3433.715 174.509 364.7844 -0.4293773 -0.05971084
Moved 3433.746 159.5394 367.2087 -0.4640293 -0.05347569
Moved 3433.777 147.5268 369.1577 -0.4918362 -0.04846274
Moved 3433.808 141.6327 369 -0.5054799 -0.04886839
Moved 3433.838 131.2003 370 -0.5296289 -0.04629637
Moved 3433.869 126.117 370 -0.541396 -0.04629637
Moved 3433.9 121.6853 370 -0.5516543 -0.04629637
Moved 3433.931 115.6465 370 -0.5656329 -0.04629637
Moved 3433.961 109.4502 370 -0.5799764 -0.04629637
Moved 3433.992 102.3003 370 -0.596527 -0.04629637
Moved 3434.023 93.68868 370 -0.6164614 -0.04629637
Moved 3434.053 88.38432 362 -0.62874 -0.06687243
Moved 3434.084 84.12548 360 -0.6385984 -0.07201654
Moved 3434.115 78.52924 358 -0.6515527 -0.07716057
Moved 3434.146 75.38818 356 -0.6588237 -0.0823046
Ended 3434.177 75 356 -0.6597222 -0.0823046
Accept 3434.238 0 news
Delete 3434.238 LeftSwipe
Began 3434.515 161 391 -0.4606481 0.007715971
Moved 3434.545 180.3969 400.6984 -0.415748 0.03266048
Moved 3434.576 219.2482 422.6657 -0.3258143 0.0891607
Moved 3434.607 261.9266 445.9633 -0.2270217 0.1490826
Moved 3434.638 299.0195 464.2816 -0.1411586 0.1961973
Moved 3434.668 315.9881 471.994 -0.1018795 0.2160339
Moved 3434.699 329.5 477.5 -0.07060184 0.2301954
Moved 3434.73 331.4688 478.7344 -0.06604448 0.2333702
Moved 3434.761 335.6047 480.6047 -0.05647068 0.2381807
Moved 3434.792 338.4752 482 -0.04982585 0.2417695
Moved 3434.822 340.1709 483.171 -0.04590064 0.2447812
Moved 3434.853 341 483 -0.04398147 0.2443414
Moved 3434.884 342 483 -0.04166668 0.2443414
Stationary 3434.914 342 483 -0.04166668 0.2443414
Moved 3434.945 342 465.0752 -0.04166668 0.1982386
Moved 3434.976 333.6238 441.6238 -0.06105592 0.1379213
Moved 3435.007 332 419.5851 -0.06481484 0.08123727
Moved 3435.037 332 406.6261 -0.06481484 0.04790651
Moved 3435.068 332 399.0258 -0.06481484 0.0283585
Moved 3435.099 332 393.6068 -0.06481484 0.01442069
Moved 3435.13 332 389.9342 -0.06481484 0.004974726
Moved 3435.16 332 387.3159 -0.06481484 -0.001759588
Moved 3435.191 332 384.5611 -0.06481484 -0.008844995
Moved 3435.222 332 382.6883 -0.06481484 -0.01366187
Moved 3435.253 332 380.8195 -0.06481484 -0.01846855
Moved 3435.283 304.2511 375.5668 -0.1290485 -0.03197839
Moved 3435.314 267.1839 371 -0.2148521 -0.04372435
Moved 3435.345 234.4994 369.5416 -0.2905107 -0.04747524
Moved 3435.376 205.054 370 -0.3586712 -0.04629637
Moved 3435.406 179.7102 370 -0.4173376 -0.04629637
Moved 3435.437 157.0001 369 -0.4699071 -0.04886839
Moved 3435.468 140.0724 368 -0.5090917 -0.05144041
Moved 3435.499 129.5179 368 -0.5335233 -0.05144041
Moved 3435.53 120.9399 368 -0.55338 -0.05144041
Moved 3435.56 111.3158 367 -0.5756579 -0.05401234
Moved 3435.591 103.4721 364.236 -0.5938147 -0.06112142
Moved 3435.622 97.11201 362.704 -0.608537 -0.06506186
Moved 3435.652 91.66187 360.8309 -0.6211531 -0.06987937
Moved 3435.683 86.96233 360 -0.6320316 -0.07201654
Moved 3435.714 82.33846 358.3384 -0.6427351 -0.07629009
Moved 3435.745 79.59192 358 -0.6490928 -0.07716057
Moved 3435.775 77.5 357 -0.6539352 -0.07973259
Ended 3435.806 75.87174 354.8718 -0.6577043 -0.08520644
Candidates 3435.868 13 area a saga data sea atta africa da fda usa ga sara arena
Began 3436.636 389 409 0.06712963 0.05401234
Moved 3436.667 378.4877 409 0.04279554 0.05401234
Moved 3436.698 338.4744 403.8846 -0.04982784 0.04085552
Moved 3436.729 294.3247 387.7749 -0.1520262 -0.0005790726
Moved 3436.759 248.5933 375.1396 -0.2578858 -0.03307727
Moved 3436.79 213.5509 365.3447 -0.3390024 -0.05826997
Moved 3436.821 187.7472 358.6105 -0.3987334 -0.07559042
Moved 3436.852 172.5 355.5 -0.4340278 -0.08359061
Moved 3436.882 162.6163 354 -0.4569067 -0.08744855
Moved 3436.913 154.0347 352 -0.4767715 -0.09259266
Moved 3436.944 149.2853 350 -0.4877656 -0.09773669
Moved 3436.975 146.712 348.712 -0.4937223 -0.1010495
Moved 3437.005 144.5 349 -0.4988426 -0.1003086
Moved 3437.036 142.9388 347.9388 -0.5024564 -0.103038
Moved 3437.067 142 347.0101 -0.5046296 -0.1054268
Moved 3437.097 141 347 -0.5069445 -0.1054527
Ended 3437.128 140 347 -0.5092592 -0.1054527
Began 3437.22 120 335 -0.5555555 -0.1363169
Accept 3437.22 0 area
Candidates 3437.22 13 has gas ga ha jazz fda faa hs da fas java usa gaza
Stationary 3437.251 120 335 -0.5555555 -0.1363169
Stationary 3437.282 120 335 -0.5555555 -0.1363169
Moved 3437.313 106.2974 324.1982 -0.5872746 -0.1640992
Moved 3437.344 96.67514 316.4501 -0.6095482 -0.1840277
Moved 3437.374 85.44968 308.4497 -0.6355331 -0.2046047
Moved 3437.405 75.5 298 -0.6585647 -0.2314816
Moved 3437.436 67.86514 290.8651 -0.6762381 -0.2498327
Moved 3437.467 58.26154 280.2615 -0.6984687 -0.2771052
Moved 3437.497 49.63992 273.4266 -0.7184261 -0.2946846
Ended 3437.528 40.03113 268.5156 -0.7406687 -0.3073161
Accept 3437.589 0 has
Delete 3437.589 LeftSwipe
Began 3438.082 356 392 -0.009259283 0.01028803
Moved 3438.112 334.7101 392 -0.05854155 0.01028803
Moved 3438.143 295.4035 392 -0.1495289 0.01028803
Moved 3438.174 253.6226 376.1556 -0.2462441 -0.03046405
Moved 3438.204 220.922 367.5766 -0.3219399 -0.0525294
Moved 3438.235 206.4911 363.2473 -0.3553447 -0.06366439
Moved 3438.266 185.1643 357.7612 -0.4047121 -0.07777469
Moved 3438.297 166.378 354.3397 -0.4481991 -0.08657487
Moved 3438.327 151.3895 350.4779 -0.4828947 -0.09650752
Moved 3438.358 137.0024 346.6005 -0.5161982 -0.1064804
Moved 3438.389 130.1947 342.1298 -0.5319568 -0.1179789
Moved 3438.42 122.4281 339.2141 -0.5499349 -0.1254783
Moved 3438.45 117.3449 337.345 -0.5617016 -0.1302856
Moved 3438.481 113 335.5 -0.5717592 -0.1350309
Moved 3438.512 105.6295 333.9073 -0.5888206 -0.1391273
Moved 3438.543 94.15816 328.0791 -0.6153746 -0.1541175
Moved 3438.573 83.5479 322.3653 -0.6399354 -0.1688135
Moved 3438.604 77 317 -0.6550926 -0.1826131
Moved 3438.635 69.43821 311.6255 -0.6725967 -0.1964366
Moved 3438.666 62.84489 304.8966 -0.6878591 -0.2137433
Moved 3438.696 55.2236 294.2236 -0.7055009 -0.2411944
Moved 3438.727 49.074 288.074 -0.7197362 -0.2570115
Moved 3438.758 43.38803 282.3881 -0.7328981 -0.2716357
Moved 3438.789 36.64188 280 -0.7485141 -0.2777778
Ended 3438.819 36.64188 280 -0.7485141 -0.2777778
Delete 3438.881 LeftSwipe
Began 3439.158 328 385 -0.07407407 -0.007716127
Stationary 3439.188 328 385 -0.07407407 -0.007716127
Moved 3439.219 306.1464 380.4472 -0.1246611 -0.01942599
Moved 3439.25 272.7993 371.5599 -0.2018536 -0.04228435
Moved 3439.281 227.1118 362.8223 -0.3076116 -0.06475739
Moved 3439.311 187.9086 348.3786 -0.3983597 -0.101907
Moved 3439.342 154.4733 336.8245 -0.4757562 -0.1316244
Moved 3439.373 134.4933 329.06 -0.5220062 -0.1515947
Moved 3439.404 109.5683 319.4631 -0.5797029 -0.1762781
Moved 3439.434 92.712 313.904 -0.6187223 -0.1905762
Moved 3439.465 80.21253 307.6063 -0.6476561 -0.2067741
Moved 3439.496 71.72202 299.722 -0.6673102 -0.2270525
Moved 3439.527 64.06809 294.0681 -0.6850275 -0.2415944
Moved 3439.557 55.49078 287.4908 -0.7048824 -0.2585114
Moved 3439.588 46.14731 280.8605 -0.7265109 -0.2755647
Moved 3439.619 37.84143 273.4207 -0.7457374 -0.2946999
Moved 3439.65 32.08505 269.5425 -0.7590623 -0.3046746
Ended 3439.68 27.6641 266.6641 -0.7692961 -0.3120779
Delete 3439.772 LeftSwipe
Began 3440.449 391 356 0.07175922 -0.0823046
Stationary 3440.48 391 356 0.07175922 -0.0823046
Stationary 3440.51 391 356 0.07175922 -0.0823046
Stationary 3440.541 391 356 0.07175922 -0.0823046
Stationary 3440.572 391 356 0.07175922 -0.0823046
Stationary 3440.603 391 356 0.07175922 -0.0823046
Stationary 3440.634 391 356 0.07175922 -0.0823046
Stationary 3440.664 391 356 0.07175922 -0.0823046
Stationary 3440.695 391 356 0.07175922 -0.0823046
Stationary 3440.726 391 356 0.07175922 -0.0823046
Stationary 3440.757 391 356 0.07175922 -0.0823046
Stationary 3440.787 391 356 0.07175922 -0.0823046
Stationary 3440.818 391 356 0.07175922 -0.0823046
Stationary 3440.849 391 356 0.07175922 -0.0823046
Stationary 3440.879 391 356 0.07175922 -0.0823046
Stationary 3440.91 391 356 0.07175922 -0.0823046
Stationary 3440.941 391 356 0.07175922 -0.0823046
Moved 3440.972 403.1496 382.8279 0.09988328 -0.01330285
Moved 3441.002 423.229 414.2498 0.1463635 0.06751484
Moved 3441.033 437.7442 442.3396 0.1799635 0.1397623
Moved 3441.064 448.0432 459.0576 0.2038038 0.1827613
Moved 3441.095 457.6541 472.6541 0.226051 0.2177315
Moved 3441.125 466.5 483 0.2465278 0.2443414
Moved 3441.156 474.8182 491.8182 0.2657829 0.2670219
Moved 3441.187 480.1406 497.2812 0.2781032 0.2810729
Moved 3441.218 485.0111 500.0112 0.2893777 0.2880945
Moved 3441.249 489.1593 503.5797 0.2989799 0.2972727
Moved 3441.279 492.4557 505 0.3066104 0.3009258
Moved 3441.31 494.3187 507.3187 0.3109229 0.3068895
Moved 3441.341 495.0622 507 0.3126439 0.3060699
Stationary 3441.372 495 507 0.3125 0.3060699
Stationary 3441.402 495 507 0.3125 0.3060699
Moved 3441.433 495 493.1558 0.3125 0.2704622
Moved 3441.464 472.0975 466.1462 0.2594848 0.2009934
Moved 3441.494 461.4989 442.3303 0.2349511 0.1397384
Moved 3441.525 453.5841 414.3365 0.2166299 0.06773799
Moved 3441.556 447.2828 390.2759 0.2020434 0.005853754
Moved 3441.587 440.7692 365.1923 0.1869657 -0.05866196
Moved 3441.617 439.0027 348.0134 0.1828766 -0.1028463
Moved 3441.648 437.1436 332.7181 0.1785732 -0.142186
Moved 3441.679 435.5 320.5 0.1747686 -0.1736112
Moved 3441.71 435 305.814 0.1736111 -0.2113838
Moved 3441.74 435 297.6387 0.1736111 -0.2324107
Moved 3441.771 435 291.0349 0.1736111 -0.249396
Moved 3441.802 435 286.4449 0.1736111 -0.2612014
Moved 3441.833 435 282.5744 0.1736111 -0.2711565
Moved 3441.864 435 278.4175 0.1736111 -0.281848
Moved 3441.894 433.8398 276.8397 0.1709254 -0.2859061
Stationary 3441.925 433.8398 276.8397 0.1709254 -0.2859061
Moved 3441.956 424.2193 280.893 0.1486557 -0.275481
Moved 3441.987 406.5589 299.848 0.1077752 -0.2267286
Moved 3442.017 385.4464 322.442 0.05890369 -0.1686164
Moved 3442.048 364.6664 349.9171 0.01080185 -0.09794996
Moved 3442.079 344.3943 376.9217 -0.03612439 -0.02849367
Moved 3442.109 326.8314 400.6968 -0.07677928 0.03265628
Moved 3442.14 314.6055 417.5522 -0.1050798 0.07600882
Moved 3442.171 302.2633 438.5261 -0.1336498 0.1299539
Moved 3442.202 291.5613 456.0645 -0.158423 0.175063
Moved 3442.232 283.5 472 -0.1770833 0.2160493
Moved 3442.263 275.3904 482.8127 -0.1958555 0.2438598
Moved 3442.294 267.7852 493.2864 -0.2134601 0.2707982
Moved 3442.325 263.0565 500.887 -0.2244063 0.2903472
Moved 3442.355 259.2113 505.7887 -0.2333072 0.3029544
Moved 3442.386 257.6261 508.3738 -0.2369765 0.3096034
Moved 3442.417 255.7613 511.2387 -0.2412933 0.3169719
Moved 3442.448 253.8883 513.1117 -0.2456289 0.3217892
Moved 3442.478 253.3549 515 -0.2468637 0.326646
Moved 3442.509 253 516.256 -0.2476852 0.3298765
Moved 3442.54 253 517.3718 -0.2476852 0.3327464
Moved 3442.571 253 518.2495 -0.2476852 0.3350036
Stationary 3442.601 253 518.2495 -0.2476852 0.3350036
Moved 3442.632 253 513.0142 -0.2476852 0.3215384
Moved 3442.663 243.5539 490.5969 -0.2695512 0.2638809
Moved 3442.694 229.8084 465.6488 -0.3013693 0.199714
Moved 3442.724 220.1812 441.6343 -0.3236545 0.1379483
Moved 3442.755 213.2207 422.1037 -0.3397668 0.08771515
Moved 3442.786 209.5 404.5 -0.3483796 0.04243823
Moved 3442.817 208 388.9963 -0.3518518 0.002562362
Moved 3442.847 207 374.8665 -0.3541667 -0.03377961
Moved 3442.878 207 361.5082 -0.3541667 -0.06813747
Moved 3442.909 207 353.6102 -0.3541667 -0.08845113
Moved 3442.94 207 348.3391 -0.3541667 -0.1020087
Moved 3442.97 207 344.8107 -0.3541667 -0.1110836
Moved 3443.001 216.1744 345 -0.3329296 -0.1105968
Moved 3443.032 237.2531 366.2531 -0.2841364 -0.05593335
Moved 3443.063 265.0756 395.5284 -0.2197324 0.01936324
Moved 3443.093 285.5228 418.8382 -0.1724009 0.07931627
Moved 3443.124 299.3481 440.0873 -0.1403979 0.1339695
Moved 3443.155 311.7549 456.4437 -0.1116784 0.1760382
Moved 3443.186 319.6728 467.6728 -0.0933501 0.2049197
Moved 3443.216 328.2911 478.7216 -0.07340014 0.2333372
Moved 3443.247 334.9148 485.8864 -0.05806759 0.2517652
Moved 3443.278 342.5305 494.5305 -0.04043877 0.273998
Moved 3443.309 348.4225 501.4225 -0.02679979 0.2917244
Moved 3443.339 353 506.5 -0.01620372 0.3047839
Moved 3443.37 355.0859 511.0859 -0.01137515 0.316579
Moved 3443.401 357.9552 514.9552 -0.004733255 0.3265308
Moved 3443.432 363.6484 518.6484 0.008445382 0.3360299
Ended 3443.462 369.9473 521.3158 0.02302627 0.3428903
Candidates 3443.524 13 honest finest contact library highest linear contract vintage context interest connect longest coverage
Began 3443.924 310 432 -0.1157407 0.1131687
Stationary 3443.954 310 432 -0.1157407 0.1131687
Moved 3443.985 328.5377 432 -0.07282937 0.1131687
Moved 3444.016 362.4751 432 0.005729397 0.1131687
Moved 3444.046 408.3402 437.7588 0.1118987 0.1279804
Moved 3444.077 446.2802 442.69 0.1997225 0.1406635
Moved 3444.108 477.6151 447.5615 0.2722571 0.1531932
Moved 3444.139 500.594 449.066 0.3254491 0.1570626
Moved 3444.169 520.5601 451.9267 0.371667 0.1644204
Moved 3444.2 538.0134 455.6053 0.4120679 0.173882
Moved 3444.231 553 458.5 0.4467593 0.181327
Moved 3444.262 562.6459 460.2153 0.4690876 0.1857388
Moved 3444.292 574.3484 463.0871 0.496177 0.1931251
Moved 3444.323 582.8676 465.9559 0.5158973 0.2005038
Moved 3444.354 588.7026 467 0.5294042 0.2031892
Moved 3444.385 593.6954 469 0.5409615 0.2083333
Moved 3444.416 598.217 471 0.5514282 0.2134772
Moved 3444.446 603.1776 473.0888 0.5629112 0.2188497
Moved 3444.477 607.3217 474 0.5725037 0.2211934
Moved 3444.508 611.5208 475.5208 0.5822241 0.2251049
Moved 3444.539 614.3947 476 0.5888767 0.2263374
Moved 3444.569 616 477 0.5925925 0.2289094
Moved 3444.6 618.7921 477.7921 0.5990556 0.2309466
Moved 3444.631 620.6631 478 0.6033868 0.2314814
Moved 3444.661 621.5336 478 0.6054018 0.2314814
Moved 3444.692 623.012 479.012 0.608824 0.2340842
Moved 3444.723 623.8984 479 0.610876 0.2340534
Moved 3444.754 624.5 479 0.6122685 0.2340534
Moved 3444.784 626.5 479 0.6168981 0.2340534
Ended 3444.815 626 479 0.6157407 0.2340534
Accept 3444.907 0 honest
PhraseEnd 3444.907
