quit while you are ahead
quit while you are ahead
Basic
List

0.6 0.6
432 388.8
Began 3210.29 261 425 -0.2291666 0.09516452
Stationary 3210.321 261 425 -0.2291666 0.09516452
Stationary 3210.351 261 425 -0.2291666 0.09516452
Moved 3210.382 252 425 -0.25 0.09516452
Moved 3210.413 249.5 425 -0.255787 0.09516452
Moved 3210.443 247.1122 425 -0.2613143 0.09516452
Moved 3210.474 245.8276 425 -0.264288 0.09516452
Moved 3210.505 243.7201 425 -0.2691665 0.09516452
Moved 3210.536 242.5 425 -0.2719907 0.09516452
Moved 3210.566 242 425 -0.2731481 0.09516452
Moved 3210.597 240.937 425 -0.2756089 0.09516452
Moved 3210.628 239.9945 425 -0.2777906 0.09516452
Moved 3210.659 238.9185 425 -0.2802812 0.09516452
Stationary 3210.689 238.9185 425 -0.2802812 0.09516452
Moved 3210.72 237.8645 425 -0.2827211 0.09516452
Moved 3210.751 236.8003 425 -0.2851845 0.09516452
Moved 3210.781 235.8443 425 -0.2873975 0.09516452
Moved 3210.812 234.0283 425 -0.2916011 0.09516452
Moved 3210.843 232.5909 425 -0.2949285 0.09516452
Moved 3210.874 229.2795 425 -0.3025937 0.09516452
Moved 3210.905 226.8047 425 -0.3083225 0.09516452
Moved 3210.935 224.5 425 -0.3136574 0.09516452
Moved 3210.966 222 425 -0.3194444 0.09516452
Moved 3210.997 219.1378 425 -0.32607 0.09516452
Moved 3211.028 216.6247 425 -0.3318873 0.09516452
Moved 3211.058 215.6266 425 -0.3341977 0.09516452
Moved 3211.089 215 432.3793 -0.3356481 0.1141443
Stationary 3211.12 215 432.3793 -0.3356481 0.1141443
Moved 3211.15 220.9465 437.0812 -0.321883 0.1262376
Moved 3211.181 252.2312 447.6096 -0.2494648 0.1533169
Moved 3211.212 284.328 455.832 -0.1751666 0.174465
Moved 3211.243 308.9637 458.8149 -0.1181395 0.182137
Moved 3211.273 332.771 460.6816 -0.06303002 0.1869381
Moved 3211.304 352.3125 462.5521 -0.01779522 0.1917491
Moved 3211.335 367.1164 464.4233 0.01647323 0.1965619
Moved 3211.366 378.6942 465 0.04327357 0.1980452
Moved 3211.396 389.1894 466 0.06756792 0.2006171
Moved 3211.427 399.0332 467 0.09035467 0.2031892
Moved 3211.458 405.5059 468 0.1053376 0.2057612
Moved 3211.489 414.2673 470 0.1256188 0.2109053
Moved 3211.519 421.8661 472.9554 0.1432085 0.2185066
Moved 3211.55 428.4708 474 0.1584973 0.2211934
Moved 3211.581 435.0232 475 0.1736648 0.2237653
Moved 3211.612 445.8482 477 0.1987228 0.2289094
Moved 3211.642 458.3199 479.08 0.2275923 0.2342591
Moved 3211.673 465.4658 479 0.2441337 0.2340534
Moved 3211.704 469.5 480 0.2534722 0.2366254
Moved 3211.735 470 480 0.2546296 0.2366254
Moved 3211.765 470 481.5 0.2546296 0.2404835
Moved 3211.796 450.894 487.5791 0.2104027 0.2561191
Moved 3211.827 419.7764 490 0.1383714 0.2623456
Moved 3211.858 391.2312 490 0.07229437 0.2623456
Moved 3211.888 373.986 490 0.03237506 0.2623456
Moved 3211.919 364.305 490.8983 0.009965301 0.2646561
Moved 3211.95 354.4498 492.7751 -0.01284763 0.2694832
Moved 3211.98 347.0689 494.6437 -0.02993301 0.2742892
Moved 3212.011 342.7127 496.1436 -0.04001682 0.2781471
Moved 3212.042 336.8737 498.0632 -0.05353322 0.2830842
Moved 3212.073 332.1402 499 -0.06449029 0.2854938
Moved 3212.104 327.3994 501 -0.07546439 0.2906378
Moved 3212.134 322.3434 502 -0.08716817 0.2932098
Moved 3212.165 318.8132 502 -0.09533987 0.2932098
Moved 3212.196 315.9402 503 -0.1019901 0.2957818
Moved 3212.226 314.511 503 -0.1052985 0.2957818
Moved 3212.257 312.7525 503 -0.1093692 0.2957818
Moved 3212.288 311.8773 504.1227 -0.111395 0.2986694
Stationary 3212.319 312 504 -0.1111111 0.2983539
Stationary 3212.349 312 504 -0.1111111 0.2983539
Ended 3212.38 312 504 -0.1111111 0.2983539
Candidates 3212.472 13 air site edit sir store sort aug sit suite author white fair sure
Began 3213.179 336 455 -0.05555556 0.172325
Stationary 3213.21 336 455 -0.05555556 0.172325
Moved 3213.241 293.942 434.5466 -0.1529122 0.1197185
Moved 3213.272 257.0282 416.7844 -0.2383607 0.07403401
Moved 3213.302 232.2731 405.1024 -0.2956641 0.0439877
Moved 3213.333 202.7592 393.7037 -0.3639834 0.0146699
Moved 3213.364 182.8679 386.6226 -0.4100281 -0.003542684
Moved 3213.395 165.2048 380.882 -0.4509147 -0.01830772
Moved 3213.425 150.3624 375.7875 -0.4852722 -0.03141089
Moved 3213.456 140.0836 372.0209 -0.5090656 -0.04109842
Moved 3213.487 132.4744 368.3163 -0.5266796 -0.05062691
Moved 3213.518 127 364 -0.5393518 -0.06172839
Moved 3213.548 121.5236 362.7618 -0.5520287 -0.0649132
Moved 3213.579 116.7842 360.8921 -0.5629997 -0.06972199
Moved 3213.61 112.034 358.034 -0.5739954 -0.07707313
Moved 3213.641 107.9012 356.4506 -0.583562 -0.08114559
Moved 3213.671 102.1669 352.5834 -0.5968359 -0.09109206
Moved 3213.702 98.70947 349.7095 -0.6048392 -0.09848394
Moved 3213.733 94.83945 347.8395 -0.6137975 -0.1032936
Moved 3213.763 92.5 346.5 -0.619213 -0.1067387
Moved 3213.794 92 346 -0.6203703 -0.1080248
Stationary 3213.825 92 346 -0.6203703 -0.1080248
Ended 3213.856 92 346 -0.6203703 -0.1080248
Accept 3213.917 0 air
Delete 3213.917 LeftSwipe
Began 3215.055 178 448 -0.4212963 0.1543209
Stationary 3215.085 178 448 -0.4212963 0.1543209
Stationary 3215.116 178 448 -0.4212963 0.1543209
Stationary 3215.147 178 448 -0.4212963 0.1543209
Stationary 3215.178 178 448 -0.4212963 0.1543209
Stationary 3215.208 178 448 -0.4212963 0.1543209
Stationary 3215.239 178 448 -0.4212963 0.1543209
Stationary 3215.27 178 448 -0.4212963 0.1543209
Stationary 3215.301 178 448 -0.4212963 0.1543209
Stationary 3215.331 178 448 -0.4212963 0.1543209
Stationary 3215.362 178 448 -0.4212963 0.1543209
Stationary 3215.393 178 448 -0.4212963 0.1543209
Stationary 3215.424 178 448 -0.4212963 0.1543209
Stationary 3215.454 178 448 -0.4212963 0.1543209
Stationary 3215.485 178 448 -0.4212963 0.1543209
Moved 3215.516 200.6255 448 -0.3689224 0.1543209
Moved 3215.547 213.9891 458.9963 -0.3379882 0.1826037
Moved 3215.577 227.4743 462.9927 -0.3067724 0.1928823
Moved 3215.608 251.2834 467.7296 -0.2516589 0.2050658
Moved 3215.639 273.6681 470.2383 -0.1998423 0.2115181
Moved 3215.669 290.166 470.8332 -0.1616528 0.2130483
Moved 3215.7 310.5755 471 -0.1144086 0.2134772
Moved 3215.731 330.6693 471 -0.0678952 0.2134772
Moved 3215.762 347.9989 471 -0.02778023 0.2134772
Moved 3215.792 363.4055 471 0.007883012 0.2134772
Moved 3215.823 376.3472 471 0.0378407 0.2134772
Moved 3215.854 385.311 471 0.05859017 0.2134772
Moved 3215.885 392 471 0.07407407 0.2134772
Moved 3215.916 401.3912 471 0.09581307 0.2134772
Moved 3215.946 411.9145 471 0.1201724 0.2134772
Moved 3215.977 423.4094 471 0.1467811 0.2134772
Moved 3216.008 442.0562 471 0.1899449 0.2134772
Moved 3216.038 449.2756 471 0.2066565 0.2134772
Moved 3216.069 459.484 471 0.2302871 0.2134772
Moved 3216.1 466.9596 471 0.2475917 0.2134772
Moved 3216.131 472.981 471 0.2615302 0.2134772
Moved 3216.161 477.362 471 0.2716714 0.2134772
Moved 3216.192 480.2336 471 0.2783184 0.2134772
Moved 3216.223 481.5 471 0.28125 0.2134772
Moved 3216.254 482.3221 471 0.2831528 0.2134772
Stationary 3216.284 482 471 0.2824074 0.2134772
Stationary 3216.315 482 471 0.2824074 0.2134772
Moved 3216.346 460.7749 473 0.2332752 0.2186213
Moved 3216.376 434.0285 473 0.1713622 0.2186213
Moved 3216.407 411.4759 473 0.1191572 0.2186213
Moved 3216.438 396.5 473 0.08449078 0.2186213
Moved 3216.469 380.5843 473 0.04764885 0.2186213
Moved 3216.5 367.2205 473 0.01671414 0.2186213
Moved 3216.53 356.6933 473 -0.00765438 0.2186213
Moved 3216.561 349.4606 473 -0.02439678 0.2186213
Moved 3216.592 339.5273 473 -0.04739056 0.2186213
Moved 3216.623 330.6844 473 -0.06786024 0.2186213
Moved 3216.653 324.0443 473 -0.08323078 0.2186213
Moved 3216.684 319.0423 473 -0.09480958 0.2186213
Moved 3216.715 315.6498 473 -0.1026625 0.2186213
Moved 3216.745 312.7764 473 -0.109314 0.2186213
Moved 3216.776 311.5 473 -0.1122685 0.2186213
Moved 3216.807 309.7987 473 -0.1162068 0.2186213
Moved 3216.838 307.746 473 -0.1209583 0.2186213
Moved 3216.868 306.8745 473 -0.1229757 0.2186213
Stationary 3216.899 306.8745 473 -0.1229757 0.2186213
Moved 3216.93 305.9235 473 -0.125177 0.2186213
Stationary 3216.961 305.9235 473 -0.125177 0.2186213
Stationary 3216.991 306 473 -0.125 0.2186213
Ended 3217.022 306 473 -0.125 0.2186213
Candidates 3217.114 13 air site aug white why store author said while sort results edit aid
Began 3217.975 273 375 -0.2013889 -0.03343629
Moved 3218.006 259.0701 375 -0.233634 -0.03343629
Moved 3218.037 231.9391 363.0817 -0.2964371 -0.06409021
Moved 3218.067 200.2611 350.3044 -0.369766 -0.09695367
Moved 3218.098 178.0228 343.289 -0.4212435 -0.1149975
Moved 3218.129 156.9429 336.2613 -0.4700394 -0.1330729
Moved 3218.16 141.1967 331.0984 -0.506489 -0.1463519
Moved 3218.19 131.0424 327.6808 -0.5299945 -0.1551421
Moved 3218.221 123.5181 324.1727 -0.5474118 -0.1641649
Moved 3218.252 115.921 321.307 -0.5649977 -0.1715356
Moved 3218.282 109.8713 318.4357 -0.5790016 -0.1789207
Moved 3218.313 105.9152 316.9152 -0.5881593 -0.1828314
Moved 3218.344 103.0135 316 -0.5948762 -0.1851853
Moved 3218.375 100.1453 314 -0.6015157 -0.1903292
Moved 3218.406 98.27433 313 -0.6058465 -0.1929013
Moved 3218.436 97 312 -0.6087962 -0.1954732
Moved 3218.467 93.88709 311 -0.6160021 -0.1980453
Moved 3218.498 92.01548 309.0155 -0.6203345 -0.2031495
Moved 3218.529 91 308 -0.6226851 -0.2057614
Ended 3218.559 90 307 -0.6250001 -0.2083334
Accept 3218.621 0 air
Delete 3218.621 LeftSwipe
Began 3219.42 218 476 -0.3287037 0.2263374
Stationary 3219.451 218 476 -0.3287037 0.2263374
Stationary 3219.481 218 476 -0.3287037 0.2263374
Stationary 3219.512 218 476 -0.3287037 0.2263374
Stationary 3219.543 218 476 -0.3287037 0.2263374
Stationary 3219.574 218 476 -0.3287037 0.2263374
Stationary 3219.605 218 476 -0.3287037 0.2263374
Stationary 3219.635 218 476 -0.3287037 0.2263374
Stationary 3219.666 218 476 -0.3287037 0.2263374
Stationary 3219.697 218 476 -0.3287037 0.2263374
Stationary 3219.728 218 476 -0.3287037 0.2263374
Stationary 3219.758 218 476 -0.3287037 0.2263374
Stationary 3219.789 218 476 -0.3287037 0.2263374
Stationary 3219.82 218 476 -0.3287037 0.2263374
Stationary 3219.851 218 476 -0.3287037 0.2263374
Stationary 3219.881 218 476 -0.3287037 0.2263374
Stationary 3219.912 218 476 -0.3287037 0.2263374
Stationary 3219.943 218 476 -0.3287037 0.2263374
Stationary 3219.973 218 476 -0.3287037 0.2263374
Stationary 3220.004 218 476 -0.3287037 0.2263374
Stationary 3220.035 218 476 -0.3287037 0.2263374
Stationary 3220.065 218 476 -0.3287037 0.2263374
Moved 3220.096 235.5104 476 -0.2881703 0.2263374
Moved 3220.127 272.6256 476 -0.2022554 0.2263374
Moved 3220.158 304.0156 476 -0.1295935 0.2263374
Moved 3220.189 326.275 476 -0.07806709 0.2263374
Moved 3220.219 345.8523 476 -0.03274923 0.2263374
Moved 3220.25 364.0839 476 0.009453495 0.2263374
Moved 3220.281 374.9407 476 0.034585 0.2263374
Moved 3220.312 388.2509 476 0.06539553 0.2263374
Moved 3220.342 398.8911 476 0.09002577 0.2263374
Moved 3220.373 405.1824 476 0.1045889 0.2263374
Moved 3220.404 409.0875 476 0.1136285 0.2263374
Moved 3220.435 413.9861 476 0.1249679 0.2263374
Moved 3220.465 420.6999 476 0.1405089 0.2263374
Moved 3220.496 431 476 0.1643519 0.2263374
Moved 3220.527 444.727 476 0.1961272 0.2263374
Moved 3220.558 454.6223 476 0.219033 0.2263374
Moved 3220.588 467.1139 483 0.2479489 0.2443414
Moved 3220.619 474.1111 484.5555 0.264146 0.2483424
Moved 3220.65 478.4264 485 0.2741352 0.2494856
Moved 3220.68 481.2918 485 0.280768 0.2494856
Moved 3220.711 481 486 0.2800926 0.2520575
Moved 3220.742 481 487.5 0.2800926 0.2559156
Moved 3220.773 468.7741 490.0753 0.251792 0.2625392
Moved 3220.803 444.8695 492 0.1964573 0.2674896
Moved 3220.834 419.2528 492 0.1371592 0.2674896
Moved 3220.865 398.2109 492 0.08845121 0.2674896
Moved 3220.896 384.5225 492 0.05676498 0.2674896
Moved 3220.927 373.2989 492 0.03078451 0.2674896
Moved 3220.957 363.6679 492 0.008490483 0.2674896
Moved 3220.988 353.1905 492 -0.01576275 0.2674896
Moved 3221.019 343.515 486.2018 -0.03815964 0.2525765
Moved 3221.049 335.5 485 -0.05671298 0.2494856
Moved 3221.08 327.2128 485 -0.07589629 0.2494856
Moved 3221.111 320.7368 484 -0.09088695 0.2469135
Moved 3221.142 315.9968 483 -0.1018592 0.2443414
Moved 3221.172 313.4619 483 -0.1077271 0.2443414
Moved 3221.203 310.5837 483 -0.1143896 0.2443414
Moved 3221.234 309.5 483 -0.1168982 0.2443414
Moved 3221.265 307.9259 483 -0.1205419 0.2443414
Stationary 3221.295 307.9259 483 -0.1205419 0.2443414
Moved 3221.326 306.7776 483 -0.1231999 0.2443414
Moved 3221.357 305.8136 483 -0.1254316 0.2443414
Stationary 3221.387 305.8136 483 -0.1254316 0.2443414
Stationary 3221.418 306 483 -0.125 0.2443414
Ended 3221.449 306 483 -0.125 0.2443414
Candidates 3221.541 13 site sort white air store write quote for support sir sorry while error
Began 3222.248 340 410 -0.04629632 0.05658428
Moved 3222.279 340 426.5085 -0.04629632 0.09904441
Moved 3222.31 362.7869 469.4825 0.00645111 0.2095742
Moved 3222.341 377.3737 506.7475 0.04021704 0.3054205
Moved 3222.371 391.4449 539.6123 0.0727892 0.3899492
Moved 3222.402 397.4471 557.1179 0.08668323 0.4349738
Moved 3222.433 401.6965 568.3931 0.09651979 0.4639738
Moved 3222.464 403.6744 576.0233 0.1010982 0.483599
Moved 3222.494 405 582.0867 0.1041667 0.499194
Moved 3222.525 405 586.8318 0.1041667 0.5113987
Moved 3222.556 406 589.9497 0.1064815 0.5194179
Moved 3222.586 406 593.6438 0.1064815 0.5289191
Moved 3222.617 406 596.6927 0.1064815 0.5367609
Moved 3222.648 406 599.5 0.1064815 0.5439814
Moved 3222.679 406 602.0676 0.1064815 0.5505852
Moved 3222.709 406 604.5 0.1064815 0.5568415
Moved 3222.74 406 605.1853 0.1064815 0.5586041
Moved 3222.771 406 607.2455 0.1064815 0.5639029
Moved 3222.802 406 608.2248 0.1064815 0.5664217
Moved 3222.833 406 609.0265 0.1064815 0.5684837
Stationary 3222.863 406 609.0265 0.1064815 0.5684837
Moved 3222.894 406 610.0119 0.1064815 0.5710182
Moved 3222.925 406 611.2492 0.1064815 0.5742005
Moved 3222.956 406 612.0585 0.1064815 0.5762821
Expand 3222.956
Stationary 3222.986 406 612.0585 0.1064815 0.5762821
Moved 3223.017 406 613.0538 0.1064815 0.5788419
Moved 3223.048 406 614.0363 0.1064815 0.5813689
Stationary 3223.078 406 614.0363 0.1064815 0.5813689
Moved 3223.109 406 615.1495 0.1064815 0.584232
Stationary 3223.14 406 615.1495 0.1064815 0.584232
Moved 3223.171 406 616.14 0.1064815 0.5867796
Stationary 3223.201 406 616.14 0.1064815 0.5867796
Stationary 3223.232 406 616.14 0.1064815 0.5867796
Moved 3223.263 406 617.0527 0.1064815 0.5891272
Stationary 3223.294 406 617.0527 0.1064815 0.5891272
Stationary 3223.324 406 617.0527 0.1064815 0.5891272
Moved 3223.355 406 618.0801 0.1064815 0.5917698
Stationary 3223.386 406 618 0.1064815 0.5915637
Stationary 3223.417 406 618 0.1064815 0.5915637
Moved 3223.447 396.5032 618 0.08449812 0.5915637
Moved 3223.478 393.6318 618 0.07785151 0.5915637
Moved 3223.509 391.88 618 0.07379641 0.5915637
Moved 3223.54 390.1476 618 0.06978612 0.5915637
Moved 3223.57 389.5 618 0.06828706 0.5915637
Moved 3223.601 389 608.4576 0.06712963 0.5670206
Moved 3223.632 389 604.5862 0.06712963 0.5570633
Moved 3223.663 389 600.0854 0.06712963 0.545487
Moved 3223.693 395.6173 595.3456 0.08244754 0.5332963
Moved 3223.724 402.0896 588.9105 0.09742955 0.5167449
Moved 3223.755 410.5 581.5 0.1168981 0.4976851
Moved 3223.785 420.276 570.655 0.1395278 0.4697915
Moved 3223.816 431.7658 562.1757 0.1661245 0.4479826
Moved 3223.847 441.269 554.5483 0.1881227 0.4283648
Moved 3223.878 447.8339 549.444 0.2033193 0.4152366
Moved 3223.908 453.4822 543.5178 0.216394 0.3999943
Moved 3223.939 458.2023 539.8989 0.2273201 0.3906863
Moved 3223.97 460.9741 535.0519 0.2337362 0.3782198
Moved 3224.001 463.4951 531.5049 0.2395719 0.369097
Moved 3224.031 463 522.9013 0.2384259 0.3469683
Moved 3224.062 441.2398 502.9926 0.1880551 0.2957628
Moved 3224.093 405.9307 480.1882 0.1063211 0.2371094
Moved 3224.124 364.8577 454.2503 0.01124461 0.1703968
Moved 3224.155 328.945 434.6973 -0.07188658 0.120106
Moved 3224.185 300.2184 419.8991 -0.1383835 0.08204495
Moved 3224.216 278.3675 406.2297 -0.1889642 0.04688698
Moved 3224.247 256.0028 393.5014 -0.2407343 0.01414962
Moved 3224.277 242.1749 386.5875 -0.2727433 -0.003633145
Moved 3224.308 231 381 -0.2986111 -0.01800419
Moved 3224.339 219.7207 375.9302 -0.3247205 -0.03104386
Moved 3224.37 206.2523 369.1262 -0.3558975 -0.0485439
Moved 3224.4 194.5808 365.3872 -0.3829147 -0.05816055
Moved 3224.431 183.6864 362.7373 -0.4081333 -0.06497614
Moved 3224.462 170.1475 356.5738 -0.4394733 -0.0808288
Moved 3224.493 159.7488 349.7488 -0.4635444 -0.09838292
Moved 3224.523 149.1429 345.0953 -0.4880951 -0.1103516
Moved 3224.554 141.5968 341.0646 -0.5055628 -0.1207188
Moved 3224.585 132.9751 336.3168 -0.5255205 -0.1329302
Moved 3224.615 129.7943 335 -0.5328837 -0.1363169
Ended 3224.646 129 334 -0.5347222 -0.1388889
Cancel 3224.708
Began 3225.015 293 346 -0.1550926 -0.1080248
Stationary 3225.046 293 346 -0.1550926 -0.1080248
Moved 3225.077 257.9152 346 -0.2363073 -0.1080248
Moved 3225.107 231.1023 334.5354 -0.2983743 -0.1375118
Moved 3225.138 208.2743 332.0914 -0.3512168 -0.1437978
Moved 3225.169 192.6355 328.1589 -0.3874179 -0.1539124
Moved 3225.2 181.1493 326.2873 -0.4140064 -0.1587261
Moved 3225.23 172.5 326 -0.4340278 -0.1594652
Moved 3225.261 165.8322 325 -0.4494624 -0.1620371
Moved 3225.292 161.0434 324 -0.4605476 -0.164609
Moved 3225.323 157.174 323 -0.4695047 -0.1671811
Moved 3225.354 155.7435 323 -0.4728159 -0.1671811
Moved 3225.384 154 321.7613 -0.4768519 -0.1703671
Moved 3225.415 150.8902 322 -0.4840504 -0.1697531
Moved 3225.446 146.0343 321 -0.4952911 -0.1723252
Moved 3225.476 140.0065 319.5032 -0.5092443 -0.1761748
Moved 3225.507 133.2868 317.6434 -0.5247991 -0.1809585
Moved 3225.538 126.54 316 -0.5404167 -0.1851853
Moved 3225.569 121.2984 314.1492 -0.5525498 -0.1899455
Moved 3225.599 115.638 313.319 -0.5656527 -0.1920808
Moved 3225.63 108.9037 311 -0.5812414 -0.1980453
Moved 3225.661 103.5818 308.5818 -0.5935606 -0.204265
Moved 3225.692 98.08527 307.0427 -0.6062841 -0.2082237
Moved 3225.722 93.16997 306 -0.6176622 -0.2109054
Moved 3225.753 90.30033 305 -0.6243048 -0.2134774
Moved 3225.784 87.5 304 -0.630787 -0.2160494
Moved 3225.814 87 304 -0.6319444 -0.2160494
Ended 3225.845 87 304 -0.6319444 -0.2160494
Accept 3225.907 0 site
Delete 3225.907 LeftSwipe
Began 3226.614 223 461 -0.3171296 0.1877571
Stationary 3226.645 223 461 -0.3171296 0.1877571
Stationary 3226.675 223 461 -0.3171296 0.1877571
Stationary 3226.706 223 461 -0.3171296 0.1877571
Stationary 3226.737 223 461 -0.3171296 0.1877571
Stationary 3226.768 223 461 -0.3171296 0.1877571
Stationary 3226.798 223 461 -0.3171296 0.1877571
Stationary 3226.829 223 461 -0.3171296 0.1877571
Stationary 3226.86 223 461 -0.3171296 0.1877571
Stationary 3226.891 223 461 -0.3171296 0.1877571
Stationary 3226.921 223 461 -0.3171296 0.1877571
Stationary 3226.952 223 461 -0.3171296 0.1877571
Stationary 3226.983 223 461 -0.3171296 0.1877571
Stationary 3227.013 223 461 -0.3171296 0.1877571
Stationary 3227.044 223 461 -0.3171296 0.1877571
Stationary 3227.075 223 461 -0.3171296 0.1877571
Stationary 3227.106 223 461 -0.3171296 0.1877571
Stationary 3227.136 223 461 -0.3171296 0.1877571
Stationary 3227.167 223 461 -0.3171296 0.1877571
Stationary 3227.198 223 461 -0.3171296 0.1877571
Moved 3227.229 223 471.6806 -0.3171296 0.2152278
Stationary 3227.26 223 471.6806 -0.3171296 0.2152278
Moved 3227.29 223 470 -0.3171296 0.2109053
Stationary 3227.321 223 470 -0.3171296 0.2109053
Moved 3227.352 223 471.3456 -0.3171296 0.2143662
Stationary 3227.382 223 471.3456 -0.3171296 0.2143662
Stationary 3227.413 223 471.3456 -0.3171296 0.2143662
Moved 3227.444 215.8769 472 -0.3336183 0.2160493
Moved 3227.475 214.3912 473 -0.3370574 0.2186213
Moved 3227.505 211.5216 474 -0.3437 0.2211934
Moved 3227.536 208.6512 476.3488 -0.3503444 0.2272344
Moved 3227.567 206.0864 477.9136 -0.3562815 0.2312593
Moved 3227.598 203.2411 479 -0.3628678 0.2340534
Moved 3227.628 200.3721 481 -0.369509 0.2391974
Moved 3227.659 197.4955 483 -0.3761678 0.2443414
Moved 3227.69 194.9929 484 -0.3819609 0.2469135
Moved 3227.72 192.1315 486.8685 -0.3885844 0.2542913
Moved 3227.751 189.2616 488 -0.3952278 0.2572016
Moved 3227.782 187.5 489 -0.3993056 0.2597736
Moved 3227.813 185.9232 491.0768 -0.4029555 0.2651151
Moved 3227.844 182.9735 494.0265 -0.4097835 0.2727018
Moved 3227.874 181.1079 496.8921 -0.4141021 0.2800722
Moved 3227.905 178.6942 499.3058 -0.4196895 0.2862804
Moved 3227.936 176.7152 502.2848 -0.4242703 0.2939423
Moved 3227.967 176 505.1582 -0.4259259 0.3013327
Moved 3227.997 173.977 507.0229 -0.4306087 0.3061289
Moved 3228.028 173 509.5932 -0.4328704 0.3127396
Moved 3228.059 172 511.4581 -0.4351852 0.3175362
Moved 3228.09 171 512 -0.4375 0.31893
Moved 3228.12 170 514.1276 -0.4398148 0.3244021
Moved 3228.151 169 514.7255 -0.4421296 0.3259399
Moved 3228.182 168 515.592 -0.4444444 0.3281687
Stationary 3228.212 168 516 -0.4444444 0.329218
Moved 3228.243 167 517 -0.4467593 0.33179
Moved 3228.274 166.1616 518 -0.4487 0.3343621
Stationary 3228.305 166 518 -0.4490741 0.3343621
Moved 3228.335 166 519 -0.4490741 0.3369341
Moved 3228.366 164.9383 519 -0.4515318 0.3369341
Stationary 3228.397 165 519 -0.4513889 0.3369341
Moved 3228.428 165 520.4246 -0.4513889 0.3405981
Stationary 3228.458 165 520 -0.4513889 0.3395061
Moved 3228.489 164 520 -0.4537037 0.3395061
Moved 3228.52 164 521 -0.4537037 0.3420781
Stationary 3228.551 164 521 -0.4537037 0.3420781
Stationary 3228.581 164 521 -0.4537037 0.3420781
Moved 3228.612 164 522.226 -0.4537037 0.3452315
Moved 3228.643 176.9047 524 -0.4238317 0.3497942
Moved 3228.674 189.1637 526.8805 -0.3954544 0.3572028
Moved 3228.704 206.2811 528 -0.3558307 0.3600822
Moved 3228.735 220.9186 529 -0.3219477 0.3626543
Moved 3228.766 234.2735 530 -0.2910336 0.3652262
Moved 3228.797 248.7286 530 -0.2575726 0.3652262
Moved 3228.827 264.1668 530 -0.2218361 0.3652262
Moved 3228.858 277.5214 530 -0.1909228 0.3652262
Moved 3228.889 291.5 530 -0.1585648 0.3652262
Moved 3228.919 304.5536 530 -0.128348 0.3652262
Moved 3228.95 319.9173 530 -0.09278401 0.3652262
Moved 3228.981 333.4102 530 -0.06155049 0.3652262
Moved 3229.012 345.3756 530 -0.03385276 0.3652262
Moved 3229.042 361.2004 530 0.002778769 0.3652262
Moved 3229.073 373.5554 530 0.03137817 0.3652262
Moved 3229.104 384.9426 523.1005 0.05773743 0.3474805
Moved 3229.135 394.2095 521 0.07918854 0.3420781
Moved 3229.165 403.2624 518.5792 0.1001443 0.3358518
Moved 3229.196 410.8809 516.7064 0.1177799 0.3310348
Moved 3229.227 417.6126 515 0.1333625 0.326646
Moved 3229.258 425.0983 512 0.1506905 0.31893
Moved 3229.288 430.1439 509.428 0.1623702 0.3123148
Moved 3229.319 434.4404 507.5596 0.1723156 0.3075092
Moved 3229.35 437.9427 505.0574 0.1804229 0.3010734
Moved 3229.381 441.6323 503.1838 0.1889637 0.2962546
Moved 3229.411 444.6913 501.3087 0.1960448 0.2914317
Moved 3229.442 447.5 500 0.2025463 0.2880658
Moved 3229.473 451.1035 497.8965 0.2108878 0.2826555
Moved 3229.504 454.9766 497 0.2198531 0.2803498
Moved 3229.534 458.8438 495.1563 0.2288049 0.2756076
Moved 3229.565 463.5416 495 0.2396795 0.2752057
Moved 3229.596 467.2254 494 0.2482069 0.2726337
Moved 3229.627 469 494 0.2523148 0.2726337
Moved 3229.657 471.5 494 0.2581018 0.2726337
Moved 3229.688 472.1609 494 0.2596318 0.2726337
Stationary 3229.719 472 494 0.2592593 0.2726337
Moved 3229.75 472 502.924 0.2592593 0.2955862
Moved 3229.78 472 506.7139 0.2592593 0.3053339
Moved 3229.811 462.9451 513.3699 0.2382989 0.3224535
Moved 3229.842 456.3521 518.0986 0.2230374 0.3346156
Moved 3229.873 443.903 522.4194 0.19422 0.3457287
Moved 3229.903 432.4167 525 0.1676312 0.3523662
Moved 3229.934 419.0902 527 0.1367829 0.3575102
Moved 3229.965 407.7335 528.6533 0.1104942 0.3617626
Moved 3229.996 396 529 0.08333336 0.3626543
Moved 3230.026 381.553 529 0.04989117 0.3626543
Moved 3230.057 367.2785 529 0.01684835 0.3626543
Moved 3230.088 345.7601 519.504 -0.03296271 0.3382304
Moved 3230.118 342.0213 518.7553 -0.0416173 0.3363047
Moved 3230.149 330.2015 515.8004 -0.06897797 0.3287046
Moved 3230.18 322.8579 514 -0.08597707 0.324074
Moved 3230.211 317.1123 512.0562 -0.09927715 0.3190744
Moved 3230.241 312 511 -0.1111111 0.3163579
Moved 3230.272 307.2416 508.6208 -0.1221259 0.3102386
Moved 3230.303 304.7451 506.7451 -0.1279049 0.3054143
Moved 3230.334 302.1606 506 -0.1338874 0.3034978
Moved 3230.365 300.7792 506 -0.1370851 0.3034978
Moved 3230.395 298.5 505 -0.1423611 0.3009258
Moved 3230.426 297.6271 505 -0.1443817 0.3009258
Ended 3230.457 298 504 -0.1435185 0.2983539
Candidates 3230.518 13 equity quote quite require quit write quot detroit wit required wire sept store
Began 3231.563 312 459 -0.1111111 0.1826131
Stationary 3231.594 312 459 -0.1111111 0.1826131
Moved 3231.625 324.2374 467.1583 -0.08278389 0.2035964
Moved 3231.656 357.4965 488.1049 -0.005795211 0.2574713
Moved 3231.686 391.1662 506.0831 0.07214388 0.3037115
Moved 3231.717 426.9576 523.3831 0.1549944 0.3482074
Moved 3231.748 459.4098 539.2049 0.2301154 0.3889014
Moved 3231.779 472.6882 545.8129 0.2608523 0.4058973
Moved 3231.809 479.7533 550.052 0.2772068 0.4168003
Moved 3231.84 489.6656 556.4438 0.300152 0.4332401
Moved 3231.871 500.3856 563.1928 0.3249667 0.4505987
Moved 3231.902 508.2268 569.2268 0.3431176 0.4661182
Moved 3231.932 518.1322 575.5992 0.3660467 0.4825081
Moved 3231.963 527.205 583.205 0.3870485 0.5020702
Moved 3231.994 534.7822 589.7822 0.4045884 0.518987
Moved 3232.024 543.4099 596.4099 0.42456 0.5360336
Moved 3232.055 552.3508 604.3508 0.4452564 0.5564576
Moved 3232.086 559.0915 609.0915 0.46086 0.5686508
Moved 3232.117 566.2473 613.8315 0.4774244 0.5808424
Moved 3232.147 568.9169 614.9169 0.4836039 0.5836338
Moved 3232.178 571.7899 617 0.4902543 0.5889916
Moved 3232.209 574.6552 618.6552 0.4968869 0.5932488
Ended 3232.24 576.0936 619 0.5002167 0.5941358
Accept 3232.301 4 quit
Began 3233.131 237 445 -0.2847222 0.1466049
Stationary 3233.162 237 445 -0.2847222 0.1466049
Stationary 3233.193 237 445 -0.2847222 0.1466049
Stationary 3233.223 237 445 -0.2847222 0.1466049
Stationary 3233.254 237 445 -0.2847222 0.1466049
Stationary 3233.285 237 445 -0.2847222 0.1466049
Stationary 3233.316 237 445 -0.2847222 0.1466049
Moved 3233.346 227 455.3992 -0.3078704 0.1733517
Moved 3233.377 224.8645 457.1354 -0.3128136 0.1778174
Moved 3233.408 224 459.1425 -0.3148148 0.1829797
Moved 3233.439 223 460.5 -0.3171296 0.1864711
Moved 3233.469 221.4475 461.5526 -0.3207234 0.1891783
Moved 3233.5 219.5749 463 -0.325058 0.1929011
Moved 3233.531 218.7135 466.2866 -0.3270521 0.2013542
Moved 3233.562 217.205 468.795 -0.3305441 0.2078061
Moved 3233.592 215.3293 472.6707 -0.334886 0.2177744
Moved 3233.623 214 477.0873 -0.3379629 0.229134
Moved 3233.654 213 480.0648 -0.3402778 0.2367921
Moved 3233.685 212 484.9573 -0.3425926 0.2493757
Moved 3233.715 211 489.6587 -0.3449074 0.2614678
Moved 3233.746 211 497.6771 -0.3449074 0.2820912
Moved 3233.777 211 502.3062 -0.3449074 0.2939974
Moved 3233.808 211 505.1752 -0.3449074 0.3013766
Moved 3233.838 211 509.9094 -0.3449074 0.3135528
Moved 3233.869 211 515.2689 -0.3449074 0.3273377
Moved 3233.9 211 519.7994 -0.3449074 0.3389901
Moved 3233.93 211 522.2679 -0.3449074 0.3453393
Moved 3233.961 211 525.1433 -0.3449074 0.3527348
Moved 3233.992 211 527.6773 -0.3449074 0.3592522
Moved 3234.023 211 529.5513 -0.3449074 0.3640721
Moved 3234.053 211 531.4239 -0.3449074 0.3688885
Stationary 3234.084 211 531 -0.3449074 0.3677982
Moved 3234.115 219.0582 531 -0.3262542 0.3677982
Moved 3234.146 220.6773 531 -0.3225063 0.3677982
Moved 3234.177 228.1838 520.3622 -0.3051301 0.3404376
Moved 3234.207 238.3139 508.6234 -0.2816809 0.3102452
Moved 3234.238 250.7633 492.2841 -0.2528628 0.2682204
Moved 3234.269 266.104 473.2544 -0.2173519 0.2192756
Moved 3234.3 288.2042 450.6367 -0.1661941 0.1611025
Moved 3234.33 302.874 437.7717 -0.1322361 0.1280135
Moved 3234.361 310.3974 431.6821 -0.1148209 0.1123511
Moved 3234.392 323.721 420.2325 -0.08397917 0.08290235
Moved 3234.423 333.904 412.7307 -0.06040737 0.06360752
Moved 3234.453 344.2227 404.7773 -0.0365214 0.04315141
Moved 3234.484 357.0871 399.4565 -0.006742924 0.02946622
Moved 3234.515 364.4084 395.7277 0.01020471 0.01987579
Moved 3234.545 374.0572 391.6285 0.03253986 0.009332625
Moved 3234.576 383.6794 387.4402 0.05481342 -0.001439891
Moved 3234.607 395.7294 385 0.08270691 -0.007716127
Moved 3234.638 399.8988 383.7004 0.09235839 -0.01105878
Moved 3234.668 404.6028 382.1986 0.1032471 -0.01492135
Moved 3234.699 409.6734 382 0.1149846 -0.01543218
Moved 3234.73 413.544 381.456 0.1239445 -0.01683137
Moved 3234.76 419.3893 381 0.1374753 -0.01800419
Moved 3234.791 420 381 0.1388889 -0.01800419
Moved 3234.822 421.2636 381 0.1418139 -0.01800419
Moved 3234.853 426.4956 381 0.1539251 -0.01800419
Moved 3234.884 441.9598 403.6198 0.1897218 0.04017425
Moved 3234.914 459.65 427.7357 0.2306713 0.1022008
Moved 3234.945 473.5828 451.7698 0.2629231 0.1640169
Moved 3234.976 482.9062 467.7185 0.284505 0.2050372
Moved 3235.007 491.4729 485.7701 0.3043355 0.2514664
Moved 3235.037 497.3921 498.4802 0.3180372 0.2841567
Moved 3235.068 501.5 508.5 0.3275463 0.3099279
Moved 3235.099 502 514.2273 0.3287037 0.3246586
Moved 3235.13 502 518.9695 0.3287037 0.3368557
Moved 3235.16 488.7184 523.7126 0.2979592 0.3490551
Moved 3235.191 469.2575 526.2493 0.2529109 0.3555795
Moved 3235.222 431.4404 526 0.1653713 0.3549381
Moved 3235.252 408.38 513.9114 0.1119907 0.3238462
Moved 3235.283 393.1409 510.0352 0.07671505 0.3138765
Moved 3235.314 380.94 507 0.04847219 0.3060699
Moved 3235.345 368.4865 504.6216 0.0196446 0.2999528
Moved 3235.375 352.6342 499.3171 -0.0170505 0.2863093
Moved 3235.406 350.3457 499 -0.02234782 0.2854938
Moved 3235.437 345.3604 497 -0.03388787 0.2803498
Moved 3235.468 342.5 494.5 -0.04050925 0.2739197
Moved 3235.498 343 491.2384 -0.03935183 0.2655308
Moved 3235.529 373.2086 477.3724 0.03057539 0.2298673
Moved 3235.56 411.3268 458.8365 0.1188121 0.1821927
Moved 3235.591 440.0173 445.1931 0.1852252 0.1471014
Moved 3235.622 462 434.5 0.2361111 0.1195987
Moved 3235.652 481.7416 422.4703 0.2818093 0.08865803
Moved 3235.683 499.8649 412.0676 0.3237613 0.06190214
Moved 3235.714 514.1588 406.1683 0.3568489 0.0467291
Moved 3235.744 522.6689 401.554 0.3765485 0.03486115
Moved 3235.775 528.406 395.594 0.3898287 0.01953176
Moved 3235.806 530 391.9116 0.3935185 0.01006048
Moved 3235.836 530 390.0414 0.3935185 0.005250546
Moved 3235.867 505.5 390 0.3368056 0.005143954
Moved 3235.898 468.6799 409.66 0.2515738 0.05570992
Moved 3235.929 438.2766 424.2379 0.1811958 0.09320439
Moved 3235.96 410.1545 436.1023 0.1160985 0.1237198
Moved 3235.99 375.4972 447.5009 0.03587306 0.1530373
Moved 3236.021 347.5 458 -0.02893518 0.180041
Moved 3236.052 330.1735 465.7306 -0.06904289 0.1999243
Moved 3236.083 318.3329 471.8668 -0.0964516 0.2157068
Moved 3236.113 307.5916 478.6056 -0.1213157 0.2330389
Moved 3236.144 297.9912 483.6696 -0.1435388 0.2460638
Moved 3236.175 288 490 -0.1666667 0.2623456
Moved 3236.206 282.8455 494.0772 -0.1785983 0.2728323
Moved 3236.236 275.0997 497.9501 -0.1965285 0.2827935
Moved 3236.267 268.3522 501.8239 -0.2121476 0.2927569
Moved 3236.298 262.5229 503 -0.2256415 0.2957818
Moved 3236.329 259.8087 505 -0.2319244 0.3009258
Moved 3236.359 259 506 -0.2337963 0.3034978
Ended 3236.39 259 507.5 -0.2337963 0.3073559
Candidates 3236.451 13 while whole should world would worker shuttle works result white shortly entitled thought
Began 3238.573 330 439 -0.06944443 0.1311728
Stationary 3238.604 330 439 -0.06944443 0.1311728
Moved 3238.634 341.3553 439 -0.04315893 0.1311728
Moved 3238.665 351.6468 450.0979 -0.01933605 0.1597167
Moved 3238.696 362.1211 455.8484 0.004909933 0.1745073
Moved 3238.727 374.1901 461.595 0.03284733 0.1892876
Moved 3238.757 385.5869 465.7935 0.05922893 0.200086
Moved 3238.788 395.4738 469.7369 0.08211543 0.2102287
Moved 3238.819 404.8333 472.6111 0.1037807 0.217621
Moved 3238.85 410.4781 475 0.1168474 0.2237653
Moved 3238.88 413.0205 476 0.1227327 0.2263374
Moved 3238.942 415 477.8877 0.1273148 0.2311925
Moved 3238.972 417.1843 479 0.1323711 0.2340534
Moved 3239.003 417 480.686 0.1319444 0.2383898
Moved 3239.034 417 483.5554 0.1319444 0.2457699
Moved 3239.065 417 486.4293 0.1319444 0.2531616
Moved 3239.095 417 491.6061 0.1319444 0.2664764
Moved 3239.126 406.317 496.6829 0.1072153 0.2795342
Moved 3239.157 399.5696 503.4304 0.09159625 0.2968888
Moved 3239.188 393.8296 506.5852 0.07830928 0.305003
Moved 3239.218 388.844 510.1561 0.06676842 0.3141873
Moved 3239.249 384.0203 512 0.05560249 0.31893
Moved 3239.28 379.3043 514 0.0446858 0.324074
Moved 3239.311 374.5583 516.7209 0.03369977 0.3310722
Moved 3239.341 370.4195 518.2903 0.02411912 0.3351087
Moved 3239.372 367.851 520 0.01817365 0.3395061
Moved 3239.403 363.9697 522 0.009189148 0.3446501
Moved 3239.434 361.5 523 0.003472269 0.3472221
Moved 3239.464 359.561 524 -0.001016209 0.3497942
Moved 3239.495 358.8969 525.103 -0.002553364 0.3526312
Moved 3239.526 357.6266 525 -0.005494058 0.3523662
Stationary 3239.557 358 525 -0.004629641 0.3523662
Moved 3239.587 358 526 -0.004629641 0.3549381
Stationary 3239.618 358 526 -0.004629641 0.3549381
Moved 3239.649 389.0246 526 0.06718655 0.3549381
Moved 3239.679 417.6124 526 0.1333621 0.3549381
Moved 3239.71 443.0015 526 0.1921331 0.3549381
Moved 3239.741 462.5141 526 0.2373011 0.3549381
Moved 3239.772 477.4718 526 0.2719254 0.3549381
Moved 3239.802 491.9337 519 0.3054022 0.3369341
Moved 3239.833 499.7038 519 0.3233884 0.3369341
Moved 3239.864 503.7195 519 0.332684 0.3369341
Moved 3239.895 506.2911 519 0.3386369 0.3369341
Moved 3239.926 508 519 0.3425926 0.3369341
Stationary 3239.956 508 519 0.3425926 0.3369341
Stationary 3239.987 508 519 0.3425926 0.3369341
Moved 3240.018 492.9045 519 0.3076494 0.3369341
Moved 3240.048 478.382 519 0.2740326 0.3369341
Moved 3240.079 458.6211 516.803 0.2282896 0.3312835
Moved 3240.11 446.4944 515.2989 0.2002185 0.3274147
Moved 3240.141 433.2856 515 0.1696427 0.326646
Moved 3240.171 422.2299 515 0.1440506 0.326646
Moved 3240.202 414.0678 513.6893 0.1251569 0.3232748
Moved 3240.233 405.285 513 0.1048263 0.321502
Moved 3240.264 397.5483 512 0.08691747 0.31893
Moved 3240.294 390.792 511 0.07127781 0.3163579
Moved 3240.325 386.8258 511 0.06209671 0.3163579
Moved 3240.356 383.0137 510 0.05327255 0.3137859
Moved 3240.387 381.576 510 0.04994452 0.3137859
Moved 3240.417 379.7058 510 0.04561533 0.3137859
Moved 3240.448 377.6971 509 0.04096538 0.3112139
Stationary 3240.479 378 509 0.04166663 0.3112139
Stationary 3240.51 378 509 0.04166663 0.3112139
Ended 3240.54 378 509 0.04166663 0.3112139
Accept 3240.633 0 while
Candidates 3240.633 13 you roy toy output through airport root i fit for fruit europe foot
Began 3241.678 228 401 -0.3055556 0.03343609
Stationary 3241.708 228 401 -0.3055556 0.03343609
Stationary 3241.739 228 401 -0.3055556 0.03343609
Stationary 3241.77 228 401 -0.3055556 0.03343609
Moved 3241.801 217.3545 401 -0.3301978 0.03343609
Moved 3241.832 203.5024 385.1014 -0.362263 -0.007455221
Moved 3241.862 192.3145 378.4859 -0.3881609 -0.0244705
Moved 3241.893 183.9531 373.4766 -0.407516 -0.0373546
Moved 3241.924 174.3272 367.8848 -0.4297981 -0.05173663
Moved 3241.955 165.7181 362.1454 -0.4497265 -0.06649833
Moved 3241.985 160.7006 358.7006 -0.4613413 -0.07535871
Moved 3242.016 157.1363 358 -0.4695918 -0.07716057
Moved 3242.047 154.5 357 -0.4756944 -0.07973259
Moved 3242.077 153.9187 355.9187 -0.4770401 -0.0825137
Moved 3242.108 151.9687 354.9687 -0.4815539 -0.08495715
Moved 3242.139 151 353.9957 -0.4837963 -0.08745954
Moved 3242.17 150.1243 354 -0.4858234 -0.08744855
Moved 3242.2 150 354 -0.4861112 -0.08744855
Stationary 3242.231 150 354 -0.4861112 -0.08744855
Moved 3242.262 150 352.9423 -0.4861112 -0.090169
Stationary 3242.293 150 353 -0.4861112 -0.09002065
Stationary 3242.323 150 353 -0.4861112 -0.09002065
Moved 3242.354 184.4108 384.0098 -0.4064564 -0.01026283
Moved 3242.385 216.1357 414.1357 -0.3330192 0.06722128
Moved 3242.416 237.0003 435.0003 -0.2847215 0.1208855
Moved 3242.446 251.4131 451.4131 -0.2513585 0.1630996
Moved 3242.477 265.0852 464.571 -0.2197102 0.1969418
Moved 3242.508 278.9333 479.3199 -0.1876545 0.2348762
Moved 3242.539 293.2884 493.5461 -0.154425 0.2714662
Moved 3242.569 306.8987 506.0823 -0.1229196 0.3037095
Moved 3242.6 320.0717 518.0718 -0.09242649 0.3345467
Moved 3242.631 329.7115 526.7115 -0.07011224 0.3567683
Moved 3242.662 335.8838 531.4419 -0.05582447 0.3689348
Moved 3242.692 338.9756 534.9756 -0.04866754 0.3780237
Moved 3242.723 340.4079 536.4078 -0.04535218 0.3817074
Moved 3242.754 342.7191 538.7191 -0.04000217 0.3876518
Moved 3242.785 343 540.1614 -0.03935183 0.3913616
Moved 3242.815 343 541.0936 -0.03935183 0.3937591
Stationary 3242.846 343 541 -0.03935183 0.3935184
Moved 3242.877 332.5005 541 -0.06365612 0.3935184
Moved 3242.907 322.1056 541 -0.08771846 0.3935184
Moved 3242.938 313.2512 541 -0.1082149 0.3935184
Moved 3242.969 303.7672 531.8836 -0.1301686 0.370071
Moved 3243 295.7828 530.2609 -0.1486509 0.3658974
Moved 3243.031 288.4409 528.4803 -0.1656462 0.3613175
Moved 3243.061 282.2205 526.6103 -0.1800451 0.3565078
Moved 3243.092 276.4647 526 -0.1933688 0.3549381
Moved 3243.123 272.3313 524.1656 -0.2029369 0.3502202
Moved 3243.153 267.8689 523 -0.2132665 0.3472221
Moved 3243.184 267 523 -0.2152778 0.3472221
Moved 3243.215 265.5 521.5 -0.21875 0.3433641
Moved 3243.246 265 522 -0.2199074 0.3446501
Ended 3243.276 264 521 -0.2222222 0.3420781
Accept 3243.369 0 you
Candidates 3243.369 13 are say at art date dare see sat fate rate ate asset carter
Began 3244.322 231 444 -0.2986111 0.1440329
Moved 3244.352 214.0097 427.0096 -0.3379406 0.1003334
Moved 3244.383 197.4559 411.4559 -0.3762595 0.06032884
Moved 3244.414 185.6624 399.0779 -0.4035593 0.02849257
Moved 3244.445 176.6268 390.6268 -0.424475 0.006755977
Moved 3244.475 171.3503 384.3503 -0.4366891 -0.00938702
Moved 3244.506 165.5428 378.5428 -0.4501325 -0.02432411
Moved 3244.537 164.26 376.52 -0.4531019 -0.02952686
Moved 3244.568 161.39 372.7801 -0.4597453 -0.03914594
Moved 3244.598 158.5162 368.0323 -0.4663978 -0.05135721
Moved 3244.629 157.0008 366.0008 -0.4699056 -0.0565824
Moved 3244.66 156 364 -0.4722222 -0.06172839
Moved 3244.691 155 362 -0.474537 -0.06687243
Moved 3244.721 153.5 361 -0.4780093 -0.06944452
Moved 3244.752 154 359.6752 -0.4768519 -0.072852
Stationary 3244.783 154 360 -0.4768519 -0.07201654
Moved 3244.813 183.0625 368.1562 -0.4095776 -0.05103868
Moved 3244.844 212 376.5 -0.3425926 -0.02957819
Moved 3244.875 250.6605 384.6101 -0.2531007 -0.008718938
Moved 3244.906 287.2871 391.3519 -0.168317 0.00862094
Moved 3244.937 316.4568 394.0457 -0.1007945 0.01554944
Moved 3244.967 340.9536 396.5504 -0.04408881 0.02199173
Moved 3244.998 363.4218 398.4277 0.007920762 0.02682022
Moved 3245.029 383.3593 398 0.05407254 0.02572008
Moved 3245.06 400.888 398 0.09464809 0.02572008
Moved 3245.09 411.1257 398 0.1183465 0.02572008
Moved 3245.121 417.1579 398 0.1323099 0.02572008
Moved 3245.152 419.2285 398 0.137103 0.02572008
Stationary 3245.182 419.2285 398 0.137103 0.02572008
Moved 3245.213 399.2539 418.5894 0.09086549 0.07867628
Moved 3245.244 380.0157 437.9843 0.04633268 0.1285604
Moved 3245.275 362.1029 455.3177 0.004867812 0.1731421
Moved 3245.305 348.1659 464.6673 -0.02739375 0.1971895
Moved 3245.336 328.8372 474.0698 -0.07213612 0.2213728
Moved 3245.367 311.664 483.668 -0.1118889 0.2460597
Moved 3245.398 299 490 -0.1412037 0.2623456
Moved 3245.428 284.7965 500.9026 -0.1740822 0.2903874
Moved 3245.459 275.4838 507.3441 -0.1956393 0.306955
Moved 3245.49 269.9197 510.0402 -0.2085192 0.3138893
Moved 3245.521 267.4576 511.5425 -0.2142186 0.3177532
Moved 3245.551 264.5886 513 -0.2208598 0.321502
Moved 3245.582 256.8587 513 -0.238753 0.321502
Moved 3245.613 233.6622 486.6622 -0.2924487 0.2537607
Moved 3245.644 214.1428 459.0612 -0.3376323 0.1827705
Moved 3245.674 200.7293 434.4585 -0.3686822 0.119492
Moved 3245.705 191.6811 411.483 -0.389627 0.0603987
Moved 3245.736 186.0334 398.1338 -0.4027003 0.02606419
Moved 3245.767 183.1802 385.7208 -0.4093051 -0.00586231
Moved 3245.797 180.3094 373.2377 -0.4159504 -0.03796887
Moved 3245.828 178.4409 362.7637 -0.4202756 -0.06490825
Moved 3245.859 177 355.7485 -0.4236111 -0.08295145
Moved 3245.89 176 351.0226 -0.4259259 -0.0951066
Moved 3245.92 175 347.2924 -0.4282407 -0.1047008
Moved 3245.951 175 344.5 -0.4282407 -0.1118828
Moved 3245.982 174 342.7466 -0.4305556 -0.1163924
Moved 3246.012 181.4236 343 -0.4133714 -0.1157408
Moved 3246.043 198.9191 351.8959 -0.3728725 -0.09286033
Moved 3246.074 216.8881 360.083 -0.3312775 -0.07180304
Moved 3246.105 242.4422 372.0466 -0.2721246 -0.0410324
Moved 3246.135 258.1355 381.6813 -0.2357974 -0.01625179
Moved 3246.166 272.4404 391.2643 -0.2026842 0.008395708
Moved 3246.197 282.9251 400.5668 -0.178414 0.03232198
Moved 3246.228 294.065 409.0325 -0.1526272 0.05409594
Moved 3246.258 302.1561 414.3854 -0.1338979 0.06786358
Moved 3246.289 307.8565 420.8565 -0.1207025 0.08450744
Moved 3246.32 312.7729 423.7729 -0.109322 0.09200861
Moved 3246.351 316.6462 427 -0.1003559 0.1003086
Moved 3246.381 320.5174 430.5174 -0.09139492 0.1093553
Ended 3246.412 321 431 -0.09027779 0.1105966
Accept 3246.504 0 are
Candidates 3246.504 13 ahead already address ages agreed aged agrees added fantasy asked wheat areas always
Began 3246.935 250 421 -0.2546296 0.08487643
Stationary 3246.966 250 421 -0.2546296 0.08487643
Moved 3246.996 263.6917 421 -0.2229359 0.08487643
Moved 3247.027 296.8641 428.5213 -0.1461478 0.1042214
Moved 3247.058 348.7319 437.2886 -0.02608354 0.1267711
Moved 3247.088 387.2309 444.0385 0.06303459 0.1441319
Moved 3247.119 421.6575 450.7762 0.1427258 0.1614615
Moved 3247.15 446.0235 458.707 0.1991284 0.1818596
Moved 3247.181 473.1638 466.3115 0.2619534 0.2014182
Moved 3247.211 493.4637 472.2753 0.3089438 0.2167574
Moved 3247.242 513.5 478 0.3553241 0.2314814
Moved 3247.273 528.1375 484.0688 0.3892072 0.2470904
Moved 3247.304 545.0439 490.6959 0.4283423 0.2641355
Moved 3247.334 550.3574 492.7858 0.440642 0.2695106
Moved 3247.365 556.6706 496.2235 0.455256 0.2783526
Moved 3247.396 563.3512 500.3512 0.4707203 0.288969
Moved 3247.427 569.0967 503.0483 0.4840202 0.2959061
Moved 3247.458 574.8365 506.9183 0.4973066 0.3058596
Moved 3247.488 579.9818 509.4909 0.5092172 0.3124765
Moved 3247.519 585.7562 513.3781 0.5225837 0.3224744
Moved 3247.55 592.4501 518.4501 0.538079 0.3355198
Moved 3247.58 598.6674 521.8337 0.5524709 0.3442225
Moved 3247.611 603.6418 525.6418 0.5639858 0.354017
Moved 3247.642 607.5095 528.5095 0.5729387 0.3613927
Moved 3247.673 610.3768 530 0.5795759 0.3652262
Moved 3247.703 612.8697 531.8697 0.5853465 0.3700352
Moved 3247.734 614.3082 533.3082 0.5886763 0.373735
Moved 3247.765 616.16 534 0.5929629 0.3755144
Moved 3247.796 618.238 535 0.5977732 0.3780863
Moved 3247.826 619.5 536 0.6006944 0.3806583
Moved 3247.857 620 537.5 0.6018518 0.3845164
Moved 3247.888 621.1554 537 0.6045264 0.3832304
Moved 3247.919 622.115 538 0.6067477 0.3858024
Moved 3247.949 622 539.0469 0.6064814 0.3884949
Moved 3247.98 623.5 539 0.6099538 0.3883744
Moved 3248.011 624.187 539 0.6115439 0.3883744
Moved 3248.042 624 540 0.6111112 0.3909464
Ended 3248.072 624 540 0.6111112 0.3909464
Accept 3248.165 0 ahead
PhraseEnd 3248.165
