the five boxing wizards jump quickly
the five boxing wizards jump quickly
Basic
List

0.6 0.6
432 388.8
Began 1838.826 347 478 -0.0300926 0.2314814
Stationary 1838.857 347 478 -0.0300926 0.2314814
Stationary 1838.887 347 478 -0.0300926 0.2314814
Stationary 1838.918 347 478 -0.0300926 0.2314814
Stationary 1838.949 347 478 -0.0300926 0.2314814
Stationary 1838.98 347 478 -0.0300926 0.2314814
Stationary 1839.01 347 478 -0.0300926 0.2314814
Stationary 1839.041 347 478 -0.0300926 0.2314814
Moved 1839.072 367.3663 452.7604 0.0170517 0.1665647
Moved 1839.103 386.1638 430.3609 0.06056428 0.1089529
Moved 1839.133 401.465 408.6863 0.09598375 0.05320541
Moved 1839.164 410.5611 391.8777 0.1170397 0.009973588
Moved 1839.195 421.1197 372.7607 0.1414807 -0.03919578
Moved 1839.226 426.9146 356.4272 0.1548948 -0.08120572
Moved 1839.256 430.5 346 0.1631944 -0.1080248
Moved 1839.287 432.3242 338.3517 0.167417 -0.1276964
Moved 1839.318 432 334 0.1666667 -0.1388889
Stationary 1839.349 432 334 0.1666667 -0.1388889
Moved 1839.379 407.6722 349.7525 0.1103523 -0.09837319
Moved 1839.41 376.1747 380.264 0.03744135 -0.01989718
Moved 1839.441 351.4322 405.8888 -0.0198328 0.04601019
Moved 1839.472 331.7141 423.1022 -0.06547675 0.09028344
Moved 1839.502 311.6809 442.0389 -0.1118498 0.138989
Moved 1839.533 296.5944 456.4056 -0.1467723 0.1759401
Moved 1839.564 285.1434 467.8566 -0.1732791 0.2053923
Moved 1839.595 278.0302 473.9799 -0.1897448 0.2211416
Moved 1839.625 272.2873 480.7126 -0.2030386 0.2384584
Moved 1839.656 268.5592 486.4408 -0.2116685 0.2531914
Moved 1839.687 266 490.6019 -0.2175926 0.2638937
Moved 1839.718 265 492 -0.2199074 0.2674896
Ended 1839.748 265 492 -0.2199074 0.2674896
Candidates 1839.841 13 the there june time one under this tune she enter they home he
Began 1841.162 319 296 -0.09490739 -0.2366256
Stationary 1841.193 319 296 -0.09490739 -0.2366256
Stationary 1841.224 319 296 -0.09490739 -0.2366256
Stationary 1841.255 319 296 -0.09490739 -0.2366256
Stationary 1841.285 319 296 -0.09490739 -0.2366256
Stationary 1841.316 319 296 -0.09490739 -0.2366256
Stationary 1841.347 319 296 -0.09490739 -0.2366256
Stationary 1841.378 319 296 -0.09490739 -0.2366256
Stationary 1841.408 319 296 -0.09490739 -0.2366256
Stationary 1841.439 319 296 -0.09490739 -0.2366256
Stationary 1841.47 319 296 -0.09490739 -0.2366256
Stationary 1841.501 319 296 -0.09490739 -0.2366256
Moved 1841.531 327.4947 309.2139 -0.07524376 -0.2026391
Moved 1841.562 336.4675 329.935 -0.05447338 -0.1493442
Moved 1841.593 348.0089 346.5134 -0.02775714 -0.1067044
Moved 1841.624 367.1886 367.1885 0.01664023 -0.0535275
Moved 1841.654 386.4348 390.4349 0.06119182 0.006262461
Moved 1841.685 401.7313 404.785 0.09660026 0.04317138
Moved 1841.716 411.5341 414.0228 0.119292 0.06693087
Moved 1841.746 418.7451 419.7452 0.1359841 0.08164904
Moved 1841.777 423.5129 423.2565 0.1470207 0.09068014
Moved 1841.808 424 423 0.1481481 0.09002049
Moved 1841.839 425 423 0.150463 0.09002049
Moved 1841.87 425 406.2989 0.150463 0.04706504
Moved 1841.9 425 374.5443 0.150463 -0.03460841
Moved 1841.931 417.77 344.4437 0.1337268 -0.1120275
Moved 1841.962 416.2244 313.5705 0.130149 -0.191434
Moved 1841.993 416 283.3823 0.1296297 -0.2690784
Moved 1842.023 414.5 259.5 0.1261574 -0.3305041
Moved 1842.054 415 247.7338 0.1273148 -0.360767
Moved 1842.085 414 238.1852 0.125 -0.3853261
Moved 1842.115 412.2049 234.205 0.1208447 -0.3955635
Moved 1842.146 408.5398 234 0.1123605 -0.3960905
Moved 1842.177 388.4479 254.9402 0.06585161 -0.3422321
Moved 1842.208 354.5096 302.7845 -0.01270915 -0.2191756
Moved 1842.239 326.5921 346.1859 -0.077333 -0.1075468
Moved 1842.269 306.5469 380.9196 -0.1237341 -0.01821094
Moved 1842.3 293.9268 408.8619 -0.1529473 0.05365701
Moved 1842.331 284.3168 436.2774 -0.1751927 0.1241702
Moved 1842.361 282 451.7509 -0.1805555 0.1639682
Moved 1842.392 281 467.1431 -0.1828704 0.2035574
Moved 1842.423 281 478.0112 -0.1828704 0.2315103
Ended 1842.454 281 486 -0.1828704 0.2520575
Accept 1842.546 0 the
Candidates 1842.546 13 number cindy convey founded comes confess chinese fiber gives numbers concert cover fine
Began 1843.56 395 392 0.08101851 0.01028803
Stationary 1843.591 395 392 0.08101851 0.01028803
Moved 1843.622 367.5376 392 0.01744817 0.01028803
Moved 1843.653 325.765 392 -0.07924765 0.01028803
Moved 1843.683 288.6593 378.3318 -0.1651406 -0.02486672
Moved 1843.714 254.48 374.8311 -0.2442593 -0.03387059
Moved 1843.745 230.6673 374 -0.2993813 -0.03600823
Moved 1843.776 213.4867 374 -0.3391511 -0.03600823
Moved 1843.806 206.1554 374 -0.3561219 -0.03600823
Moved 1843.837 198.4193 374 -0.3740294 -0.03600823
Moved 1843.868 194.8555 374 -0.3822788 -0.03600823
Moved 1843.899 192.2227 374 -0.3883734 -0.03600823
Moved 1843.929 189.5 374 -0.3946759 -0.03600823
Moved 1843.96 187.5468 374 -0.3991972 -0.03600823
Moved 1843.991 183.3579 374 -0.4088937 -0.03600823
Moved 1844.021 174.5848 372.1462 -0.4292018 -0.04077636
Moved 1844.052 161.1223 369.2806 -0.460365 -0.04814674
Moved 1844.083 148.2207 366.4069 -0.49023 -0.05553798
Moved 1844.114 135.7248 363.545 -0.5191556 -0.06289878
Moved 1844.145 127.1472 362 -0.5390111 -0.06687243
Moved 1844.175 118.509 360.1697 -0.5590069 -0.07158004
Moved 1844.206 108.9029 358 -0.5812432 -0.07716057
Moved 1844.237 102.6291 356 -0.5957659 -0.0823046
Moved 1844.267 95.7766 352.8883 -0.6116282 -0.09030793
Moved 1844.298 91.03426 352 -0.6226059 -0.09259266
Moved 1844.329 88.15426 351 -0.6292725 -0.09516476
Moved 1844.36 86.84526 349.8453 -0.6323027 -0.09813465
Moved 1844.391 86 350 -0.6342593 -0.09773669
Ended 1844.421 86 350 -0.6342593 -0.09773669
Accept 1844.483 0 number
Delete 1844.483 LeftSwipe
Began 1846.204 320 373 -0.09259259 -0.03858032
Stationary 1846.235 320 373 -0.09259259 -0.03858032
Moved 1846.266 335.4225 378.686 -0.05689238 -0.02395575
Moved 1846.297 362.0139 397.0069 0.004661679 0.02316589
Moved 1846.327 399.4247 413.6749 0.09126087 0.06603606
Moved 1846.358 436.1945 428.5973 0.1763763 0.1044168
Moved 1846.389 469.8214 443.0097 0.2542162 0.1414859
Moved 1846.42 494.5 455.5 0.3113426 0.173611
Moved 1846.45 510.3092 460.6546 0.3479379 0.1868688
Moved 1846.481 522.2706 465.1353 0.3756264 0.1983932
Moved 1846.512 527.8795 466.9397 0.3886099 0.2030342
Moved 1846.542 529.3723 467 0.3920654 0.2031892
Stationary 1846.573 529 467 0.3912036 0.2031892
Moved 1846.604 529 443.908 0.3912036 0.1437961
Moved 1846.635 512.714 402.2645 0.3535046 0.03668851
Moved 1846.666 480.6713 338.9375 0.2793318 -0.1261896
Moved 1846.696 459.2844 298.5688 0.229825 -0.2300185
Moved 1846.727 449.0009 271.3358 0.2060207 -0.3000622
Moved 1846.758 444.2385 258.5963 0.1949965 -0.3328286
Moved 1846.788 433.8185 242.0914 0.1708763 -0.3752792
Moved 1846.819 424.2192 230.2191 0.1486555 -0.4058151
Moved 1846.85 415.6498 223.0999 0.128819 -0.424126
Moved 1846.881 406.929 222 0.1086319 -0.4269547
Moved 1846.911 386.8388 235.266 0.06212691 -0.3928344
Moved 1846.942 359.3156 271.5266 -0.001584242 -0.2995716
Moved 1846.973 342 299.5 -0.04166668 -0.2276234
Moved 1847.004 321.9415 335.9406 -0.0880983 -0.1338978
Moved 1847.034 306.8507 374.448 -0.1230308 -0.03485597
Moved 1847.065 294.9926 407.3507 -0.1504802 0.04977022
Moved 1847.096 293.4066 412.7802 -0.1541514 0.06373491
Moved 1847.127 287.45 432.375 -0.1679399 0.1141331
Moved 1847.157 283.8534 450.733 -0.1762653 0.1613501
Moved 1847.188 283 463.0518 -0.1782407 0.1930345
Moved 1847.219 282 470.6842 -0.1805555 0.2126651
Ended 1847.25 282 483.2171 -0.1805555 0.2448998
Candidates 1847.342 13 home number comes convey globe solved fine silver time founded films concert cindy
Began 1848.264 363 373 0.006944438 -0.03858032
Moved 1848.295 356.8218 373 -0.007356853 -0.03858032
Moved 1848.326 331.2032 373 -0.06665935 -0.03858032
Moved 1848.356 303.6511 373 -0.1304373 -0.03858032
Moved 1848.387 267.2752 373 -0.2146408 -0.03858032
Moved 1848.418 242.9138 365.3237 -0.2710328 -0.05832381
Moved 1848.449 220.5 361.5 -0.3229167 -0.06815843
Moved 1848.479 204.4599 361 -0.3600465 -0.06944452
Moved 1848.51 191.1357 361 -0.3908896 -0.06944452
Moved 1848.541 181.4701 361 -0.4132636 -0.06944452
Moved 1848.572 175.4342 361 -0.4272357 -0.06944452
Moved 1848.602 167.2556 360 -0.4461675 -0.07201654
Moved 1848.633 158.6474 360 -0.466094 -0.07201654
Moved 1848.664 148.0412 359.0137 -0.4906453 -0.07455315
Moved 1848.695 136.5562 359 -0.5172309 -0.07458848
Moved 1848.725 127.9199 358 -0.5372224 -0.07716057
Moved 1848.756 118.1161 358 -0.5599164 -0.07716057
Moved 1848.787 109.5132 358 -0.5798306 -0.07716057
Moved 1848.818 101.0725 357 -0.5993691 -0.07973259
Moved 1848.848 93.47162 356 -0.6169639 -0.0823046
Moved 1848.879 85.85309 356 -0.6345993 -0.0823046
Moved 1848.91 81.22487 355 -0.6453128 -0.08487654
Moved 1848.941 77.24721 353.2472 -0.6545203 -0.08938487
Moved 1848.971 74.37289 352 -0.6611738 -0.09259266
Moved 1849.002 71.5 352 -0.667824 -0.09259266
Moved 1849.033 69.97105 351 -0.6713633 -0.09516476
Ended 1849.063 69 350 -0.673611 -0.09773669
Accept 1849.125 0 home
Delete 1849.125 LeftSwipe
Began 1850.847 317 351 -0.09953702 -0.09516476
Stationary 1850.877 317 351 -0.09953702 -0.09516476
Stationary 1850.908 317 351 -0.09953702 -0.09516476
Stationary 1850.939 317 351 -0.09953702 -0.09516476
Stationary 1850.969 317 351 -0.09953702 -0.09516476
Stationary 1851 317 351 -0.09953702 -0.09516476
Stationary 1851.031 317 351 -0.09953702 -0.09516476
Moved 1851.062 331.2933 361.0978 -0.06645063 -0.06919295
Moved 1851.093 343.839 364.9356 -0.03740981 -0.05932207
Moved 1851.123 358.934 369.6447 -0.002467633 -0.04721025
Moved 1851.154 369.1322 373.283 0.02113928 -0.03785239
Moved 1851.185 385.192 381.4768 0.0583147 -0.01677776
Moved 1851.215 400.5508 390.2203 0.09386758 0.005710703
Moved 1851.246 415.8704 401.9136 0.1293297 0.03578606
Moved 1851.277 427.5 411 0.15625 0.05915629
Moved 1851.308 438.3883 419.0413 0.1814545 0.07983851
Moved 1851.339 448.9224 429.6918 0.2058388 0.1072318
Moved 1851.369 456.5331 440.5331 0.2234563 0.135116
Moved 1851.4 463.3395 452.0092 0.2392117 0.1646326
Moved 1851.431 467.5421 459.0841 0.2489399 0.1828294
Moved 1851.462 470.4081 463.4081 0.2555742 0.1939507
Moved 1851.492 471 467.9405 0.2569444 0.2056082
Moved 1851.523 471.8068 469.8068 0.2588119 0.2104082
Moved 1851.554 472 472 0.2592593 0.2160493
Moved 1851.584 472 473.1105 0.2592593 0.2189057
Stationary 1851.615 472 473 0.2592593 0.2186213
Moved 1851.646 464.6913 463.8641 0.242341 0.1951237
Moved 1851.676 449.3391 442.2318 0.2068034 0.1394849
Moved 1851.707 430.2675 412.03 0.1626563 0.06180555
Moved 1851.738 414.8196 380.2457 0.1268972 -0.01994427
Moved 1851.769 407.802 358.4721 0.1106528 -0.0759463
Moved 1851.8 399.2216 328.7386 0.0907907 -0.1524212
Moved 1851.83 393.1228 306.4913 0.07667322 -0.2096417
Moved 1851.861 385.3734 276.1802 0.05873471 -0.2876024
Moved 1851.892 379.6387 256.7354 0.04545986 -0.3376149
Moved 1851.923 375.1977 243.5931 0.03517995 -0.3714169
Moved 1851.953 371.3731 233.7463 0.02632668 -0.396743
Moved 1851.984 369.5 228 0.02199074 -0.4115227
Moved 1852.015 369 224.6332 0.02083332 -0.4201822
Moved 1852.046 368 222.0989 0.01851857 -0.4267004
Moved 1852.076 367 220 0.01620372 -0.4320988
Moved 1852.107 367 218.8 0.01620372 -0.435185
Moved 1852.138 365.6271 217.6271 0.0130257 -0.438202
Moved 1852.169 360.9792 218 0.002266665 -0.4372429
Moved 1852.199 349.6778 247.5088 -0.02389391 -0.3613459
Moved 1852.23 338.0116 286.2065 -0.05089909 -0.2618147
Moved 1852.261 327.1471 318.985 -0.07604833 -0.1775076
Moved 1852.292 315.5497 354.501 -0.1028942 -0.08616012
Moved 1852.322 304.9205 385.2385 -0.1274989 -0.007102558
Moved 1852.353 295.05 422.7499 -0.1503472 0.08937733
Moved 1852.384 290.7965 439.814 -0.1601932 0.1332663
Moved 1852.415 285.4576 457.8985 -0.1725519 0.17978
Moved 1852.445 280.7117 478.0092 -0.1835378 0.2315049
Moved 1852.476 277.2265 492.8676 -0.1916053 0.269721
Moved 1852.507 273.429 505.2842 -0.2003959 0.3016568
Moved 1852.537 271 514.3342 -0.2060186 0.3249335
Moved 1852.568 271 519.335 -0.2060186 0.3377956
Ended 1852.599 271 523.5 -0.2060186 0.3485081
Candidates 1852.691 13 five number convey fiber cover fine cindy give river concert concrete founder dive
Began 1854.382 399 194 0.09027779 -0.4989713
Stationary 1854.413 399 194 0.09027779 -0.4989713
Stationary 1854.444 399 194 0.09027779 -0.4989713
Stationary 1854.474 399 194 0.09027779 -0.4989713
Stationary 1854.505 399 194 0.09027779 -0.4989713
Stationary 1854.536 399 194 0.09027779 -0.4989713
Stationary 1854.567 399 194 0.09027779 -0.4989713
Stationary 1854.597 399 194 0.09027779 -0.4989713
Stationary 1854.628 399 194 0.09027779 -0.4989713
Stationary 1854.659 399 194 0.09027779 -0.4989713
Stationary 1854.69 399 194 0.09027779 -0.4989713
Stationary 1854.72 399 194 0.09027779 -0.4989713
Stationary 1854.751 399 194 0.09027779 -0.4989713
Stationary 1854.782 399 194 0.09027779 -0.4989713
Stationary 1854.813 399 194 0.09027779 -0.4989713
Stationary 1854.843 399 194 0.09027779 -0.4989713
Stationary 1854.874 399 194 0.09027779 -0.4989713
Stationary 1854.905 399 194 0.09027779 -0.4989713
Stationary 1854.936 399 194 0.09027779 -0.4989713
Stationary 1854.966 399 194 0.09027779 -0.4989713
Moved 1854.997 399 205.4379 0.09027779 -0.4695529
Moved 1855.028 399 222.3129 0.09027779 -0.4261501
Moved 1855.058 411.3721 250.8605 0.1189169 -0.3527251
Moved 1855.089 418.9978 283.6594 0.136569 -0.2683657
Moved 1855.12 424.3063 307.5317 0.1488572 -0.2069658
Moved 1855.151 430.9517 332.8551 0.16424 -0.1418336
Moved 1855.182 437.6832 351.2079 0.1798221 -0.09463
Moved 1855.212 444.4053 371.9186 0.1953828 -0.0413616
Moved 1855.243 451.6995 392.6321 0.2122672 0.01191367
Moved 1855.274 456.0855 406.342 0.2224202 0.04717599
Moved 1855.304 461.9074 419.7686 0.2358968 0.0817092
Moved 1855.335 465.6314 432.1569 0.2445171 0.1135721
Moved 1855.366 467 440.5542 0.2476852 0.1351702
Moved 1855.397 467 447.1578 0.2476852 0.1521547
Moved 1855.427 467 452.0324 0.2476852 0.1646923
Moved 1855.458 452.3279 453 0.2137221 0.167181
Moved 1855.489 405.1557 421.7704 0.1045271 0.08685806
Moved 1855.52 364.3087 384.3087 0.009973845 -0.009494122
Moved 1855.55 338.4741 351.9019 -0.04982849 -0.0928451
Moved 1855.581 324.2554 331.197 -0.08274212 -0.1460983
Moved 1855.612 311.3223 308.0854 -0.1126798 -0.2055418
Moved 1855.643 304.1312 293.8281 -0.1293259 -0.2422118
Moved 1855.673 300.0153 287.0458 -0.1388536 -0.2596559
Moved 1855.704 295.1529 280.3058 -0.150109 -0.2769914
Moved 1855.735 293.2842 277.2842 -0.1544347 -0.2847628
Moved 1855.766 291.8492 275.8492 -0.1577565 -0.2884538
Moved 1855.796 291 283.6271 -0.1597222 -0.2684489
Moved 1855.827 305.731 313.5005 -0.1256227 -0.191614
Moved 1855.858 328.4479 352.5856 -0.07303734 -0.09108657
Moved 1855.889 349 389 -0.02546296 0.002572016
Moved 1855.919 369.1092 426.9548 0.02108614 0.1001924
Moved 1855.95 384.7896 451.1844 0.05738338 0.1625112
Moved 1855.981 404.0031 474.0035 0.1018589 0.2212024
Moved 1856.012 417.3925 488.3925 0.1328531 0.2582112
Moved 1856.042 432.9945 502.5956 0.1689688 0.2947418
Moved 1856.073 439.5507 510.826 0.1841451 0.3159105
Moved 1856.104 444 514 0.1944444 0.324074
Moved 1856.135 444 513 0.1944444 0.321502
Moved 1856.165 426.398 486.2815 0.1536991 0.2527816
Moved 1856.196 410.4697 442.8786 0.1168279 0.1411486
Moved 1856.227 409 403.7432 0.113426 0.04049172
Moved 1856.258 409 353.7373 0.113426 -0.08812429
Moved 1856.288 408.3228 317.8735 0.1118582 -0.1803665
Moved 1856.319 407 292.7166 0.1087963 -0.2450705
Moved 1856.35 405.9374 279.6873 0.1063367 -0.2785822
Moved 1856.38 404.076 268.2281 0.1020278 -0.3080554
Moved 1856.411 399.4122 263.2061 0.09123187 -0.3209721
Moved 1856.442 390 263 0.06944448 -0.3215021
Moved 1856.473 357.8991 304.0346 -0.004863193 -0.2159604
Moved 1856.503 339.6121 362.7458 -0.04719431 -0.06495432
Moved 1856.534 338 399.703 -0.05092591 0.03010019
Moved 1856.565 338 420.6342 -0.05092591 0.08393574
Ended 1856.596 338 425 -0.05092591 0.09516452
Accept 1856.688 0 five
Candidates 1856.688 13 boxing mixing moving binding bidding victims clicking missing building buildings giving nursing living
Began 1858.502 221 428 -0.3217593 0.1028806
Stationary 1858.533 221 428 -0.3217593 0.1028806
Stationary 1858.563 221 428 -0.3217593 0.1028806
Stationary 1858.594 221 428 -0.3217593 0.1028806
Stationary 1858.625 221 428 -0.3217593 0.1028806
Stationary 1858.656 221 428 -0.3217593 0.1028806
Stationary 1858.686 221 428 -0.3217593 0.1028806
Stationary 1858.717 221 428 -0.3217593 0.1028806
Stationary 1858.748 221 428 -0.3217593 0.1028806
Stationary 1858.778 221 428 -0.3217593 0.1028806
Stationary 1858.809 221 428 -0.3217593 0.1028806
Stationary 1858.84 221 428 -0.3217593 0.1028806
Stationary 1858.871 221 428 -0.3217593 0.1028806
Stationary 1858.901 221 428 -0.3217593 0.1028806
Stationary 1858.932 221 428 -0.3217593 0.1028806
Moved 1858.963 253.1272 437.1063 -0.2473907 0.126302
Moved 1858.994 314.9947 450.999 -0.1041789 0.1620343
Moved 1859.024 336.7913 453.9055 -0.05372385 0.16951
Moved 1859.055 378.614 458.9742 0.0430881 0.1825468
Moved 1859.086 405.9171 461 0.1062895 0.1877571
Moved 1859.117 420.8427 462 0.1408395 0.1903292
Moved 1859.147 431 463 0.1643519 0.1929011
Moved 1859.178 435.1717 463 0.1740085 0.1929011
Moved 1859.209 437.9519 464 0.1804441 0.1954732
Moved 1859.24 440.8238 464 0.187092 0.1954732
Moved 1859.27 442 464 0.1898148 0.1954732
Moved 1859.301 443.5 464 0.193287 0.1954732
Moved 1859.332 443 464 0.1921296 0.1954732
Moved 1859.363 398.4474 423.3696 0.08899868 0.09097122
Moved 1859.393 339.5909 376.0791 -0.04724319 -0.03066082
Moved 1859.424 296.2154 339.9723 -0.1476495 -0.1235281
Moved 1859.455 266.6799 310.6799 -0.2160187 -0.1988686
Moved 1859.486 246.8624 292.8624 -0.2618926 -0.2446954
Moved 1859.516 231.6248 277.6248 -0.2971647 -0.2838868
Moved 1859.547 216.0859 260.1145 -0.3331345 -0.3289236
Moved 1859.578 211.3754 254.3755 -0.3440383 -0.3436845
Moved 1859.609 207.636 250.636 -0.3526945 -0.3533025
Moved 1859.639 206.2043 249.2043 -0.3560085 -0.3569848
Moved 1859.67 204.3305 247 -0.360346 -0.3626543
Moved 1859.701 202.7383 245.7384 -0.3640316 -0.3658991
Moved 1859.732 201.5 245 -0.3668981 -0.3677984
Moved 1859.762 202 245 -0.3657407 -0.3677984
Moved 1859.793 201 244 -0.3680556 -0.3703704
Stationary 1859.824 201 244 -0.3680556 -0.3703704
Moved 1859.854 200 267.2222 -0.3703704 -0.3106425
Moved 1859.885 200 296.3555 -0.3703704 -0.2357112
Moved 1859.916 200 326.1687 -0.3703704 -0.1590311
Moved 1859.947 200 347.7925 -0.3703704 -0.1034142
Moved 1859.978 200 368.9539 -0.3703704 -0.04898683
Moved 1860.008 200 385.0419 -0.3703704 -0.00760828
Moved 1860.039 209.5555 395.8889 -0.3482511 0.02029019
Moved 1860.07 219.4882 410.0695 -0.3252589 0.05676304
Moved 1860.1 239.1781 429.7241 -0.2796804 0.1073148
Moved 1860.131 260.5528 444.5955 -0.2302018 0.1455645
Moved 1860.162 279.7928 459.0946 -0.1856648 0.1828565
Moved 1860.193 295.6035 469.1621 -0.1490658 0.2087502
Moved 1860.223 304.1801 473.59 -0.1292128 0.2201388
Moved 1860.254 310.9117 475 -0.1136303 0.2237653
Stationary 1860.285 311.3886 475 -0.1125264 0.2237653
Moved 1860.316 314 449.4784 -0.1064815 0.1581233
Moved 1860.346 315 418.192 -0.1041667 0.07765412
Moved 1860.377 315 396.3242 -0.1041667 0.02141003
Moved 1860.408 315 372.1852 -0.1041667 -0.04067582
Moved 1860.438 304.0038 356.0094 -0.1296209 -0.08228035
Moved 1860.469 295.3904 346.3903 -0.1495594 -0.1070209
Moved 1860.5 286.1311 342.6262 -0.1709929 -0.1167022
Moved 1860.531 266.0367 343 -0.2175075 -0.1157408
Moved 1860.562 248.3135 356.3433 -0.2585337 -0.08142165
Moved 1860.592 235.9831 366.7711 -0.2870762 -0.05460103
Moved 1860.623 228.4476 379.2094 -0.3045193 -0.02260962
Moved 1860.654 225.5764 391.6942 -0.3111656 0.0095015
Moved 1860.685 226 402.2094 -0.3101852 0.03654676
Ended 1860.715 226 405.5 -0.3101852 0.04501017
Accept 1860.807 0 boxing
Candidates 1860.807 13 wizards fixed dozens success sizes educated succeed shared succeeded shares regards successes had
Began 1863.021 433 368 0.1689814 -0.05144041
Stationary 1863.052 433 368 0.1689814 -0.05144041
Stationary 1863.083 433 368 0.1689814 -0.05144041
Stationary 1863.113 433 368 0.1689814 -0.05144041
Stationary 1863.144 433 368 0.1689814 -0.05144041
Stationary 1863.175 433 368 0.1689814 -0.05144041
Stationary 1863.206 433 368 0.1689814 -0.05144041
Stationary 1863.236 433 368 0.1689814 -0.05144041
Stationary 1863.267 433 368 0.1689814 -0.05144041
Stationary 1863.298 433 368 0.1689814 -0.05144041
Stationary 1863.329 433 368 0.1689814 -0.05144041
Stationary 1863.359 433 368 0.1689814 -0.05144041
Stationary 1863.39 433 368 0.1689814 -0.05144041
Stationary 1863.421 433 368 0.1689814 -0.05144041
Stationary 1863.451 433 368 0.1689814 -0.05144041
Stationary 1863.482 433 368 0.1689814 -0.05144041
Stationary 1863.513 433 368 0.1689814 -0.05144041
Stationary 1863.544 433 368 0.1689814 -0.05144041
Stationary 1863.574 433 368 0.1689814 -0.05144041
Stationary 1863.605 433 368 0.1689814 -0.05144041
Stationary 1863.636 433 368 0.1689814 -0.05144041
Stationary 1863.667 433 368 0.1689814 -0.05144041
Stationary 1863.697 433 368 0.1689814 -0.05144041
Stationary 1863.728 433 368 0.1689814 -0.05144041
Stationary 1863.759 433 368 0.1689814 -0.05144041
Stationary 1863.79 433 368 0.1689814 -0.05144041
Stationary 1863.82 433 368 0.1689814 -0.05144041
Stationary 1863.851 433 368 0.1689814 -0.05144041
Stationary 1863.882 433 368 0.1689814 -0.05144041
Stationary 1863.913 433 368 0.1689814 -0.05144041
Stationary 1863.943 433 368 0.1689814 -0.05144041
Stationary 1863.974 433 368 0.1689814 -0.05144041
Stationary 1864.005 433 368 0.1689814 -0.05144041
Stationary 1864.036 433 368 0.1689814 -0.05144041
Stationary 1864.066 433 368 0.1689814 -0.05144041
Moved 1864.097 433 407.3544 0.1689814 0.04977968
Moved 1864.128 433 444.4478 0.1689814 0.1451845
Moved 1864.159 433 473.3776 0.1689814 0.2195924
Moved 1864.189 442.2169 493.3014 0.1903168 0.2708368
Moved 1864.22 443.7917 501.3752 0.1939624 0.2916029
Moved 1864.251 444 507 0.1944444 0.3060699
Stationary 1864.282 444 507 0.1944444 0.3060699
Moved 1864.312 447.6501 482.1489 0.2028938 0.2421523
Moved 1864.343 458.3886 431.4236 0.2277515 0.1116861
Moved 1864.374 467.2433 370.7834 0.2482484 -0.04428149
Moved 1864.405 475.2131 331.7212 0.2666971 -0.14475
Moved 1864.435 479.4707 308.2346 0.2765524 -0.2051579
Moved 1864.466 482 296.0335 0.2824074 -0.2365394
Moved 1864.497 484 291 0.287037 -0.2494857
Moved 1864.528 486.4694 300.5509 0.2927532 -0.2249205
Moved 1864.558 489.2263 356.4302 0.2991348 -0.08119795
Moved 1864.589 497.5147 423.0882 0.318321 0.09024733
Moved 1864.62 503.0693 454.3464 0.3311789 0.170644
Moved 1864.651 508.904 479.2323 0.3446852 0.2346509
Moved 1864.681 510 497.1316 0.3472221 0.2806881
Moved 1864.712 510 505.9028 0.3472221 0.3032479
Moved 1864.743 510 513.3443 0.3472221 0.3223875
Moved 1864.774 510 516.7726 0.3472221 0.3312053
Ended 1864.804 510 519 0.3472221 0.3369341
Accept 1864.866 0 wizards
Candidates 1864.866 13 jump pump jimmy mini dump july highly imo bono only trump simply dunno
Began 1866.095 125 439 -0.5439815 0.1311728
Stationary 1866.126 125 439 -0.5439815 0.1311728
Stationary 1866.157 125 439 -0.5439815 0.1311728
Stationary 1866.188 125 439 -0.5439815 0.1311728
Stationary 1866.218 125 439 -0.5439815 0.1311728
Stationary 1866.249 125 439 -0.5439815 0.1311728
Stationary 1866.28 125 439 -0.5439815 0.1311728
Stationary 1866.311 125 439 -0.5439815 0.1311728
Stationary 1866.341 125 439 -0.5439815 0.1311728
Stationary 1866.372 125 439 -0.5439815 0.1311728
Stationary 1866.403 125 439 -0.5439815 0.1311728
Moved 1866.434 144.4449 439 -0.4989701 0.1311728
Moved 1866.464 151.6535 439 -0.4822836 0.1311728
Moved 1866.495 174.7513 448.3892 -0.4288163 0.1553219
Moved 1866.526 215.7294 456.4323 -0.3339598 0.176009
Moved 1866.557 269.9181 467.1891 -0.208523 0.2036756
Moved 1866.587 302.2483 471.472 -0.1336846 0.2146914
Moved 1866.618 322.0501 472 -0.08784702 0.2160493
Moved 1866.649 336.2376 473 -0.0550056 0.2186213
Moved 1866.68 347.8203 474 -0.02819364 0.2211934
Moved 1866.71 357.3055 475 -0.006237179 0.2237653
Moved 1866.741 364.2458 476.082 0.00982831 0.2265482
Moved 1866.772 374.9652 477 0.03464172 0.2289094
Moved 1866.802 387.1187 478.8531 0.06277492 0.2336757
Moved 1866.833 407.5018 482.4448 0.1099579 0.2429136
Moved 1866.864 429.3844 485.2385 0.1606121 0.2500988
Moved 1866.895 443.4334 486 0.193133 0.2520575
Moved 1866.926 450.9625 486.9813 0.2105613 0.2545814
Moved 1866.956 455.3003 487 0.2206026 0.2546296
Moved 1866.987 458.4207 487 0.2278257 0.2546296
Moved 1867.018 459.5 487 0.2303241 0.2546296
Moved 1867.048 450.8541 475.363 0.2103103 0.2246989
Moved 1867.079 404.3168 436.0745 0.1025852 0.1236484
Moved 1867.11 354.8031 392.803 -0.01202991 0.01235342
Moved 1867.141 319.9143 356.4905 -0.09279098 -0.08104308
Moved 1867.171 299.9095 334.6108 -0.1390985 -0.137318
Moved 1867.202 285.0329 314.6526 -0.173535 -0.1886508
Moved 1867.233 274.319 298.6487 -0.1983356 -0.2298129
Moved 1867.264 265.5 287 -0.21875 -0.2597736
Moved 1867.294 259.8129 277.7505 -0.2319145 -0.2835635
Moved 1867.325 256.0475 271.0951 -0.2406307 -0.3006814
Moved 1867.356 253.1859 266.1859 -0.2472548 -0.3133079
Moved 1867.387 252.309 263.309 -0.2492848 -0.3207075
Moved 1867.417 252 262 -0.25 -0.3240741
Moved 1867.448 252 261 -0.25 -0.3266461
Moved 1867.479 263.8476 261 -0.222575 -0.3266461
Moved 1867.51 277.1477 261 -0.1917877 -0.3266461
Moved 1867.54 293.3307 261 -0.1543271 -0.3266461
Moved 1867.571 313.7361 277.9921 -0.1070923 -0.2829423
Moved 1867.602 337.0231 293.6821 -0.05318721 -0.2425873
Moved 1867.633 364.4116 317.4116 0.01021206 -0.1815545
Moved 1867.663 396.1843 346.1474 0.08375982 -0.1076456
Moved 1867.694 422.118 366.3385 0.1437917 -0.05571381
Moved 1867.725 442.7395 381.2425 0.1915265 -0.0173805
Moved 1867.756 455.0216 390.2662 0.2199573 0.005828598
Moved 1867.786 463.2481 397.2482 0.2390003 0.02378636
Moved 1867.817 466.4912 399.4912 0.2465074 0.0295555
Moved 1867.848 469.0285 401.0285 0.2523808 0.03350953
Moved 1867.879 470 401.9063 0.2546296 0.03576703
Stationary 1867.909 470 402 0.2546296 0.03600815
Moved 1867.94 471 404 0.2569444 0.04115226
Moved 1867.971 471 406.1614 0.2569444 0.04671136
Moved 1868.001 471 407 0.2569444 0.04886827
Moved 1868.032 471 408 0.2569444 0.05144025
Moved 1868.063 483.5 408 0.2858797 0.05144025
Moved 1868.094 503.4508 398.5492 0.3320619 0.02713266
Moved 1868.125 517.8231 396.7943 0.3653312 0.02261888
Moved 1868.155 526.2183 394.9272 0.3847647 0.01781695
Moved 1868.186 529.6131 394 0.3926229 0.01543206
Moved 1868.217 531.2357 394 0.3963788 0.01543206
Stationary 1868.247 531.2357 394 0.3963788 0.01543206
Moved 1868.278 514.4341 407.1185 0.3574863 0.04917313
Moved 1868.309 474.218 440.3444 0.2643936 0.1346305
Moved 1868.34 443.7879 463.4747 0.1939535 0.1941222
Moved 1868.37 420.849 479.2507 0.1408542 0.2346982
Moved 1868.401 407.0471 491.9529 0.1089053 0.2673685
Moved 1868.432 393.5433 507.3209 0.07764657 0.3068951
Moved 1868.463 383.8037 518.1962 0.05510122 0.3348667
Moved 1868.493 376.7794 525.2206 0.03884127 0.3529335
Ended 1868.524 376 526 0.03703703 0.3549381
Accept 1868.616 0 jump
Candidates 1868.616 13 quickly article quality rocky submit strictly seriously directly single society agriculture difficult arguably
Began 1869.17 351 430 -0.02083332 0.1080246
Stationary 1869.2 351 430 -0.02083332 0.1080246
Moved 1869.231 360.088 430 0.0002036492 0.1080246
Moved 1869.262 386.7647 430 0.06195545 0.1080246
Moved 1869.293 413.4692 430 0.1237713 0.1080246
Moved 1869.323 442.8267 430 0.1917285 0.1080246
Moved 1869.354 466.2715 430 0.2459989 0.1080246
Moved 1869.385 487.3107 430 0.2947007 0.1080246
Moved 1869.416 504.4409 422.4265 0.334354 0.08854552
Moved 1869.446 516.3216 421 0.3618555 0.08487643
Moved 1869.477 524.5947 420 0.3810063 0.08230445
Moved 1869.508 531.5512 419 0.3971093 0.07973251
Moved 1869.539 538.0215 419 0.4120868 0.07973251
Moved 1869.569 544.6039 419 0.4273238 0.07973251
Moved 1869.6 550.7969 419 0.4416594 0.07973251
Moved 1869.631 556.8895 419 0.4557627 0.07973251
Moved 1869.662 564.4315 419 0.4732211 0.07973251
Moved 1869.692 570.3619 419 0.4869489 0.07973251
Moved 1869.723 576 419 0.5000001 0.07973251
Moved 1869.754 580.1165 418 0.5095288 0.07716041
Moved 1869.785 582.9231 418 0.5160257 0.07716041
Moved 1869.815 586.7757 417.2243 0.5249438 0.07516531
Moved 1869.846 589.2629 417 0.5307011 0.0745884
Moved 1869.877 592.2136 417 0.5375316 0.0745884
Moved 1869.908 595.0779 415.9221 0.5441618 0.07181611
Moved 1869.938 596.9465 416 0.5484874 0.07201634
Moved 1869.969 598.0305 416 0.5509964 0.07201634
Moved 1870 600 414.6486 0.5555555 0.06854045
Moved 1870.031 602.5 415 0.5613426 0.06944436
Moved 1870.061 604 414.2019 0.5648147 0.06739165
Moved 1870.092 606.5 414 0.5706018 0.06687239
Moved 1870.123 607.0074 414 0.5717763 0.06687239
Moved 1870.153 609.3187 413 0.5771266 0.06430033
Moved 1870.184 610.3217 413 0.5794482 0.06430033
Moved 1870.215 611.2436 413 0.5815824 0.06430033
Moved 1870.246 612.203 413 0.5838032 0.06430033
Moved 1870.276 613.1581 413 0.5860142 0.06430033
Moved 1870.307 613.9832 413 0.5879241 0.06430033
Ended 1870.338 614 413 0.5879629 0.06430033
Accept 1870.399 0 quickly
PhraseEnd 1870.399
