please provide your date of birth
please provide your date of birth
FixStart
List

0.6 0.6
432 388.8
Began 1304.965 363 461 0.006944438 0.1877571
Stationary 1304.996 363 461 0.006944438 0.1877571
Moved 1305.026 386.7883 477.3149 0.0620099 0.2297194
Moved 1305.057 428.456 506.0564 0.1584629 0.3036429
Moved 1305.088 465.972 527.8734 0.2453057 0.3597565
Moved 1305.119 492.829 544.2383 0.3074746 0.4018475
Moved 1305.149 513.5 557.5 0.3553241 0.4359567
Moved 1305.18 523.0984 562.0656 0.3775426 0.4476995
Moved 1305.211 530.3286 567.3286 0.3942791 0.4612359
Moved 1305.242 532.7679 567.7679 0.3999258 0.462366
Moved 1305.272 535.2578 569.2578 0.4056894 0.466198
Moved 1305.303 536.5 569 0.4085648 0.4655349
Moved 1305.334 537 559.2651 0.4097222 0.4404967
Moved 1305.365 537 535.7883 0.4097222 0.3801138
Moved 1305.395 519.5894 508.6609 0.3694199 0.3103417
Moved 1305.426 510.2996 483.5486 0.3479157 0.2457524
Moved 1305.457 505.5641 465.4743 0.3369539 0.1992651
Moved 1305.488 503.2089 453.8354 0.331502 0.1693296
Moved 1305.518 496.8111 440.2167 0.3166924 0.1343023
Moved 1305.549 483.1776 433.5296 0.2851334 0.1171028
Moved 1305.58 459.9128 433 0.2312797 0.1157406
Moved 1305.611 429.6262 451.9546 0.1611717 0.1644921
Moved 1305.641 398.757 467.7468 0.08971541 0.2051099
Moved 1305.672 370.5159 480.4374 0.02434244 0.2377504
Moved 1305.703 347.6101 496.9056 -0.02868031 0.280107
Moved 1305.734 328.0009 509.9995 -0.07407208 0.3137845
Moved 1305.764 310.6653 522.4677 -0.1142006 0.3458531
Moved 1305.795 297.3126 532.2125 -0.1451097 0.3709167
Moved 1305.826 288.2966 537.2345 -0.1659802 0.3838335
Moved 1305.856 277.3288 539 -0.1913686 0.3883744
Moved 1305.887 256.6805 529.6805 -0.2391655 0.3644044
Moved 1305.918 226.0043 500.913 -0.3101752 0.2904141
Moved 1305.949 204.4627 475.5784 -0.36004 0.225253
Moved 1305.979 191.7784 455.8621 -0.389402 0.1745424
Moved 1306.01 183.4894 443.3192 -0.4085893 0.1422818
Moved 1306.041 178.4815 426.4445 -0.4201818 0.09887985
Moved 1306.072 175 411.3298 -0.4282407 0.06000448
Moved 1306.102 174 400.3609 -0.4305556 0.0317924
Moved 1306.133 174 394.4452 -0.4305556 0.01657706
Moved 1306.164 174 392 -0.4305556 0.01028803
Moved 1306.195 189.7305 397.4063 -0.3941423 0.02419315
Moved 1306.225 216.3758 430.1107 -0.3324635 0.1083093
Moved 1306.256 241.6026 470.0044 -0.274068 0.2109166
Moved 1306.287 260.4235 504.094 -0.2305012 0.2985956
Moved 1306.318 277.6972 529.2629 -0.1905158 0.3633304
Moved 1306.348 289.6473 545.6473 -0.1628535 0.4054713
Ended 1306.379 291 547 -0.1597222 0.4089505
Candidates 1306.471 13 please play last page place part okay phase post past holiday phrase plate
Began 1307.67 291 437 -0.1597222 0.1260288
Stationary 1307.701 291 437 -0.1597222 0.1260288
Stationary 1307.732 291 437 -0.1597222 0.1260288
Stationary 1307.762 291 437 -0.1597222 0.1260288
Moved 1307.793 307.1043 447.7362 -0.1224437 0.1536424
Moved 1307.824 341.3343 466.6671 -0.04320775 0.202333
Moved 1307.855 375.9671 480.3868 0.03696084 0.2376204
Moved 1307.885 405.1482 493.9784 0.1045096 0.2725781
Moved 1307.916 428.2554 504.3952 0.1579987 0.2993703
Moved 1307.947 447.059 512.6863 0.2015254 0.3206952
Moved 1307.978 457.6273 517.2091 0.2259891 0.3323278
Moved 1308.008 463.5069 520.7534 0.2395994 0.3414439
Moved 1308.039 466.6181 522.6181 0.2468013 0.3462399
Moved 1308.07 467 525.4867 0.2476852 0.353618
Moved 1308.101 467 527.9907 0.2476852 0.3600583
Moved 1308.131 455.6939 533.7225 0.2215136 0.3748005
Moved 1308.162 440.6056 539.4648 0.186587 0.3895698
Moved 1308.193 420.0096 540 0.1389112 0.3909464
Moved 1308.224 402.8226 540 0.0991265 0.3909464
Moved 1308.254 381.6577 540 0.05013357 0.3909464
Moved 1308.285 360.7688 540 0.001779695 0.3909464
Moved 1308.316 344 529 -0.03703703 0.3626543
Moved 1308.346 326.4817 525.6964 -0.07758875 0.3541572
Moved 1308.377 312.147 522.8294 -0.1107709 0.3467834
Moved 1308.408 292.6897 519.9113 -0.155811 0.339278
Moved 1308.439 277.1952 516.9129 -0.1916777 0.3315661
Moved 1308.469 261.9122 512.5825 -0.2270551 0.3204281
Moved 1308.5 245.6252 507.725 -0.2647564 0.3079347
Moved 1308.531 234.5658 503.8553 -0.290357 0.2979816
Moved 1308.562 228.6206 503.3103 -0.304119 0.29658
Moved 1308.592 224.5 503 -0.3136574 0.2957818
Moved 1308.623 225 503 -0.3125 0.2957818
Moved 1308.654 248.3999 513.4922 -0.2583337 0.3227679
Moved 1308.685 315.951 533.0359 -0.1019654 0.3730348
Moved 1308.715 369.8212 545.029 0.0227342 0.403881
Moved 1308.746 400.9093 550.5455 0.09469748 0.4180695
Moved 1308.777 419.7866 553.1124 0.1383949 0.4246716
Moved 1308.808 429.9696 555 0.1619666 0.4295266
Moved 1308.838 434.8435 555 0.1732489 0.4295266
Moved 1308.869 437.5 555 0.1793981 0.4295266
Moved 1308.9 437 547.0775 0.1782407 0.4091499
Moved 1308.931 409.6784 508.1498 0.1149963 0.3090272
Moved 1308.961 373.9799 459.9708 0.03236095 0.1851101
Moved 1308.992 349.0359 419.5673 -0.02537981 0.08119163
Moved 1309.023 334.5447 383.634 -0.05892436 -0.01122942
Moved 1309.053 328.5385 356.923 -0.07282764 -0.07993062
Moved 1309.084 326.9008 337.3058 -0.07661839 -0.1303863
Moved 1309.115 326.3529 322.7646 -0.07788674 -0.1677864
Moved 1309.146 325 311.9384 -0.08101851 -0.1956318
Moved 1309.177 323.6123 305.2247 -0.0842307 -0.2128995
Moved 1309.207 323.0685 299.137 -0.08548955 -0.228557
Moved 1309.238 323 297.6607 -0.08564815 -0.2323541
Moved 1309.269 323 308.4479 -0.08564815 -0.2046094
Moved 1309.299 341.7644 366.721 -0.04221211 -0.05472999
Moved 1309.33 375.375 444.9218 0.03559023 0.1464037
Moved 1309.361 397.7598 491.554 0.08740703 0.2663424
Moved 1309.392 409.292 514.938 0.1141018 0.3264865
Moved 1309.422 416 529 0.1296297 0.3626543
Moved 1309.453 419.2312 536.4625 0.1371094 0.3818478
Moved 1309.484 419 539 0.1365741 0.3883744
Moved 1309.515 365.7371 514.4717 0.01328031 0.3252873
Moved 1309.545 311.5401 478.9174 -0.1121757 0.2338409
Moved 1309.576 274.5264 451.9158 -0.1978556 0.1643924
Moved 1309.607 256.1021 440.3266 -0.2405043 0.1345848
Moved 1309.638 244.6746 435.8373 -0.266957 0.1230382
Moved 1309.668 235.4896 433.3724 -0.2882185 0.1166985
Moved 1309.699 226.5 433 -0.3090278 0.1157406
Moved 1309.73 216.5476 433 -0.3320658 0.1157406
Moved 1309.76 209.2709 442.7291 -0.3489101 0.1407641
Moved 1309.791 201.5163 455.7091 -0.3668603 0.1741489
Moved 1309.822 200 479.0801 -0.3703704 0.2342594
Moved 1309.853 217.302 511.1888 -0.3303194 0.3168437
Moved 1309.884 237.3531 539.4414 -0.2839048 0.3895097
Moved 1309.914 255.5333 556.6266 -0.2418212 0.4337103
Ended 1309.945 256 557 -0.2407407 0.4346707
Accept 1310.006 0 please
Candidates 1310.006 13 provide provider promise possible opportunity horrible participate possibility particular product of printer profile
Began 1311.052 273 389 -0.2013889 0.002572016
Stationary 1311.082 273 389 -0.2013889 0.002572016
Stationary 1311.113 273 389 -0.2013889 0.002572016
Stationary 1311.144 273 389 -0.2013889 0.002572016
Moved 1311.175 292.0603 429.3782 -0.1572678 0.1064253
Moved 1311.205 307.6773 455.2191 -0.1211174 0.1728886
Moved 1311.236 315.8909 467.6136 -0.1021044 0.2047674
Moved 1311.267 323.5027 476.0018 -0.08448452 0.226342
Moved 1311.298 328.7531 480.7531 -0.07233088 0.2385623
Moved 1311.328 340.2318 480 -0.04575978 0.2366254
Moved 1311.359 358.9356 480 -0.002463857 0.2366254
Moved 1311.39 384.4111 480 0.05650709 0.2366254
Moved 1311.421 403.8812 480 0.1015767 0.2366254
Moved 1311.451 422.7709 480 0.1453031 0.2366254
Moved 1311.482 431.4439 480 0.1653794 0.2366254
Moved 1311.513 433.2461 480 0.1695512 0.2366254
Stationary 1311.544 433 480 0.1689814 0.2366254
Moved 1311.574 389.615 471.2614 0.06855329 0.2141495
Moved 1311.605 332.5406 456.1707 -0.06356354 0.1753362
Moved 1311.636 279.7375 442.4562 -0.1857927 0.1400623
Moved 1311.667 269.0115 442 -0.2106215 0.1388888
Moved 1311.697 244.5232 442 -0.2673074 0.1388888
Moved 1311.728 225.3392 454.3304 -0.3117147 0.1706027
Moved 1311.759 210.0789 460.9803 -0.3470395 0.1877064
Moved 1311.789 201.1697 467.2202 -0.3676628 0.2037556
Moved 1311.82 196.6559 470.3442 -0.3781114 0.2117904
Ended 1311.851 196 473 -0.3796296 0.2186213
Accept 1311.943 0 provide
Candidates 1311.943 13 of good if food off god for our file id goods is your
Began 1313.48 293 345 -0.1550926 -0.1105968
Moved 1313.511 293 381.2837 -0.1550926 -0.01727453
Moved 1313.542 308.0071 449.5224 -0.120354 0.1582365
Moved 1313.572 323.8312 498.1274 -0.08372406 0.2832493
Moved 1313.603 334.6081 522.0201 -0.05877763 0.3447019
Moved 1313.634 343.5494 540.0989 -0.03808002 0.3912007
Moved 1313.665 347.6475 550.9424 -0.02859384 0.4190906
Moved 1313.695 350 557.5992 -0.02314816 0.436212
Moved 1313.726 350 559.0352 -0.02314816 0.4399053
Moved 1313.757 350 560.902 -0.02314816 0.4447068
Moved 1313.788 350 562.3368 -0.02314816 0.448397
Moved 1313.818 351 564.338 -0.02083332 0.453544
Moved 1313.849 351 565 -0.02083332 0.4552468
Moved 1313.88 351 566.0817 -0.02083332 0.458029
Stationary 1313.911 351 566.0817 -0.02083332 0.458029
Moved 1313.941 351 567.0913 -0.02083332 0.4606256
Stationary 1313.972 351 567 -0.02083332 0.4603909
Stationary 1314.003 351 567 -0.02083332 0.4603909
Moved 1314.034 341.5349 567 -0.04274324 0.4603909
Moved 1314.064 328.9823 562.7752 -0.0718003 0.4495246
Moved 1314.095 310.7198 552.5942 -0.1140746 0.4233389
Expand 1314.095
Moved 1314.126 296.6378 545.3189 -0.1466717 0.4046267
Moved 1314.156 286.4568 543.1142 -0.170239 0.3989562
Moved 1314.187 279.4867 541.2433 -0.1863734 0.3941444
Moved 1314.218 274.742 540 -0.1973565 0.3909464
Moved 1314.249 271.8925 539 -0.2039524 0.3883744
Moved 1314.28 268.9834 537.9834 -0.2106866 0.3857597
Moved 1314.31 267.1136 538 -0.2150149 0.3858024
Moved 1314.341 266 538 -0.2175926 0.3858024
Moved 1314.372 264.6719 537 -0.2206668 0.3832304
Moved 1314.402 263.6271 537 -0.2230854 0.3832304
Moved 1314.433 263 537 -0.2245371 0.3832304
Moved 1314.464 262.299 536 -0.2261598 0.3806583
Stationary 1314.495 262 536 -0.2268519 0.3806583
Moved 1314.526 260.6583 535 -0.2299576 0.3780863
Moved 1314.556 261 534 -0.2291666 0.3755144
Moved 1314.587 261 530.6727 -0.2291666 0.3669564
Moved 1314.618 281.5117 523.2441 -0.181686 0.3478501
Moved 1314.648 302.1469 512.2017 -0.1339191 0.3194488
Moved 1314.679 318.9008 506.3664 -0.09513707 0.3044402
Moved 1314.71 334.2152 501.2616 -0.05968695 0.2913106
Moved 1314.741 350.6976 498 -0.02153332 0.2829217
Moved 1314.771 365.028 496.3944 0.011639 0.2787921
Moved 1314.802 377.4319 496 0.04035165 0.2777777
Moved 1314.833 395.9276 496 0.08316587 0.2777777
Moved 1314.864 412.1613 505.7205 0.1207438 0.3027788
Moved 1314.894 423.9294 509.7324 0.1479848 0.3130975
Moved 1314.925 434.2303 513.3076 0.1718295 0.322293
Moved 1314.956 443.5332 516.1777 0.1933639 0.3296752
Moved 1314.987 451.0914 519.0457 0.2108597 0.3370516
Moved 1315.017 454.6845 520.6845 0.2191772 0.3412667
Moved 1315.048 457.4479 521 0.2255738 0.3420781
Moved 1315.079 460.3186 522 0.2322191 0.3446501
Moved 1315.109 461 522 0.2337964 0.3446501
Moved 1315.14 462.5 523.5 0.2372685 0.3485081
Moved 1315.171 463 523 0.2384259 0.3472221
Moved 1315.202 464 523 0.2407408 0.3472221
Stationary 1315.232 464 523 0.2407408 0.3472221
Stationary 1315.263 464 523 0.2407408 0.3472221
Moved 1315.294 464 512.1624 0.2407408 0.3193476
Moved 1315.325 465.5798 499.101 0.2443977 0.2857536
Moved 1315.355 468.0636 484.6183 0.2501473 0.2485038
Moved 1315.386 472.9214 472.1572 0.2613921 0.2164537
Moved 1315.417 476.8235 464.5295 0.2704248 0.196835
Moved 1315.448 479.6945 454.2221 0.2770705 0.1703243
Moved 1315.478 483.2691 443.9236 0.2853451 0.1438365
Moved 1315.509 485 433.5971 0.2893518 0.1172764
Moved 1315.54 487 423.9868 0.2939814 0.0925586
Moved 1315.571 488.6599 417.6801 0.2978239 0.07633774
Moved 1315.601 489 414.5909 0.2986111 0.0683923
Moved 1315.632 490 411.7199 0.300926 0.06100788
Moved 1315.663 491.1487 409.8514 0.3035848 0.05620207
Moved 1315.693 491 407.5157 0.3032407 0.05019455
Moved 1315.724 491.5195 406 0.3044432 0.04629618
Moved 1315.755 492 404.5 0.3055556 0.04243823
Moved 1315.786 492 403.7505 0.3055556 0.04051059
Moved 1315.817 492 402.7754 0.3055556 0.03800247
Ended 1315.847 492 402.7754 0.3055556 0.03800247
Accept 1315.909 12 your
Began 1316.462 419 414 0.1365741 0.06687239
Stationary 1316.493 419 414 0.1365741 0.06687239
Moved 1316.524 404.8947 414 0.1039229 0.06687239
Moved 1316.554 384.7509 414 0.05729387 0.06687239
Moved 1316.585 365.7923 414 0.01340806 0.06687239
Moved 1316.616 343.9145 423.2979 -0.03723492 0.09078677
Moved 1316.647 328.503 424 -0.07290969 0.09259254
Moved 1316.677 314.8155 425 -0.1045938 0.09516452
Moved 1316.708 307.793 425 -0.1208496 0.09516452
Moved 1316.739 302.0917 425 -0.134047 0.09516452
Moved 1316.77 300.6551 425 -0.1373726 0.09516452
Moved 1316.8 299.5 425 -0.1400463 0.09516452
Moved 1316.831 297.6909 425 -0.1442341 0.09516452
Moved 1316.862 293.7824 425 -0.1532814 0.09516452
Moved 1316.893 286.0809 425 -0.1711089 0.09516452
Moved 1316.923 277.0888 418.1555 -0.191924 0.07756025
Moved 1316.954 264.6469 415.1617 -0.2207249 0.06986037
Moved 1316.985 255.5922 414.2961 -0.2416848 0.06763387
Moved 1317.016 250 414 -0.2546296 0.06687239
Moved 1317.046 248.5 414 -0.2581019 0.06687239
Moved 1317.077 249 414 -0.2569445 0.06687239
Moved 1317.108 278.7227 446.0421 -0.1881418 0.149285
Moved 1317.138 295.6207 459.0804 -0.1490262 0.1828199
Moved 1317.169 316.5731 473.8989 -0.1005253 0.2209333
Moved 1317.2 337.6783 487.4845 -0.05167062 0.2558758
Moved 1317.231 351.8079 496.8847 -0.01896327 0.2800532
Moved 1317.261 368.2369 508.1579 0.01906683 0.309048
Moved 1317.292 387.8945 519.654 0.06457051 0.3386162
Moved 1317.323 404.727 526.5756 0.1035347 0.3564187
Moved 1317.354 410.7278 529.8639 0.1174254 0.3648762
Moved 1317.384 414 530 0.125 0.3652262
Moved 1317.415 407.0578 531 0.1089301 0.3677982
Moved 1317.446 399.9467 531 0.09246926 0.3677982
Moved 1317.477 356.071 514.4338 -0.009094874 0.3251897
Moved 1317.507 317.5909 495.5966 -0.09816925 0.27674
Moved 1317.538 299.6866 488.6747 -0.1396142 0.2589369
Moved 1317.569 289.5 487 -0.1631944 0.2546296
Moved 1317.6 280.8654 486 -0.183182 0.2520575
Moved 1317.63 275.1188 485.0594 -0.1964842 0.2496383
Ended 1317.661 274 485 -0.199074 0.2494856
Candidates 1317.753 13 data area says dates date faster address dated ate days fate sets assets
Began 1319.044 340 343 -0.04629632 -0.1157408
Stationary 1319.075 340 343 -0.04629632 -0.1157408
Moved 1319.106 340 357.5167 -0.04629632 -0.07840364
Moved 1319.137 346.24 390.36 -0.03185183 0.00606996
Moved 1319.167 372.651 432.8138 0.02928475 0.1152618
Moved 1319.198 399.0681 458.1641 0.09043535 0.180463
Moved 1319.229 423.2923 475.6373 0.1465099 0.2254046
Moved 1319.26 445.365 488.1082 0.1976041 0.2574797
Moved 1319.29 465.3293 499.1647 0.243818 0.2859172
Moved 1319.321 477.9852 506.1941 0.2731138 0.3039971
Moved 1319.352 489.8556 510.4639 0.3005916 0.314979
Moved 1319.383 495.9289 513.9645 0.3146504 0.3239826
Moved 1319.413 501.6691 516.8345 0.3279378 0.3313645
Moved 1319.444 508.0992 518.6998 0.3428223 0.3361619
Moved 1319.475 514.5494 521.1832 0.3577533 0.3425492
Moved 1319.506 523.3243 525.1081 0.3780656 0.3526443
Moved 1319.536 531.9091 528.9697 0.3979378 0.3625764
Moved 1319.567 538.696 532.696 0.4136481 0.3721604
Moved 1319.598 543.7108 535.3553 0.4252564 0.3790003
Moved 1319.629 550.4506 538.2253 0.4408578 0.3863818
Moved 1319.659 554.0822 541.0822 0.4492643 0.3937297
Moved 1319.69 557.4639 543.7319 0.4570923 0.400545
Moved 1319.721 560.5195 546.5195 0.4641654 0.4077146
Moved 1319.751 562 549.3907 0.4675925 0.4150995
Moved 1319.782 564 551.2593 0.4722223 0.4199055
Moved 1319.813 565.5 551 0.4756944 0.4192385
Moved 1319.844 566 553.5 0.4768519 0.4256686
Moved 1319.875 567 554.5 0.4791667 0.4282407
Moved 1319.905 568.139 554 0.4818033 0.4269547
Moved 1319.936 568 555.5 0.4814814 0.4308127
Ended 1319.967 568 555.5 0.4814814 0.4308127
Accept 1320.028 4 date
Began 1320.582 405 462 0.1041667 0.1903292
Stationary 1320.612 405 462 0.1041667 0.1903292
Moved 1320.643 422.7966 476.3975 0.1453625 0.2273598
Moved 1320.674 454 500 0.2175926 0.2880658
Moved 1320.704 482.9421 519.2947 0.2845881 0.3376921
Moved 1320.735 509.6166 534.3426 0.3463348 0.3763955
Moved 1320.766 525.2192 544.3754 0.3824518 0.4022
Moved 1320.797 532.7639 549.5093 0.3999165 0.4154044
Moved 1320.828 537.2131 553.2131 0.4102155 0.4249306
Moved 1320.858 537 554 0.4097222 0.4269547
Moved 1320.889 523.5562 555 0.3786023 0.4295266
Moved 1320.92 473.2403 538.7078 0.2621304 0.3876229
Moved 1320.95 394.1699 501.085 0.07909705 0.2908563
Moved 1320.981 362.988 484.4218 0.006916722 0.2479983
Moved 1321.012 350.935 478.4675 -0.02098386 0.2326838
Moved 1321.043 342.8678 474.4339 -0.03965795 0.2223093
Moved 1321.073 338.568 471.568 -0.04961113 0.2149381
Ended 1321.104 338 471 -0.05092591 0.2134772
Candidates 1321.166 13 of good off god if is his food goods odd high hood odds
Began 1321.996 369 405 0.02083332 0.04372424
Stationary 1322.026 369 405 0.02083332 0.04372424
Stationary 1322.057 369 405 0.02083332 0.04372424
Stationary 1322.088 369 405 0.02083332 0.04372424
Moved 1322.119 369 381.294 0.02083332 -0.017248
Moved 1322.149 377.739 356.6105 0.04106243 -0.0807343
Moved 1322.18 382.2236 328.7175 0.05144348 -0.1524755
Moved 1322.211 385.4751 309.6741 0.05897025 -0.2014557
Moved 1322.242 390.0605 296.8588 0.06958465 -0.2344169
Moved 1322.272 396.6186 281.6674 0.08476535 -0.2734892
Moved 1322.303 402.3337 269.3326 0.0979946 -0.3052145
Moved 1322.334 407.2703 262.5945 0.109422 -0.322545
Moved 1322.365 410.0466 261 0.1158486 -0.3266461
Moved 1322.395 418.5852 276.5898 0.135614 -0.286549
Moved 1322.426 430.371 326.0162 0.1628958 -0.1594233
Moved 1322.457 440.4617 374.943 0.186254 -0.03358283
Moved 1322.488 447.2492 406.2432 0.2019659 0.04692167
Moved 1322.518 453.2247 433.1235 0.2157979 0.1160585
Moved 1322.549 455 451.666 0.2199073 0.16375
Moved 1322.58 455 464.5 0.2199073 0.1967592
Moved 1322.61 455 471.1328 0.2199073 0.2138189
Moved 1322.641 425.6727 481.0344 0.1520202 0.2392858
Moved 1322.672 393.7134 488.5049 0.07804026 0.2585001
Moved 1322.703 362.1738 491 0.005031825 0.2649176
Moved 1322.733 336.4729 491 -0.05446097 0.2649176
Moved 1322.764 319.7263 491 -0.09322623 0.2649176
Moved 1322.795 310.8354 491 -0.113807 0.2649176
Moved 1322.826 304.666 491 -0.128088 0.2649176
Moved 1322.856 301.4616 491 -0.1355056 0.2649176
Moved 1322.887 299.5 491 -0.1400463 0.2649176
Stationary 1322.918 299.5 491 -0.1400463 0.2649176
Stationary 1322.949 299.5 491 -0.1400463 0.2649176
Moved 1322.979 304.6724 491 -0.1280732 0.2649176
Moved 1323.01 319.4105 474.8246 -0.09395714 0.2233142
Moved 1323.041 339.8973 461.4392 -0.04653399 0.1888868
Moved 1323.072 355.9282 454.0287 -0.009425482 0.1698269
Moved 1323.102 364.8975 449.3675 0.0113367 0.1578381
Moved 1323.133 375.5567 444.2217 0.03601084 0.144603
Moved 1323.164 384.7698 439.7434 0.05733758 0.1330848
Moved 1323.195 391.3894 434.7404 0.07266055 0.120217
Moved 1323.225 395.8911 431.3696 0.08308133 0.1115473
Ended 1323.256 397 431 0.0856481 0.1105966
Accept 1323.348 0 of
Candidates 1323.348 13 birth both north bid bought big bird body myth bush nutty mud nyt
Began 1324.117 305 379 -0.1273148 -0.02314815
Stationary 1324.148 305 379 -0.1273148 -0.02314815
Stationary 1324.178 305 379 -0.1273148 -0.02314815
Stationary 1324.209 305 379 -0.1273148 -0.02314815
Moved 1324.24 357.6076 411.8038 -0.005538016 0.06122365
Moved 1324.271 392.6601 425.7855 0.07560213 0.0971849
Moved 1324.301 422.4539 439.1815 0.1445691 0.1316396
Moved 1324.332 444.8052 450.8918 0.1963084 0.1617587
Moved 1324.363 464.0364 459.5182 0.2408251 0.183946
Moved 1324.394 479.2654 467.1327 0.2760773 0.2035305
Moved 1324.424 491 472 0.3032407 0.2160493
Moved 1324.455 501.5824 476.1456 0.327737 0.2267119
Moved 1324.486 510.0568 480.0284 0.3473537 0.2366984
Moved 1324.516 521.6415 484.8805 0.3741703 0.2491781
Moved 1324.547 529.8815 489.5877 0.3932443 0.2612852
Moved 1324.578 537.3253 493.1627 0.4104752 0.27048
Moved 1324.609 544.0752 497.0376 0.4261 0.2804464
Moved 1324.64 550.8237 500 0.4417215 0.2880658
Moved 1324.67 555.8364 502 0.453325 0.2932098
Moved 1324.701 560.2941 506.2941 0.4636438 0.3042544
Moved 1324.732 564.1598 508 0.4725921 0.3086419
Moved 1324.762 566.7706 509.7706 0.4786355 0.3131959
Moved 1324.793 568 510.5717 0.4814814 0.3152564
Moved 1324.824 570.443 512.443 0.4871365 0.3200694
Moved 1324.855 571.3729 512 0.489289 0.31893
Ended 1324.885 572.3718 513.3718 0.4916013 0.3224582
Accept 1324.947 0 birth
PhraseEnd 1324.947
