get rid of that immediately
get rid of that immediately
FixStart
Radial

0.6 0.6
432 388.8
Began 1511.104 453 337 0.2152778 -0.1311728
Stationary 1511.134 453 337 0.2152778 -0.1311728
Moved 1511.165 413.7472 365.9396 0.1244148 -0.0567397
Moved 1511.196 369.6994 398.3794 0.02245227 0.02669597
Moved 1511.227 335.8771 426.448 -0.05584002 0.09888876
Moved 1511.257 311.2455 451.1931 -0.1128576 0.1625337
Moved 1511.288 300.4531 463.0938 -0.1378401 0.1931424
Moved 1511.319 296.6674 468.6652 -0.1466033 0.2074722
Moved 1511.35 297 473.1824 -0.1458333 0.2190906
Moved 1511.38 316.4905 480.586 -0.1007165 0.2381327
Moved 1511.411 391.6805 483 0.07333448 0.2443414
Moved 1511.442 437.6425 483 0.1797281 0.2443414
Moved 1511.473 458.2154 472.1418 0.2273505 0.2164141
Ended 1511.503 467 474 0.2476852 0.2211934
Candidates 1511.626 13 get wet were wt et wi we eu ferry feet set sweet grey
Began 1512.057 397 381 0.0856481 -0.01800419
Moved 1512.087 411.2592 381 0.1186557 -0.01800419
Moved 1512.118 446.8265 381 0.2009874 -0.01800419
Moved 1512.149 480 370.5 0.2777778 -0.04501037
Moved 1512.18 495.1743 371.1652 0.3129033 -0.04329948
Moved 1512.21 506.4194 370 0.3389339 -0.04629637
Ended 1512.241 506.4194 370 0.3389339 -0.04629637
Accept 1512.302 0 get
Began 1512.917 464 322 0.2407408 -0.1697531
Stationary 1512.948 464 322 0.2407408 -0.1697531
Moved 1512.979 453.9258 342.0742 0.217421 -0.1181221
Moved 1513.01 441.5926 373.8593 0.1888716 -0.03637008
Moved 1513.04 432.2346 397.4133 0.1672098 0.0242112
Moved 1513.071 423.5529 427.8235 0.1471133 0.1024268
Moved 1513.102 417.9373 447.1879 0.1341142 0.1522322
Moved 1513.132 413.8403 458.3193 0.1246304 0.1808624
Moved 1513.163 411.1053 463.7894 0.1182993 0.1949314
Moved 1513.194 408.5799 466.4202 0.1124534 0.2016979
Moved 1513.225 408.022 468.978 0.111162 0.2082768
Moved 1513.255 408 470.266 0.1111111 0.2115894
Moved 1513.286 442.6632 473.8442 0.1913501 0.2207927
Moved 1513.317 482.9745 474 0.2846632 0.2211934
Moved 1513.348 513.904 467.6393 0.3562592 0.2048336
Moved 1513.378 534.2916 462.0595 0.4034528 0.1904822
Moved 1513.409 543.3137 457.4575 0.4243373 0.1786458
Moved 1513.44 548.4985 454.7508 0.4363391 0.171684
Moved 1513.471 550 446.7628 0.4398148 0.1511388
Moved 1513.501 528.231 401.7887 0.3894235 0.03546475
Moved 1513.532 483.2963 350.7078 0.2854081 -0.09591616
Moved 1513.563 432.7114 319.3557 0.1683134 -0.1765544
Moved 1513.594 407.5461 306.7731 0.1100605 -0.208917
Moved 1513.624 394.7966 302.6992 0.08054774 -0.2193952
Moved 1513.655 389.6979 302 0.06874511 -0.2211935
Ended 1513.686 389 302 0.06712963 -0.2211935
Candidates 1513.747 13 rid grid roof rod tough gross rough ross this would todd drugs eric
Began 1514.178 406 371 0.1064815 -0.04372435
Moved 1514.208 431.527 371 0.1655719 -0.04372435
Moved 1514.239 462.661 371 0.2376413 -0.04372435
Moved 1514.27 486.8184 371 0.2935611 -0.04372435
Moved 1514.301 500.8217 371 0.3259761 -0.04372435
Ended 1514.331 501 371 0.3263889 -0.04372435
Accept 1514.393 0 rid
Began 1514.762 413 342 0.1226852 -0.1183128
Moved 1514.792 422.4786 349.8989 0.1446265 -0.09799682
Moved 1514.823 455.8127 375.7814 0.2217887 -0.03142635
Moved 1514.854 506.6336 418.028 0.3394296 0.07723255
Moved 1514.885 537.3967 445.2697 0.4106404 0.1472984
Moved 1514.915 556.8121 462.8121 0.4555836 0.1924179
Moved 1514.946 564.5357 469.5357 0.4734623 0.2097111
Moved 1514.977 566.8113 471 0.47873 0.2134772
Moved 1515.008 567 472 0.4791667 0.2160493
Stationary 1515.038 567 472 0.4791667 0.2160493
Moved 1515.069 519.8739 439.8117 0.3700784 0.1332605
Moved 1515.1 454.551 392.4666 0.2188679 0.01148797
Moved 1515.13 416.2807 367.193 0.1302795 -0.05351604
Moved 1515.161 381 345.5 0.04861106 -0.1093108
Moved 1515.192 369.7356 341.9119 0.02253612 -0.1185396
Moved 1515.223 365.3518 341 0.01238833 -0.1208849
Ended 1515.254 365 341 0.01157403 -0.1208849
Candidates 1515.315 13 of off good if god high food goods odd is hood odds oh
Began 1515.776 402 378 0.09722222 -0.02572024
Moved 1515.807 422.4751 378 0.1446183 -0.02572024
Moved 1515.838 454.7383 378 0.2193016 -0.02572024
Moved 1515.868 482.7223 367.0555 0.2840793 -0.05386957
Moved 1515.899 498.053 363.1894 0.3195671 -0.06381329
Ended 1515.93 499 363 0.3217593 -0.06430049
Accept 1515.991 0 of
Began 1516.483 407 365 0.1087963 -0.05915646
Stationary 1516.514 407 365 0.1087963 -0.05915646
Moved 1516.545 407 381.413 0.1087963 -0.01694189
Moved 1516.575 407 401.8492 0.1087963 0.03562048
Moved 1516.606 407 427.0674 0.1087963 0.1004818
Moved 1516.637 407 449.8581 0.1087963 0.1591
Moved 1516.668 407 468.4356 0.1087963 0.2068816
Moved 1516.698 401.6646 472.7622 0.09644577 0.2180097
Moved 1516.729 399.0088 475.9912 0.09029806 0.2263148
Moved 1516.76 396.5 478.5 0.08449078 0.2327674
Moved 1516.791 394.5 480.5 0.07986108 0.2379114
Moved 1516.821 393.809 480 0.07826149 0.2366254
Moved 1516.852 403.332 462.2692 0.1003056 0.1910215
Moved 1516.883 434.9592 416.5612 0.1735167 0.0734598
Moved 1516.913 453.3488 385.402 0.2160852 -0.006682077
Moved 1516.944 465.8327 362.3345 0.2449831 -0.06601208
Moved 1516.975 470.6904 351.774 0.2562278 -0.09317374
Moved 1517.006 472 345.2012 0.2592593 -0.1100792
Moved 1517.036 449.8536 335.2276 0.2079944 -0.1357315
Moved 1517.067 412.5 334 0.1215278 -0.1388889
Moved 1517.098 356.7855 348.347 -0.007441044 -0.1019883
Moved 1517.129 302.4521 359.3723 -0.1332127 -0.07363088
Moved 1517.159 259.5923 367.5754 -0.2324251 -0.05253254
Moved 1517.19 229.0014 373.9088 -0.3032375 -0.03624284
Moved 1517.221 215.4427 378.7115 -0.3346235 -0.02389036
Moved 1517.252 205.1954 383.5364 -0.358344 -0.01148059
Moved 1517.282 201.1849 387.6302 -0.3676275 -0.0009512017
Moved 1517.313 200 395.4709 -0.3703704 0.0192152
Moved 1517.344 237.2139 423.8092 -0.2842272 0.09210182
Moved 1517.375 295.8021 457.5411 -0.1486062 0.1788608
Moved 1517.405 330.7277 475.5126 -0.0677599 0.2250838
Moved 1517.436 356.0966 485.7863 -0.009035517 0.2515077
Moved 1517.467 372.2899 488.8224 0.0284488 0.2593169
Moved 1517.498 384.2386 490 0.05610794 0.2623456
Ended 1517.528 390.7826 490 0.07125596 0.2623456
Candidates 1517.651 13 that these use unaware kat the thai relate okay what last theatre today
Began 1518.02 392.3096 377 0.07479071 -0.02829226
Moved 1518.051 435.8387 377 0.1755525 -0.02829226
Moved 1518.082 481.5628 377 0.2813953 -0.02829226
Moved 1518.112 506.1913 377 0.3384059 -0.02829226
Ended 1518.143 512.0927 377 0.3520665 -0.02829226
Accept 1518.204 0 that
Began 1518.666 349 313 -0.02546296 -0.1929013
Stationary 1518.696 349 313 -0.02546296 -0.1929013
Stationary 1518.727 349 313 -0.02546296 -0.1929013
Moved 1518.758 374.1304 349.4387 0.03270934 -0.09918032
Moved 1518.789 412.5356 398.8635 0.1216103 0.02794112
Moved 1518.819 454.1158 449.9501 0.2178606 0.1593365
Moved 1518.85 489.963 490.9576 0.3008401 0.2648087
Moved 1518.881 500.1728 502.2303 0.324474 0.2938022
Moved 1518.912 504.3123 506.3123 0.3340562 0.3043012
Moved 1518.942 505 507 0.3356481 0.3060699
Stationary 1518.973 505 507 0.3356481 0.3060699
Stationary 1519.004 505 507 0.3356481 0.3060699
Moved 1519.035 494.0529 430.4277 0.3103075 0.1091247
Moved 1519.065 496 351.2873 0.3148148 -0.09442568
Moved 1519.096 507.9437 311.075 0.3424624 -0.1978523
Moved 1519.127 510.7647 288.059 0.3489923 -0.25705
Moved 1519.157 513.1484 268.5165 0.3545101 -0.3073137
Moved 1519.188 515 244.6421 0.3587963 -0.3687189
Moved 1519.219 515 228.5017 0.3587963 -0.4102323
Moved 1519.25 515 210.5713 0.3587963 -0.4563496
Moved 1519.28 506.6487 198.7804 0.3394645 -0.486676
Moved 1519.311 505.3982 191.7963 0.3365698 -0.5046393
Moved 1519.342 502.8387 186.6772 0.3306451 -0.5178054
Moved 1519.373 497.5689 183 0.3184465 -0.5272635
Moved 1519.403 477.9677 190.0173 0.2730734 -0.5092148
Moved 1519.434 445.2289 209.514 0.1972892 -0.4590688
Moved 1519.465 408.2918 237.3422 0.1117866 -0.3874945
Moved 1519.496 379.5531 266.4469 0.04526178 -0.3126366
Moved 1519.526 354.7466 297.0498 -0.01216069 -0.2339255
Moved 1519.557 332.5457 327.434 -0.06355167 -0.1557768
Moved 1519.588 314.6383 354.5167 -0.1050039 -0.08611961
Moved 1519.619 297.8384 385.1342 -0.1438927 -0.007370921
Moved 1519.649 284.2372 407.8792 -0.175377 0.05112946
Moved 1519.68 271.0208 430.2986 -0.2059703 0.1087926
Moved 1519.711 268.1172 435.7656 -0.2126917 0.1228539
Moved 1519.742 264.042 442.437 -0.222125 0.1400128
Moved 1519.772 261.2496 446.7504 -0.2285889 0.151107
Moved 1519.803 259.6964 448 -0.2321842 0.1543209
Moved 1519.834 258.149 449.851 -0.2357661 0.1590816
Moved 1519.865 256.6158 450 -0.2393154 0.1594649
Moved 1519.895 256 450 -0.2407407 0.1594649
Moved 1519.926 253.8121 450 -0.2458054 0.1594649
Moved 1519.957 253 432.856 -0.2476852 0.1153704
Moved 1519.987 253 400.622 -0.2476852 0.03246398
Moved 1520.018 261.7083 363.1808 -0.2275271 -0.0638355
Moved 1520.049 268.3501 323.3663 -0.2121526 -0.166239
Moved 1520.08 274.3263 300.6946 -0.1983187 -0.2245508
Moved 1520.11 279.4348 289.3478 -0.1864935 -0.2537352
Moved 1520.141 284.7138 283.2861 -0.1742736 -0.2693259
Moved 1520.172 296.1165 280.9767 -0.1478784 -0.2752658
Moved 1520.203 308.5 281 -0.119213 -0.2752058
Moved 1520.233 334.2888 297.9022 -0.05951653 -0.231733
Moved 1520.264 370.9529 334.7783 0.02535383 -0.136887
Moved 1520.295 422.1233 406.5974 0.143804 0.04783265
Moved 1520.326 448.6996 452.9893 0.205323 0.1671534
Moved 1520.356 460.0962 477.2164 0.2317041 0.2294659
Moved 1520.387 465.4497 490.349 0.2440965 0.2632432
Moved 1520.418 468.8452 498.6903 0.2519564 0.2846972
Moved 1520.449 469 502.3956 0.2523148 0.2942272
Moved 1520.479 469 503 0.2523148 0.2957818
Stationary 1520.51 469 503 0.2523148 0.2957818
Moved 1520.541 440.472 489.984 0.1862777 0.2623045
Moved 1520.572 373.1314 444.8229 0.03039688 0.1461493
Moved 1520.602 319.6311 403.1667 -0.09344658 0.039009
Moved 1520.633 287.5826 375.8006 -0.167633 -0.03137714
Moved 1520.664 261.1526 355.8451 -0.2288133 -0.08270295
Moved 1520.694 240.3237 340.5632 -0.2770285 -0.1220084
Moved 1520.725 222.1844 327.9871 -0.3190175 -0.1543543
Moved 1520.756 210.7809 320.8685 -0.3454147 -0.1726633
Moved 1520.787 202.8123 315.4061 -0.3638605 -0.1867127
Moved 1520.818 198.8709 311.8709 -0.3729839 -0.1958053
Moved 1520.848 196.3161 310 -0.3788978 -0.2006174
Moved 1520.879 195.5 310 -0.3807871 -0.2006174
Moved 1520.91 193.7789 309 -0.3847712 -0.2031893
Moved 1520.94 194 307.5 -0.3842593 -0.2070474
Moved 1520.971 192.6698 308 -0.3873383 -0.2057614
Stationary 1521.002 193 308 -0.3865741 -0.2057614
Stationary 1521.033 193 308 -0.3865741 -0.2057614
Moved 1521.063 215.8362 331.9332 -0.3337126 -0.1442049
Moved 1521.094 261.0236 366.6637 -0.2291121 -0.0548774
Moved 1521.125 294.9723 392.671 -0.1505271 0.01201386
Moved 1521.156 316.7516 409.5013 -0.1001121 0.05530177
Moved 1521.186 328.1976 418.1976 -0.07361665 0.07766853
Moved 1521.217 335.9931 425.9932 -0.05557145 0.09771892
Moved 1521.248 339.7022 429.7022 -0.04698569 0.1072587
Moved 1521.279 341 432.1806 -0.04398147 0.1136331
Moved 1521.309 342 434.5 -0.04166668 0.1195987
Moved 1521.34 342 436.2758 -0.04166668 0.1241662
Moved 1521.371 323.5 436 -0.08449072 0.1234567
Moved 1521.401 295.9013 436 -0.1483765 0.1234567
Moved 1521.432 273.4659 431.4659 -0.2003104 0.1117951
Moved 1521.463 255.963 425.7926 -0.2408264 0.09720315
Moved 1521.494 242.5 423.5 -0.2719907 0.09130646
Moved 1521.524 240.0143 422 -0.2777447 0.08744851
Moved 1521.555 238.7458 422 -0.2806811 0.08744851
Moved 1521.586 238 421 -0.2824074 0.08487643
Moved 1521.617 238 417.3529 -0.2824074 0.07549607
Moved 1521.647 311.2319 391.7636 -0.1128891 0.00968003
Moved 1521.678 373.014 376.2465 0.03012508 -0.03023038
Moved 1521.709 435.9661 365.0074 0.1758475 -0.05913738
Moved 1521.74 484.5 355 0.2881944 -0.08487654
Moved 1521.77 510.9417 348.4117 0.3494022 -0.1018219
Moved 1521.801 531.7578 344.6484 0.3975874 -0.1115009
Moved 1521.832 539.7006 343.0998 0.4159737 -0.1154841
Moved 1521.863 542.4598 342 0.4223607 -0.1183128
Moved 1521.893 531.5552 365.175 0.3971186 -0.05870615
Moved 1521.924 502.6712 405.2367 0.3302573 0.04433306
Moved 1521.955 479.1482 436.4212 0.2758061 0.12454
Moved 1521.985 463.5473 459.6791 0.2396928 0.1843597
Moved 1522.016 451.6751 476.6549 0.2122108 0.2280217
Moved 1522.047 441.3354 489.8861 0.1882765 0.2620526
Moved 1522.078 434.6539 498.1281 0.17281 0.2832513
Ended 1522.108 434 499 0.1712963 0.2854938
Candidates 1522.201 13 immediately indirectly honestly unexpectedly unusually industry precisely inevitably commercially mississippi intensity inequality financially
Began 1522.816 371 349 0.025463 -0.1003086
Moved 1522.846 392.7354 349 0.07577628 -0.1003086
Moved 1522.877 418.6108 349 0.1356733 -0.1003086
Moved 1522.908 440.5692 349 0.1865027 -0.1003086
Ended 1522.938 452 349 0.2129629 -0.1003086
Accept 1523 0 immediately
Began 1523.338 411 360 0.1180555 -0.07201654
Moved 1523.369 423.7897 360 0.1476614 -0.07201654
Moved 1523.4 491.1352 352.8185 0.3035536 -0.09048736
Moved 1523.43 584.7042 339.6522 0.5201486 -0.1243514
Moved 1523.461 617.5 337.5 0.5960649 -0.1298869
Moved 1523.492 645.3812 329.8475 0.6606047 -0.1495692
Moved 1523.522 666.1487 325.4073 0.7086776 -0.1609894
Moved 1523.553 674.433 325 0.7278541 -0.1620371
Ended 1523.584 674.433 325 0.7278541 -0.1620371
PhraseEnd 1523.645
