completely sold out of that
completely sold out of that
FixStart
Radial

0.6 0.6
432 388.8
Began 1905.4 481 449 0.2800926 0.156893
Stationary 1905.431 481 449 0.2800926 0.156893
Moved 1905.462 469.0272 434.2643 0.2523778 0.1189925
Moved 1905.492 426.7813 370.9468 0.1545863 -0.04386125
Moved 1905.523 393.7301 309.5092 0.0780789 -0.2018797
Moved 1905.554 377.0686 275.1714 0.03951063 -0.290197
Moved 1905.585 372.1247 260.4988 0.02806644 -0.3279353
Moved 1905.615 370.5719 255.5719 0.02447198 -0.3406073
Moved 1905.646 371 254.5 0.025463 -0.3433642
Moved 1905.677 389.7874 273.7874 0.06895224 -0.2937569
Moved 1905.708 430.5494 324.3315 0.1633088 -0.1637563
Moved 1905.738 480.6382 389.0686 0.2792552 0.002748426
Moved 1905.769 531.5563 457.2469 0.3971211 0.1781042
Moved 1905.8 554.0198 485.1473 0.44912 0.2498644
Moved 1905.83 571.7165 505.7165 0.4900845 0.3027686
Moved 1905.861 588.3906 523.3906 0.5286819 0.3482268
Moved 1905.892 595.5836 529.7918 0.5453324 0.3646907
Moved 1905.923 597.5 531.5 0.5497685 0.3690843
Stationary 1905.953 597.5 531.5 0.5497685 0.3690843
Moved 1905.984 597 520.4902 0.548611 0.340767
Moved 1906.015 570.3914 448.1742 0.4870172 0.154769
Moved 1906.046 549.3354 377.118 0.4382763 -0.02798873
Moved 1906.076 537 329 0.4097222 -0.151749
Moved 1906.107 532.8674 305.2045 0.4001561 -0.2129515
Moved 1906.138 530 284.2475 0.3935185 -0.2668532
Moved 1906.169 529 272.443 0.3912036 -0.2972145
Moved 1906.199 528 264.5902 0.3888889 -0.3174121
Moved 1906.23 528 260.9837 0.3888889 -0.3266881
Moved 1906.261 528 258.5 0.3888889 -0.3330762
Stationary 1906.292 528 258.5 0.3888889 -0.3330762
Moved 1906.322 528 270.0493 0.3888889 -0.3033712
Moved 1906.353 551.4991 351.6833 0.4432849 -0.09340709
Moved 1906.384 569.9683 418.8943 0.4860376 0.07946049
Moved 1906.414 582.3133 449.5021 0.5146141 0.1581845
Moved 1906.445 594.39 475.502 0.5425695 0.2250565
Moved 1906.476 606.3245 496.8177 0.5701955 0.2798809
Moved 1906.507 614.1412 513.2824 0.5882899 0.3222283
Moved 1906.537 620.3043 523.6086 0.6025563 0.3487874
Moved 1906.568 624.4197 531.6296 0.6120827 0.3694175
Moved 1906.599 626.7642 535.7642 0.6175097 0.3800519
Moved 1906.63 627 537.0333 0.6180555 0.383316
Stationary 1906.66 627 537 0.6180555 0.3832304
Moved 1906.691 628.0549 537 0.6204973 0.3832304
Moved 1906.722 632.339 495.9577 0.6304143 0.277669
Moved 1906.753 634 454.6638 0.6342593 0.1714603
Moved 1906.783 634 433.4057 0.6342593 0.1167841
Moved 1906.814 634 416.5989 0.6342593 0.07355674
Moved 1906.845 634 407.1443 0.6342593 0.04923953
Moved 1906.875 634 399.6677 0.6342593 0.03000958
Moved 1906.906 620.7269 389.3635 0.6035346 0.003506853
Moved 1906.937 590.2769 381.0461 0.5330483 -0.01788551
Moved 1906.968 558.5 381 0.4594907 -0.01800419
Moved 1906.998 518.5845 390.8493 0.3670937 0.007328418
Moved 1907.029 484.184 402.6695 0.2874629 0.03773006
Moved 1907.06 436.5905 424.1436 0.1772928 0.09296177
Moved 1907.091 407.7558 445.9332 0.1105457 0.1490049
Moved 1907.121 392.1071 457.9107 0.07432212 0.1798114
Moved 1907.152 383.2256 467.968 0.05376309 0.2056788
Moved 1907.183 373.5686 479.2419 0.03140877 0.2346755
Moved 1907.214 365.9206 490.799 0.01370519 0.2644005
Moved 1907.244 363.0887 495.8226 0.007149776 0.2773213
Moved 1907.275 362 499.2269 0.004629592 0.2860773
Moved 1907.306 361 504.4057 0.002314846 0.2993973
Moved 1907.337 361 507.2567 0.002314846 0.30673
Moved 1907.367 390.607 520.0796 0.07084946 0.3397108
Moved 1907.398 427.3299 530.3325 0.1558563 0.3660813
Moved 1907.429 459.931 536.659 0.2313218 0.3823533
Moved 1907.459 472.8558 538 0.2612403 0.3858024
Moved 1907.49 480.3203 538 0.2785192 0.3858024
Moved 1907.521 485.0396 538 0.2894435 0.3858024
Moved 1907.552 488.5754 538 0.2976281 0.3858024
Moved 1907.582 489.5 538 0.2997685 0.3858024
Moved 1907.613 489 538 0.2986111 0.3858024
Moved 1907.644 455.2152 529.0675 0.2204056 0.3628279
Moved 1907.675 413.0164 528 0.1227231 0.3600822
Moved 1907.705 393.8569 527 0.07837236 0.3575102
Moved 1907.736 385.8543 527 0.05984803 0.3575102
Moved 1907.767 382.2581 527 0.05152335 0.3575102
Moved 1907.798 380.8935 527 0.0483646 0.3575102
Moved 1907.828 380 527 0.04629632 0.3575102
Stationary 1907.859 380 527 0.04629632 0.3575102
Moved 1907.89 424.1403 516.3509 0.148473 0.3301206
Moved 1907.921 496.5001 492.9 0.3159724 0.2698044
Moved 1907.951 553.2667 478.7778 0.4473767 0.2334818
Moved 1907.982 610.2747 459.8478 0.5793394 0.1847937
Moved 1908.013 640.1461 446.6517 0.6484864 0.150853
Moved 1908.043 664.4528 435.3774 0.7047517 0.1218554
Moved 1908.074 674.514 432.243 0.7280418 0.1137936
Moved 1908.105 680.6137 429.6931 0.7421614 0.1072353
Moved 1908.136 680 430 0.7407407 0.1080246
Moved 1908.166 645.8053 464.0484 0.6615863 0.1955976
Moved 1908.197 607.9532 492.9591 0.5739657 0.2699565
Moved 1908.228 570.5057 516.2463 0.4872818 0.3298514
Moved 1908.259 528.5 546.5 0.3900464 0.4076646
Moved 1908.289 500.7307 568.2356 0.3257655 0.4635688
Moved 1908.32 488 584 0.2962963 0.5041152
Ended 1908.351 483 597 0.2847222 0.5375513
Candidates 1908.443 13 completely similarly component consult complaint comment conversely company clinically community content finally comfort
Began 1908.781 443 447 0.1921296 0.1517489
Stationary 1908.812 443 447 0.1921296 0.1517489
Moved 1908.843 469.3493 447 0.2531233 0.1517489
Moved 1908.873 514.5 434 0.3576389 0.1183127
Moved 1908.904 544.3962 429.1782 0.426843 0.105911
Moved 1908.935 562.9025 428 0.4696818 0.1028806
Moved 1908.966 571.5 427 0.4895833 0.1003086
Ended 1908.996 571.5 427 0.4895833 0.1003086
Accept 1909.058 0 completely
Began 1909.519 497 390 0.3171296 0.005143954
Moved 1909.55 482.766 390 0.2841805 0.005143954
Moved 1909.58 447.1935 390 0.2018367 0.005143954
Moved 1909.611 401.5513 390 0.09618362 0.005143954
Moved 1909.642 377.8014 390 0.04120697 0.005143954
Moved 1909.672 357.7407 399.2099 -0.005229811 0.02883201
Moved 1909.703 349.485 401.7575 -0.02434025 0.03538449
Moved 1909.734 346.6915 403.3085 -0.03080681 0.03937372
Moved 1909.765 346 406.7969 -0.03240739 0.04834579
Moved 1909.795 406.0442 445.1526 0.1065837 0.1469973
Moved 1909.826 496.6706 491.2661 0.3163672 0.265602
Moved 1909.857 579 521 0.5069445 0.3420781
Moved 1909.888 601.3303 523.8145 0.5586349 0.349317
Moved 1909.918 608.4411 524 0.5750951 0.3497942
Moved 1909.949 617.9341 524 0.5970698 0.3497942
Moved 1909.98 624.5878 524 0.6124718 0.3497942
Moved 1910.011 629.9678 510.3871 0.6249254 0.3147815
Moved 1910.041 636.9599 489.1805 0.6411108 0.2602379
Moved 1910.072 641 452.7048 0.650463 0.1664218
Moved 1910.103 641 397.8376 0.650463 0.02530239
Moved 1910.134 642 353.9854 0.6527777 -0.08748631
Moved 1910.164 644.829 328.7693 0.6593265 -0.1523424
Moved 1910.195 646.4731 314.1612 0.6631323 -0.1899147
Moved 1910.226 647 306.8815 0.6643519 -0.2086383
Moved 1910.256 638.5563 301.3813 0.6448062 -0.2227848
Moved 1910.287 574.9889 299 0.4976595 -0.2289095
Moved 1910.318 514.9017 315.8954 0.3585688 -0.1854541
Moved 1910.349 453.4407 330.6999 0.2162979 -0.1473769
Moved 1910.379 414.1497 338.5344 0.1253466 -0.1272263
Moved 1910.41 382.9376 346.5694 0.05309631 -0.1065603
Ended 1910.441 361.7966 355.7797 0.004158715 -0.08287131
Candidates 1910.502 13 aims around songs sold gains sons rooms sound find fails settings sounds sums
Began 1911.885 430 469 0.162037 0.2083333
Moved 1911.916 438.1781 453.8121 0.1809677 0.1692698
Moved 1911.947 449.9051 417.5586 0.2081136 0.07602511
Moved 1911.978 458.87 390.6799 0.2288659 0.006892592
Ended 1912.009 463.8434 376.8914 0.2403783 -0.02857153
Accept 1912.07 3 sold
Began 1912.715 413 414 0.1226852 0.06687239
Moved 1912.746 454.1321 454.9962 0.2178983 0.1723153
Moved 1912.777 529.9825 513.3217 0.393478 0.3223293
Moved 1912.808 559.5195 534.013 0.4618507 0.3755477
Moved 1912.838 575.7457 545.9612 0.4994114 0.4062788
Moved 1912.869 584.8457 554.8457 0.5204762 0.4291298
Moved 1912.9 589.5 558.5 0.5312501 0.4385287
Moved 1912.931 590.5 560.5 0.5335647 0.4436727
Stationary 1912.961 590.5 560.5 0.5335647 0.4436727
Moved 1912.992 572.8127 560 0.4926221 0.4423867
Moved 1913.023 539.3944 560 0.4152648 0.4423867
Moved 1913.054 482.1343 560 0.2827183 0.4423867
Moved 1913.084 437.5995 560 0.1796284 0.4423867
Moved 1913.115 412.9103 561 0.1224776 0.4449587
Moved 1913.146 398.2837 562 0.08861959 0.4475308
Moved 1913.177 395.5 564.5 0.08217593 0.4539608
Ended 1913.207 395.5 564.5 0.08217593 0.4539608
Candidates 1913.269 13 out or for our got it put hot per poor hour port pot
Began 1913.73 413 384 0.1226852 -0.01028807
Moved 1913.76 427.5247 384 0.1563073 -0.01028807
Moved 1913.791 456.1446 384 0.2225569 -0.01028807
Moved 1913.822 484.6767 394.4573 0.2886034 0.01660818
Ended 1913.853 495.8633 396.8585 0.3144984 0.02278422
Accept 1913.914 0 out
Began 1914.344 471 375 0.2569444 -0.03343629
Stationary 1914.375 471 375 0.2569444 -0.03343629
Moved 1914.406 491.2427 398.3808 0.3038026 0.02669954
Moved 1914.437 533.0095 453.4747 0.400485 0.168402
Moved 1914.467 553.759 485.5128 0.4485161 0.2508044
Moved 1914.498 560.4421 498.8843 0.4639864 0.2851963
Moved 1914.529 564.0384 503.0384 0.472311 0.2958806
Moved 1914.56 564 504 0.4722223 0.2983539
Moved 1914.59 556.4761 504 0.4548057 0.2983539
Moved 1914.621 492.0011 469.8954 0.305558 0.2106362
Moved 1914.652 406.706 427.3661 0.1081157 0.1012502
Moved 1914.683 377 410 0.03935188 0.05658428
Moved 1914.713 364.6903 403.8452 0.01085718 0.04075392
Moved 1914.744 360.3553 404 0.0008224447 0.04115226
Ended 1914.775 360 404 0 0.04115226
Candidates 1914.867 13 is his its if of id us usa guys hits fits gus how
Began 1915.881 447 428 0.2013889 0.1028806
Moved 1915.912 440.5621 418.3431 0.1864862 0.07804285
Moved 1915.943 422.0648 389.5972 0.1436686 0.004108099
Moved 1915.974 407.4391 360.7905 0.1098128 -0.06998336
Moved 1916.004 402.6823 349.3647 0.09880175 -0.09937067
Ended 1916.035 403 345.5049 0.09953707 -0.109298
Accept 1916.097 4 of
Began 1916.65 419 361 0.1365741 -0.06944452
Stationary 1916.681 419 361 0.1365741 -0.06944452
Moved 1916.711 419 377.7258 0.1365741 -0.02642541
Moved 1916.742 413.0958 407.6519 0.122907 0.05054482
Moved 1916.773 411 443.5833 0.1180555 0.1429611
Moved 1916.803 411 462.922 0.1180555 0.1927005
Moved 1916.834 411 474.8077 0.1180555 0.2232707
Moved 1916.865 410.2411 479.5178 0.1162989 0.235385
Moved 1916.896 408.6862 481.3137 0.1126997 0.2400043
Moved 1916.926 407.7679 482.2321 0.110574 0.2423663
Moved 1916.957 407 482 0.1087963 0.2417695
Moved 1916.988 414.226 464.4309 0.1255231 0.1965815
Moved 1917.019 440.7396 427.2068 0.1868971 0.1008405
Moved 1917.049 472.607 390.4491 0.2606644 0.006299038
Moved 1917.08 491.1618 372.8652 0.3036153 -0.03892702
Moved 1917.111 499.1669 363.8331 0.3221456 -0.06215766
Moved 1917.142 502 356.5754 0.3287037 -0.08082464
Moved 1917.172 484.0086 346.6963 0.2870569 -0.1062339
Moved 1917.203 418.026 342.0596 0.1343196 -0.1181596
Moved 1917.234 348.6021 342 -0.0263841 -0.1183128
Moved 1917.265 313.4547 349.2545 -0.1077436 -0.09965425
Moved 1917.295 286.326 357.5308 -0.1705416 -0.0783673
Moved 1917.326 273.6661 363.6003 -0.1998469 -0.06275632
Moved 1917.357 264.729 370.2709 -0.2205346 -0.04559952
Moved 1917.387 260.0244 378.9023 -0.231425 -0.02339956
Moved 1917.418 274.5809 407.4412 -0.1977293 0.05000311
Moved 1917.449 327.7624 460.4456 -0.07462412 0.1863311
Moved 1917.48 387.57 498.2787 0.06381939 0.2836385
Moved 1917.51 419.8362 514.5345 0.1385097 0.3254487
Moved 1917.541 434.5505 518.1101 0.1725706 0.3346453
Moved 1917.572 445.6707 519.6677 0.1983118 0.3386513
Ended 1917.603 449 520.5 0.2060185 0.3407921
Candidates 1917.695 13 that thai okay kat today what last flat they larry user their slayer
Began 1918.094 385 377 0.05787035 -0.02829226
Moved 1918.125 398.6654 377 0.08950333 -0.02829226
Moved 1918.156 436.498 377 0.1770788 -0.02829226
Moved 1918.187 484.5419 377 0.2882915 -0.02829226
Ended 1918.217 510 377 0.3472221 -0.02829226
Accept 1918.31 0 that
Began 1918.525 327 411 -0.07638887 0.05915629
Moved 1918.556 347.1149 411 -0.02982656 0.05915629
Moved 1918.586 434.7498 411 0.1730321 0.05915629
Moved 1918.617 543.6329 399.3348 0.4250763 0.02915331
Moved 1918.648 623.5 397 0.6099538 0.02314815
Moved 1918.678 667.9351 398 0.7128127 0.02572008
Ended 1918.709 673.7737 398 0.726328 0.02572008
PhraseEnd 1918.801
