play it again Sam
play it again Sam
Basic
Radial

0.6 0.6
432 388.8
Began 1136.9 587 538 0.5254629 0.3858024
Stationary 1136.931 587 538 0.5254629 0.3858024
Stationary 1136.962 587 538 0.5254629 0.3858024
Moved 1136.992 566.307 514.076 0.4775625 0.3242695
Moved 1137.023 541.5 470 0.4201389 0.2109053
Moved 1137.054 515.6573 416.3145 0.3603178 0.07282528
Moved 1137.084 505.6576 392.4203 0.3371705 0.01136913
Moved 1137.115 498.9739 377.9565 0.3216988 -0.02583217
Moved 1137.146 492.5 367 0.306713 -0.05401234
Moved 1137.177 470.2478 354.6917 0.2552032 -0.0856697
Moved 1137.207 432.227 347.2303 0.1671922 -0.1048604
Moved 1137.238 383.0298 347 0.0533096 -0.1054527
Moved 1137.269 321.1672 347 -0.08989081 -0.1054527
Moved 1137.3 249.7364 358.7134 -0.2552398 -0.07532551
Moved 1137.33 211.8066 361.2661 -0.3430403 -0.06876016
Moved 1137.361 180.9312 369.2275 -0.4145111 -0.04828316
Moved 1137.392 166.1749 378.4601 -0.4486693 -0.0245369
Moved 1137.423 160.7204 383.2796 -0.4612953 -0.01214094
Moved 1137.453 156.8258 389.3484 -0.4703107 0.00346796
Moved 1137.484 156 399.6592 -0.4722222 0.02998772
Moved 1137.515 172.891 420.993 -0.4331227 0.08485856
Moved 1137.546 286.5 513.5 -0.1701389 0.3227879
Moved 1137.576 369.516 549.1182 0.02202779 0.4143987
Moved 1137.607 398.4595 560.2742 0.0890267 0.4430919
Moved 1137.638 409.5684 563.1895 0.1147415 0.4505901
Moved 1137.668 412.4132 563 0.1213268 0.4501028
Ended 1137.699 413 563 0.1226852 0.4501028
Candidates 1137.761 13 play okay player last larry part party popularity laser later lat polar pay
Began 1138.191 363 366 0.006944438 -0.05658444
Stationary 1138.222 363 366 0.006944438 -0.05658444
Moved 1138.252 408.1886 366 0.1115476 -0.05658444
Moved 1138.283 438 366 0.1805556 -0.05658444
Ended 1138.314 441 373 0.1875 -0.03858032
Accept 1138.375 0 play
Began 1138.775 463 511 0.2384259 0.3163579
Stationary 1138.806 463 511 0.2384259 0.3163579
Moved 1138.836 450.9226 511 0.2104689 0.3163579
Moved 1138.867 430.4253 511 0.1630216 0.3163579
Moved 1138.898 395.5 521.5 0.08217593 0.3433641
Moved 1138.929 347.6346 523 -0.02862364 0.3472221
Moved 1138.959 323.5 524.5 -0.08449072 0.3510802
Moved 1138.99 308.6501 526.07 -0.1188655 0.3551183
Moved 1139.021 300.5 527.5 -0.1377315 0.3587962
Ended 1139.052 297 528 -0.1458333 0.3600822
Candidates 1139.144 13 it or our out per outer port your pre pet potter peter pure
Began 1139.666 356 419 -0.009259283 0.07973251
Moved 1139.697 390.1769 419 0.06985386 0.07973251
Moved 1139.728 421.4866 426.7487 0.1423301 0.0996621
Moved 1139.758 442.0751 427 0.1899887 0.1003086
Moved 1139.789 457.7004 428.4111 0.2261583 0.1039381
Ended 1139.82 457.7004 428.4111 0.2261583 0.1039381
Accept 1139.881 0 it
Began 1140.281 236 383 -0.287037 -0.01286016
Stationary 1140.312 236 383 -0.287037 -0.01286016
Stationary 1140.342 236 383 -0.287037 -0.01286016
Moved 1140.373 221.2593 375.1296 -0.321159 -0.03310286
Moved 1140.404 217.5757 372.5757 -0.3296859 -0.03967167
Moved 1140.435 216.7244 373 -0.3316565 -0.03858032
Moved 1140.465 215.6669 373 -0.3341044 -0.03858032
Stationary 1140.496 215.6669 373 -0.3341044 -0.03858032
Stationary 1140.527 216 373 -0.3333333 -0.03858032
Moved 1140.558 233.6593 387.3956 -0.2924553 -0.001554685
Moved 1140.588 275.1878 405.8334 -0.1963245 0.04586785
Moved 1140.619 322.6615 417.9323 -0.0864317 0.07698632
Moved 1140.65 350.7766 423.3948 -0.02135048 0.09103587
Moved 1140.68 363.1528 423 0.007298192 0.09002049
Moved 1140.711 368.9801 424 0.02078732 0.09259254
Moved 1140.742 372.5 424 0.02893518 0.09259254
Moved 1140.773 375.0645 424 0.03487159 0.09259254
Moved 1140.803 376.0515 424 0.03715624 0.09259254
Moved 1140.834 377.2979 424 0.04004141 0.09259254
Stationary 1140.865 377.2979 424 0.04004141 0.09259254
Moved 1140.896 370.1166 414.0499 0.02341797 0.06700072
Moved 1140.926 340.2176 403.818 -0.04579271 0.04068402
Moved 1140.957 284.3258 388.1384 -0.1751717 0.0003557637
Moved 1140.988 250.4376 379.0284 -0.2536167 -0.02307507
Moved 1141.019 224.0365 372.2303 -0.3147303 -0.04055988
Moved 1141.049 208.1702 368.8815 -0.351458 -0.04917325
Moved 1141.08 198.6786 368 -0.3734292 -0.05144041
Moved 1141.111 195.782 368 -0.3801344 -0.05144041
Moved 1141.141 195 368 -0.3819444 -0.05144041
Moved 1141.172 216.4805 395.3889 -0.3322212 0.01900433
Moved 1141.203 270.5208 431.3365 -0.2071277 0.1114621
Moved 1141.234 318.2235 455.9156 -0.09670486 0.17468
Moved 1141.264 355.7925 470.7054 -0.009739498 0.2127195
Moved 1141.295 384.7035 478.7008 0.05718391 0.2332839
Moved 1141.326 411.0932 483.4548 0.1182713 0.2455112
Moved 1141.357 429.0924 484 0.159936 0.2469135
Moved 1141.387 443.2934 484 0.1928088 0.2469135
Moved 1141.418 450.5798 474.4202 0.2096754 0.2222742
Moved 1141.449 457.2588 450.9649 0.2251361 0.1619467
Moved 1141.48 447.345 360.0978 0.2021876 -0.07176489
Moved 1141.51 437.5 288 0.1793981 -0.2572017
Moved 1141.541 433.4316 251.1006 0.1699806 -0.3521076
Moved 1141.572 429.6624 217.2859 0.1612554 -0.4390796
Moved 1141.603 426.1063 198.6377 0.1530238 -0.487043
Moved 1141.633 423.5491 189.6475 0.1471045 -0.5101661
Ended 1141.664 422.5 186.5 0.144676 -0.5182613
Candidates 1141.787 13 again chain sharon strain station stain drain gain stadium season design austin session
Began 1142.125 349 394 -0.02546296 0.01543206
Moved 1142.156 372.2358 394 0.02832363 0.01543206
Moved 1142.187 414.1563 394 0.1253618 0.01543206
Moved 1142.217 438.3078 394 0.1812681 0.01543206
Moved 1142.248 447.6677 394 0.2029345 0.01543206
Ended 1142.279 450.5 394 0.2094908 0.01543206
Accept 1142.34 0 again
Began 1142.893 280 387 -0.1851852 -0.002572055
Stationary 1142.924 280 387 -0.1851852 -0.002572055
Stationary 1142.955 280 387 -0.1851852 -0.002572055
Moved 1142.985 267.0176 387 -0.215237 -0.002572055
Moved 1143.016 260.6498 387 -0.2299773 -0.002572055
Moved 1143.047 249.286 387 -0.2562823 -0.002572055
Moved 1143.078 232.722 387 -0.2946251 -0.002572055
Moved 1143.109 205.565 387 -0.3574885 -0.002572055
Moved 1143.139 176.8326 381.8026 -0.4239987 -0.01593994
Moved 1143.17 157.9361 380 -0.4677404 -0.02057613
Moved 1143.201 149.5024 380 -0.4872629 -0.02057613
Moved 1143.231 144.2364 380 -0.4994528 -0.02057613
Moved 1143.262 142.3732 380 -0.5037656 -0.02057613
Moved 1143.293 140.9069 380 -0.50716 -0.02057613
Stationary 1143.324 140.9069 380 -0.50716 -0.02057613
Moved 1143.354 141 378.6963 -0.5069445 -0.02392937
Moved 1143.385 196.6557 345.6721 -0.3781117 -0.1088681
Moved 1143.416 256.7072 319.332 -0.2391036 -0.1766154
Moved 1143.447 301.1996 300.6446 -0.136112 -0.2246795
Moved 1143.477 341.8855 282.8118 -0.04193172 -0.2705458
Moved 1143.508 381.8582 272.7141 0.05059769 -0.2965172
Moved 1143.539 416.7685 266.0386 0.1314085 -0.3136868
Moved 1143.57 436.635 263 0.1773957 -0.3215021
Moved 1143.6 446.2119 260.9294 0.1995646 -0.3268278
Moved 1143.631 454.2384 260 0.2181444 -0.3292181
Moved 1143.662 460.7247 257.1377 0.233159 -0.3365801
Moved 1143.693 464.8402 255.58 0.2426856 -0.3405866
Moved 1143.723 470.9099 255 0.2567358 -0.3420782
Ended 1143.754 473 255 0.2615741 -0.3420782
Candidates 1143.815 13 san dan fan Sam damn an am adam can saddam ann ab cam
Began 1144.922 355 418 -0.01157408 0.07716041
Stationary 1144.953 355 418 -0.01157408 0.07716041
Moved 1144.983 363.729 393.0888 0.008631845 0.01308845
Moved 1145.014 382.5466 353.5563 0.05219131 -0.08858982
Moved 1145.045 397.5293 326.863 0.08687327 -0.1572454
Moved 1145.076 406.3324 304.447 0.1072508 -0.2148997
Moved 1145.106 409.0006 298.9988 0.1134273 -0.2289127
Ended 1145.137 410.2788 297.7213 0.116386 -0.2321985
Accept 1145.198 3 Sam
Began 1145.66 521.0109 445 0.3727104 0.1466049
Moved 1145.69 581.3329 445 0.5123446 0.1466049
Moved 1145.721 640.2286 445 0.6486775 0.1466049
Moved 1145.752 676.511 445 0.7326645 0.1466049
Ended 1145.782 675.6733 445 0.7307253 0.1466049
PhraseEnd 1145.875
