this equation is too complicated
this equation is too complicated
Basic
Radial

0.6 0.6
432 388.8
Began 1270.507 360 487 0 0.2546296
Stationary 1270.537 360 487 0 0.2546296
Moved 1270.568 345.5716 500.4283 -0.03339902 0.2891675
Moved 1270.599 330.1954 513.8046 -0.06899213 0.3235715
Moved 1270.63 317.3639 526.6361 -0.09869472 0.3565744
Moved 1270.661 305.4078 539.5922 -0.1263708 0.3898975
Moved 1270.691 294.1896 547.5403 -0.1523389 0.4103401
Moved 1270.722 286.7296 553.2704 -0.1696074 0.425078
Moved 1270.753 284.332 554.668 -0.1751575 0.4286729
Moved 1270.783 282.4625 555 -0.179485 0.4295266
Stationary 1270.814 282 555 -0.1805555 0.4295266
Stationary 1270.845 282 555 -0.1805555 0.4295266
Moved 1270.876 307.9827 538.1207 -0.1204105 0.3861129
Moved 1270.906 330.5357 519.4643 -0.0682043 0.3381282
Moved 1270.937 348.0947 499.3895 -0.02755865 0.2864957
Moved 1270.968 364.4144 474.2896 0.01021862 0.2219381
Moved 1270.999 377.7718 455.2853 0.04113833 0.1730587
Moved 1271.029 387.4295 441.9509 0.06349424 0.1387625
Moved 1271.06 397 431 0.0856481 0.1105966
Moved 1271.091 404.5652 421.2464 0.1031602 0.08551024
Moved 1271.122 409.0581 414.8839 0.1135604 0.06914563
Moved 1271.152 411.9291 413 0.1202063 0.06430033
Moved 1271.183 416.7694 413 0.1314108 0.06430033
Moved 1271.214 427.7461 445.6113 0.1568196 0.148177
Moved 1271.245 434.6852 470.0556 0.1728825 0.2110483
Moved 1271.275 440.1807 495.813 0.1856035 0.2772969
Moved 1271.306 445.2597 512.1494 0.1973605 0.3193141
Moved 1271.337 448.5036 524.0143 0.2048694 0.3498311
Moved 1271.367 451.3767 530.7534 0.2115202 0.367164
Moved 1271.398 452 534.813 0.2129629 0.3776053
Moved 1271.429 452 536 0.2129629 0.3806583
Moved 1271.46 426.3811 529.228 0.15366 0.3632407
Moved 1271.49 388.2089 504.6343 0.06529848 0.2999853
Moved 1271.521 357.5078 483.6719 -0.005769034 0.2460696
Moved 1271.552 327.044 462.7593 -0.07628704 0.1922821
Moved 1271.583 305.6179 447.1556 -0.1258845 0.1521492
Moved 1271.613 285 437 -0.1736111 0.1260288
Moved 1271.644 266.1633 426.498 -0.2172146 0.0990174
Ended 1271.675 245 413 -0.2662037 0.06430033
Candidates 1271.767 13 this thus the third white write yellow true word toys site reports did
Began 1272.32 300 403 -0.1388889 0.03858017
Stationary 1272.351 300 403 -0.1388889 0.03858017
Stationary 1272.382 300 403 -0.1388889 0.03858017
Moved 1272.412 346.0216 407.3147 -0.03235738 0.04967764
Moved 1272.443 397.4174 419.9029 0.08661429 0.08205464
Moved 1272.474 448.6088 427.4016 0.205113 0.1013413
Moved 1272.505 490.0267 436.7567 0.3009877 0.1254029
Ended 1272.535 513.1767 443.9077 0.3545757 0.1437954
Accept 1272.628 0 this
Began 1272.966 290 436 -0.162037 0.1234567
Stationary 1272.997 290 436 -0.162037 0.1234567
Moved 1273.027 283.5346 436 -0.1770032 0.1234567
Moved 1273.058 271.9684 445.5237 -0.2037768 0.1479518
Moved 1273.089 259.6873 455.3127 -0.2322054 0.1731294
Moved 1273.12 255.3954 456.7364 -0.2421402 0.176791
Moved 1273.15 250.2708 460.7292 -0.2540027 0.1870606
Moved 1273.181 247.5 463.5 -0.2604167 0.1941872
Moved 1273.212 244.8678 465.1322 -0.2665097 0.1983852
Stationary 1273.242 244.8678 465.1322 -0.2665097 0.1983852
Moved 1273.273 243.1404 467 -0.2705083 0.2031892
Moved 1273.304 243 468.1577 -0.2708333 0.2061667
Moved 1273.335 242 469.2341 -0.2731481 0.2089353
Stationary 1273.365 242 469 -0.2731481 0.2083333
Moved 1273.396 242 470.2689 -0.2731481 0.2115968
Moved 1273.427 242 471.0286 -0.2731481 0.2135507
Moved 1273.458 242 472.1001 -0.2731481 0.2163068
Stationary 1273.488 242 472 -0.2731481 0.2160493
Moved 1273.519 242 473.3491 -0.2731481 0.2195193
Moved 1273.55 238.9263 473 -0.2802633 0.2186213
Moved 1273.58 235.9582 474 -0.2871337 0.2211934
Moved 1273.611 225.3909 474 -0.3115951 0.2211934
Moved 1273.642 213.5467 475 -0.3390123 0.2237653
Moved 1273.673 202.1912 477.7618 -0.3652982 0.2308686
Moved 1273.703 190.4656 481.2672 -0.3924408 0.2398847
Moved 1273.734 183.0026 483 -0.4097162 0.2443414
Moved 1273.765 178.9621 485.0378 -0.4190691 0.2495828
Moved 1273.796 177 486 -0.4236111 0.2520575
Moved 1273.826 177 488.5 -0.4236111 0.2584876
Moved 1273.857 177 491.1324 -0.4236111 0.2652582
Moved 1273.888 186.1198 493 -0.4025004 0.2700616
Moved 1273.919 199.4844 495.9263 -0.3715639 0.2775882
Moved 1273.949 221.6058 497 -0.3203569 0.2803498
Moved 1273.98 248.2378 498 -0.2587088 0.2829217
Moved 1274.011 281.2292 499.2229 -0.1823398 0.2860671
Moved 1274.042 317.231 506.2051 -0.09900241 0.3040255
Moved 1274.072 342.0681 509.724 -0.04150912 0.3130761
Moved 1274.103 356.0094 511 -0.009237577 0.3163579
Moved 1274.134 364.7436 512 0.01098057 0.31893
Moved 1274.165 373.7236 512 0.03176749 0.31893
Moved 1274.195 379.4976 512 0.04513333 0.31893
Moved 1274.226 385.2359 512 0.05841633 0.31893
Moved 1274.257 388.4863 512 0.06594042 0.31893
Moved 1274.287 389 502.4114 0.06712963 0.294268
Moved 1274.318 354.1143 471.013 -0.01362433 0.2135107
Moved 1274.349 313.2298 434.7684 -0.1082644 0.1202889
Moved 1274.38 273.9208 401.2178 -0.1992574 0.03399645
Moved 1274.41 250.9919 383.3279 -0.2523337 -0.01201684
Moved 1274.441 227.8147 365.8412 -0.3059845 -0.05699291
Moved 1274.472 212.7756 360.1552 -0.3407971 -0.07161748
Moved 1274.503 199.9514 359 -0.3704829 -0.07458848
Moved 1274.533 187.3657 359 -0.3996164 -0.07458848
Moved 1274.564 179.4058 359 -0.4180421 -0.07458848
Moved 1274.595 173.8616 368.0692 -0.430876 -0.05126239
Moved 1274.626 172 378.2197 -0.4351852 -0.0251551
Moved 1274.656 186.6785 402.2106 -0.4012071 0.0365499
Moved 1274.687 214.4848 434.8333 -0.3368407 0.120456
Moved 1274.718 244.788 463.788 -0.2666944 0.194928
Moved 1274.749 277.9718 487.6941 -0.1898802 0.2564148
Moved 1274.779 289.9654 495.2659 -0.1621171 0.2758896
Moved 1274.81 313.4973 507.7487 -0.1076451 0.3079954
Moved 1274.841 332.5354 513.3071 -0.06357546 0.3222918
Moved 1274.871 344.4139 517.8535 -0.03607889 0.3339852
Moved 1274.902 355.6417 519 -0.01008858 0.3369341
Moved 1274.933 372.9792 519 0.03004452 0.3369341
Moved 1274.964 386.3921 519 0.06109278 0.3369341
Moved 1274.994 401.8708 519 0.09692322 0.3369341
Moved 1275.025 419.9448 511.1508 0.1387611 0.3167456
Moved 1275.056 434.8855 509.2786 0.1733461 0.3119306
Moved 1275.087 447.4366 505.4254 0.2023994 0.3020198
Moved 1275.117 462.7726 505 0.2378996 0.3009258
Moved 1275.148 475.0826 505 0.2663948 0.3009258
Moved 1275.179 481.3354 504 0.280869 0.2983539
Moved 1275.21 486.85 503 0.2936342 0.2957818
Moved 1275.24 491.2927 499.7073 0.3039183 0.2873128
Moved 1275.271 496.3205 492.3589 0.3155567 0.2684128
Moved 1275.302 496 470.3577 0.3148148 0.2118252
Moved 1275.333 490.6913 445.6296 0.3025262 0.1482244
Moved 1275.363 478.4099 412.2296 0.2740969 0.06231869
Moved 1275.394 467.9497 377.5865 0.2498835 -0.02678381
Moved 1275.425 459.5793 349.3517 0.2305077 -0.0994041
Moved 1275.455 453.6554 330.9661 0.2167948 -0.1466922
Moved 1275.486 448.9164 315.291 0.205825 -0.1870089
Moved 1275.517 443.9056 302.8112 0.1942259 -0.2191071
Moved 1275.548 437.1393 290.209 0.1785633 -0.2515202
Moved 1275.578 432.1997 281.3994 0.1671288 -0.2741787
Moved 1275.609 427.6697 276.3349 0.1566429 -0.2872046
Ended 1275.64 427 276 0.1550926 -0.288066
Candidates 1275.701 13 equation question situation austin section station federation saturation quotation duration satisfaction retain segregation
Began 1276.562 351 376 -0.02083332 -0.03086435
Stationary 1276.593 351 376 -0.02083332 -0.03086435
Moved 1276.623 376.738 376 0.0387454 -0.03086435
Moved 1276.654 418 376 0.1342593 -0.03086435
Moved 1276.685 467.1443 386.5716 0.2480191 -0.003673962
Moved 1276.716 504.4967 396.2994 0.3344832 0.02134606
Ended 1276.746 518 400 0.3657407 0.03086416
Accept 1276.808 0 equation
Began 1277.115 408 512 0.1111111 0.31893
Stationary 1277.146 408 512 0.1111111 0.31893
Stationary 1277.177 408 512 0.1111111 0.31893
Stationary 1277.208 408 512 0.1111111 0.31893
Stationary 1277.238 408 512 0.1111111 0.31893
Stationary 1277.269 408 512 0.1111111 0.31893
Moved 1277.3 408 521.6475 0.1111111 0.3437434
Stationary 1277.33 408 522.2252 0.1111111 0.3452294
Stationary 1277.361 408 522.2252 0.1111111 0.3452294
Moved 1277.392 408 523.0134 0.1111111 0.3472566
Stationary 1277.423 408 523.0134 0.1111111 0.3472566
Stationary 1277.453 408 523.0134 0.1111111 0.3472566
Stationary 1277.484 408 523.0134 0.1111111 0.3472566
Stationary 1277.515 408 523 0.1111111 0.3472221
Moved 1277.546 398.7642 523 0.08973201 0.3472221
Moved 1277.576 371.1089 492.1089 0.02571503 0.2677697
Moved 1277.607 340.5032 463.3914 -0.04513155 0.1939077
Moved 1277.638 318.2991 444.1135 -0.09652977 0.1443249
Moved 1277.668 302.5531 429.9026 -0.132979 0.1077742
Moved 1277.699 285.473 420.1274 -0.1725162 0.08263227
Moved 1277.73 273.6454 412.7341 -0.1998949 0.06361635
Moved 1277.761 264.8986 407.5991 -0.2201422 0.05040906
Moved 1277.792 256.6227 403.0818 -0.2392992 0.03879068
Moved 1277.822 246.6907 398.3453 -0.26229 0.0266083
Moved 1277.853 237.4093 392.6062 -0.2837748 0.01184715
Moved 1277.884 226.9987 384.9987 -0.3078734 -0.007719581
Ended 1277.914 226 384 -0.3101852 -0.01028807
Candidates 1278.007 13 us is usa its ya id ts others irs pass used if his
Began 1278.714 352 370 -0.01851852 -0.04629637
Stationary 1278.744 352 370 -0.01851852 -0.04629637
Stationary 1278.775 352 370 -0.01851852 -0.04629637
Moved 1278.806 380.2238 380.0839 0.04681428 -0.02036028
Moved 1278.837 398.912 389.7289 0.09007394 0.004446634
Moved 1278.867 417.5205 401.6804 0.1331494 0.03518611
Moved 1278.898 434.6823 416.4019 0.1728758 0.07305007
Moved 1278.929 445.5938 430.8906 0.1981337 0.1103153
Moved 1278.959 450.4269 443.8539 0.2093216 0.143657
Moved 1278.99 452.5836 454.7507 0.2143138 0.1716839
Moved 1279.021 453 460.9086 0.2152778 0.187522
Moved 1279.052 453 466.9632 0.2152778 0.2030946
Moved 1279.082 453 472.6987 0.2152778 0.2178463
Moved 1279.113 453 478.4376 0.2152778 0.2326069
Moved 1279.144 453 483.5865 0.2152778 0.2458501
Moved 1279.175 453 486.0909 0.2152778 0.2522913
Moved 1279.205 453 488.9672 0.2152778 0.2596892
Ended 1279.236 453 491.8041 0.2152778 0.2669857
Accept 1279.328 1 is
Began 1279.605 317 487 -0.09953702 0.2546296
Stationary 1279.636 317 487 -0.09953702 0.2546296
Stationary 1279.667 317 487 -0.09953702 0.2546296
Stationary 1279.697 317 487 -0.09953702 0.2546296
Stationary 1279.728 317 487 -0.09953702 0.2546296
Stationary 1279.759 317 487 -0.09953702 0.2546296
Stationary 1279.789 317 487 -0.09953702 0.2546296
Stationary 1279.82 317 487 -0.09953702 0.2546296
Moved 1279.851 328.4817 487 -0.07295897 0.2546296
Moved 1279.882 331.3526 487 -0.06631335 0.2546296
Moved 1279.912 340.6539 487 -0.04478266 0.2546296
Moved 1279.943 363.0817 492.508 0.007133584 0.2687962
Moved 1279.974 397.5341 498.3129 0.0868846 0.2837266
Moved 1280.005 424.6682 500.5187 0.1496948 0.2893998
Moved 1280.035 448.3109 502 0.2044233 0.2932098
Moved 1280.066 467.4945 503 0.2488299 0.2957818
Moved 1280.097 481.1772 503 0.2805026 0.2957818
Moved 1280.128 491.6459 503 0.3047359 0.2957818
Moved 1280.158 499.4903 503 0.3228941 0.2957818
Moved 1280.189 507.1033 503 0.3405169 0.2957818
Moved 1280.22 512.8118 503 0.3537311 0.2957818
Moved 1280.25 516.5 503 0.3622685 0.2957818
Ended 1280.281 518 503 0.3657407 0.2957818
Candidates 1280.373 13 to too trip tip rio top rip rp tp trio ep yo tripp
Began 1281.265 411 424 0.1180555 0.09259254
Stationary 1281.296 411 424 0.1180555 0.09259254
Moved 1281.326 422.7025 446.405 0.1451447 0.1502184
Moved 1281.357 431.8496 465.4868 0.1663185 0.1992973
Moved 1281.388 445.4122 487.3536 0.1977134 0.2555391
Moved 1281.418 465.2065 512.8075 0.2435336 0.3210069
Ended 1281.449 476.2804 524.2803 0.2691675 0.3505152
Accept 1281.511 1 too
Began 1281.849 388 441 0.06481478 0.1363167
Stationary 1281.88 388 441 0.06481478 0.1363167
Moved 1281.91 382.9769 435.9769 0.05318731 0.1233974
Moved 1281.941 366.1442 414.4019 0.01422276 0.06790612
Moved 1281.972 353.466 394.7457 -0.01512493 0.01734993
Moved 1282.003 341.6812 373.3624 -0.04240458 -0.03764808
Moved 1282.033 327.7533 346.5067 -0.07464508 -0.1067216
Moved 1282.064 322.8465 335.693 -0.0860035 -0.1345346
Moved 1282.095 320.9908 330.9725 -0.09029905 -0.1466757
Moved 1282.125 318 322.2374 -0.09722222 -0.1691425
Moved 1282.156 316 317.2521 -0.1018519 -0.1819648
Moved 1282.187 315 314.7779 -0.1041667 -0.1883285
Moved 1282.218 315 312.5 -0.1041667 -0.1941873
Moved 1282.248 315 312 -0.1041667 -0.1954732
Stationary 1282.279 315 312 -0.1041667 -0.1954732
Moved 1282.31 322.4136 312 -0.08700559 -0.1954732
Moved 1282.341 352.8776 346.4531 -0.01648704 -0.1068593
Moved 1282.371 391.7565 394.2355 0.07351042 0.01603786
Moved 1282.401 426.8281 432.375 0.1546947 0.1141331
Moved 1282.433 461.1667 468.1667 0.2341822 0.20619
Moved 1282.464 480.6863 488.134 0.2793665 0.2575463
Moved 1282.494 493.2536 502.567 0.3084573 0.294668
Moved 1282.525 498.6928 507.6929 0.3210482 0.307852
Moved 1282.556 502.7126 510.7126 0.3303532 0.3156188
Moved 1282.587 504.1478 511 0.3336755 0.3163579
Stationary 1282.617 504 511 0.3333333 0.3163579
Moved 1282.648 486.4306 477.7655 0.2926634 0.2308783
Moved 1282.679 461.6186 433.417 0.2352282 0.1168131
Moved 1282.709 439.1413 384.2003 0.1831974 -0.00977312
Moved 1282.74 421.9804 321.9215 0.1434731 -0.169955
Moved 1282.771 419 290.5089 0.1365741 -0.2507487
Moved 1282.802 419 274.3415 0.1365741 -0.2923315
Moved 1282.832 419 252.7871 0.1365741 -0.3477698
Moved 1282.863 419 239.2762 0.1365741 -0.38252
Moved 1282.894 427.5416 239 0.1563464 -0.3832304
Moved 1282.925 434.3975 252.1924 0.1722164 -0.3492994
Moved 1282.955 444.9586 276.3964 0.1966633 -0.2870463
Moved 1282.986 458.1747 321.9366 0.2272561 -0.1699163
Moved 1283.017 470.9584 355.0919 0.2568482 -0.08464012
Moved 1283.047 483.2924 388.1016 0.285399 0.0002612989
Moved 1283.078 494.927 415.8539 0.3123309 0.07164075
Moved 1283.109 508.6079 444.2158 0.3439998 0.1445878
Moved 1283.14 522.5696 467.6254 0.3763186 0.2047976
Moved 1283.171 533.1663 483.9437 0.4008478 0.2467687
Moved 1283.201 536.7711 488.7711 0.4091924 0.2591849
Moved 1283.232 538.7607 492 0.4137979 0.2674896
Moved 1283.263 539.5 492 0.4155093 0.2674896
Moved 1283.293 539 492 0.4143518 0.2674896
Moved 1283.324 539 478.8169 0.4143518 0.2335825
Moved 1283.355 516.63 443.35 0.3625695 0.1423611
Moved 1283.386 503.4433 412.5516 0.3320448 0.06314721
Moved 1283.417 497.2717 392.8152 0.3177586 0.01238462
Moved 1283.447 496 385.7935 0.3148148 -0.005675343
Moved 1283.478 494.9576 383.9576 0.3124019 -0.01039717
Moved 1283.509 494 381.2997 0.3101851 -0.0172334
Moved 1283.539 492.5222 381 0.3067642 -0.01800419
Moved 1283.57 489.6668 381 0.3001547 -0.01800419
Moved 1283.601 482.3476 395.8699 0.2832119 0.02024156
Moved 1283.632 472.3156 410.1581 0.2599899 0.05699091
Moved 1283.662 457.367 436.6606 0.2253865 0.1251557
Moved 1283.693 445.5951 463.683 0.1981367 0.1946578
Moved 1283.724 438.3271 488.3552 0.1813127 0.2581152
Moved 1283.755 431.3269 506.0193 0.1651085 0.3035475
Moved 1283.785 427.2928 517.829 0.1557703 0.3339224
Moved 1283.816 423.4223 528.1554 0.1468109 0.3604819
Moved 1283.847 422 533.1896 0.1435185 0.3734299
Moved 1283.877 421 535.9965 0.1412037 0.3806493
Moved 1283.908 419.5 537.5 0.1377314 0.3845164
Moved 1283.939 416.7903 537 0.1314591 0.3832304
Moved 1283.97 391.4561 497.1904 0.07281511 0.2808395
Moved 1284 358.6751 437.3502 -0.003066957 0.1269293
Moved 1284.031 338.0324 386.0917 -0.05085095 -0.004908165
Moved 1284.062 325.3127 351.2662 -0.0802947 -0.09447993
Moved 1284.093 314.6549 311.1714 -0.1049654 -0.1976045
Moved 1284.123 308.383 282.2234 -0.1194838 -0.2720591
Moved 1284.154 305.8186 259.7302 -0.1254199 -0.3299122
Moved 1284.185 304.2843 249.8529 -0.1289715 -0.3553167
Moved 1284.216 303.4147 242.8293 -0.1309845 -0.3733813
Moved 1284.246 303 238.0961 -0.1319445 -0.3855554
Moved 1284.277 300.6771 238 -0.1373215 -0.3858025
Moved 1284.308 299.1818 237 -0.1407829 -0.3883744
Moved 1284.339 294.6234 237 -0.1513347 -0.3883744
Moved 1284.369 285.2437 256.9612 -0.1730469 -0.3370338
Moved 1284.4 272.5974 279.7247 -0.2023209 -0.2784858
Moved 1284.431 256.2076 306.654 -0.2402602 -0.2092233
Moved 1284.462 239.9933 332.5101 -0.2777933 -0.142721
Moved 1284.492 224.431 351.2828 -0.3138172 -0.09443722
Moved 1284.523 212.8717 361.9026 -0.3405748 -0.06712289
Moved 1284.554 202.6921 371.2309 -0.3641386 -0.04313049
Moved 1284.584 195.0948 377.9052 -0.3817249 -0.02596404
Moved 1284.615 187.5 384 -0.3993056 -0.01028807
Moved 1284.646 182.2299 388.3851 -0.4115049 0.0009904085
Moved 1284.677 179.7514 391.2487 -0.4172423 0.008355521
Moved 1284.707 177.8768 393.1232 -0.4215815 0.01317683
Moved 1284.738 178 396.6631 -0.4212963 0.02228156
Moved 1284.769 182.7084 405.0927 -0.4103971 0.04396254
Moved 1284.8 205.5485 419.3657 -0.3575265 0.08067311
Moved 1284.83 233.5954 440.0763 -0.2926033 0.133941
Moved 1284.861 259.8357 461.0762 -0.2318618 0.187953
Moved 1284.892 284.0137 488.8939 -0.1758942 0.2595006
Moved 1284.923 306.4519 518.4382 -0.123954 0.3354891
Moved 1284.953 325.1454 545.2181 -0.08068189 0.4043675
Moved 1284.984 340.6108 567.5135 -0.0448823 0.4617117
Moved 1285.015 344.7607 575.5214 -0.03527622 0.4823079
Moved 1285.046 346.6262 580.2524 -0.03095791 0.4944762
Moved 1285.076 348.1381 583.1381 -0.02745807 0.5018983
Moved 1285.107 349.005 584 -0.02545128 0.5041152
Moved 1285.138 349 585.4385 -0.02546296 0.5078148
Moved 1285.168 349 586 -0.02546296 0.5092591
Moved 1285.199 349 587 -0.02546296 0.5118312
Moved 1285.23 340.6785 587 -0.04472563 0.5118312
Moved 1285.261 324.6244 587 -0.08188794 0.5118312
Moved 1285.291 305.5834 573.5001 -0.1259643 0.4771091
Moved 1285.322 285.2711 562.6356 -0.1729835 0.4491655
Moved 1285.353 270.0739 552.7159 -0.2081623 0.423652
Moved 1285.384 260.2218 545.4164 -0.230968 0.4048774
Moved 1285.414 252.9061 540.6041 -0.2479024 0.3925001
Moved 1285.445 246.4327 535.4327 -0.2628873 0.3791991
Moved 1285.476 242.5569 531.1139 -0.271859 0.3680912
Moved 1285.507 238.0143 521.0571 -0.2823744 0.342225
Moved 1285.537 237 505.6906 -0.2847222 0.302702
Moved 1285.568 237 491.373 -0.2847222 0.2658769
Moved 1285.599 237 472.8691 -0.2847222 0.2182846
Moved 1285.63 237 457.175 -0.2847222 0.1779191
Moved 1285.66 244.9759 438.169 -0.2662596 0.1290355
Moved 1285.691 245 416.9103 -0.2662037 0.07435767
Ended 1285.722 245 410.8739 -0.2662037 0.05883201
Candidates 1285.845 13 complicated compared close minister dominated finished conjugated compares conflicts compare complexes ministers convicted
Began 1286.337 289 443 -0.1643519 0.1414608
Stationary 1286.367 289 443 -0.1643519 0.1414608
Stationary 1286.398 289 443 -0.1643519 0.1414608
Moved 1286.429 302.8054 443 -0.1323949 0.1414608
Moved 1286.459 329.8361 443 -0.06982386 0.1414608
Moved 1286.49 369.261 443 0.02143751 0.1414608
Moved 1286.521 417.8975 461.2888 0.1340219 0.1885
Moved 1286.552 471.6999 473.54 0.2585647 0.2200101
Ended 1286.582 490.7444 476.4333 0.3026491 0.2274519
Accept 1286.644 0 complicated
Began 1286.982 641 549 0.650463 0.4140946
Stationary 1287.013 641 549 0.650463 0.4140946
Stationary 1287.043 641 549 0.650463 0.4140946
Stationary 1287.074 641 549 0.650463 0.4140946
Ended 1287.105 641 549 0.650463 0.4140946
PhraseEnd 1287.166
