always cover all the bases
always cover all the bases
FixStart
Radial

0.6 0.6
432 388.8
Began 3447.719 483 543 0.2847222 0.3986624
Moved 3447.75 473.9029 543 0.263664 0.3986624
Moved 3447.781 432.9266 555.7457 0.1688116 0.4314447
Stationary 3447.811 432.9266 555.7457 0.1688116 0.4314447
Moved 3447.842 407.0847 563.9717 0.1089924 0.4526021
Moved 3447.873 383.3871 570.6049 0.05413681 0.4696626
Moved 3447.903 365.4819 575.148 0.01268963 0.4813477
Moved 3447.934 353.5506 576.6124 -0.01492908 0.485114
Moved 3447.965 343.0678 579.483 -0.03919482 0.4924974
Moved 3447.996 333.9113 581.3629 -0.06039053 0.4973325
Moved 3448.026 327.5464 583.2268 -0.07512396 0.5021265
Moved 3448.057 321.5308 584.7346 -0.08904904 0.5060046
Moved 3448.088 314.779 586 -0.1046783 0.5092591
Moved 3448.118 310.5236 587 -0.1145288 0.5118312
Moved 3448.149 308.9904 587 -0.1180777 0.5118312
Moved 3448.18 307.5522 587 -0.1214071 0.5118312
Moved 3448.211 305.5 588 -0.1261574 0.5144032
Stationary 3448.241 305.5 588 -0.1261574 0.5144032
Moved 3448.272 304.813 588 -0.1277477 0.5144032
Stationary 3448.303 305 588 -0.1273148 0.5144032
Moved 3448.333 327.5697 589 -0.07507007 0.5169753
Moved 3448.364 360 589 0 0.5169753
Moved 3448.395 403.8092 589 0.1014103 0.5169753
Moved 3448.426 431.5615 589 0.1656516 0.5169753
Moved 3448.456 461.2175 577.9565 0.2342998 0.4885711
Moved 3448.487 485.5045 572.8991 0.2905198 0.4755634
Moved 3448.518 506.975 568.15 0.3402198 0.4633487
Moved 3448.549 528.0862 565.702 0.3890884 0.4570523
Moved 3448.579 543.8477 561.8304 0.4255734 0.4470947
Moved 3448.61 557.3911 560 0.4569238 0.4423867
Moved 3448.641 568.2051 558 0.4819563 0.4372427
Moved 3448.671 578.6759 555.581 0.5061942 0.4310209
Moved 3448.702 584.9326 555 0.5206774 0.4295266
Moved 3448.733 591.7003 553.1498 0.5363433 0.424768
Moved 3448.763 597.4422 553 0.5496347 0.4243826
Moved 3448.794 600.5945 552 0.5569317 0.4218106
Moved 3448.825 604.2273 552 0.5653409 0.4218106
Moved 3448.856 608.9865 551 0.5763576 0.4192385
Moved 3448.886 614.7217 550.1392 0.5896337 0.4170245
Moved 3448.917 620 550 0.6018518 0.4166666
Moved 3448.948 627.9203 549 0.620186 0.4140946
Moved 3448.979 634.3566 549 0.6350846 0.4140946
Moved 3449.009 638.0525 549 0.64364 0.4140946
Moved 3449.04 640.5944 549 0.6495242 0.4140946
Moved 3449.071 642.0276 549 0.6528416 0.4140946
Moved 3449.101 643 549 0.6550926 0.4140946
Moved 3449.132 643 557.2103 0.6550926 0.4352116
Moved 3449.163 635.8157 564.8737 0.6384622 0.4549221
Moved 3449.194 610.9675 581.1023 0.5809432 0.4966622
Moved 3449.224 583.8555 598.7631 0.5181839 0.5420859
Moved 3449.255 566.9783 612.0144 0.4791165 0.5761686
Moved 3449.286 548.7548 625.5687 0.4369323 0.6110304
Moved 3449.316 533.2482 636.2511 0.4010375 0.6385058
Moved 3449.347 515.2474 649.1272 0.3593689 0.6716233
Moved 3449.378 501.0895 659.7588 0.326596 0.6989679
Moved 3449.409 481.7574 673.1733 0.2818457 0.7334705
Moved 3449.439 465.3974 681.8013 0.2439754 0.7556617
Moved 3449.47 451.5 688 0.2118056 0.7716049
Moved 3449.501 436.989 693.6703 0.1782152 0.7861891
Moved 3449.531 426.1754 698.2062 0.1531837 0.7978553
Moved 3449.562 413.5953 703.1619 0.1240631 0.8106014
Moved 3449.593 399.2242 708.2586 0.09079675 0.8237103
Moved 3449.624 386.0405 713.9797 0.06027897 0.8384251
Moved 3449.654 376.8936 716.3688 0.03910562 0.8445699
Moved 3449.685 370.2648 718 0.02376099 0.8487654
Moved 3449.716 364.5086 719 0.01043657 0.8513374
Moved 3449.746 357.7596 720 -0.005186002 0.8539094
Moved 3449.777 350.5037 721 -0.02198224 0.8564813
Moved 3449.808 346.9348 722.0326 -0.03024364 0.8591373
Moved 3449.839 344.0837 722 -0.03684317 0.8590533
Moved 3449.869 342.2148 722 -0.04116932 0.8590533
Moved 3449.9 341.5 722 -0.04282405 0.8590533
Moved 3449.931 341 722 -0.04398147 0.8590533
Stationary 3449.961 341 722 -0.04398147 0.8590533
Stationary 3449.992 341 722 -0.04398147 0.8590533
Stationary 3450.023 341 722 -0.04398147 0.8590533
Moved 3450.054 341 711.9993 -0.04398147 0.8333313
Moved 3450.084 341 701.0101 -0.04398147 0.8050668
Moved 3450.115 348.8203 683.1797 -0.0258789 0.759207
Moved 3450.146 351.6615 668.0308 -0.01930202 0.7202438
Moved 3450.176 355.535 652.325 -0.01033564 0.6798481
Moved 3450.207 358.4013 636.592 -0.003700604 0.6393826
Moved 3450.238 360.2742 610.9836 0.0006346902 0.5735176
Moved 3450.269 360 588.7587 0 0.5163546
Moved 3450.299 360 569.701 0 0.467338
Moved 3450.33 360 557.4017 0 0.4357039
Moved 3450.361 360 550.8116 0 0.418754
Moved 3450.392 360 543.1539 0 0.3990583
Moved 3450.422 360 535.5223 0 0.3794298
Moved 3450.453 360 530.6039 0 0.3667796
Moved 3450.484 360 526.7805 0 0.3569457
Moved 3450.514 360 523.9099 0 0.3495624
Moved 3450.545 360 521.0366 0 0.3421723
Moved 3450.576 360 519.6266 0 0.3385457
Stationary 3450.606 360 519.6266 0 0.3385457
Stationary 3450.637 360 520 0 0.3395061
Moved 3450.668 369.2 539.55 0.02129634 0.389789
Moved 3450.699 387.8231 563.8901 0.0644052 0.4523921
Moved 3450.729 401.3401 580.3401 0.09569475 0.494702
Moved 3450.76 417.5712 600.4282 0.1332665 0.5463688
Moved 3450.791 432.2411 615.241 0.1672247 0.5844675
Moved 3450.822 439.4428 623.4428 0.1838953 0.6055627
Moved 3450.852 445.3526 630.0289 0.1975755 0.6225023
Moved 3450.883 451.0927 636.0927 0.2108627 0.6380983
Moved 3450.914 456.1389 640.0694 0.2225437 0.6483266
Moved 3450.944 459.9665 644.9665 0.2314039 0.660922
Moved 3450.975 462.8372 648.6744 0.238049 0.6704587
Moved 3451.006 464.7116 650.7117 0.242388 0.6756986
Moved 3451.037 466 652 0.2453704 0.6790121
Moved 3451.067 467 654.0948 0.2476852 0.6844003
Moved 3451.098 468.5 654 0.2511574 0.6841563
Moved 3451.129 469.5 655 0.2534722 0.6867283
Moved 3451.159 469 655 0.2523148 0.6867283
Stationary 3451.19 469 655 0.2523148 0.6867283
Moved 3451.221 470 655 0.2546296 0.6867283
Stationary 3451.252 470 655 0.2546296 0.6867283
Stationary 3451.282 470 655 0.2546296 0.6867283
Stationary 3451.313 470 655 0.2546296 0.6867283
Stationary 3451.344 470 655 0.2546296 0.6867283
Moved 3451.375 458.7003 644.7003 0.2284728 0.6602371
Moved 3451.405 440.8162 625.8162 0.1870745 0.611667
Moved 3451.436 424.5016 611.0846 0.1493091 0.5737771
Moved 3451.467 413.6175 602.7131 0.1241144 0.5522455
Moved 3451.497 404.0244 594.0244 0.1019085 0.5298981
Moved 3451.528 394.5477 586.4108 0.07997156 0.5103156
Moved 3451.559 385.7927 578.7927 0.05970528 0.4907217
Moved 3451.59 378.2261 572.2261 0.04219005 0.4738324
Moved 3451.62 370.7411 566.7411 0.02486378 0.4597251
Moved 3451.651 362.9944 560.9944 0.006931424 0.4449443
Moved 3451.682 356.6584 556.6584 -0.007735193 0.4337921
Moved 3451.712 350.1105 552.1105 -0.02289226 0.4220949
Moved 3451.743 345.678 549.678 -0.0331527 0.4158385
Moved 3451.774 341.8039 547.8039 -0.04212062 0.4110181
Moved 3451.804 339.2713 546.2713 -0.04798303 0.4070762
Moved 3451.835 337.8422 546 -0.05129124 0.4063785
Moved 3451.866 335.7577 545 -0.05611638 0.4038065
Moved 3451.897 336 543.5 -0.05555556 0.3999484
Ended 3451.927 334.8759 544 -0.05815759 0.4012345
Candidates 3452.05 13 always released selected appears releases suggested alleged aspects adjusted appeared related suggests artists
Began 3452.511 349 534 -0.02546296 0.3755144
Moved 3452.542 355.6547 534 -0.01005858 0.3755144
Moved 3452.573 380.2663 534 0.04691283 0.3755144
Moved 3452.603 411.8782 534 0.1200884 0.3755144
Moved 3452.634 433.0793 534 0.1691651 0.3755144
Moved 3452.665 451.8452 534 0.2126047 0.3755144
Moved 3452.695 464.5721 534 0.2420651 0.3755144
Moved 3452.726 472.5 534 0.2604167 0.3755144
Moved 3452.757 476.0352 534 0.2686 0.3755144
Moved 3452.788 479.9075 534 0.2775636 0.3755144
Moved 3452.818 482.5 534 0.2835648 0.3755144
Moved 3452.849 484.2705 534 0.2876631 0.3755144
Ended 3452.88 485 534 0.2893518 0.3755144
Accept 3452.941 0 always
Began 3453.187 482 685 0.2824074 0.7638888
Stationary 3453.218 482 685 0.2824074 0.7638888
Stationary 3453.248 482 685 0.2824074 0.7638888
Stationary 3453.279 482 685 0.2824074 0.7638888
Moved 3453.31 472.9164 670.7257 0.2613805 0.7271751
Moved 3453.341 466.1371 661.8494 0.2456876 0.7043452
Moved 3453.371 461.8527 652.5581 0.2357701 0.6804478
Moved 3453.402 457.98 642.9202 0.2268056 0.6556587
Moved 3453.433 454.4756 630.9026 0.2186936 0.6247494
Moved 3453.463 450.6074 620.8223 0.2097394 0.5988226
Moved 3453.494 444.4305 609.1457 0.1954409 0.5687903
Moved 3453.525 439.2691 599.5383 0.1834934 0.5440798
Moved 3453.555 431.6044 587.9066 0.1657509 0.5141629
Moved 3453.586 423.7336 576.1669 0.1475313 0.4839683
Moved 3453.617 413.3418 561.0255 0.1234765 0.4450242
Moved 3453.648 411.0605 557.0907 0.1181955 0.4349039
Moved 3453.678 407.1577 550.3153 0.1091612 0.4174776
Moved 3453.709 404.2832 546.2832 0.1025074 0.4071068
Moved 3453.74 401.5 543.5 0.0960648 0.3999484
Moved 3453.771 400.8488 541.8488 0.0945574 0.3957016
Stationary 3453.801 401 542 0.09490739 0.3960905
Stationary 3453.832 401 542 0.09490739 0.3960905
Moved 3453.863 410.4867 552.6725 0.1168673 0.4235404
Moved 3453.893 442.3965 591.6315 0.1907326 0.5237436
Moved 3453.924 453.7371 609.29 0.216984 0.5691614
Moved 3453.955 466.2539 623.2539 0.2459581 0.6050768
Moved 3453.986 483.3424 644.8994 0.2855148 0.6607495
Moved 3454.016 499.1511 663.5814 0.322109 0.7087997
Moved 3454.047 509.2475 676.2474 0.3454802 0.741377
Moved 3454.078 516.67 688.4501 0.3626622 0.7727625
Moved 3454.108 524.4426 702.6064 0.3806542 0.8091727
Moved 3454.139 532.1956 715.3911 0.3986008 0.8420551
Moved 3454.17 540.3622 727.8163 0.4175052 0.874013
Moved 3454.201 545.9524 736.9524 0.4304453 0.8975111
Moved 3454.231 552.713 750.4261 0.446095 0.9321659
Moved 3454.262 557.4503 757.1754 0.4570608 0.9495252
Moved 3454.293 560.5 763 0.4641204 0.9645061
Moved 3454.323 564.3511 767.3511 0.473035 0.9756973
Moved 3454.354 567.0519 772.1038 0.4792869 0.9879212
Moved 3454.385 571.8527 777.8528 0.4903998 1.002708
Moved 3454.416 574.3361 781.3361 0.4961485 1.011667
Moved 3454.446 581.0015 790.0015 0.5115777 1.033954
Moved 3454.477 586.4047 799.6071 0.5240849 1.05866
Moved 3454.508 593.222 811.37 0.5398657 1.088915
Moved 3454.539 598.1565 819.7347 0.5512882 1.110429
Moved 3454.569 602.4448 824.4448 0.5612149 1.122543
Moved 3454.6 604.3182 828.3182 0.5655514 1.132506
Moved 3454.631 605.5 830.5 0.568287 1.138117
Moved 3454.661 605.7493 831 0.5688642 1.139403
Moved 3454.692 606 832 0.5694444 1.141975
Stationary 3454.723 606 832 0.5694444 1.141975
Stationary 3454.753 606 832 0.5694444 1.141975
Stationary 3454.784 606 832 0.5694444 1.141975
Stationary 3454.815 606 832 0.5694444 1.141975
Moved 3454.846 606 822 0.5694444 1.116255
Moved 3454.876 593.1286 805.475 0.5396495 1.073753
Moved 3454.907 567.1349 771.9619 0.4794789 0.9875562
Moved 3454.938 529.3383 727.4163 0.3919866 0.8729842
Moved 3454.969 501.9127 688.869 0.3285015 0.77384
Moved 3454.999 479.3625 655.6089 0.2763021 0.6882946
Moved 3455.03 462.7143 626.9429 0.2377646 0.6145651
Moved 3455.061 452.4952 608.1167 0.2141093 0.5661436
Moved 3455.091 442.5001 587.0001 0.1909724 0.5118315
Moved 3455.122 434.9916 567.9748 0.1735917 0.462898
Moved 3455.153 429.269 555.5381 0.160345 0.4309106
Moved 3455.184 426.0634 546.1902 0.1529246 0.4068679
Moved 3455.214 424.2133 538.4265 0.1486418 0.3868994
Moved 3455.245 423 534.3389 0.1458333 0.376386
Moved 3455.276 422 530.4663 0.1435185 0.3664256
Moved 3455.306 421 527.9447 0.1412037 0.35994
Moved 3455.337 421 526.0728 0.1412037 0.3551255
Moved 3455.368 419.6403 524.6403 0.1380562 0.3514409
Moved 3455.399 418.6627 524 0.1357933 0.3497942
Moved 3455.429 419 522.5 0.1365741 0.3459361
Moved 3455.46 418 523 0.1342593 0.3472221
Moved 3455.491 410.0007 549.9974 0.1157425 0.41666
Moved 3455.521 403.9405 573.7679 0.101714 0.4777981
Moved 3455.552 398.1971 600.6132 0.08841922 0.5468445
Moved 3455.583 392.4338 620.2648 0.0750782 0.5973889
Moved 3455.614 383.5746 642.9927 0.05457073 0.6558453
Moved 3455.644 379.3509 656.5966 0.04479368 0.6908348
Moved 3455.675 375.4748 669.6261 0.0358212 0.7243468
Moved 3455.706 367.8019 694.393 0.01806001 0.7880477
Moved 3455.737 364.0411 710.7123 0.009354453 0.8300214
Moved 3455.767 360.1825 724.27 0.0004223982 0.8648919
Moved 3455.798 357.3119 734.7524 -0.006222427 0.8918526
Moved 3455.828 355.4363 745.2548 -0.01056408 0.9188651
Moved 3455.859 353.9285 756.3577 -0.01405448 0.9474218
Moved 3455.89 352.0587 767.8237 -0.01838252 0.9769127
Moved 3455.921 350.1811 778.2758 -0.02272904 1.003796
Moved 3455.951 348.5 785 -0.02662038 1.02109
Moved 3455.982 349 791.8002 -0.02546296 1.038581
Moved 3456.013 348 796.1364 -0.0277778 1.049733
Moved 3456.044 348 802.014 -0.0277778 1.064851
Moved 3456.074 348 807.0922 -0.0277778 1.077912
Moved 3456.105 348 812.4204 -0.0277778 1.091616
Moved 3456.136 348 818.5782 -0.0277778 1.107454
Moved 3456.167 348 823.3148 -0.0277778 1.119637
Moved 3456.197 352.5879 826.6554 -0.01715759 1.128229
Moved 3456.228 356 829.5254 -0.009259283 1.13561
Moved 3456.259 357 831.3973 -0.006944438 1.140425
Moved 3456.289 358.9591 832 -0.002409418 1.141975
Moved 3456.32 360.8204 833 0.001899103 1.144547
Moved 3456.351 364.6842 833 0.01084308 1.144547
Moved 3456.382 370.6969 833 0.02476146 1.144547
Moved 3456.412 377.271 833 0.03997912 1.144547
Moved 3456.443 383.9115 833 0.05535076 1.144547
Moved 3456.474 389.6716 833 0.06868432 1.144547
Moved 3456.504 395 833 0.08101851 1.144547
Moved 3456.535 399.2733 833 0.09091049 1.144547
Moved 3456.566 404.2752 825 0.102489 1.123971
Moved 3456.596 410.0359 823 0.1158239 1.118827
Moved 3456.627 413.5451 821.4549 0.123947 1.114853
Moved 3456.658 416.429 821 0.1306227 1.113683
Moved 3456.689 419.2956 820 0.1372583 1.111111
Moved 3456.719 422.1716 819 0.1439158 1.108539
Moved 3456.75 427.3553 818 0.1559149 1.105967
Ended 3456.781 431.3657 816.8781 0.1651983 1.103081
Candidates 3456.904 13 choice vice voice nice cover concert concrete convert chinese soccer five cigarette size
Began 3458.102 440 619 0.1851852 0.5941358
Stationary 3458.133 440 619 0.1851852 0.5941358
Moved 3458.163 419.251 591.668 0.1371551 0.5238374
Moved 3458.194 403.1514 564.6422 0.09988745 0.4543266
Moved 3458.225 391.151 544.3019 0.07210871 0.4020111
Moved 3458.255 380.2351 521.2936 0.04684051 0.3428332
Moved 3458.286 374.0843 504.7108 0.03260255 0.3001819
Moved 3458.317 370.0112 494.0337 0.02317419 0.2727204
Moved 3458.348 368 485.4608 0.01851857 0.2506706
Moved 3458.378 366.2794 480.2794 0.01453559 0.2373441
Moved 3458.409 365.4048 477.4048 0.01251121 0.2299507
Moved 3458.44 365 474.8345 0.01157403 0.2233397
Moved 3458.47 365 473.5 0.01157403 0.2199073
Moved 3458.501 364.0901 472.0901 0.0094678 0.216281
Moved 3458.532 364 472 0.009259283 0.2160493
Ended 3458.563 364 469.5 0.009259283 0.2096193
Accept 3458.624 4 cover
Began 3458.778 450 523 0.2083333 0.3472221
Stationary 3458.808 450 523 0.2083333 0.3472221
Stationary 3458.839 450 523 0.2083333 0.3472221
Stationary 3458.87 450 523 0.2083333 0.3472221
Stationary 3458.9 450 523 0.2083333 0.3472221
Moved 3458.931 431.8265 532.7245 0.1662652 0.3722337
Moved 3458.962 422.2094 536.1937 0.1440033 0.3811566
Moved 3458.993 414.6801 539.1066 0.1265743 0.3886487
Moved 3459.023 403.9442 543.0186 0.1017228 0.3987103
Moved 3459.054 395.2147 545 0.08151551 0.4038065
Moved 3459.085 383.9297 548.7676 0.05539268 0.4134968
Moved 3459.115 375.1545 550 0.03507992 0.4166666
Moved 3459.146 361.2248 553.3101 0.002835095 0.4251802
Moved 3459.177 345.8389 556.0322 -0.03278042 0.4321816
Moved 3459.208 334.2134 558.6967 -0.05969112 0.4390346
Moved 3459.238 324.0917 560.4771 -0.08312107 0.4436138
Moved 3459.269 314.9574 561 -0.1042653 0.4449587
Moved 3459.3 309.5511 562.2245 -0.11678 0.4481082
Moved 3459.331 306.2375 562 -0.1244503 0.4475308
Moved 3459.361 304.3657 562 -0.1287832 0.4475308
Moved 3459.392 302.7455 562 -0.1325337 0.4475308
Stationary 3459.423 302.7455 562 -0.1325337 0.4475308
Moved 3459.453 301.8971 562 -0.1344976 0.4475308
Moved 3459.484 300.8131 562 -0.1370066 0.4475308
Moved 3459.515 299.3823 562 -0.1403187 0.4475308
Moved 3459.546 294.7451 562 -0.1510529 0.4475308
Moved 3459.576 284.8846 554.7307 -0.1738784 0.4288339
Moved 3459.607 278.1925 553.0963 -0.1893693 0.4246302
Moved 3459.638 272.4463 550.2231 -0.2026707 0.4172406
Moved 3459.668 268.7059 549 -0.2113289 0.4140946
Moved 3459.699 265.8297 548 -0.2179867 0.4115225
Stationary 3459.73 266 548 -0.2175926 0.4115225
Stationary 3459.76 266 548 -0.2175926 0.4115225
Moved 3459.791 293 548 -0.1550926 0.4115225
Moved 3459.822 343.8047 559.7163 -0.03748924 0.4416571
Moved 3459.853 382.9311 559 0.05308111 0.4398148
Moved 3459.883 418.368 559 0.135111 0.4398148
Moved 3459.914 452.9002 549.3727 0.2150468 0.4150531
Moved 3459.945 478.3945 546.5117 0.2740612 0.4076946
Moved 3459.976 508.4013 542.6332 0.3435216 0.3977192
Moved 3460.006 526.0441 539.1365 0.3843615 0.3887255
Moved 3460.037 543.6384 537.2723 0.425089 0.3839308
Moved 3460.068 558.9924 534.4015 0.4606307 0.3765469
Moved 3460.098 570.5191 533 0.4873128 0.3729423
Moved 3460.129 580.0472 530.9843 0.5093685 0.3677578
Moved 3460.16 586.7447 530.1277 0.5248719 0.3655547
Moved 3460.191 593.4951 530 0.5404978 0.3652262
Moved 3460.221 597.5254 528.7373 0.5498273 0.3619786
Moved 3460.252 601.2761 529 0.5585095 0.3626543
Moved 3460.283 604.0126 528 0.5648439 0.3600822
Moved 3460.313 608.353 527.3235 0.5748912 0.3583422
Moved 3460.344 613.9032 527 0.5877389 0.3575102
Moved 3460.375 617.3247 526 0.595659 0.3549381
Moved 3460.406 621.1964 524.8036 0.6046214 0.351861
Ended 3460.436 623 525 0.6087962 0.3523662
Candidates 3460.529 13 all al fall ask real hall deal wall walk sell who well talk
Began 3461.051 446 541 0.199074 0.3935184
Moved 3461.082 456.527 541 0.2234421 0.3935184
Moved 3461.112 484.1525 541 0.2873901 0.3935184
Moved 3461.143 517.656 541 0.3649445 0.3935184
Moved 3461.174 540.5664 548.5566 0.4179778 0.4129542
Moved 3461.204 563.4706 552.8677 0.4709969 0.4240422
Moved 3461.235 575.2173 553 0.4981881 0.4243826
Moved 3461.266 581.3508 554 0.5123861 0.4269547
Ended 3461.296 583.4214 554 0.5171792 0.4269547
Accept 3461.358 0 all
Began 3461.635 487 527 0.2939814 0.3575102
Stationary 3461.665 487 527 0.2939814 0.3575102
Stationary 3461.696 487 527 0.2939814 0.3575102
Stationary 3461.727 487 527 0.2939814 0.3575102
Moved 3461.757 472.7801 544.3848 0.2610651 0.4022241
Moved 3461.788 460.363 566.3466 0.2323218 0.4587103
Moved 3461.819 451.4032 590.5888 0.2115815 0.5210617
Moved 3461.849 446 607 0.199074 0.5632715
Moved 3461.88 442.7549 616.7355 0.1915622 0.5883113
Moved 3461.911 440.8955 628.4179 0.1872581 0.6183587
Moved 3461.942 439.0251 642.8747 0.1829283 0.6555418
Moved 3461.972 439 654.0602 0.1828703 0.6843112
Moved 3462.003 439 664.552 0.1828703 0.7112962
Moved 3462.034 439 671.5162 0.1828703 0.7292081
Moved 3462.064 439 677.1319 0.1828703 0.7436518
Moved 3462.095 439 680.6278 0.1828703 0.7526435
Moved 3462.126 439 682 0.1828703 0.7561726
Moved 3462.157 439 683 0.1828703 0.7587448
Moved 3462.187 439 684.374 0.1828703 0.7622785
Stationary 3462.218 439 684 0.1828703 0.7613168
Moved 3462.249 444.4438 664.1953 0.1954717 0.7103786
Moved 3462.28 451.1053 635.0261 0.210892 0.635355
Moved 3462.31 456.1289 608.2266 0.2225206 0.5664264
Moved 3462.341 460.941 584.4128 0.2336597 0.505177
Moved 3462.372 463.8199 566.0809 0.2403238 0.4580269
Moved 3462.402 466.5 554 0.2465278 0.4269547
Moved 3462.433 469.2552 538.2139 0.2529055 0.3863526
Moved 3462.464 473.1283 519.2305 0.261871 0.3375268
Moved 3462.495 477.0007 506.998 0.2708349 0.3060647
Moved 3462.525 478.5396 500.9207 0.2743973 0.2904339
Moved 3462.556 480.4127 495.5873 0.2787331 0.2767163
Moved 3462.587 482.282 489.436 0.2830602 0.260895
Moved 3462.617 484.1602 484.6795 0.2874079 0.2486612
Moved 3462.648 485 482.3444 0.2893518 0.2426552
Moved 3462.679 486 480.4764 0.2916667 0.2378509
Moved 3462.71 487.5 480 0.2951388 0.2366254
Moved 3462.74 487 480 0.2939814 0.2366254
Moved 3462.771 479.6064 505.8582 0.2768666 0.303133
Moved 3462.802 469.9506 529.465 0.2545153 0.3638501
Moved 3462.833 460.7573 551.0461 0.2332345 0.4193571
Moved 3462.863 446.5156 580.9688 0.2002675 0.4963189
Moved 3462.894 433.1432 610.6659 0.169313 0.5727003
Moved 3462.925 425.5637 625.0605 0.1517678 0.6097234
Moved 3462.955 420 635 0.1388889 0.6352879
Moved 3462.986 414.491 644.0179 0.1261366 0.6584823
Moved 3463.017 408.7481 654.3779 0.1128428 0.6851282
Moved 3463.047 402.0046 662.9931 0.09723286 0.7072866
Moved 3463.078 395.3727 670.6273 0.08188129 0.7269219
Moved 3463.109 389.2014 677.7986 0.06759574 0.7453667
Moved 3463.14 385.7275 681.2725 0.05955438 0.7543015
Moved 3463.17 381.8541 684.1459 0.05058815 0.7616919
Moved 3463.201 381 685.6514 0.04861106 0.7655642
Moved 3463.232 380 686.5252 0.04629632 0.7678115
Moved 3463.262 380 687.5 0.04629632 0.7703188
Moved 3463.293 380 688.1863 0.04629632 0.7720841
Ended 3463.324 380 688.1863 0.04629632 0.7720841
Candidates 3463.447 13 the there regret enter gene hebrew ever threw herbert that turner rubber refer
Began 3463.969 387 678 0.06250004 0.7458847
Moved 3464 399.0134 678 0.09030879 0.7458847
Moved 3464.031 440.2747 667.8406 0.1858211 0.7197547
Moved 3464.061 475.4057 665.2995 0.2671428 0.7132189
Moved 3464.092 507.6262 662.5374 0.3417273 0.7061146
Moved 3464.123 530.3775 662 0.3943924 0.7047324
Moved 3464.153 541.4255 661 0.4199665 0.7021603
Moved 3464.184 546.7818 660.2182 0.4323652 0.7001495
Moved 3464.215 549.6528 660 0.439011 0.6995884
Moved 3464.245 552.5 660 0.4456018 0.6995884
Moved 3464.276 553.374 660 0.4476249 0.6995884
Moved 3464.307 554.2133 658.7867 0.4495678 0.6964679
Ended 3464.338 555.3584 659 0.4522185 0.6970164
Accept 3464.399 0 the
Began 3464.676 433 705 0.1689814 0.8153291
Stationary 3464.706 433 705 0.1689814 0.8153291
Moved 3464.737 433 691.7086 0.1689814 0.7811434
Moved 3464.768 433 678.5 0.1689814 0.7471706
Moved 3464.798 433 667.4017 0.1689814 0.7186255
Moved 3464.829 433 656.9818 0.1689814 0.6918253
Moved 3464.86 433 641.8234 0.1689814 0.6528379
Moved 3464.891 433 625.992 0.1689814 0.6121193
Moved 3464.921 442.6227 608.1318 0.1912563 0.5661825
Moved 3464.952 448.3588 596.2824 0.2045342 0.5357057
Moved 3464.983 453.1049 583.6851 0.2155208 0.5033053
Moved 3465.013 457.5766 571.6937 0.2258717 0.4724632
Moved 3465.044 461.4542 561.1832 0.2348477 0.44543
Moved 3465.075 465.3228 554.0316 0.2438028 0.4270358
Moved 3465.105 466.9189 550.0811 0.2474975 0.4168752
Moved 3465.136 468 546.2369 0.25 0.4069878
Moved 3465.167 469.1975 544.8025 0.252772 0.4032985
Moved 3465.198 470.5 543 0.2557871 0.3986624
Moved 3465.229 470 542 0.2546296 0.3960905
Stationary 3465.259 470 542 0.2546296 0.3960905
Moved 3465.29 459.9336 542 0.2313278 0.3960905
Moved 3465.321 440.5 558.5 0.1863426 0.4385287
Moved 3465.351 419.8171 572.6759 0.1384656 0.4749894
Moved 3465.382 401.7768 582.1276 0.09670565 0.4992992
Moved 3465.413 380.8397 593.5335 0.04823992 0.5286354
Moved 3465.444 368.6296 601.0278 0.0199759 0.547911
Moved 3465.474 353.3586 608.9848 -0.01537353 0.5683765
Moved 3465.505 337.1058 615.6314 -0.05299573 0.5854716
Moved 3465.536 331.7346 617.0663 -0.06542911 0.5891623
Moved 3465.566 322.6523 619.5869 -0.08645292 0.5956452
Moved 3465.597 312.1381 622.4655 -0.1107915 0.6030489
Moved 3465.628 298.664 624.334 -0.1419814 0.6078548
Moved 3465.658 290.2094 626 -0.1615524 0.6121398
Moved 3465.689 282.6661 627.778 -0.1790136 0.6167127
Moved 3465.72 276.7044 629.6478 -0.1928138 0.6215219
Moved 3465.751 268.4488 631.5171 -0.2119241 0.6263299
Moved 3465.781 262.8907 633 -0.2247899 0.6301439
Moved 3465.812 257.153 634.9235 -0.2380719 0.6350912
Moved 3465.843 254.2079 636 -0.2448891 0.6378599
Moved 3465.874 250 637 -0.2546296 0.6404321
Moved 3465.904 246.8347 639.1653 -0.2619567 0.6460011
Moved 3465.935 240.9366 642.0317 -0.2756097 0.6533736
Moved 3465.966 236.187 644.9065 -0.2866043 0.6607676
Moved 3465.996 232.6568 647.3433 -0.294776 0.6670351
Moved 3466.027 229.6695 649.3305 -0.301691 0.6721463
Moved 3466.058 227.7999 651.2001 -0.3060187 0.6769549
Moved 3466.089 226.6261 652.374 -0.308736 0.6799741
Moved 3466.119 226 654 -0.3101852 0.6841563
Moved 3466.15 225.5319 654.4681 -0.3112688 0.6853603
Moved 3466.181 225 655 -0.3125 0.6867283
Moved 3466.211 225 656.3745 -0.3125 0.6902633
Moved 3466.242 225 658.7853 -0.3125 0.6964641
Moved 3466.273 237.2977 663.3191 -0.2840331 0.7081251
Moved 3466.304 255.7162 670.0618 -0.2413976 0.7254674
Moved 3466.334 274.7258 675.2178 -0.1973939 0.7387286
Moved 3466.365 312.1426 684.8021 -0.110781 0.7633798
Moved 3466.396 339.4277 693.4104 -0.04762103 0.7855206
Moved 3466.427 358.5 698 -0.003472219 0.7973251
Moved 3466.457 371.948 701.1896 0.02765735 0.8055286
Moved 3466.488 383.1903 705.1268 0.05368124 0.8156552
Moved 3466.519 391.8149 706.9383 0.07364552 0.8203145
Moved 3466.549 395.3663 709.3663 0.08186649 0.8265593
Moved 3466.58 401.7203 710 0.09657483 0.8281891
Moved 3466.611 405.2361 712.2361 0.1047131 0.8339404
Moved 3466.642 407.1067 713 0.1090432 0.8359053
Moved 3466.672 408.1404 714.1404 0.1114362 0.8388386
Moved 3466.703 410.5 716.5 0.1168981 0.8449073
Moved 3466.734 411.3783 720.7565 0.1189311 0.8558551
Moved 3466.764 411 727.8344 0.1180555 0.8740593
Moved 3466.795 411 743.0994 0.1180555 0.9133213
Moved 3466.826 411 759.4604 0.1180555 0.9554021
Moved 3466.857 411 775.8207 0.1180555 0.9974812
Moved 3466.887 411 789.6378 0.1180555 1.033019
Moved 3466.918 411 802.8815 0.1180555 1.067082
Moved 3466.949 411 813.3849 0.1180555 1.094097
Moved 3466.979 411 819 0.1180555 1.108539
Moved 3467.01 411 824.4155 0.1180555 1.122468
Moved 3467.041 411 828.0815 0.1180555 1.131897
Moved 3467.072 402.0401 831.96 0.09731501 1.141872
Moved 3467.102 398.6169 834 0.08939096 1.147119
Moved 3467.133 394.2458 837.3771 0.07927259 1.155805
Moved 3467.164 390.7476 838 0.07117499 1.157407
Moved 3467.195 384.768 840.116 0.05733332 1.16285
Moved 3467.225 380.7148 840 0.04795085 1.162551
Moved 3467.256 374.9761 840 0.03466695 1.162551
Moved 3467.287 369.2304 840 0.02136678 1.162551
Moved 3467.317 365.0386 840 0.01166334 1.162551
Moved 3467.348 359.3461 840 -0.00151361 1.162551
Moved 3467.379 353.8899 835.0763 -0.01414383 1.149887
Moved 3467.409 348.8571 830.4285 -0.02579376 1.137933
Moved 3467.44 342.7823 827.8911 -0.03985584 1.131407
Moved 3467.471 338.0162 825.0162 -0.0508884 1.124013
Moved 3467.502 335.1392 823 -0.05754818 1.118827
Moved 3467.532 332.5 822 -0.06365741 1.116255
Moved 3467.563 330.7696 819.7695 -0.06766304 1.110518
Moved 3467.594 327.8936 817.8936 -0.07432032 1.105693
Moved 3467.625 325.0134 812.0267 -0.08098757 1.090604
Moved 3467.655 319.9263 800.8525 -0.0927632 1.061863
Moved 3467.686 315.1609 785.9023 -0.1037941 1.023411
Moved 3467.717 312.7257 774.9027 -0.1094313 0.9951201
Moved 3467.747 310.8457 764.537 -0.1137831 0.9684593
Moved 3467.778 310 755.326 -0.1157407 0.9447685
Moved 3467.809 309 744.829 -0.1180555 0.9177699
Moved 3467.84 309 735.7529 -0.1180555 0.8944259
Moved 3467.87 309 731.0255 -0.1180555 0.8822672
Moved 3467.901 308 726.1417 -0.1203704 0.869706
Moved 3467.932 308 723.269 -0.1203704 0.8623174
Moved 3467.962 308 720.4033 -0.1203704 0.8549466
Moved 3467.993 308 716.8703 -0.1203704 0.8458596
Moved 3468.024 308 714.0068 -0.1203704 0.8384948
Moved 3468.055 308 711.5 -0.1203704 0.8320473
Moved 3468.085 308 709.5 -0.1203704 0.8269031
Moved 3468.116 308 707.7598 -0.1203704 0.8224274
Ended 3468.147 308 707 -0.1203704 0.820473
Candidates 3468.27 13 cared bars basis bases cases case masters card cars cats cage nature cards
Began 3468.976 370 697 0.02314816 0.7947529
Stationary 3469.007 370 697 0.02314816 0.7947529
Moved 3469.038 382.1293 667.2184 0.05122532 0.7181542
Moved 3469.068 395.0634 640.086 0.08116514 0.6483692
Moved 3469.099 409.8325 615.1015 0.115353 0.5841088
Moved 3469.13 420.519 593.962 0.1400903 0.5297375
Moved 3469.161 428.5311 574.9379 0.1586368 0.4808072
Moved 3469.191 437.9425 553.6438 0.1804224 0.4260385
Moved 3469.222 439.9079 548.3683 0.1849721 0.4124698
Moved 3469.253 444.7782 538.4437 0.1962457 0.3869435
Moved 3469.283 446.6569 533.3431 0.2005947 0.3738248
Ended 3469.314 448.5 530 0.2048611 0.3652262
Accept 3469.375 3 bases
Began 3469.529 313 690 -0.1087963 0.7767489
Stationary 3469.56 313 690 -0.1087963 0.7767489
Stationary 3469.591 313 690 -0.1087963 0.7767489
Moved 3469.621 333.0549 690 -0.06237293 0.7767489
Moved 3469.652 383.0914 697.5093 0.05345225 0.7960629
Moved 3469.683 420.3654 699.9471 0.1397347 0.8023329
Moved 3469.714 463.3188 701 0.2391638 0.8050409
Moved 3469.744 499.2242 701 0.3222784 0.8050409
Moved 3469.775 541.7194 701 0.4206468 0.8050409
Moved 3469.806 573.7117 692.9288 0.494703 0.7842818
Moved 3469.836 602.6147 687.5642 0.561608 0.770484
Moved 3469.867 628.9633 682.5046 0.6226003 0.7574705
Moved 3469.898 648.9784 680 0.6689315 0.7510287
Moved 3469.928 667.0205 675.7959 0.7106956 0.7402157
Moved 3469.959 678.1896 674 0.73655 0.7355967
Moved 3469.99 686.2182 673 0.7551348 0.7330247
Moved 3470.021 690.9536 671.5232 0.7660964 0.7292262
Moved 3470.052 694.3586 671 0.7739782 0.7278805
Moved 3470.082 696.9269 669.0731 0.7799234 0.7229244
Ended 3470.113 698.3752 669 0.783276 0.7227365
PhraseEnd 3470.174
