do not walk too quickly
do not walk too quickly
FixStart
List

0.6 0.6
432 388.8
Began 518.6047 461 496 0.2337964 0.2777777
Stationary 518.6355 461 496 0.2337964 0.2777777
Stationary 518.6663 461 496 0.2337964 0.2777777
Stationary 518.697 461 496 0.2337964 0.2777777
Moved 518.7277 447.9709 496 0.2036363 0.2777777
Moved 518.7584 439.341 487.1136 0.1836597 0.2549219
Moved 518.7891 436.371 485.6855 0.1767847 0.2512487
Moved 518.8198 426.5968 482.7984 0.1541592 0.2438229
Moved 518.8505 419.7089 481.8544 0.1382149 0.2413951
Moved 518.8813 412.9585 480.9792 0.1225891 0.239144
Moved 518.912 406.2192 481 0.106989 0.2391974
Moved 518.9426 401.1257 481 0.09519836 0.2391974
Moved 518.9734 394.3842 481 0.07959297 0.2391974
Moved 519.0042 389.8095 481 0.0690034 0.2391974
Moved 519.0349 385.2145 481 0.05836695 0.2391974
Moved 519.0656 382.4228 492.1544 0.05190472 0.2678866
Moved 519.0963 381 497.9089 0.04861106 0.2826875
Moved 519.127 380 500.3241 0.04629632 0.2888993
Moved 519.1577 379 502.5 0.04398147 0.2944958
Moved 519.1885 376.3435 503.6566 0.03783216 0.2974705
Moved 519.2191 373.4728 504.5272 0.03118714 0.2997097
Moved 519.2499 372 506.4063 0.02777775 0.3045429
Moved 519.2806 370.6207 506 0.02458493 0.3034978
Moved 519.3113 370 508.7779 0.02314816 0.3106426
Moved 519.342 370 511.8043 0.02314816 0.3184267
Moved 519.3727 379.2341 521.2341 0.04452348 0.3426803
Moved 519.4035 389.4786 529.8589 0.06823748 0.3648634
Moved 519.4342 394.1693 533.1129 0.07909566 0.3732326
Moved 519.465 403.7852 540.8568 0.1013546 0.3931501
Moved 519.4957 414.386 546.4316 0.1258934 0.4074885
Moved 519.5263 426.3744 553.6872 0.1536444 0.4261501
Moved 519.5571 435.6747 559.4498 0.175173 0.4409717
Moved 519.5878 448.078 565.4468 0.2038842 0.456396
Moved 519.6185 477.2349 577.494 0.2713771 0.4873815
Moved 519.6492 501.9214 585.4705 0.3285218 0.5078973
Moved 519.68 520.1053 593.0527 0.3706142 0.5273988
Moved 519.7107 533.7043 598.8522 0.4020933 0.5423151
Moved 519.7414 548.2158 605.6079 0.4356847 0.559691
Moved 519.7722 561.3765 612.3506 0.4661493 0.5770333
Moved 519.8029 573 617 0.4930556 0.5889916
Moved 519.8336 582.2586 621.1724 0.5144875 0.599723
Moved 519.8643 590.8829 623.9609 0.5344511 0.6068953
Moved 519.895 599.5355 627.8452 0.5544803 0.6168855
Moved 519.9257 605.7665 630.2555 0.5689039 0.6230851
Moved 519.9564 611.4446 633.2223 0.5820476 0.6307156
Moved 519.9871 617.1797 635.0898 0.5953234 0.635519
Moved 520.0179 620.9604 636 0.604075 0.6378599
Moved 520.0486 623.4978 637 0.6099486 0.6404321
Moved 520.0793 625.5 638.5 0.6145833 0.64429
Moved 520.11 627.1226 639.1226 0.6183393 0.6458912
Stationary 520.1407 627.1226 639.1226 0.6183393 0.6458912
Ended 520.1714 627 639 0.6180555 0.6455761
Candidates 520.2329 13 do so sp stop shop di dip to ship gdp drop i auto
Began 521.2466 448 521 0.2037037 0.3420781
Stationary 521.2774 448 521 0.2037037 0.3420781
Stationary 521.308 448 521 0.2037037 0.3420781
Stationary 521.3387 448 521 0.2037037 0.3420781
Moved 521.3695 448 511.698 0.2037037 0.3181532
Moved 521.4003 438.2726 498.3632 0.1811867 0.2838558
Moved 521.431 434.4012 483.4072 0.172225 0.2453888
Moved 521.4617 432.8896 470.4481 0.168726 0.2120578
Moved 521.4924 430.9789 457.9155 0.164303 0.1798237
Moved 521.5231 431 451.2169 0.1643519 0.1625949
Moved 521.5538 430 445.4598 0.162037 0.1477875
Moved 521.5846 430 441.4678 0.162037 0.13752
Moved 521.6152 430 437.7211 0.162037 0.1278835
Moved 521.646 437.1487 432.9575 0.1785849 0.1156314
Moved 521.6767 442.3494 428.6506 0.1906236 0.104554
Moved 521.7075 450.8113 421.6415 0.2102115 0.08652631
Moved 521.7382 456.9397 417.3735 0.2243974 0.07554917
Moved 521.7689 463.3847 411.6153 0.2393164 0.06073885
Moved 521.7996 468.4034 409.2983 0.2509339 0.05477944
Moved 521.8303 474.1526 406.4237 0.264242 0.04738603
Moved 521.861 479.9008 403.5496 0.277548 0.0399938
Moved 521.8917 487.021 400.6597 0.2940301 0.03256083
Moved 521.9225 491.7949 399.1026 0.3050807 0.02855599
Moved 521.9532 497.5495 397.2252 0.3184017 0.02372738
Moved 521.9839 501.2932 394.3534 0.3270676 0.01634103
Moved 522.0146 504.1367 391.8633 0.3336499 0.009936383
Moved 522.0453 507.0533 389.9467 0.3404011 0.005006868
Moved 522.0761 509.9183 387.0817 0.3470331 -0.002362012
Moved 522.1068 511 385.2089 0.349537 -0.007178734
Moved 522.1375 512 383.7109 0.3518519 -0.01103177
Moved 522.1682 514.077 381.923 0.3566597 -0.01563013
Moved 522.199 515 380.9706 0.3587963 -0.01807962
Moved 522.2297 516.4594 381 0.3621745 -0.01800419
Moved 522.2604 517.4388 380 0.3644418 -0.02057613
Stationary 522.2911 517 380 0.3634259 -0.02057613
Moved 522.3218 518 402.5587 0.3657407 0.03744506
Moved 522.3525 519 427.2236 0.3680556 0.1008837
Moved 522.3833 522.9795 466.887 0.3772673 0.2028986
Moved 522.4139 527.7294 494.0531 0.3882626 0.2727703
Moved 522.4448 531.6516 508.6289 0.3973415 0.3102595
Moved 522.4755 536.5893 534.6517 0.4087715 0.3771905
Moved 522.5062 538.4792 546.9168 0.4131462 0.4087365
Moved 522.5368 542.613 565.0653 0.4227153 0.4554148
Moved 522.5676 544.1094 574.3281 0.4261791 0.4792389
Moved 522.5983 547.0192 585.0574 0.4329147 0.5068349
Moved 522.629 550.8889 595.6667 0.4418725 0.5341221
Moved 522.6597 556.5327 606.2991 0.4549368 0.5614687
Moved 522.6905 561.5604 612.5604 0.4665749 0.5775728
Moved 522.7212 568.4356 619.2904 0.4824899 0.5948826
Moved 522.7519 575.0364 626.0364 0.4977695 0.6122336
Moved 522.7826 581.9937 630.3291 0.5138743 0.6232743
Moved 522.8134 588.8303 637.2454 0.5296997 0.6410631
Moved 522.8441 594.5864 641.5864 0.5430241 0.6522285
Moved 522.8748 598.1614 647.3229 0.5512997 0.6669825
Moved 522.9055 601.6894 651.6894 0.5594662 0.6782132
Moved 522.9362 604.5616 655.5616 0.5661149 0.6881729
Moved 522.9669 608.4337 659.4337 0.575078 0.6981318
Moved 522.9977 612.6164 663.6164 0.5847602 0.7088899
Moved 523.0284 615.8807 665.8807 0.5923163 0.7147135
Moved 523.0591 619.7549 668.7549 0.6012846 0.7221063
Moved 523.0898 624.6282 671.6282 0.6125652 0.7294963
Moved 523.1206 627.1229 674.1229 0.61834 0.7359126
Moved 523.1512 628 676.0375 0.6203704 0.7408371
Moved 523.182 628 677 0.6203704 0.7433126
Moved 523.2127 621.0128 679 0.6041962 0.7484568
Moved 523.2435 607.5663 680 0.5730702 0.7510287
Moved 523.2742 593.2123 680 0.5398433 0.7510287
Moved 523.3049 578.854 680 0.5066065 0.7510287
Moved 523.3356 564.5936 680 0.4735964 0.7510287
Moved 523.3663 550.7255 680 0.4414941 0.7510287
Moved 523.397 537.3537 680 0.410541 0.7510287
Moved 523.4278 524.2153 680 0.3801279 0.7510287
Moved 523.4585 512.393 680 0.3527616 0.7510287
Moved 523.4892 500.0341 680 0.324153 0.7510287
Moved 523.5199 489.5966 673 0.2999921 0.7330247
Moved 523.5506 481.3123 673 0.2808156 0.7330247
Moved 523.5813 474.0104 673 0.2639131 0.7330247
Moved 523.6121 465.0276 673 0.2431195 0.7330247
Moved 523.6428 458.9386 673 0.2290245 0.7330247
Moved 523.6735 454.9493 673 0.21979 0.7330247
Moved 523.7043 450.9344 673 0.2104964 0.7330247
Moved 523.7349 447.622 673 0.2028288 0.7330247
Stationary 523.7657 447.622 673 0.2028288 0.7330247
Moved 523.7964 445.6885 673 0.1983529 0.7330247
Moved 523.8271 444.9846 673 0.1967236 0.7330247
Moved 523.8578 440.9356 673 0.1873509 0.7330247
Moved 523.8885 437.2933 671.2933 0.1789196 0.7286348
Moved 523.9193 434.5204 669 0.1725009 0.7227365
Moved 523.95 431.6501 666.6501 0.1658567 0.7166925
Moved 523.9807 428.7705 664.7705 0.159191 0.7118582
Moved 524.0114 427.2487 664 0.1556683 0.7098765
Moved 524.0421 425.3851 661.3851 0.1513544 0.7031507
Moved 524.0729 422.5102 658.5102 0.1446994 0.6957566
Moved 524.1036 419.6307 654.2614 0.1380339 0.6848284
Moved 524.1343 418.0639 652.0639 0.1344073 0.6791766
Moved 524.165 416 648.1879 0.1296297 0.6692074
Moved 524.1957 414.3151 646.3151 0.1257293 0.6643905
Moved 524.2264 414 643.8333 0.125 0.6580074
Moved 524.2572 411.904 641.904 0.1201482 0.6530451
Stationary 524.2879 411.904 641.904 0.1201482 0.6530451
Moved 524.3187 412 641 0.1203704 0.65072
Stationary 524.3493 412 641 0.1203704 0.65072
Ended 524.3801 419 641 0.1365741 0.65072
Accept 524.4415 0 do
Candidates 524.4415 13 not nor boot more vote bout bit court boy note blue npr core
Began 525.5167 463 537 0.2384259 0.3832304
Stationary 525.5474 463 537 0.2384259 0.3832304
Stationary 525.5781 463 537 0.2384259 0.3832304
Stationary 525.6088 463 537 0.2384259 0.3832304
Stationary 525.6396 463 537 0.2384259 0.3832304
Moved 525.6703 447.7587 549.7238 0.2031452 0.4159562
Moved 525.701 438.1202 555.8798 0.1808338 0.4317895
Moved 525.7318 429.7123 564.4658 0.161371 0.4538729
Moved 525.7625 419.9399 572.3734 0.1387497 0.4742114
Moved 525.7932 410.327 580.1154 0.1164976 0.4941238
Moved 525.8239 400.7081 588.2919 0.09423176 0.5151539
Moved 525.8546 389.98 596.02 0.06939808 0.5350308
Moved 525.8854 378.4702 607.5298 0.0427551 0.5646341
Moved 525.9161 367.9821 617.0179 0.01847714 0.5890377
Moved 525.9468 357.838 624.9296 -0.005004604 0.6093867
Moved 525.9775 347.4917 632.3389 -0.02895435 0.6284435
Moved 526.0082 335.8678 639.0881 -0.05586157 0.6458027
Moved 526.0389 326.331 643.8345 -0.07793749 0.6580105
Moved 526.0697 318.7295 646.4235 -0.09553362 0.6646693
Moved 526.1003 315.95 647.35 -0.1019675 0.6670524
Moved 526.1311 305.8631 651.0457 -0.1253169 0.6765577
Moved 526.1618 299.9277 653.6908 -0.1390562 0.683361
Moved 526.1926 294.068 656.466 -0.1526205 0.6904988
Moved 526.2233 288.6679 659.3322 -0.1651207 0.6978706
Moved 526.254 284.793 663.207 -0.1740903 0.7078369
Moved 526.2847 284 668.1927 -0.1759259 0.72066
Moved 526.3154 284 673.7313 -0.1759259 0.7349055
Moved 526.3461 288.197 681.7987 -0.1662106 0.755655
Moved 526.3769 294.4812 687.9624 -0.1516639 0.7715082
Moved 526.4076 299.0474 691.0474 -0.141094 0.7794428
Moved 526.4383 303.8419 693.9209 -0.1299957 0.7868335
Moved 526.469 306.7956 695 -0.1231584 0.7896089
Moved 526.4998 309.2616 695 -0.11745 0.7896089
Moved 526.5305 311.2207 695 -0.112915 0.7896089
Moved 526.5612 313.0405 695 -0.1087025 0.7896089
Moved 526.5919 318.9145 685.4274 -0.09510528 0.7649881
Moved 526.6226 327.8703 668.727 -0.07437438 0.7220342
Moved 526.6533 334.6767 649.6315 -0.05861874 0.6729204
Moved 526.684 337.2034 631.5765 -0.05276998 0.6264825
Moved 526.7147 339 619.737 -0.04861111 0.5960313
Moved 526.7455 340 608.1337 -0.04629632 0.5661873
Moved 526.7762 340 598.0369 -0.04629632 0.5402182
Moved 526.8069 340 589.8881 -0.04629632 0.5192594
Moved 526.8376 340 582.4512 -0.04629632 0.5001315
Moved 526.8684 340 574.7209 -0.04629632 0.4802493
Moved 526.8991 335.5544 568.7298 -0.05658716 0.4648399
Moved 526.9298 330.5 563 -0.06828706 0.4501028
Moved 526.9605 327.9273 557.8546 -0.0742424 0.4368685
Moved 526.9912 325.0524 553.1049 -0.08089716 0.4246523
Moved 527.022 321.3586 548.3586 -0.08944765 0.412445
Moved 527.0527 318.731 544.462 -0.09553006 0.4024229
Moved 527.0834 314.5343 541.7672 -0.1052448 0.3954915
Moved 527.1141 311.8971 538.8971 -0.1113492 0.3881097
Moved 527.1449 309.0192 537 -0.1180111 0.3832304
Moved 527.1755 306.5159 536 -0.1238057 0.3806583
Moved 527.2062 302.6427 535 -0.1327715 0.3780863
Moved 527.2371 299.768 533.768 -0.139426 0.3749176
Moved 527.2677 297.1691 534 -0.1454419 0.3755144
Moved 527.2985 294.3484 534 -0.1519712 0.3755144
Moved 527.3292 292.4779 534 -0.1563012 0.3755144
Moved 527.3599 290.8043 534 -0.1601753 0.3755144
Moved 527.3906 289.5 534 -0.1631944 0.3755144
Moved 527.4214 289 534 -0.1643519 0.3755144
Stationary 527.4521 289 534 -0.1643519 0.3755144
Moved 527.4827 289 547.5 -0.1643519 0.4102365
Moved 527.5135 302.3463 556.3463 -0.1334577 0.4329894
Moved 527.5443 314.9598 566.9759 -0.1042596 0.4603288
Moved 527.575 329.1736 572.7245 -0.07135729 0.4751145
Moved 527.6057 341.5141 576.6057 -0.04279152 0.4850967
Moved 527.6364 359.6683 578 -0.0007679065 0.488683
Moved 527.667 385.3679 578 0.058722 0.488683
Moved 527.6978 415.1102 578 0.1275699 0.488683
Moved 527.7285 437.6194 570.483 0.1796745 0.4693491
Moved 527.7593 457.7119 565.2252 0.2261848 0.4558259
Moved 527.79 477.0654 560.4836 0.2709847 0.4436306
Moved 527.8207 492.1758 555.2748 0.3059624 0.4302334
Moved 527.8514 511.1599 548.92 0.3499072 0.413889
Moved 527.8821 525.3637 543.8788 0.3827864 0.4009227
Moved 527.9127 537.2604 537.1598 0.4103249 0.3836414
Moved 527.9435 548.7747 530.1352 0.4369785 0.365574
Moved 527.9743 560.2552 525.1862 0.4635538 0.3528452
Moved 528.0051 570.0857 521.3047 0.4863094 0.3428619
Moved 528.0358 581 518.5 0.511574 0.335648
Moved 528.0665 590.5678 519 0.5337217 0.3369341
Moved 528.0972 601.0125 519 0.5578994 0.3369341
Moved 528.1279 608.5939 525.0524 0.5754488 0.3525009
Moved 528.1586 615.9135 528.3045 0.5923923 0.3608654
Moved 528.1893 623.8318 531.2773 0.6107216 0.3685114
Moved 528.22 629.2969 535.2969 0.6233725 0.37885
Moved 528.2508 633.0217 536 0.6319945 0.3806583
Moved 528.2815 635.5248 537.5248 0.6377888 0.3845802
Moved 528.3123 637.5 538 0.6423612 0.3858024
Moved 528.3429 638.374 539.374 0.6443841 0.3893363
Moved 528.3737 639 540 0.6458333 0.3909464
Moved 528.4044 640 540 0.6481482 0.3909464
Moved 528.4351 640 541 0.6481482 0.3935184
Stationary 528.4658 640 541 0.6481482 0.3935184
Stationary 528.4965 640 541 0.6481482 0.3935184
Stationary 528.5272 640 541 0.6481482 0.3935184
Moved 528.558 627.942 541 0.620236 0.3935184
Moved 528.5887 617 543.5 0.5949074 0.3999484
Moved 528.6194 600.2773 550.3613 0.5561974 0.4175959
Moved 528.6501 582.0469 560.9688 0.5139974 0.4448784
Moved 528.6808 566.7747 569.4835 0.4786451 0.4667785
Moved 528.7115 556.769 575.6155 0.4554838 0.4825502
Moved 528.7423 543.8975 584.8269 0.4256886 0.5062419
Moved 528.773 532.2689 594.5848 0.3987707 0.5313395
Moved 528.8037 522.9318 604.091 0.3771568 0.5557895
Moved 528.8345 514.4219 611.0521 0.3574581 0.5736935
Moved 528.8652 505.7983 617.8011 0.337496 0.5910522
Moved 528.8959 499.4509 623.5491 0.322803 0.6058361
Moved 528.9266 493.2561 627.7439 0.3084631 0.6166252
Moved 528.9573 487.5967 631.7017 0.2953627 0.6268046
Moved 528.9881 481.4243 634.5756 0.2810748 0.6341965
Moved 529.0188 476.0932 636.4534 0.2687343 0.639026
Moved 529.0495 473.0402 637.9598 0.2616671 0.6429006
Moved 529.0803 469.1692 639 0.2527065 0.6455761
Moved 529.111 463.5912 640 0.2397944 0.6481481
Moved 529.1417 459.5 641 0.2303241 0.65072
Moved 529.1724 453.8578 642.1422 0.2172635 0.6536578
Moved 529.2031 449.9824 642 0.2082926 0.653292
Moved 529.2338 447.1026 642 0.2016263 0.653292
Moved 529.2646 444.6785 642 0.1960151 0.653292
Moved 529.2953 444 642 0.1944444 0.653292
Moved 529.326 442.5 643 0.1909722 0.6558642
Moved 529.3567 443 643 0.1921296 0.6558642
Moved 529.3875 442 644.5 0.1898148 0.659722
Stationary 529.4182 442 644.5 0.1898148 0.659722
Stationary 529.4489 442 644.5 0.1898148 0.659722
Stationary 529.4796 442 644.5 0.1898148 0.659722
Moved 529.5103 442 645 0.1898148 0.6610081
Stationary 529.541 442 645 0.1898148 0.6610081
Stationary 529.5718 442 645 0.1898148 0.6610081
Stationary 529.6025 442 645 0.1898148 0.6610081
Stationary 529.6332 442 645 0.1898148 0.6610081
Stationary 529.6639 442 645 0.1898148 0.6610081
Stationary 529.6946 442 645 0.1898148 0.6610081
Stationary 529.7253 442 645 0.1898148 0.6610081
Stationary 529.7561 442 645 0.1898148 0.6610081
Stationary 529.7868 442 645 0.1898148 0.6610081
Stationary 529.8175 442 645 0.1898148 0.6610081
Moved 529.8483 442 630.5447 0.1898148 0.6238287
Moved 529.879 442 621.0715 0.1898148 0.5994638
Moved 529.9097 442 613.762 0.1898148 0.5806636
Moved 529.9404 446.3852 607.7471 0.1999658 0.565193
Moved 529.9711 450.4969 603.5031 0.2094835 0.5542774
Moved 530.0018 451.369 598.2619 0.2115024 0.5407969
Moved 530.0326 452 595.068 0.2129629 0.5325821
Moved 530.0632 453 591.2162 0.2152778 0.5226755
Moved 530.0939 454 588.3416 0.2175926 0.5152817
Moved 530.1248 455.5302 584.4698 0.2211347 0.5053235
Moved 530.1555 457.0505 581.9495 0.224654 0.4988411
Moved 530.1862 458 578.1473 0.2268519 0.489062
Moved 530.2169 459.8 576 0.2310186 0.483539
Moved 530.2476 461.5 575 0.2349537 0.480967
Moved 530.2783 462.2365 571.7635 0.2366585 0.4726426
Moved 530.3091 463.1109 571 0.2386826 0.4706789
Moved 530.3397 463 569.5 0.2384259 0.4668209
Moved 530.3705 464 567.6068 0.2407408 0.4619516
Moved 530.4012 464 567 0.2407408 0.4603909
Moved 530.4319 465 566 0.2430555 0.4578188
Moved 530.4626 465 564.5 0.2430555 0.4539608
Moved 530.4933 465 563.8085 0.2430555 0.4521822
Moved 530.5241 466 563.4777 0.2453704 0.4513315
Moved 530.5548 466 563 0.2453704 0.4501028
Moved 530.5855 466 562 0.2453704 0.4475308
Stationary 530.6162 466 562 0.2453704 0.4475308
Moved 530.647 466 560.6589 0.2453704 0.4440816
Moved 530.6777 467 561 0.2476852 0.4449587
Stationary 530.7084 467 561 0.2476852 0.4449587
Moved 530.7391 468.5 561 0.2511574 0.4449587
Moved 530.7698 469.827 561 0.2542291 0.4449587
Moved 530.8006 472.5 561 0.2604167 0.4449587
Moved 530.8312 476.5261 561 0.2697363 0.4449587
Moved 530.862 482.2903 561 0.2830795 0.4449587
Moved 530.8928 489.0354 568 0.2986931 0.4629629
Moved 530.9235 494.0985 568 0.3104132 0.4629629
Moved 530.9542 500.8449 568 0.3260299 0.4629629
Moved 530.9849 508.887 568 0.3446458 0.4629629
Moved 531.0156 515.3378 568 0.3595781 0.4629629
Moved 531.0463 522.0533 562.5244 0.3751235 0.4488796
Moved 531.077 528.1108 556.4446 0.3891453 0.4332421
Moved 531.1077 533.841 552.5795 0.4024097 0.4233011
Moved 531.1385 536.983 549.017 0.409683 0.4141382
Moved 531.1692 541.8467 545.1533 0.4209414 0.4042008
Moved 531.1999 546.7151 541.2849 0.4322109 0.3942512
Moved 531.2307 551.166 537.4171 0.4425138 0.3843031
Moved 531.2614 556.2016 533.8992 0.4541704 0.3752551
Moved 531.2921 560.9684 530.0316 0.4652047 0.3653074
Moved 531.3228 564.8269 526.1731 0.4741364 0.3553834
Moved 531.3535 569 523.5 0.4837963 0.3485081
Moved 531.3842 570.5 521.5 0.4872685 0.3433641
Moved 531.415 573.1442 519.8558 0.4933894 0.3391351
Moved 531.4457 575.0145 520 0.4977186 0.3395061
Moved 531.4764 578.5652 519 0.5059379 0.3369341
Moved 531.5071 583.8466 519 0.5181633 0.3369341
Moved 531.5378 595.2116 529.9087 0.5444714 0.3649914
Moved 531.5685 603.3382 539.5073 0.5632828 0.3896792
Moved 531.5993 607.6752 545.3504 0.5733223 0.4047078
Moved 531.63 609.5497 549.0995 0.5776613 0.4143505
Moved 531.6607 611.4206 552.4206 0.5819921 0.4228924
Moved 531.6915 611.9788 554.9788 0.5832843 0.4294722
Moved 531.7222 612 556.4047 0.5833334 0.4331394
Moved 531.7529 613.2798 558.2798 0.5862958 0.4379624
Moved 531.7836 613 559.0497 0.5856481 0.4399425
Moved 531.8143 614.0488 560 0.588076 0.4423867
Moved 531.845 614 561.3729 0.5879629 0.4459178
Ended 531.8758 614 561.3729 0.5879629 0.4459178
Accept 531.9372 0 not
Candidates 531.9372 13 wealth health work ralph enough so all with do graph wheel establish feel
Began 534.1183 541 604 0.4189815 0.5555555
Stationary 534.149 541 604 0.4189815 0.5555555
Moved 534.1797 518.4464 604 0.3667741 0.5555555
Moved 534.2105 459.9309 595.6221 0.2313216 0.5340074
Moved 534.2412 400.9798 593 0.09486069 0.5272633
Moved 534.2719 358.5455 591 -0.003366917 0.5221192
Moved 534.3027 320.6085 586.6144 -0.09118398 0.5108395
Moved 534.3334 283 582 -0.1782407 0.4989711
Moved 534.3641 259.0688 578.8965 -0.233637 0.490989
Moved 534.3948 230.1479 575.0328 -0.3005836 0.4810514
Moved 534.4255 205.4871 571.1487 -0.3576688 0.4710613
Ended 534.4562 178.0859 565.2053 -0.4210974 0.4557748
Accept 534.5177 0 wealth
Delete 534.5177 LeftSwipe
Began 535.3779 482 596 0.2824074 0.5349793
Stationary 535.4086 482 596 0.2824074 0.5349793
Stationary 535.4393 482 596 0.2824074 0.5349793
Moved 535.47 462.0457 608.1726 0.2362169 0.5662875
Moved 535.5007 443.3507 621.7996 0.1929414 0.6013364
Moved 535.5315 424.3154 633.2484 0.1488783 0.6307827
Moved 535.5621 410.5772 641.0536 0.1170769 0.650858
Moved 535.5929 398.2379 649.6097 0.08851369 0.6728643
Moved 535.6236 386.6963 658.2277 0.061797 0.69503
Moved 535.6544 376.1905 663.9048 0.03747791 0.7096316
Moved 535.6851 367.523 670.6513 0.01741449 0.7269837
Moved 535.7158 359.7906 675.8063 -0.0004846852 0.7402424
Moved 535.7465 354.4637 680.5363 -0.01281559 0.7524082
Moved 535.7773 349.8588 684.1412 -0.02347509 0.76168
Moved 535.808 345.4873 686.7563 -0.03359412 0.7684062
Moved 535.8387 341.8975 691.1025 -0.041904 0.7795845
Moved 535.8694 338 696.8576 -0.05092591 0.7943867
Moved 535.9001 337 700.5 -0.05324075 0.8037551
Moved 535.9308 336 706.4691 -0.05555556 0.8191077
Moved 535.9615 336 710.0198 -0.05555556 0.8282402
Moved 535.9923 336 712.1051 -0.05555556 0.8336036
Moved 536.023 336 718.2896 -0.05555556 0.8495101
Moved 536.0537 336 723.6614 -0.05555556 0.8633264
Moved 536.0844 336 726.705 -0.05555556 0.8711548
Moved 536.1152 336 729.5769 -0.05555556 0.8785412
Moved 536.1459 336 731.0066 -0.05555556 0.8822185
Moved 536.1766 336 733.9636 -0.05555556 0.889824
Moved 536.2073 336 736.8442 -0.05555556 0.8972331
Moved 536.2381 336 738.2736 -0.05555556 0.9009091
Moved 536.2687 336 740.5 -0.05555556 0.9066357
Moved 536.2995 336 741 -0.05555556 0.9079216
Moved 536.3303 336 742 -0.05555556 0.9104937
Stationary 536.361 336 742 -0.05555556 0.9104937
Stationary 536.3917 336 742 -0.05555556 0.9104937
Moved 536.4224 336 728.192 -0.05555556 0.8749793
Moved 536.4531 333.6935 713.1612 -0.06089459 0.8363197
Moved 536.4838 330.1724 690.5511 -0.06904547 0.7781664
Moved 536.5145 327.3011 670.1075 -0.07569195 0.7255852
Moved 536.5452 325.4341 653.039 -0.08001357 0.6816846
Moved 536.576 325 635.4079 -0.08101851 0.6363371
Moved 536.6067 324 624.0533 -0.08333336 0.607133
Moved 536.6375 324 613.5709 -0.08333336 0.5801721
Moved 536.6682 324 606.5466 -0.08333336 0.5621054
Moved 536.6989 324 601.6536 -0.08333336 0.5495206
Moved 536.7296 324 595.7778 -0.08333336 0.5344078
Moved 536.7603 324 590.0442 -0.08333336 0.5196608
Moved 536.7911 323 584.3053 -0.08564815 0.5049004
Moved 536.8218 322 579.1766 -0.08796295 0.4917094
Moved 536.8525 321 575.7128 -0.09027779 0.4828003
Moved 536.8832 319.8404 571.8403 -0.09296214 0.4728402
Moved 536.9139 320 570 -0.09259259 0.4681069
Moved 536.9446 320 568.8749 -0.09259259 0.4652132
Moved 536.9753 318.9984 568 -0.09491105 0.4629629
Moved 537.006 319 567 -0.09490739 0.4603909
Stationary 537.0367 319 567 -0.09490739 0.4603909
Moved 537.0675 336.4942 576.3976 -0.05441164 0.4845617
Moved 537.0983 351.857 580.5714 -0.01884962 0.4952967
Moved 537.129 369.6498 582 0.02233744 0.4989711
Moved 537.1597 390.9275 583 0.07159144 0.5015431
Moved 537.1904 423.6379 583 0.14731 0.5015431
Moved 537.2211 447.5816 573.5374 0.2027352 0.4772052
Moved 537.2519 465.315 569.8121 0.2437848 0.4676237
Moved 537.2825 509.9763 557.8942 0.3471675 0.4369705
Moved 537.3133 520.8693 555.0374 0.3723827 0.4296227
Moved 537.3441 544.0026 550.285 0.4259318 0.4173995
Moved 537.3748 564.7981 546.1559 0.4740697 0.4067796
Moved 537.4055 582.4326 543.7135 0.5148901 0.4004976
Moved 537.4362 595.6625 542 0.5455151 0.3960905
Moved 537.4669 605.3064 540.2312 0.5678388 0.3915411
Moved 537.4976 615.266 540 0.5908935 0.3909464
Moved 537.5284 623.8628 540 0.6107935 0.3909464
Moved 537.5591 630.6061 540 0.626403 0.3909464
Moved 537.5898 635.6068 540 0.6379786 0.3909464
Moved 537.6205 639.3381 544.6833 0.6466159 0.4029919
Moved 537.6512 643.5313 549.5313 0.6563224 0.4154609
Moved 537.6819 646.4168 553.4168 0.6630018 0.4254547
Moved 537.7126 648 555.9579 0.6666666 0.4319905
Moved 537.7434 650.8282 558.8282 0.6732134 0.4393728
Moved 537.7741 652.2519 560.2519 0.676509 0.4430346
Moved 537.8048 653 562.132 0.6782408 0.4478701
Moved 537.8355 654 567.0881 0.6805556 0.4606175
Moved 537.8663 655 574.8291 0.6828703 0.4805274
Moved 537.897 655 584.2701 0.6828703 0.50481
Moved 537.9277 645.2947 593.1594 0.6604044 0.5276732
Moved 537.9584 642.7401 601.5197 0.6544911 0.549176
Moved 537.9891 637.7367 607.2633 0.642909 0.5639488
Moved 538.0198 636 610.7527 0.6388888 0.5729235
Moved 538.0506 634 613.5432 0.6342593 0.5801008
Moved 538.0813 633 616.4121 0.6319444 0.5874796
Moved 538.112 632 618.2859 0.6296296 0.5922992
Moved 538.1428 632 619.5 0.6296296 0.5954217
Moved 538.1735 632 621 0.6296296 0.5992797
Moved 538.2042 632 622 0.6296296 0.6018518
Moved 538.2349 631 623 0.6273149 0.6044238
Moved 538.2656 629.0757 623 0.6228605 0.6044238
Moved 538.2964 628.2058 623 0.6208467 0.6044238
Moved 538.3271 627.3372 623 0.618836 0.6044238
Stationary 538.3578 627 623 0.6180555 0.6044238
Moved 538.3885 626 623 0.6157407 0.6044238
Stationary 538.4192 626 623 0.6157407 0.6044238
Moved 538.45 625 614.2033 0.613426 0.5817986
Moved 538.4807 624 611.6395 0.6111112 0.5752044
Moved 538.5113 621.7656 607.7656 0.605939 0.5652407
Moved 538.5421 621 604.8903 0.6041667 0.5578454
Moved 538.5728 617.9219 598.8439 0.5970415 0.5422938
Moved 538.6035 616.4852 597.4852 0.5937157 0.5387994
Moved 538.6343 612.6174 593.6174 0.5847626 0.5288513
Moved 538.665 608.7401 587.4802 0.5757873 0.5130662
Moved 538.6957 604.4796 582.4796 0.5659249 0.5002046
Moved 538.7264 600.3651 576.3651 0.5564006 0.4844779
Moved 538.7572 597.4946 571.4946 0.549756 0.4719509
Moved 538.7879 596 568.6188 0.5462963 0.4645543
Ended 538.8186 596 568 0.5462963 0.4629629
Candidates 538.8801 13 walk all realm talk wall fall ask frank real wal rank tank deal
Began 540.2318 493 574 0.3078704 0.478395
Stationary 540.2625 493 574 0.3078704 0.478395
Stationary 540.2933 493 574 0.3078704 0.478395
Stationary 540.324 493 574 0.3078704 0.478395
Stationary 540.3546 493 574 0.3078704 0.478395
Stationary 540.3854 493 574 0.3078704 0.478395
Stationary 540.4161 493 574 0.3078704 0.478395
Stationary 540.4468 493 574 0.3078704 0.478395
Stationary 540.4775 493 574 0.3078704 0.478395
Moved 540.5082 493 583.2631 0.3078704 0.5022199
Moved 540.539 493 584.134 0.3078704 0.5044599
Moved 540.5696 493 585.0902 0.3078704 0.5069191
Moved 540.6004 493 586.2249 0.3078704 0.5098376
Moved 540.6311 493 588.0569 0.3078704 0.5145494
Moved 540.6619 493 589.374 0.3078704 0.5179371
Moved 540.6926 493 591.3568 0.3078704 0.523037
Moved 540.7233 483.6318 595.7365 0.2861846 0.5343015
Moved 540.754 479.7671 601.4659 0.2772386 0.5490376
Moved 540.7847 475.8958 607.2084 0.2682773 0.5638074
Moved 540.8155 471.6773 613.3227 0.2585122 0.5795335
Moved 540.8462 466.9468 620.5798 0.247562 0.5981991
Moved 540.8769 462.2234 628.1649 0.2366283 0.6177078
Moved 540.9077 460.0683 635.7269 0.2316395 0.6371576
Moved 540.9384 457.2208 648.1167 0.2250482 0.6690242
Moved 540.9691 457 661.2816 0.2245371 0.7028846
Moved 540.9998 457 670.055 0.2245371 0.72545
Moved 541.0305 457 677.281 0.2245371 0.7440355
Moved 541.0612 457 684.8678 0.2245371 0.7635487
Moved 541.092 457 694.4876 0.2245371 0.788291
Moved 541.1227 465.5 702.5 0.244213 0.808899
Moved 541.1534 468.2323 709.6969 0.2505377 0.8274096
Moved 541.1841 471.1126 716.2252 0.2572051 0.8442003
Moved 541.2148 473 721.9852 0.2615741 0.8590155
Moved 541.2455 474 726.7234 0.2638889 0.8712021
Moved 541.2762 475 729.3529 0.2662037 0.8779651
Moved 541.307 476 731 0.2685185 0.8822014
Moved 541.3377 477 733 0.2708333 0.8873456
Moved 541.3685 477 734.638 0.2708333 0.8915584
Moved 541.3992 478.4968 735 0.2742981 0.8924896
Stationary 541.4299 478 735 0.2731481 0.8924896
Stationary 541.4606 478 735 0.2731481 0.8924896
Stationary 541.4913 478 735 0.2731481 0.8924896
Moved 541.522 478 714.4639 0.2731481 0.8396705
Moved 541.5527 478.5218 691.3477 0.2743559 0.7802151
Moved 541.5834 483.1561 674.4537 0.2850835 0.7367634
Moved 541.6142 486.9527 661.1893 0.2938719 0.7026472
Moved 541.645 492.6474 647.7053 0.3070541 0.667966
Moved 541.6756 496.5 638.5 0.3159723 0.64429
Moved 541.7064 501.232 632.5361 0.3269258 0.6289507
Moved 541.7371 506.2222 625.7778 0.3384773 0.6115683
Moved 541.7678 511.976 621.024 0.3517963 0.5993415
Moved 541.7985 515.7031 618.6484 0.3604237 0.5932315
Moved 541.8293 519.3536 616 0.368874 0.5864196
Moved 541.86 524.4529 616 0.3806781 0.5864196
Moved 541.8907 531.3132 616 0.3965582 0.5864196
Moved 541.9214 534.9466 620.5421 0.4049689 0.5981019
Moved 541.9521 544.5568 631.0756 0.4272147 0.6251944
Moved 541.9828 554.1718 644.9529 0.4494717 0.660887
Moved 542.0135 561.8154 656.7539 0.4671653 0.6912394
Moved 542.0443 569.3519 668.9199 0.484611 0.7225305
Moved 542.075 577.9295 680.5727 0.5044665 0.7525015
Moved 542.1058 584.5259 691.5432 0.519736 0.780718
Moved 542.1364 591.1616 701.2423 0.5350962 0.8056642
Moved 542.1672 596.9048 711.8572 0.5483907 0.8329658
Moved 542.1979 600.6572 718.6572 0.5570767 0.8504555
Moved 542.2286 602.5 722.5 0.5613426 0.8603394
Moved 542.2593 604 725.235 0.5648147 0.867374
Moved 542.29 606.0528 727.0528 0.5695667 0.8720492
Moved 542.3207 607 728 0.5717592 0.8744856
Moved 542.3515 608.204 728 0.5745462 0.8744856
Moved 542.3822 609.359 728 0.5772199 0.8744856
Moved 542.413 610 728 0.5787036 0.8744856
Moved 542.4437 611 728 0.5810185 0.8744856
Moved 542.4744 612 728 0.5833334 0.8744856
Moved 542.5051 613.5193 728 0.5868503 0.8744856
Moved 542.5358 615.1987 719.6091 0.5907377 0.8529041
Moved 542.5665 616.9349 718.0651 0.5947568 0.8489326
Moved 542.5973 618.7785 714.2215 0.5990243 0.8390469
Moved 542.628 620.6451 710.3549 0.6033451 0.829102
Moved 542.6588 624.726 705.274 0.6127916 0.816034
Moved 542.6895 626.075 703.925 0.6159143 0.8125643
Moved 542.7202 628.8644 700.0678 0.6223712 0.8026434
Moved 542.7509 631.804 696.196 0.6291758 0.7926853
Moved 542.7815 633 693.5 0.6319444 0.7857509
Moved 542.8123 636.2103 690.7897 0.6393756 0.77878
Moved 542.843 639.0831 688.9169 0.6460257 0.7739632
Moved 542.8738 642.9522 686.0478 0.6549819 0.7665838
Moved 542.9045 644.3323 683.6677 0.6581767 0.760462
Moved 542.9352 647.3264 683 0.6651075 0.7587448
Moved 542.9659 649.1978 682 0.6694394 0.7561726
Moved 542.9966 651.0722 681 0.6737782 0.7536006
Moved 543.0273 652.6171 681 0.6773543 0.7536006
Moved 543.058 654.2214 681 0.6810681 0.7536006
Ended 543.0887 660 680 0.6944445 0.7510287
Accept 543.1503 0 walk
Candidates 543.1503 13 to top too group trip you up tip grip rip do i rio
Began 544.0104 452 574 0.2129629 0.478395
Stationary 544.0412 452 574 0.2129629 0.478395
Stationary 544.0718 452 574 0.2129629 0.478395
Moved 544.1025 459.4531 593.5898 0.2302156 0.5287804
Moved 544.1333 467.3596 612.5057 0.2485175 0.5774322
Moved 544.1641 474.2929 632.8786 0.2645668 0.6298317
Moved 544.1947 478.5129 651.5645 0.2743354 0.6778921
Moved 544.2255 481.086 663.3439 0.2802916 0.7081889
Moved 544.2562 482 670.9264 0.2824074 0.7276912
Moved 544.2869 482 674.831 0.2824074 0.737734
Moved 544.3176 482 677.5 0.2824074 0.7445986
Moved 544.3483 470.5333 679.2334 0.2558641 0.749057
Moved 544.3791 467.907 680 0.2497847 0.7510287
Moved 544.4098 467 681.9756 0.2476852 0.75611
Moved 544.4405 467 684.3483 0.2476852 0.7622126
Moved 544.4713 467 688.3362 0.2476852 0.7724697
Moved 544.502 479.2808 698.9211 0.2761129 0.7996941
Moved 544.5327 483.2415 704.3221 0.2852813 0.8135853
Moved 544.5634 489.244 713.8661 0.299176 0.8381329
Moved 544.5941 495.501 722.5031 0.3136598 0.8603474
Moved 544.6249 500.7279 731.0919 0.3257591 0.8824379
Moved 544.6555 504.8398 737.7596 0.3352772 0.8995874
Moved 544.6863 510.5287 749.0574 0.348446 0.9286456
Moved 544.717 516.2666 761.5333 0.3617283 0.9607336
Moved 544.7477 520.0178 770.0356 0.3704116 0.9826018
Moved 544.7784 523.0772 778.2316 0.3774935 1.003682
Moved 544.8091 527.8917 786.8375 0.388638 1.025817
Moved 544.8398 530.7795 792.559 0.3953228 1.040532
Moved 544.8706 534.5 800.5 0.4039352 1.060957
Moved 544.9014 536.0209 803.0419 0.4074559 1.067495
Moved 544.9321 540.0927 810.2781 0.4168812 1.086106
Moved 544.9628 540 813 0.4166667 1.093107
Moved 544.9935 542 818.7786 0.4212962 1.107969
Moved 545.0242 544 821.3423 0.4259259 1.114563
Moved 545.0549 546.2114 822 0.4310448 1.116255
Ended 545.0856 546.2114 822 0.4310448 1.116255
Accept 545.1471 2 too
Began 545.7308 447 630 0.2013889 0.6224279
Stationary 545.7615 447 630 0.2013889 0.6224279
Stationary 545.7923 447 630 0.2013889 0.6224279
Moved 545.823 433.2791 630 0.1696275 0.6224279
Moved 545.8536 418.3164 630 0.1349916 0.6224279
Moved 545.8844 401.1161 642.628 0.0951761 0.6549073
Moved 545.9151 383.898 649.1837 0.05531956 0.6717685
Moved 545.9459 360.8126 657.8269 0.001881023 0.6939992
Moved 545.9766 328.7295 669.7101 -0.07238551 0.7245631
Moved 546.0073 302.934 679.8071 -0.1320972 0.7505326
Moved 546.038 284.083 686.639 -0.1757338 0.7681043
Moved 546.0688 273.4717 691.7642 -0.200297 0.7812862
Moved 546.0995 263.7578 695.4948 -0.2227828 0.7908815
Moved 546.1302 256.2023 701.7977 -0.2402725 0.8070927
Moved 546.1609 254.9866 703.0134 -0.2430865 0.8102195
Moved 546.1916 250.1161 708.7677 -0.2543608 0.8250197
Moved 546.2224 245.4928 712.5072 -0.265063 0.8346377
Moved 546.2531 242.3725 716.6275 -0.2722858 0.8452352
Moved 546.2838 241 721.2058 -0.275463 0.8570107
Moved 546.3145 240 728.0009 -0.2777777 0.8744877
Moved 546.3452 240 736.602 -0.2777777 0.89661
Moved 546.376 250.5 745.5 -0.2534722 0.9194959
Moved 546.4067 254.0771 754.4362 -0.2451918 0.9424797
Moved 546.4374 260.3216 762.3215 -0.2307371 0.9627611
Moved 546.4681 263 765 -0.2245371 0.9696501
Moved 546.4988 267.0945 772.0945 -0.215059 0.9878973
Moved 546.5295 271.8444 776.8444 -0.204064 1.000114
Moved 546.5603 277.5877 781.5878 -0.1907691 1.012314
Moved 546.591 281.1447 786.2894 -0.1825354 1.024407
Moved 546.6216 282 786.6916 -0.1805555 1.025441
Moved 546.6524 283.1472 788.1472 -0.1778999 1.029185
Stationary 546.6832 283 788 -0.1782407 1.028807
Stationary 546.7139 283 788 -0.1782407 1.028807
Moved 546.7446 274 788 -0.199074 1.028807
Moved 546.7753 266.6406 776.6406 -0.2161098 0.9995897
Moved 546.806 264.3844 774.7688 -0.2213324 0.9947757
Moved 546.8368 261.7101 770.42 -0.2275231 0.9835906
Moved 546.8675 259.8771 766.8771 -0.231766 0.9744779
Moved 546.8982 260 760.9988 -0.2314815 0.9593588
Moved 546.9289 260 750.7042 -0.2314815 0.932881
Moved 546.9597 270.0053 730.5654 -0.2083211 0.8810835
Moved 546.9904 280.4889 713.2133 -0.1840534 0.836454
Moved 547.0211 296.1198 701.3601 -0.1478708 0.8059672
Moved 547.0518 313.462 692.269 -0.1077268 0.7825847
Moved 547.0825 332.8723 685.8936 -0.06279557 0.7661873
Moved 547.1132 351.8816 682.5884 -0.0187927 0.757686
Moved 547.144 368.7371 680.7105 0.02022485 0.7528562
Moved 547.1747 384.9857 679 0.05783727 0.7484568
Moved 547.2054 401.6263 679 0.09635727 0.7484568
Moved 547.2361 416.4171 679 0.1305951 0.7484568
Moved 547.2668 425.3155 679 0.1511934 0.7484568
Moved 547.2975 437.0485 688.0121 0.1783531 0.7716361
Moved 547.3282 448.5165 691.7582 0.2048992 0.7812712
Moved 547.359 458.9637 695.7409 0.2290827 0.7915145
Moved 547.3898 467.9882 698.2471 0.2499727 0.7979605
Moved 547.4205 477.3592 704.2394 0.2716648 0.8133729
Moved 547.4511 488.9546 712.9659 0.2985059 0.8358175
Moved 547.4819 500.6396 723.2995 0.3255547 0.8623956
Moved 547.5126 509.2546 731.2546 0.3454967 0.8828563
Moved 547.5433 514.5714 735.2857 0.3578041 0.8932245
Moved 547.5741 518.2913 739.1457 0.3664151 0.9031523
Moved 547.6048 521.3181 742.6591 0.3734216 0.9121888
Moved 547.6355 525.0656 745.5328 0.3820964 0.91958
Moved 547.6662 529.8071 749.4035 0.3930719 0.9295357
Moved 547.697 535.6264 756.6264 0.4065426 0.9481131
Moved 547.7277 537.6853 760.528 0.4113086 0.9581479
Moved 547.7584 540.7202 767.1605 0.4183337 0.9752069
Moved 547.7891 543 774.1967 0.4236111 0.993304
Moved 547.8198 544 778.1057 0.4259259 1.003358
Moved 547.8505 545 784.0204 0.4282407 1.018571
Moved 547.8812 545 786.8782 0.4282407 1.025921
Moved 547.912 545 790.5164 0.4282407 1.035279
Moved 547.9427 534.2664 791 0.4033945 1.036523
Moved 547.9734 527.7679 792 0.3883516 1.039094
Moved 548.0042 514.1631 782.0709 0.3568589 1.013557
Moved 548.0349 510.7038 783.3519 0.3488512 1.016851
Moved 548.0656 503.7813 778.1875 0.3328271 1.003569
Moved 548.0963 498.4369 773.4369 0.3204557 0.9913499
Moved 548.127 491.6934 766.6934 0.3048458 0.9740053
Moved 548.1577 485.976 762.3253 0.2916112 0.9627706
Moved 548.1885 478.3434 755.8956 0.2739431 0.9462332
Moved 548.2192 471.1517 750.5759 0.2572956 0.932551
Moved 548.2499 462.1238 743.1238 0.2363977 0.9133841
Moved 548.2806 453.4071 736.4071 0.2162201 0.8961086
Moved 548.3113 443.0599 729.53 0.1922683 0.8784205
Moved 548.3421 433.1826 722.1826 0.169404 0.8595228
Moved 548.3728 422.5806 715.6855 0.1448625 0.8428124
Moved 548.4035 408.915 706.9363 0.1132293 0.8203091
Moved 548.4342 395.5206 699.3123 0.08222352 0.8007002
Moved 548.465 381.9389 691.4695 0.05078455 0.7805285
Moved 548.4957 369.6646 684.1987 0.02237171 0.761828
Moved 548.5264 355.2592 675.4074 -0.01097396 0.7392165
Moved 548.5571 343.9456 669.9728 -0.037163 0.7252384
Moved 548.5878 336.682 666.341 -0.05397677 0.7158975
Moved 548.6185 329.1463 662.1463 -0.07142067 0.7051086
Moved 548.6493 327.7006 660.7006 -0.07476722 0.7013901
Moved 548.68 325.5 661 -0.07986113 0.7021603
Moved 548.7108 325 661 -0.08101851 0.7021603
Stationary 548.7415 325 661 -0.08101851 0.7021603
Moved 548.7722 325 672.2546 -0.08101851 0.7311075
Moved 548.8029 338.8948 681.8948 -0.04885459 0.7559022
Moved 548.8336 352.3421 694.3421 -0.01772667 0.7879169
Moved 548.8643 366.6786 705.2072 0.01545966 0.8158618
Moved 548.8951 377.4158 712.8119 0.04031439 0.8354214
Moved 548.9258 392.3295 720.5824 0.07483681 0.8554074
Moved 548.9565 398.0817 723.0408 0.08815219 0.8617304
Moved 548.9872 410.5517 727.7759 0.1170178 0.873909
Moved 549.0179 422.8245 731 0.145427 0.8822014
Moved 549.0486 435.592 733.2653 0.1749815 0.8880279
Moved 549.0793 446.549 734.1373 0.2003448 0.8902707
Moved 549.1101 457.0341 734 0.2246161 0.8899177
Moved 549.1408 464.9891 734 0.2430303 0.8899177
Moved 549.1716 471.8535 734 0.2589202 0.8899177
Moved 549.2023 478.6096 724.3904 0.2745593 0.8652015
Moved 549.233 486.5434 719.6378 0.2929245 0.8529776
Moved 549.2637 491.4019 716.2991 0.3041709 0.8443904
Moved 549.2944 496.1396 711.8604 0.3151381 0.832974
Moved 549.3251 500.8809 705.6786 0.3261132 0.8170745
Moved 549.3559 507.6228 701.3773 0.3417194 0.8060114
Moved 549.3866 513.752 697.124 0.3559075 0.7950717
Moved 549.4173 520.4933 694 0.3715124 0.7870369
Moved 549.4481 525.6125 692.3875 0.3833624 0.7828895
Moved 549.4788 531.1583 692 0.3961997 0.7818928
Moved 549.5095 533.016 692 0.4005 0.7818928
Moved 549.5402 537.7568 698.1488 0.411474 0.7977077
Moved 549.5709 540.7517 706.2552 0.4184067 0.8185575
Moved 549.6016 543.2571 712.7713 0.4242062 0.835317
Moved 549.6323 546.129 717.129 0.4308543 0.8465253
Moved 549.6631 548 722.0081 0.4351853 0.8590744
Moved 549.6938 550.6605 725.6605 0.4413438 0.8684684
Moved 549.7245 553.4249 729.4249 0.4477427 0.8781503
Moved 549.7552 556.3005 733.3005 0.4543994 0.8881186
Moved 549.7859 558 737.3254 0.4583333 0.8984704
Moved 549.8167 560 740.3626 0.462963 0.9062823
Moved 549.8474 561.5567 745.1135 0.4665665 0.9185015
Moved 549.8781 562 752.2733 0.4675925 0.9369167
Moved 549.9089 563 757.5991 0.4699074 0.9506146
Moved 549.9396 563 763.7388 0.4699074 0.9664062
Moved 549.9703 563 769.744 0.4699074 0.9818518
Moved 550.001 563 774.6145 0.4699074 0.9943786
Moved 550.0317 563 777.1117 0.4699074 1.000801
Moved 550.0624 563 780.033 0.4699074 1.008315
Moved 550.0931 563 782.8983 0.4699074 1.015685
Moved 550.1239 555 784.778 0.4513889 1.020519
Moved 550.1546 554 786.2839 0.4490741 1.024393
Moved 550.1853 551.8507 787 0.4440989 1.026234
Moved 550.2161 549.9854 789.0146 0.4397809 1.031416
Moved 550.2468 548.3231 790 0.4359332 1.033951
Moved 550.2775 545.5623 790 0.4295422 1.033951
Moved 550.3082 540.3689 790 0.4175206 1.033951
Moved 550.3389 535.6315 790 0.4065544 1.033951
Moved 550.3696 530.5933 784.373 0.3948918 1.019478
Moved 550.4004 522.2579 775.2579 0.3755971 0.9960337
Moved 550.4311 513.6491 766.6491 0.3556692 0.9738916
Moved 550.4619 506.0662 756.7549 0.3381161 0.9484436
Moved 550.4925 496.4704 742.7056 0.3159037 0.9123085
Moved 550.5233 484.9406 724.4109 0.2892145 0.8652543
Moved 550.554 475.4799 707.5898 0.2673145 0.8219903
Moved 550.5847 465.5103 691.143 0.2442368 0.7796888
Moved 550.6154 454.8404 671.7341 0.219538 0.7297686
Moved 550.6461 447.253 657.4217 0.2019745 0.692957
Moved 550.6769 439.6471 645.0785 0.1843683 0.6612101
Moved 550.7076 433.1217 633.5362 0.1692632 0.631523
Moved 550.7383 428.6669 623.3337 0.1589511 0.6052821
Moved 550.769 423.9299 614.8598 0.1479859 0.583487
Moved 550.7997 419.6264 608.6264 0.138024 0.5674546
Moved 550.8304 415.0881 601.6321 0.1275187 0.5494653
Moved 550.8612 411.6708 595.0125 0.1196084 0.5324395
Moved 550.8919 407.7955 589.5911 0.1106378 0.5184954
Moved 550.9227 404.5524 583.8286 0.1031305 0.5036743
Moved 550.9534 401.4022 577.2067 0.0958385 0.4866425
Moved 550.9841 397.5304 569.5912 0.08687595 0.4670554
Moved 551.0148 394.6529 563.3058 0.08021514 0.4508894
Moved 551.0455 392 558.1483 0.07407407 0.4376242
Moved 551.0762 389.2016 553.2016 0.06759633 0.4249012
Moved 551.1069 387.3282 548.6564 0.0632598 0.4132109
Moved 551.1376 385.8431 545.8431 0.059822 0.4059751
Moved 551.1684 383.9245 540.9244 0.05538076 0.3933241
Moved 551.1992 384 536.0567 0.0555556 0.3808042
Moved 551.2299 384 527.7383 0.0555556 0.359409
Moved 551.2606 384 521.3293 0.0555556 0.3429252
Moved 551.2913 384 513.3944 0.0555556 0.3225164
Moved 551.322 384 507.8556 0.0555556 0.3082705
Moved 551.3527 384 502.2889 0.0555556 0.2939529
Moved 551.3835 384 496.0055 0.0555556 0.2777918
Moved 551.4142 384 490.2983 0.0555556 0.263113
Moved 551.4449 384 484.5295 0.0555556 0.2482754
Moved 551.4756 389.2412 480.5025 0.06768803 0.2379179
Moved 551.506 391 476.3871 0.07175922 0.2273331
Moved 551.537 392 473.5093 0.07407407 0.2199312
Moved 551.5677 394.1783 471.8218 0.07911632 0.2155909
Moved 551.5984 395.9261 472 0.08316229 0.2160493
Moved 551.6292 400.6002 472 0.09398202 0.2160493
Moved 551.6599 412.3085 488.5141 0.1210844 0.2585239
Moved 551.6907 416.6111 493.7639 0.1310441 0.2720263
Moved 551.7214 427.2491 506.332 0.1556692 0.3043518
Moved 551.7521 435.8655 518.8207 0.1756146 0.3364729
Moved 551.7828 446.3019 529.4764 0.199773 0.3638796
Moved 551.8135 457.62 540.296 0.2259722 0.3917078
Moved 551.8442 473.1432 554.9526 0.2619055 0.4294049
Moved 551.875 488.3399 566.2719 0.2970831 0.4585181
Moved 551.9057 505.2491 575.1246 0.3362248 0.4812874
Moved 551.9363 525.3237 583.4244 0.3826938 0.5026348
Moved 551.9671 542.0456 591.0228 0.4214019 0.5221779
Moved 551.9979 552.819 595.4095 0.4463404 0.5334607
Moved 552.0286 563.9011 599.4505 0.4719932 0.5438541
Moved 552.0593 574.802 604.2014 0.4972268 0.5560734
Moved 552.09 581.9424 608 0.5137557 0.5658435
Moved 552.1207 586.6993 610.3497 0.524767 0.5718869
Moved 552.1514 589.9174 612.9174 0.5322161 0.5784911
Moved 552.1821 592.7952 616.7952 0.5388778 0.588465
Moved 552.2129 595.6658 619.6658 0.5455225 0.595848
Moved 552.2437 598.1617 621.1617 0.5513001 0.5996956
Moved 552.2744 600.0794 624.0794 0.5557394 0.6072
Moved 552.3051 602 626.9517 0.5601852 0.6145877
Moved 552.3358 603.821 630.6421 0.5644006 0.6240793
Moved 552.3665 605.3237 633.3237 0.567879 0.6309766
Moved 552.3972 607 638.6264 0.5717592 0.6446151
Moved 552.428 607 640.0615 0.5717592 0.6483062
Moved 552.4586 607 641.7061 0.5717592 0.6525361
Moved 552.4894 607 643.4852 0.5717592 0.6571119
Moved 552.5201 599.1644 643 0.5536214 0.6558642
Moved 552.5508 590.2836 643 0.5330638 0.6558642
Moved 552.5815 580.9937 643 0.5115595 0.6558642
Moved 552.6122 572.1479 643 0.4910832 0.6558642
Moved 552.643 560.2273 643 0.4634891 0.6558642
Moved 552.6737 557.2808 643 0.4566685 0.6558642
Moved 552.7044 553.1263 643 0.4470517 0.6558642
Moved 552.7351 550.2016 643 0.4402814 0.6558642
Moved 552.7659 545.6547 644.6726 0.4297564 0.6601661
Moved 552.7966 541.6878 650.3122 0.4205737 0.6746712
Moved 552.8273 536.8383 660.2426 0.4093479 0.7002122
Moved 552.858 536 668.8687 0.4074074 0.7223986
Moved 552.8887 536 677.4667 0.4074074 0.7445129
Moved 552.9195 536 687.3069 0.4074074 0.7698224
Moved 552.9502 545.6084 699.8042 0.4296491 0.8019655
Moved 552.9809 547.0809 711.3238 0.4330578 0.8315939
Moved 553.0116 549 719.1619 0.4375 0.8517535
Moved 553.0423 550 726.4747 0.4398148 0.8705623
Moved 553.0731 552.366 732.7321 0.4452917 0.8866565
Moved 553.1038 553 739.4814 0.4467593 0.9040158
Moved 553.1345 555 746.5139 0.4513889 0.9221035
Moved 553.1652 557 753.8958 0.4560185 0.9410899
Moved 553.196 559.5 761 0.4618056 0.9593619
Moved 553.2267 561.3755 765.751 0.466147 0.9715818
Moved 553.2574 562 767.946 0.4675925 0.9772273
Moved 553.2881 563 770 0.4699074 0.98251
Moved 553.3188 563 771.6918 0.4699074 0.9868613
Moved 553.3495 564.1255 772 0.4725128 0.9876541
Stationary 553.3802 564 772 0.4722223 0.9876541
Stationary 553.4109 564 772 0.4722223 0.9876541
Stationary 553.4417 564 772 0.4722223 0.9876541
Stationary 553.4725 564 772 0.4722223 0.9876541
Moved 553.5032 555.4066 772 0.45233 0.9876541
Moved 553.5338 553.8922 772 0.4488246 0.9876541
Moved 553.5646 548.5267 762.5267 0.4364043 0.9632887
Moved 553.5953 540.4561 755.4561 0.4177224 0.9451029
Moved 553.626 533.241 746.8616 0.4010209 0.9229978
Moved 553.6567 521.9631 734.9631 0.3749145 0.8923947
Moved 553.6874 513.8779 724.8779 0.356199 0.8664555
Moved 553.7182 505.7275 714.7275 0.3373321 0.8403484
Moved 553.7489 499.9744 708.9744 0.3240147 0.8255513
Moved 553.7797 494.2388 703.2388 0.310738 0.8107993
Moved 553.8104 487.1346 699.0449 0.294293 0.8000124
Moved 553.8411 481.346 695.346 0.2808934 0.7904989
Moved 553.8718 473.9037 692.3012 0.2636659 0.7826675
Moved 553.9025 467.6508 691 0.2491916 0.7793208
Moved 553.9332 459.7833 687.8916 0.2309798 0.7713261
Moved 553.9639 452.0476 687.0159 0.2130732 0.7690735
Moved 553.9946 447.2895 687 0.2020589 0.7690327
Moved 554.0254 443.3032 687 0.1928315 0.7690327
Moved 554.0562 439.7702 687 0.1846532 0.7690327
Moved 554.0868 436.9 696.2 0.1780093 0.7926954
Moved 554.1176 435.5 699 0.1747686 0.7998971
Moved 554.1483 433.8827 703.2346 0.1710248 0.8107884
Moved 554.179 430.7384 711.5233 0.1637463 0.8321071
Moved 554.2097 428.8645 717.2709 0.1594086 0.8468902
Moved 554.2404 428 722.2978 0.1574074 0.8598194
Moved 554.2712 427 726.5247 0.1550926 0.8706909
Moved 554.3019 425.5992 730.4008 0.15185 0.8806605
Moved 554.3326 426 733.2715 0.1527777 0.8880438
Moved 554.3633 426 735.837 0.1527777 0.8946424
Moved 554.394 426 738.6728 0.1527777 0.9019361
Moved 554.4247 426 740.454 0.1527777 0.9065174
Moved 554.4555 426 743.1843 0.1527777 0.9135398
Moved 554.4862 435.2361 747.118 0.1741576 0.9236575
Moved 554.517 440.9849 750.9924 0.187465 0.9336224
Moved 554.5477 446.7423 755.7424 0.2007924 0.9458392
Moved 554.5784 451.7388 759.3694 0.2123583 0.955168
Moved 554.6091 457.4875 765.4875 0.2256655 0.9709039
Moved 554.6398 462.1127 771.2254 0.2363719 0.985662
Moved 554.6705 465.7432 774.7432 0.2447758 0.9947097
Moved 554.7012 468.5363 778.5363 0.2512414 1.004466
Moved 554.732 471.4067 780.4067 0.2578858 1.009276
Moved 554.7627 474.2776 782 0.2645316 1.013374
Moved 554.7934 475.5 783.5 0.2673611 1.017232
Moved 554.8242 476 784 0.2685185 1.018519
Stationary 554.8549 476 784 0.2685185 1.018519
Ended 554.8856 476 784 0.2685185 1.018519
Candidates 554.947 13 quickly activity seriously tight student quality risky without suddenly early right strict throughout
Began 555.9608 246 609 -0.2638889 0.5684156
Stationary 555.9916 246 609 -0.2638889 0.5684156
Moved 556.0223 287.0501 622.8326 -0.1688656 0.6039933
Moved 556.053 383.5045 626 0.0544086 0.6121398
Moved 556.0837 477.5101 606.91 0.2720141 0.56304
Moved 556.1144 530.1096 595.4726 0.3937721 0.5336229
Moved 556.1451 583.3283 581.2239 0.5169637 0.4969749
Moved 556.1758 615.364 571.2726 0.5911204 0.47138
Ended 556.2066 626 568 0.6157407 0.4629629
Accept 556.268 0 quickly
PhraseEnd 556.268
