the five boxing wizards jump quickly
the five boxing wizards jump quickly
Basic
List

0.6 0.6
432 388.8
Began 3302.414 412 405 0.1203704 0.04372424
Stationary 3302.445 412 405 0.1203704 0.04372424
Stationary 3302.475 412 405 0.1203704 0.04372424
Moved 3302.506 393.6762 427.4857 0.07795423 0.1015579
Moved 3302.537 385 438.5 0.05787035 0.1298867
Moved 3302.568 381.2237 444.6645 0.04912893 0.145742
Moved 3302.598 376.1411 452.2883 0.03736367 0.1653506
Moved 3302.629 373.0276 462.8895 0.03015658 0.1926169
Moved 3302.66 369.5 474 0.02199074 0.2211934
Moved 3302.69 367.2594 480.9623 0.01680424 0.2391006
Moved 3302.721 365.6996 488.9012 0.01319349 0.2595194
Moved 3302.752 362.305 493.6949 0.005335708 0.2718491
Moved 3302.783 359.611 498.778 -0.0009004772 0.2849227
Moved 3302.813 355.0323 504.9677 -0.01149918 0.3008427
Moved 3302.844 348.3706 512.6294 -0.02691989 0.3205488
Moved 3302.875 340.7344 521.2656 -0.04459634 0.3427613
Moved 3302.906 332.1133 532.1823 -0.06455252 0.370839
Moved 3302.936 327.9163 539.6255 -0.07426779 0.3899833
Moved 3302.967 322.843 546.2355 -0.08601159 0.4069843
Moved 3302.998 320.3774 548.6226 -0.09171893 0.4131239
Moved 3303.029 317.8405 550.1595 -0.09759138 0.4170768
Moved 3303.059 316.9236 550 -0.0997138 0.4166666
Moved 3303.09 315.6854 550 -0.10258 0.4166666
Moved 3303.121 315 550 -0.1041667 0.4166666
Moved 3303.151 323.0651 526.8861 -0.08549754 0.3572173
Moved 3303.182 342.3455 495.3514 -0.04086683 0.2761096
Moved 3303.213 360.8371 462.3259 0.001937648 0.1911672
Moved 3303.244 374.6945 437.9498 0.03401508 0.1284717
Moved 3303.274 384.6771 416.8611 0.0571229 0.0742311
Moved 3303.305 396.1847 395.0255 0.08376092 0.0180695
Moved 3303.336 399.0278 389.2963 0.09034205 0.003333974
Moved 3303.366 404.4399 376.6804 0.1028701 -0.0291143
Moved 3303.397 406.7608 368.7175 0.1082426 -0.04959506
Moved 3303.428 408 364.9609 0.1111111 -0.05925684
Moved 3303.459 409 364 0.113426 -0.06172839
Moved 3303.49 393.1481 364 0.07673174 -0.06172839
Moved 3303.52 370.674 387.6603 0.02470831 -0.0008737697
Moved 3303.551 350.962 406.9418 -0.02092128 0.04871843
Moved 3303.582 331.8843 428.5608 -0.06508261 0.104323
Moved 3303.613 316.1437 446.8358 -0.1015191 0.1513264
Moved 3303.643 302.5 461.5 -0.1331019 0.1890431
Moved 3303.674 287.7974 479.6891 -0.1671358 0.2358258
Moved 3303.705 274.5359 497.7569 -0.1978336 0.2822964
Moved 3303.735 264.4992 510.3344 -0.2210666 0.3146459
Moved 3303.766 255.809 521.588 -0.2411828 0.3435903
Moved 3303.797 247.4169 533.8746 -0.260609 0.3751919
Moved 3303.828 240.4289 543.7614 -0.2767848 0.4006208
Moved 3303.858 232.809 555.6516 -0.2944236 0.4312027
Ended 3303.889 230.5 559.5 -0.2997685 0.4411007
Candidates 3303.95 13 other the huge further higher he urge judge degree hyde there guide gift
Began 3305.272 429 432 0.1597223 0.1131687
Moved 3305.303 429 450.8669 0.1597223 0.1616947
Moved 3305.333 436.6273 485.2545 0.177378 0.2501401
Moved 3305.364 441.9232 519.1806 0.1896371 0.3373986
Moved 3305.395 448.6541 551.6165 0.2052179 0.4208241
Moved 3305.426 457.2746 589.0984 0.2251726 0.5172282
Ended 3305.456 466 621 0.2453704 0.5992797
Accept 3305.549 2 huge
Began 3306.44 393 424 0.07638891 0.09259254
Moved 3306.47 366.8156 424 0.01577685 0.09259254
Moved 3306.501 333.9879 424 -0.0602131 0.09259254
Moved 3306.532 304 424 -0.1296296 0.09259254
Moved 3306.563 267.0055 424 -0.2152651 0.09259254
Moved 3306.593 233.6006 424 -0.2925912 0.09259254
Moved 3306.624 193.1294 433.1595 -0.3862745 0.1161509
Moved 3306.655 163 434 -0.4560185 0.1183127
Moved 3306.686 138.3358 434 -0.5131115 0.1183127
Moved 3306.716 121.5533 434 -0.55196 0.1183127
Moved 3306.747 107.7858 434 -0.5838292 0.1183127
Ended 3306.778 101.4009 434 -0.598609 0.1183127
Delete 3306.839 LeftSwipe
Began 3307.853 349 536 -0.02546296 0.3806583
Stationary 3307.884 349 536 -0.02546296 0.3806583
Stationary 3307.915 349 536 -0.02546296 0.3806583
Stationary 3307.946 349 536 -0.02546296 0.3806583
Stationary 3307.976 349 536 -0.02546296 0.3806583
Moved 3308.007 359.6518 522.4643 -0.0008060535 0.3458443
Moved 3308.038 364.8698 515.6953 0.01127283 0.3284342
Moved 3308.068 367.9697 512.0606 0.01844833 0.3190859
Moved 3308.099 370.1649 509.8351 0.02352973 0.3133619
Moved 3308.13 371.759 507.241 0.02721995 0.3066898
Moved 3308.161 373.31 504.69 0.03081014 0.3001285
Moved 3308.191 373 502.1611 0.0300926 0.2936243
Moved 3308.222 373 499.8998 0.0300926 0.2878082
Moved 3308.253 373 496.3176 0.0300926 0.2785945
Moved 3308.284 373 493.758 0.0300926 0.2720113
Moved 3308.314 373 490.2089 0.0300926 0.2628828
Moved 3308.345 373 486.9489 0.0300926 0.254498
Moved 3308.376 380.6943 468.1321 0.04790346 0.2061011
Moved 3308.406 396.8236 446.7645 0.08523989 0.1511433
Moved 3308.437 407.7194 430.2411 0.1104615 0.1086447
Moved 3308.468 414.7673 417.3878 0.1267762 0.07558575
Moved 3308.499 419.4337 407.265 0.1375781 0.04954989
Moved 3308.53 423.9878 399.0367 0.1481198 0.0283866
Moved 3308.56 426 391.9589 0.1527777 0.01018238
Moved 3308.591 427 388.163 0.1550926 0.0004192634
Moved 3308.622 427 384.3298 0.1550926 -0.009439806
Moved 3308.652 404.7736 384 0.1036425 -0.01028807
Moved 3308.683 382.4947 401.4409 0.05207102 0.03457003
Moved 3308.714 373.4448 406.6418 0.03112217 0.0479469
Moved 3308.745 351.3946 423.204 -0.01991992 0.09054529
Moved 3308.775 333.5579 440.4421 -0.0612086 0.1348819
Moved 3308.806 317.035 456.6843 -0.09945596 0.176657
Moved 3308.837 305.7612 471.5342 -0.1255527 0.2148514
Moved 3308.867 293.6347 489.548 -0.1536234 0.2611829
Moved 3308.898 284.1219 504.1302 -0.1756439 0.2986888
Moved 3308.929 275.4644 515.5356 -0.1956841 0.3280235
Moved 3308.96 269.5 524 -0.2094908 0.3497942
Moved 3308.99 262.0792 531.9406 -0.2266685 0.3702173
Moved 3309.021 253.9022 538.5734 -0.2455968 0.3872771
Moved 3309.052 244.7249 547.2751 -0.2668404 0.409658
Moved 3309.083 237.5 554.5 -0.2835648 0.4282407
Ended 3309.113 237.5 554.5 -0.2835648 0.4282407
Candidates 3309.175 13 the there where tiger he other she threw offer register higher hr huge
Began 3310.466 356 435 -0.009259283 0.1208847
Moved 3310.496 335.6997 435 -0.05625069 0.1208847
Moved 3310.527 272.8683 435 -0.2016939 0.1208847
Moved 3310.558 197.0958 428.3335 -0.377093 0.1037384
Moved 3310.588 164.6478 423.6639 -0.4522042 0.09172816
Moved 3310.619 131.6503 420.4867 -0.5285872 0.08355619
Moved 3310.65 55.37117 394.8469 -0.7051593 0.0176102
Ended 3310.681 35 386 -0.7523149 -0.005144111
Accept 3310.742 0 the
Delete 3310.742 LeftSwipe
Began 3312.77 365 496 0.01157403 0.2777777
Stationary 3312.801 365 496 0.01157403 0.2777777
Stationary 3312.832 365 496 0.01157403 0.2777777
Stationary 3312.863 365 496 0.01157403 0.2777777
Stationary 3312.893 365 496 0.01157403 0.2777777
Stationary 3312.924 365 496 0.01157403 0.2777777
Moved 3312.955 375.2128 487.7872 0.03521482 0.2566541
Moved 3312.985 375 486.6686 0.03472219 0.2537771
Moved 3313.016 376 485.7637 0.03703703 0.2514499
Stationary 3313.047 376 486 0.03703703 0.2520575
Stationary 3313.078 376 486 0.03703703 0.2520575
Stationary 3313.108 376 486 0.03703703 0.2520575
Moved 3313.139 367.8077 486 0.01807332 0.2520575
Moved 3313.17 362.0685 486 0.004788141 0.2520575
Moved 3313.2 354.429 494.3323 -0.01289581 0.2734885
Moved 3313.231 346.5 498 -0.03125002 0.2829217
Moved 3313.262 340.5 503 -0.0451389 0.2957818
Moved 3313.293 338.779 506.2947 -0.04912272 0.3042558
Moved 3313.323 332.0073 515.9927 -0.06479795 0.3291993
Moved 3313.354 328 524.5 -0.07407407 0.3510802
Moved 3313.385 327.197 529.606 -0.0759329 0.3642129
Moved 3313.416 324.6367 536.7267 -0.08185958 0.3825274
Moved 3313.446 324 542.8399 -0.08333336 0.3982506
Moved 3313.477 323 545.4782 -0.08564815 0.4050364
Moved 3313.508 322 547 -0.08796295 0.4089505
Moved 3313.539 321 548 -0.09027779 0.4115225
Moved 3313.569 321 549 -0.09027779 0.4140946
Stationary 3313.6 321 549 -0.09027779 0.4140946
Moved 3313.631 331.8424 525.5466 -0.06517956 0.3537721
Moved 3313.661 344.2229 498.9426 -0.03652101 0.2853462
Moved 3313.692 356.405 472.4874 -0.008321702 0.217303
Moved 3313.723 364.1818 452.8487 0.009679993 0.1667919
Moved 3313.754 370.8303 439.3394 0.02507021 0.1320456
Moved 3313.784 379.5367 419.9266 0.04522383 0.08211575
Moved 3313.815 390.1807 401.3655 0.0698628 0.03437615
Moved 3313.846 398.8405 386.5992 0.08990844 -0.003602809
Moved 3313.877 408 369 0.1111111 -0.04886839
Moved 3313.907 416.2388 354.6021 0.1301823 -0.08590015
Moved 3313.938 421.269 346.731 0.1418264 -0.1061447
Moved 3313.969 424.1937 341.8063 0.1485965 -0.1188109
Stationary 3314 424 342 0.1481481 -0.1183128
Stationary 3314.03 424 342 0.1481481 -0.1183128
Moved 3314.061 391.753 372.7779 0.07350226 -0.03915159
Moved 3314.092 372.4326 393.7294 0.02877931 0.01473615
Moved 3314.122 357.8687 409.4865 -0.004933477 0.0552635
Moved 3314.153 341.4968 426.4203 -0.0428314 0.09881777
Moved 3314.184 327.636 439.8912 -0.07491663 0.1334649
Moved 3314.215 312.9948 456.0052 -0.1088083 0.1749103
Moved 3314.245 300.507 466.2441 -0.1377153 0.2012451
Moved 3314.276 286.9698 481.8363 -0.1690515 0.2413485
Moved 3314.307 274.2516 495.7484 -0.1984916 0.2771306
Moved 3314.338 267.2092 506.6862 -0.2147934 0.3052627
Moved 3314.368 260.6488 514.3512 -0.2299795 0.3249773
Moved 3314.399 255.6668 521.3331 -0.241512 0.3429349
Moved 3314.43 250.5549 527.4451 -0.2533451 0.3586549
Moved 3314.46 247.241 534.2769 -0.2610161 0.3762264
Ended 3314.491 247 535 -0.2615741 0.3780863
Candidates 3314.553 13 the other turner there genre huge urge further where she winter higher printer
Began 3315.997 402 322 0.09722222 -0.1697531
Stationary 3316.028 402 322 0.09722222 -0.1697531
Stationary 3316.058 402 322 0.09722222 -0.1697531
Stationary 3316.089 402 322 0.09722222 -0.1697531
Moved 3316.12 402 307.671 0.09722222 -0.2066075
Moved 3316.151 402 300.9944 0.09722222 -0.2237799
Moved 3316.181 402 296.2175 0.09722222 -0.2360663
Moved 3316.212 402 293.5516 0.09722222 -0.2429228
Moved 3316.243 402 290.5283 0.09722222 -0.2506987
Moved 3316.273 402 288.8604 0.09722222 -0.2549889
Moved 3316.304 402 288 0.09722222 -0.2572017
Moved 3316.335 389.4977 288 0.06828178 -0.2572017
Moved 3316.366 377.5311 300.5536 0.04058113 -0.2249135
Moved 3316.396 357.3824 317.4379 -0.006059358 -0.181487
Moved 3316.427 335.9901 339.7256 -0.0555785 -0.1241625
Moved 3316.458 322.7109 354.2891 -0.08631741 -0.08670492
Moved 3316.489 316.2676 364.4648 -0.1012325 -0.06053288
Moved 3316.519 308.4218 382.4455 -0.119394 -0.01428636
Moved 3316.55 307.4413 388.2348 -0.1216636 0.0006038367
Moved 3316.581 305.9023 398.2932 -0.1252262 0.02647408
Moved 3316.612 306 403.5492 -0.125 0.03999274
Moved 3316.642 306 416.4988 -0.125 0.07329941
Moved 3316.673 317.5663 429.2289 -0.09822617 0.1060414
Moved 3316.704 335.9819 446.9859 -0.05559743 0.1517126
Moved 3316.735 360.9195 461.047 0.002128482 0.187878
Moved 3316.765 388.1995 472.0997 0.06527652 0.2163058
Moved 3316.796 408.5704 479.9639 0.1124315 0.2365325
Moved 3316.827 427.1627 487.6412 0.1554693 0.2562787
Moved 3316.857 440.6626 495.3975 0.1867189 0.2762281
Moved 3316.888 455.1808 507.1808 0.220326 0.3065351
Moved 3316.919 462.8411 514.8411 0.2380581 0.3262373
Moved 3316.95 466 517.8237 0.2453704 0.3339087
Moved 3316.98 467.067 518 0.2478403 0.3343621
Moved 3317.011 467 519 0.2476852 0.3369341
Stationary 3317.042 467 519 0.2476852 0.3369341
Moved 3317.073 453.2341 494.715 0.2158197 0.2744728
Moved 3317.103 444.8732 474.692 0.1964657 0.222973
Moved 3317.134 423 417.5 0.1458333 0.0758744
Moved 3317.165 413.778 379.8897 0.124486 -0.02085988
Moved 3317.196 405.7374 353.9497 0.1058736 -0.08757799
Moved 3317.226 402.1789 335.805 0.09763627 -0.1342465
Moved 3317.257 398.5583 315.9082 0.08925538 -0.1854214
Moved 3317.288 394.9975 298.9875 0.08101275 -0.2289416
Moved 3317.318 392.5 288 0.07523149 -0.2572017
Moved 3317.349 391.1635 278.8174 0.07213771 -0.2808193
Moved 3317.38 390 268.5963 0.06944448 -0.3071084
Moved 3317.411 387.1162 260.3486 0.06276896 -0.3283216
Moved 3317.441 386 251.67 0.06018519 -0.3506429
Moved 3317.472 384 246.4515 0.0555556 -0.3640651
Moved 3317.503 381.7311 241.4623 0.05030354 -0.3768975
Moved 3317.533 378.3577 237.3578 0.04249474 -0.3874542
Moved 3317.564 374.2449 232.245 0.03297438 -0.4006045
Moved 3317.595 367.8488 228.283 0.01816839 -0.4107949
Moved 3317.626 358.2206 223.6102 -0.004119078 -0.4228132
Moved 3317.656 350.8002 222.2667 -0.02129575 -0.4262688
Moved 3317.687 342.1866 222 -0.04123469 -0.4269547
Moved 3317.718 331.5 222 -0.06597221 -0.4269547
Moved 3317.749 316.87 254.312 -0.09983803 -0.3438477
Moved 3317.779 305.746 286.762 -0.125588 -0.2603859
Moved 3317.81 296.5274 318.536 -0.1469274 -0.1786626
Moved 3317.841 289 343 -0.1643519 -0.1157408
Moved 3317.872 281.273 370.09 -0.1822384 -0.04606498
Moved 3317.902 271.179 394.5525 -0.2056041 0.01685311
Moved 3317.933 265.0096 410.9807 -0.2198851 0.05910673
Moved 3317.964 257.5 428.5 -0.2372685 0.1041665
Moved 3317.994 251.4563 445.6311 -0.2512586 0.1482281
Moved 3318.025 244.0285 460.6191 -0.2684525 0.1867775
Moved 3318.056 237.3999 477.067 -0.2837966 0.2290818
Moved 3318.087 231.1716 492.4853 -0.2982139 0.2687378
Moved 3318.117 227.637 504.4076 -0.3063959 0.2994021
Moved 3318.148 225.7633 515.9467 -0.3107331 0.329081
Moved 3318.179 226 526.927 -0.3101852 0.3573225
Moved 3318.21 226 537.6319 -0.3101852 0.3848556
Moved 3318.24 230.5918 545.7219 -0.299556 0.4056633
Ended 3318.271 234 547 -0.2916667 0.4089505
Accept 3318.333 0 the
Candidates 3318.333 13 vice cover voice number choice vibe arrive drive nice bronze derive driver five
Began 3319.961 346 395 -0.03240739 0.01800408
Moved 3319.992 320.036 395 -0.09250914 0.01800408
Moved 3320.023 276.7527 395 -0.1927021 0.01800408
Moved 3320.053 232.5 385 -0.2951389 -0.007716127
Moved 3320.084 198.5933 379.3187 -0.3736266 -0.02232862
Moved 3320.115 160.7384 373.1055 -0.4612537 -0.03830906
Moved 3320.146 132.2345 368.0587 -0.5272349 -0.05128947
Moved 3320.176 99.5 360 -0.6030092 -0.07201654
Ended 3320.207 99.5 360 -0.6030092 -0.07201654
Accept 3320.299 0 vice
Delete 3320.299 LeftSwipe
Began 3321.344 351 437 -0.02083332 0.1260288
Stationary 3321.375 351 437 -0.02083332 0.1260288
Stationary 3321.406 351 437 -0.02083332 0.1260288
Stationary 3321.436 351 437 -0.02083332 0.1260288
Stationary 3321.467 351 437 -0.02083332 0.1260288
Stationary 3321.498 351 437 -0.02083332 0.1260288
Stationary 3321.529 351 437 -0.02083332 0.1260288
Moved 3321.559 361.0549 437 0.002441903 0.1260288
Moved 3321.59 362.5 430 0.005787015 0.1080246
Moved 3321.621 363.2916 428.7084 0.007619461 0.1047026
Moved 3321.651 363 427.8668 0.006944438 0.102538
Moved 3321.682 363 427 0.006944438 0.1003086
Moved 3321.713 363 423.0329 0.006944438 0.09010518
Moved 3321.744 353.8316 419.5544 -0.01427869 0.08115827
Moved 3321.774 346.4535 413.4534 -0.03135771 0.06546664
Moved 3321.805 338.5732 408.3821 -0.04959896 0.05242316
Moved 3321.836 333.274 404.637 -0.0618657 0.0427907
Moved 3321.866 329.8659 401.433 -0.06975487 0.03454981
Moved 3321.897 325.8966 397.8966 -0.07894302 0.0254542
Moved 3321.928 320.706 393.353 -0.09095842 0.01376788
Moved 3321.959 315.577 387.3655 -0.102831 -0.001631921
Moved 3321.989 311.0814 384.0814 -0.1132374 -0.01007873
Moved 3322.02 306.9993 379.9993 -0.1226869 -0.02057801
Moved 3322.051 303.5 377.5 -0.130787 -0.02700625
Moved 3322.082 301.5 375.5 -0.1354167 -0.03215028
Moved 3322.112 300.9839 376 -0.1366112 -0.03086435
Stationary 3322.143 300.9839 376 -0.1366112 -0.03086435
Moved 3322.174 314.2444 390.4485 -0.1059157 0.006297507
Moved 3322.205 339.4722 405.6833 -0.04751806 0.04548163
Moved 3322.235 363.6207 419.5287 0.008381207 0.08109237
Moved 3322.266 386.1362 432.8351 0.0605005 0.1153167
Moved 3322.297 402.9018 444.5848 0.09930969 0.1455369
Moved 3322.327 417.3844 457.5075 0.1328342 0.1787744
Moved 3322.358 427.5603 468.6724 0.1563896 0.2074905
Moved 3322.389 438.6859 481.3573 0.1821432 0.2401164
Moved 3322.42 445.4566 492.9133 0.1978163 0.2698386
Moved 3322.45 449.7848 499.5695 0.2078351 0.2869585
Moved 3322.481 452.0132 503.0132 0.2129936 0.2958158
Moved 3322.512 452 505.5665 0.2129629 0.3023828
Moved 3322.542 453 508.1252 0.2152778 0.3089639
Moved 3322.573 454.6782 510.6782 0.2191625 0.3155303
Moved 3322.604 456.8894 513.8894 0.224281 0.3237895
Moved 3322.635 462.494 521.4941 0.2372547 0.3433489
Moved 3322.666 470.1459 531.1946 0.2549674 0.3682987
Moved 3322.696 476.6061 540.2123 0.2699216 0.3914924
Moved 3322.727 478 542.8457 0.2731481 0.3982656
Moved 3322.758 479 544 0.275463 0.4012345
Stationary 3322.788 479 544 0.275463 0.4012345
Stationary 3322.819 479 544 0.275463 0.4012345
Moved 3322.85 448.8356 493.8611 0.205638 0.2722764
Moved 3322.881 425.937 447.1864 0.152632 0.1522283
Moved 3322.911 410.5275 412.3715 0.1169619 0.06268387
Moved 3322.942 396.7651 370.4014 0.08510441 -0.04526397
Moved 3322.973 395 345.7213 0.08101851 -0.1087417
Moved 3323.003 394 318.685 0.07870366 -0.1782794
Moved 3323.034 394 299.467 0.07870366 -0.2277083
Moved 3323.065 394 281.6867 0.07870366 -0.2734396
Moved 3323.096 402.4099 269.1308 0.09817103 -0.3057336
Moved 3323.126 406.0897 256.6414 0.106689 -0.3378567
Moved 3323.157 407.6422 250.0734 0.1102829 -0.3547496
Moved 3323.188 408 245.608 0.1111111 -0.3662345
Moved 3323.219 409 242.6412 0.113426 -0.3738653
Moved 3323.249 409 237.9634 0.113426 -0.3858967
Moved 3323.28 409 235.4269 0.113426 -0.3924207
Moved 3323.311 409 232.8744 0.113426 -0.3989857
Moved 3323.342 394.6472 230.7295 0.08020192 -0.4045024
Moved 3323.372 380.4862 231 0.04742166 -0.4038066
Moved 3323.403 367.7393 231 0.01791497 -0.4038066
Moved 3323.434 353.006 245.9963 -0.01618976 -0.3652358
Moved 3323.465 340.9722 254.6167 -0.04404575 -0.3430641
Moved 3323.495 324.9082 274.3652 -0.081231 -0.2922706
Moved 3323.526 312.2195 298.5611 -0.1106031 -0.2300384
Moved 3323.557 306.3228 321.0318 -0.1242529 -0.1722434
Moved 3323.587 302.8974 338.7183 -0.1321819 -0.1267535
Moved 3323.618 298.3212 360.7513 -0.1427749 -0.07008423
Moved 3323.649 294.7826 380.522 -0.1509663 -0.01923345
Moved 3323.68 291.2358 395.5852 -0.1591764 0.01950919
Moved 3323.71 288.9394 402.1515 -0.1644921 0.03639782
Moved 3323.741 281 420.5 -0.1828704 0.08359041
Moved 3323.772 272.8224 436.3553 -0.2018001 0.1243705
Moved 3323.802 265.1774 453.0377 -0.2194968 0.167278
Moved 3323.833 258.3268 464.5643 -0.2353547 0.1969246
Moved 3323.864 250.8242 479.3515 -0.2527217 0.2349575
Moved 3323.895 244.0992 496.6528 -0.2682889 0.2794566
Moved 3323.926 239.031 509.4225 -0.2800209 0.3123007
Moved 3323.956 236.2017 519.9914 -0.2865701 0.3394839
Moved 3323.987 232.7219 529.8343 -0.2946252 0.3648
Moved 3324.018 232 536.6367 -0.2962963 0.3822958
Ended 3324.048 232 540.3676 -0.2962963 0.3918919
Candidates 3324.11 13 five drive drove dive vice driver arrive cover assume derive founder voice choice
Began 3325.247 437 272 0.1782407 -0.2983539
Stationary 3325.278 437 272 0.1782407 -0.2983539
Stationary 3325.308 437 272 0.1782407 -0.2983539
Stationary 3325.339 437 272 0.1782407 -0.2983539
Moved 3325.37 437 257.7181 0.1782407 -0.3350872
Moved 3325.4 437 251.3472 0.1782407 -0.3514734
Moved 3325.431 437 244.2848 0.1782407 -0.3696379
Moved 3325.462 437 239.2032 0.1782407 -0.3827077
Moved 3325.493 437 236.7726 0.1782407 -0.3889595
Moved 3325.523 437 235 0.1782407 -0.3935186
Moved 3325.554 437 232.2935 0.1782407 -0.4004798
Moved 3325.585 437 231.5 0.1782407 -0.4025207
Moved 3325.616 437 230.9263 0.1782407 -0.4039963
Stationary 3325.646 437 230.9263 0.1782407 -0.4039963
Stationary 3325.677 437 231 0.1782407 -0.4038066
Moved 3325.708 427.5262 231 0.1563105 -0.4038066
Moved 3325.739 420.2992 231 0.1395816 -0.4038066
Moved 3325.769 407.096 231 0.1090185 -0.4038066
Moved 3325.8 395.5 241.5 0.08217593 -0.3768004
Moved 3325.831 384.6304 241.1848 0.05701473 -0.3776111
Moved 3325.861 375.4845 244.7578 0.03584365 -0.3684213
Moved 3325.892 363.3154 249.8423 0.007674496 -0.3553439
Moved 3325.923 355.6162 254.9225 -0.01014774 -0.3422776
Moved 3325.954 347.9843 263.0209 -0.02781401 -0.3214485
Moved 3325.984 345.7313 275.8807 -0.03302937 -0.2883728
Moved 3326.015 345 295.6583 -0.03472224 -0.2375045
Moved 3326.046 358.6787 318.6788 -0.003058463 -0.1782953
Moved 3326.077 366.6487 340.2973 0.01539042 -0.1226921
Moved 3326.107 382.1295 367.9767 0.05122582 -0.05150038
Moved 3326.138 395.4169 394.5172 0.0819836 0.01676234
Moved 3326.169 404.7175 412.435 0.1035127 0.06284714
Moved 3326.199 413.1639 431.5368 0.1230645 0.1119772
Moved 3326.23 420.1936 445.3873 0.1393371 0.1476009
Moved 3326.261 430.0257 458.0257 0.1620966 0.1801072
Moved 3326.292 438.4446 467.4446 0.1815848 0.2043329
Moved 3326.323 449.8086 478.8086 0.2078902 0.2335611
Moved 3326.353 458.7588 487.7588 0.2286083 0.2565812
Moved 3326.384 473 502.5 0.2615741 0.2944958
Moved 3326.415 482.1529 511.2038 0.2827612 0.3168821
Moved 3326.445 491.354 517.7655 0.3040603 0.3337589
Moved 3326.476 499.6193 524.6193 0.3231927 0.3513869
Moved 3326.507 506.8539 529.427 0.3399397 0.3637525
Moved 3326.538 511.9803 533.9803 0.3518062 0.3754636
Moved 3326.568 514.5336 535.5336 0.3577168 0.3794588
Moved 3326.599 515.5 536.5 0.3599537 0.3819444
Moved 3326.63 515 536 0.3587963 0.3806583
Stationary 3326.66 515 536 0.3587963 0.3806583
Moved 3326.691 506.9544 536 0.3401721 0.3806583
Moved 3326.722 494.9495 517.2744 0.3123832 0.3324958
Moved 3326.753 481.8413 498.3778 0.2820401 0.2838934
Moved 3326.783 467.2985 476.1641 0.2483761 0.2267595
Moved 3326.814 453.2569 455.5596 0.2158723 0.1737643
Moved 3326.845 434.5793 428.1701 0.1726373 0.1033181
Moved 3326.875 412.7446 397.2739 0.1220941 0.02385245
Moved 3326.906 392.7668 369.6501 0.075849 -0.04719612
Moved 3326.937 380.7786 350.0458 0.04809856 -0.09761896
Moved 3326.968 372.4949 337.7424 0.02892345 -0.1292635
Moved 3326.999 364.8849 323.8082 0.0113076 -0.1651025
Moved 3327.029 357.8114 312.0285 -0.005066196 -0.1954
Moved 3327.06 352.7099 302.4197 -0.01687532 -0.2201138
Moved 3327.091 346.9973 293.663 -0.03009896 -0.2426363
Moved 3327.121 342.0775 286.0775 -0.04148731 -0.2621465
Moved 3327.152 335.5 277.5 -0.05671298 -0.2842079
Moved 3327.183 327.8721 267.8721 -0.07437006 -0.3089709
Moved 3327.214 321.3091 260.3091 -0.08956219 -0.3284231
Moved 3327.244 303.3938 244.515 -0.1310328 -0.3690459
Moved 3327.275 299.8174 240.8175 -0.1393114 -0.3785559
Moved 3327.306 287.2866 232.215 -0.168318 -0.4006817
Moved 3327.336 275.4105 226.6462 -0.1958091 -0.4150046
Moved 3327.367 263.1534 222.2883 -0.2241819 -0.4262132
Moved 3327.398 253.9404 219.7351 -0.2455082 -0.4327801
Moved 3327.429 249.3587 219 -0.256114 -0.4346708
Moved 3327.459 246.9283 219 -0.2617401 -0.4346708
Moved 3327.49 245 237.6685 -0.2662037 -0.3866552
Moved 3327.521 261.3994 272.7988 -0.2282421 -0.2962993
Moved 3327.552 287.5186 305.2285 -0.1677811 -0.2128899
Moved 3327.582 314.6167 334.5784 -0.1050539 -0.1374011
Moved 3327.613 341.9805 362.9805 -0.04171187 -0.06435072
Moved 3327.644 377.6193 405.7432 0.04078547 0.04563579
Moved 3327.675 401.1608 438.3496 0.09527972 0.1294999
Moved 3327.705 414.5293 455.4352 0.1262252 0.1734443
Moved 3327.736 430.6441 474.0848 0.1635279 0.2214114
Moved 3327.767 441.9819 485.9819 0.189773 0.2520111
Moved 3327.798 449.5 496 0.2071759 0.2777777
Moved 3327.828 456.567 504.4226 0.2235346 0.2994408
Moved 3327.859 461.7341 509.7341 0.2354957 0.3131021
Moved 3327.89 463.9218 512.9218 0.2405596 0.3213007
Moved 3327.92 466.4776 515.4776 0.2464759 0.3278744
Moved 3327.951 469.5485 517.7742 0.2535844 0.3337814
Moved 3327.982 474.5063 520.2531 0.2650608 0.3401571
Moved 3328.013 481.4247 522.8082 0.2810755 0.3467289
Moved 3328.043 485.3721 525.3721 0.2902131 0.3533232
Moved 3328.074 491.1361 527.712 0.3035558 0.3593415
Moved 3328.105 500.7235 532.3618 0.3257488 0.3713007
Moved 3328.135 508.9417 538.4708 0.3447724 0.3870134
Moved 3328.166 513.2848 542.2848 0.3548259 0.3968229
Moved 3328.197 515.5 543.5 0.3599537 0.3999484
Moved 3328.228 515 544 0.3587963 0.4012345
Stationary 3328.259 515 544 0.3587963 0.4012345
Moved 3328.289 497.6929 520.7592 0.3187335 0.3414587
Moved 3328.32 481.5 493 0.28125 0.2700616
Moved 3328.351 462.8513 456.7027 0.2380818 0.1767044
Moved 3328.381 448.683 420.6281 0.2052847 0.08392004
Moved 3328.412 435.1999 387.1331 0.1740738 -0.002229832
Moved 3328.443 425.5 356.5 0.1516204 -0.0810186
Moved 3328.474 418.15 325.9752 0.1346066 -0.159529
Moved 3328.504 414.5163 301.1628 0.1261951 -0.2233467
Moved 3328.535 413 278.7109 0.1226852 -0.2810933
Moved 3328.566 413 258 0.1226852 -0.3343622
Moved 3328.596 413 244.3767 0.1226852 -0.3694015
Moved 3328.627 413 231.2881 0.1226852 -0.4030657
Moved 3328.658 413 222.5505 0.1226852 -0.4255388
Moved 3328.689 413 211.3048 0.1226852 -0.454463
Moved 3328.719 413 203.9203 0.1226852 -0.4734561
Moved 3328.75 413 198.766 0.1226852 -0.486713
Moved 3328.781 420 195.2083 0.1388889 -0.4958636
Moved 3328.812 420 192.6519 0.1388889 -0.5024386
Stationary 3328.842 420 192.6519 0.1388889 -0.5024386
Moved 3328.873 406.1445 224.8536 0.1068159 -0.4196152
Moved 3328.904 391.1602 255.6796 0.07213016 -0.3403304
Moved 3328.935 380.0367 282.4083 0.04638116 -0.2715835
Moved 3328.965 371 303.5 0.025463 -0.2173355
Moved 3328.996 361.7767 325.5024 0.00411282 -0.1607449
Moved 3329.027 354.1895 346.0351 -0.01345028 -0.1079345
Moved 3329.057 345.198 372.0852 -0.03426388 -0.04093319
Moved 3329.088 338.3181 392.6252 -0.05018959 0.01189613
Moved 3329.119 329.0861 417.713 -0.07155999 0.07642228
Moved 3329.15 321.5 442 -0.08912037 0.1388888
Moved 3329.18 316.9309 454.2762 -0.09969691 0.1704635
Ended 3329.211 315.9862 458.0551 -0.1018837 0.1801826
Accept 3329.303 0 five
Candidates 3329.303 13 moving bidding mixing boxing mining missing building binding buildings coding diving driving coming
Began 3330.778 403 370 0.09953707 -0.04629637
Stationary 3330.809 403 370 0.09953707 -0.04629637
Moved 3330.84 403 384.2068 0.09953707 -0.009756284
Moved 3330.87 392.2574 397.7129 0.07466992 0.02498167
Moved 3330.901 386.9933 413.0157 0.06248444 0.06434064
Moved 3330.932 380.8797 431.9209 0.04833271 0.1129652
Moved 3330.963 376.9022 447.4891 0.03912538 0.153007
Moved 3330.993 371.6836 463.9492 0.02704531 0.1953425
Moved 3331.024 367.1732 476.5671 0.01660456 0.2277961
Moved 3331.055 362.1569 492.1078 0.004992784 0.2677668
Moved 3331.086 357.0543 506.8644 -0.006818821 0.3057211
Moved 3331.116 353 518.5 -0.01620372 0.335648
Moved 3331.147 349.5103 528.9795 -0.02428184 0.3626015
Moved 3331.178 344.3381 544.9858 -0.03625447 0.4037699
Moved 3331.208 338.2186 556.5629 -0.05041997 0.4335464
Moved 3331.239 333.134 566.7319 -0.06218974 0.4597014
Moved 3331.27 327.7266 573.2734 -0.07470702 0.4765262
Moved 3331.301 321.5205 578.2397 -0.08907283 0.4892996
Moved 3331.332 311.6525 582.7825 -0.1119155 0.5009837
Moved 3331.362 300.3825 585.3235 -0.1380035 0.5075191
Moved 3331.393 290.5 587.5 -0.1608796 0.5131172
Moved 3331.424 272.2696 591.1043 -0.2030796 0.5223875
Moved 3331.454 256.3782 592.6603 -0.2398652 0.5263895
Moved 3331.485 242.9491 594 -0.270951 0.5298353
Moved 3331.516 229 597.5 -0.3032407 0.5388373
Moved 3331.547 213.8749 599.0209 -0.3382525 0.5427491
Moved 3331.577 198.1938 600.5612 -0.3745514 0.5467108
Moved 3331.608 185.4645 602.1071 -0.4040173 0.5506869
Moved 3331.639 172.5 605 -0.4340278 0.5581275
Moved 3331.669 160.5616 604 -0.461663 0.5555555
Moved 3331.7 147.8335 605.4333 -0.4911261 0.5592419
Moved 3331.731 135.1325 605.9735 -0.5205266 0.5606313
Moved 3331.762 123.5 607.5 -0.5474538 0.5645576
Moved 3331.792 113.0456 610.5817 -0.5716537 0.5724838
Expand 3331.792
Ended 3331.823 112 611 -0.5740741 0.5735595
Accept 3331.885 3 boxing
Began 3332.806 360 486 0 0.2520575
Stationary 3332.837 360 486 0 0.2520575
Stationary 3332.868 360 486 0 0.2520575
Moved 3332.899 349.0592 486 -0.02532591 0.2520575
Moved 3332.929 342.5 486 -0.04050925 0.2520575
Moved 3332.96 337.457 486 -0.05218277 0.2520575
Moved 3332.991 331.3586 494.3207 -0.06629948 0.2734585
Moved 3333.022 327.2933 497.7067 -0.07570992 0.2821674
Moved 3333.052 323.2163 499 -0.08514742 0.2854938
Moved 3333.083 321.3878 501 -0.0893802 0.2906378
Moved 3333.114 316.5739 501 -0.1005233 0.2906378
Moved 3333.145 313.5926 501 -0.1074245 0.2906378
Moved 3333.175 307.479 501 -0.1215764 0.2906378
Moved 3333.206 300.5 501 -0.1377315 0.2906378
Moved 3333.237 290.6528 501 -0.160526 0.2906378
Moved 3333.267 278.827 501 -0.1879005 0.2906378
Moved 3333.298 267.1255 502.1749 -0.2149873 0.2936597
Moved 3333.329 258.3661 503.4085 -0.2352637 0.2968325
Moved 3333.36 246.2079 505.8961 -0.2634077 0.3032306
Moved 3333.39 234.5466 507.4907 -0.2904013 0.3073319
Moved 3333.421 223.8328 510.0334 -0.3152018 0.313872
Moved 3333.452 213.4406 512.3119 -0.3392578 0.3197322
Moved 3333.483 201.5717 515.8571 -0.3667322 0.3288504
Moved 3333.513 190.4055 519.3986 -0.3925797 0.3379593
Moved 3333.544 182.1436 522.9521 -0.4117047 0.3470991
Moved 3333.575 175.4187 525.1937 -0.4272714 0.3528644
Moved 3333.605 171.5347 527.7327 -0.4362622 0.3593946
Moved 3333.636 168.7186 530.2814 -0.442781 0.3659499
Moved 3333.667 167.1724 532.8276 -0.4463602 0.372499
Moved 3333.698 167 534.0543 -0.4467593 0.3756541
Moved 3333.728 167 535.3219 -0.4467593 0.3789142
Moved 3333.759 167 537.0699 -0.4467593 0.3834102
Moved 3333.79 167 538.4016 -0.4467593 0.3868352
Moved 3333.821 183.6757 539 -0.4081582 0.3883744
Moved 3333.851 201.3876 540 -0.3671583 0.3909464
Moved 3333.882 226.2547 542.0283 -0.3095956 0.3961633
Moved 3333.913 251.8236 542 -0.2504084 0.3960905
Moved 3333.944 277.9684 542 -0.1898881 0.3960905
Moved 3333.974 302.1265 542 -0.1339665 0.3960905
Moved 3334.005 324.8183 542 -0.08143911 0.3960905
Moved 3334.036 345.7773 543.4197 -0.03292282 0.3997419
Moved 3334.066 360.8947 543 0.002070963 0.3986624
Moved 3334.097 378.7625 543 0.04343182 0.3986624
Moved 3334.128 392.9903 543 0.07636646 0.3986624
Moved 3334.159 404.4032 543 0.1027851 0.3986624
Moved 3334.189 411.402 536 0.1189862 0.3806583
Moved 3334.22 418.4496 534.8502 0.1352999 0.3777009
Moved 3334.251 424.3966 535 0.1490663 0.3780863
Moved 3334.281 429.4918 534 0.1608605 0.3755144
Moved 3334.312 433.7065 534 0.170617 0.3755144
Moved 3334.343 439.0461 532.9846 0.1829771 0.3729027
Moved 3334.374 446.5 531.5 0.2002315 0.3690843
Moved 3334.405 456.3304 529.8898 0.222987 0.3649429
Moved 3334.435 462.5664 529 0.2374223 0.3626543
Moved 3334.466 472.7051 526.0983 0.2608914 0.3551911
Moved 3334.497 481.3727 523.5425 0.2809552 0.3486174
Moved 3334.527 489.0475 520.9842 0.298721 0.3420374
Moved 3334.558 493.1947 518.8054 0.308321 0.3364334
Moved 3334.589 497.8111 515.1888 0.3190072 0.3271317
Moved 3334.62 499.3632 512.6368 0.3225999 0.3205679
Moved 3334.65 499 507.1366 0.3217593 0.3064212
Moved 3334.681 490.835 499.5007 0.3028588 0.2867816
Moved 3334.712 434.5507 450.6705 0.172571 0.1611896
Moved 3334.742 418.2004 436.785 0.1347232 0.1254757
Moved 3334.773 398.9757 420.9757 0.09022156 0.08481402
Moved 3334.804 383.5507 407.6255 0.0545154 0.05047712
Moved 3334.835 364.149 390.7909 0.009604296 0.007178145
Moved 3334.865 350.0765 378.0765 -0.02297113 -0.02552354
Moved 3334.896 337.127 365.4088 -0.05294681 -0.05810513
Moved 3334.927 326.1912 355.1912 -0.07826114 -0.08438495
Moved 3334.958 314.6124 342.6124 -0.1050639 -0.1167377
Moved 3334.988 306.8567 331.8209 -0.1230168 -0.1444936
Moved 3335.019 298.7082 320.1352 -0.1418793 -0.1745494
Moved 3335.05 292.2747 309.5495 -0.1567714 -0.2017761
Moved 3335.081 286.2466 298.4932 -0.1707255 -0.2302131
Moved 3335.111 281.147 288.294 -0.1825301 -0.2564456
Moved 3335.142 276.0648 279.5972 -0.1942944 -0.2788138
Moved 3335.173 272.4637 271.6955 -0.2026304 -0.2991373
Moved 3335.203 267.5291 263.2936 -0.2140531 -0.320747
Moved 3335.234 263.4623 255.6935 -0.2234669 -0.3402946
Moved 3335.265 259.3892 249.0837 -0.2328954 -0.357295
Moved 3335.296 256.3325 245.665 -0.239971 -0.3660879
Moved 3335.326 252.8806 242.8806 -0.2479616 -0.3732494
Moved 3335.357 249.3427 240.3428 -0.2561511 -0.3797768
Moved 3335.388 246.8024 237.8024 -0.2620316 -0.3863108
Moved 3335.418 243 237 -0.2708333 -0.3883744
Moved 3335.449 241.0207 235.0208 -0.275415 -0.3934652
Moved 3335.48 236 235 -0.287037 -0.3935186
Moved 3335.511 230.7557 234 -0.2991767 -0.3960905
Moved 3335.542 227 234 -0.3078704 -0.3960905
Moved 3335.572 221.3218 234 -0.3210144 -0.3960905
Moved 3335.603 217.6218 234 -0.3295791 -0.3960905
Moved 3335.634 211.1578 241.3689 -0.3445422 -0.3771377
Moved 3335.665 204.5976 249.4025 -0.3597279 -0.3564752
Moved 3335.695 201.5256 261.4233 -0.366839 -0.3255573
Moved 3335.726 199.7217 275.67 -0.3710147 -0.2889147
Moved 3335.757 200 291.7863 -0.3703704 -0.2474633
Moved 3335.787 200 312.981 -0.3703704 -0.19295
Moved 3335.818 209.789 334.9633 -0.3477107 -0.1364115
Moved 3335.849 217.4022 360.3407 -0.3300874 -0.07114025
Moved 3335.88 223.6765 380.7357 -0.3155636 -0.01868393
Moved 3335.91 227.2251 399.5757 -0.3073493 0.02977285
Moved 3335.941 230.4981 415.4864 -0.299773 0.07069533
Moved 3335.972 232.0384 435.3072 -0.2962074 0.1216748
Moved 3336.002 232.5865 453.5188 -0.2949387 0.1685153
Moved 3336.033 235.1281 470.7687 -0.2890553 0.2128825
Moved 3336.064 237.3768 486.6378 -0.28385 0.2536979
Moved 3336.095 240.9197 500.5987 -0.2756487 0.2896056
Moved 3336.125 242 510.8213 -0.2731481 0.3158984
Moved 3336.156 243 517.0314 -0.2708333 0.3318709
Moved 3336.187 243 520.2334 -0.2708333 0.3401063
Moved 3336.218 243 525.5504 -0.2708333 0.3537817
Moved 3336.248 243 529.6389 -0.2708333 0.3642975
Moved 3336.279 243 531.8592 -0.2708333 0.3700082
Moved 3336.31 243 534.1144 -0.2708333 0.3758087
Moved 3336.341 243 536.5 -0.2708333 0.3819444
Moved 3336.371 243 537.331 -0.2708333 0.3840818
Stationary 3336.402 243 537.331 -0.2708333 0.3840818
Stationary 3336.433 243 537 -0.2708333 0.3832304
Stationary 3336.463 243 537 -0.2708333 0.3832304
Moved 3336.494 232.8629 537 -0.2942989 0.3832304
Moved 3336.525 228.7736 527.3868 -0.3037648 0.3585052
Moved 3336.556 226.1083 524.2167 -0.3099344 0.3503515
Moved 3336.586 223.564 521.564 -0.315824 0.3435288
Moved 3336.617 221.5 519.5 -0.3206019 0.3382201
Moved 3336.648 220.8776 518.8776 -0.3220426 0.3366191
Stationary 3336.678 221 519 -0.3217593 0.3369341
Stationary 3336.709 221 519 -0.3217593 0.3369341
Moved 3336.74 238.2341 526.8723 -0.2818656 0.3571818
Moved 3336.771 260.8642 531.8587 -0.229481 0.3700069
Moved 3336.802 280.9125 533 -0.1830729 0.3729423
Moved 3336.832 300.4775 534 -0.1377835 0.3755144
Moved 3336.863 314.5786 534 -0.1051422 0.3755144
Moved 3336.894 328.5927 534 -0.07270197 0.3755144
Moved 3336.924 338.8957 535 -0.04885257 0.3780863
Moved 3336.955 348.3984 535 -0.02685552 0.3780863
Moved 3336.986 356.0419 535 -0.009162277 0.3780863
Moved 3337.017 362.4568 535 0.005686978 0.3780863
Moved 3337.047 366.7061 536.353 0.01552324 0.3815663
Moved 3337.078 369.0132 536 0.02086381 0.3806583
Moved 3337.109 370.2802 536 0.02379666 0.3806583
Moved 3337.139 371 536 0.025463 0.3806583
Stationary 3337.17 371 536 0.025463 0.3806583
Moved 3337.201 371 529.6197 0.025463 0.364248
Moved 3337.232 357.9027 522.6342 -0.004854848 0.3462813
Moved 3337.262 356.0015 518.0015 -0.009255807 0.3343659
Moved 3337.293 350.5952 513.5952 -0.02177035 0.3230328
Moved 3337.324 344.3818 508.3818 -0.03615325 0.309624
Moved 3337.355 339.2969 504.6484 -0.04792377 0.3000216
Moved 3337.385 335.216 502.108 -0.05737032 0.2934877
Moved 3337.416 332.9196 501 -0.06268605 0.2906378
Moved 3337.447 330.3512 499 -0.06863142 0.2854938
Moved 3337.478 327.8053 496.8053 -0.07452468 0.279849
Moved 3337.508 325.2457 494.2457 -0.08044967 0.2732656
Moved 3337.539 320.7 490.7 -0.09097218 0.264146
Moved 3337.57 318 489.5 -0.09722222 0.2610596
Moved 3337.601 315.8639 486.8639 -0.1021668 0.2542795
Moved 3337.631 313.3211 484.321 -0.1080531 0.2477393
Moved 3337.662 311.0688 481.1377 -0.1132666 0.2395516
Moved 3337.693 308.5538 478.5538 -0.1190883 0.2329059
Moved 3337.723 307.0148 475.0296 -0.1226509 0.2238415
Moved 3337.754 304.5 471 -0.1284722 0.2134772
Moved 3337.785 303.1583 468.1583 -0.131578 0.2061685
Moved 3337.816 301.6654 464.6653 -0.1350339 0.1971844
Moved 3337.846 301 459.2466 -0.1365741 0.1832474
Moved 3337.877 300 455.5936 -0.1388889 0.1738517
Moved 3337.908 299 451.254 -0.1412037 0.1626904
Moved 3337.938 298 446.5273 -0.1435185 0.1505331
Moved 3337.969 298 441.4537 -0.1435185 0.1374838
Moved 3338 297 437.6864 -0.1458333 0.1277941
Moved 3338.031 297 431.5 -0.1458333 0.1118827
Moved 3338.062 296 423.7305 -0.1481481 0.09189927
Moved 3338.092 295 416.1685 -0.150463 0.07244981
Moved 3338.123 294 408.5197 -0.1527778 0.05277692
Moved 3338.154 293 401.5 -0.1550926 0.03472222
Moved 3338.184 289.08 393.16 -0.1641666 0.01327157
Moved 3338.215 287.5 387 -0.1678241 -0.002572055
Moved 3338.246 286 379.9156 -0.1712963 -0.02079332
Moved 3338.277 283.5 374 -0.1770833 -0.03600823
Moved 3338.307 282 367.5531 -0.1805555 -0.05258983
Moved 3338.338 281 362.3005 -0.1828704 -0.0660996
Moved 3338.369 279.0955 357.191 -0.1872789 -0.07924139
Moved 3338.399 277.5526 353.5526 -0.1908505 -0.08859948
Moved 3338.43 277.2787 351.2787 -0.1914844 -0.09444766
Moved 3338.461 274.7375 348.7375 -0.1973668 -0.1009837
Moved 3338.492 267.5956 349 -0.2138991 -0.1003086
Moved 3338.522 256.6244 349 -0.2392953 -0.1003086
Moved 3338.553 244.0484 353.7225 -0.2684064 -0.08816244
Moved 3338.584 230.3288 360.1343 -0.3001649 -0.07167117
Moved 3338.615 215.8807 366.3731 -0.3336094 -0.0556248
Moved 3338.645 182.5067 379.7973 -0.4108641 -0.02109755
Ended 3338.676 182.5067 379.7973 -0.4108641 -0.02109755
Candidates 3338.707 13 wizards educated related drivers regard artists structures rights success twisted surveys registered riders
Began 3339.813 475 389 0.2662037 0.002572016
Stationary 3339.844 475 389 0.2662037 0.002572016
Stationary 3339.875 475 389 0.2662037 0.002572016
Stationary 3339.905 475 389 0.2662037 0.002572016
Stationary 3339.936 475 389 0.2662037 0.002572016
Moved 3339.967 475 379.0799 0.2662037 -0.02294265
Moved 3339.998 475 375.5337 0.2662037 -0.03206363
Moved 3340.028 475 372.9908 0.2662037 -0.03860395
Moved 3340.059 475 372 0.2662037 -0.04115226
Moved 3340.09 475 370.5 0.2662037 -0.04501037
Moved 3340.12 475 369 0.2662037 -0.04886839
Moved 3340.151 475 367.6674 0.2662037 -0.05229596
Moved 3340.182 475 366.9154 0.2662037 -0.05423
Moved 3340.213 475 364.5425 0.2662037 -0.0603332
Moved 3340.243 465.8639 361.7159 0.2450552 -0.0676031
Moved 3340.274 451.6184 360 0.2120797 -0.07201654
Moved 3340.305 446.7005 360 0.2006957 -0.07201654
Moved 3340.335 437.1013 360 0.1784752 -0.07201654
Moved 3340.366 431.6446 360 0.165844 -0.07201654
Moved 3340.397 428.262 370.2139 0.1580139 -0.04574614
Moved 3340.428 426.9847 376.0765 0.1550572 -0.03066757
Moved 3340.458 426 393.5 0.1527777 0.01414597
Moved 3340.489 425 406.2545 0.150463 0.04695084
Moved 3340.52 422.3933 418.4269 0.1444289 0.0782584
Moved 3340.551 419.2033 428.5933 0.1370448 0.1044067
Moved 3340.581 415.1703 438.2446 0.1277091 0.1292297
Moved 3340.612 411.0276 448.8895 0.1181195 0.1566086
Moved 3340.643 407.5 458 0.1099537 0.180041
Moved 3340.674 405.1944 469.8334 0.1046167 0.2104767
Moved 3340.704 405 490.8098 0.1041667 0.2644283
Moved 3340.735 405 509.0968 0.1041667 0.3114629
Moved 3340.766 405 526.6746 0.1041667 0.3566733
Moved 3340.797 414.7352 538.9407 0.1267018 0.3882217
Moved 3340.827 416 545.4301 0.1296297 0.4049127
Moved 3340.858 416 547.7723 0.1296297 0.4109369
Moved 3340.889 416 548 0.1296297 0.4115225
Moved 3340.919 416 536.5626 0.1296297 0.3821054
Moved 3340.95 419.272 493.4164 0.1372036 0.2711326
Moved 3340.981 425.3601 450.799 0.1512967 0.16152
Moved 3341.012 430.4285 418.2148 0.1630289 0.07771299
Moved 3341.042 436 395.5 0.1759259 0.01929004
Moved 3341.073 446.5376 357.5807 0.2003185 -0.07823881
Moved 3341.104 449.1112 349.6665 0.2062759 -0.09859438
Moved 3341.135 455.3087 335.3826 0.220622 -0.1353329
Moved 3341.165 460 320 0.2314815 -0.1748972
Moved 3341.196 463.9166 306.3336 0.2405476 -0.2100473
Moved 3341.227 466.4634 293.6832 0.246443 -0.2425845
Moved 3341.258 469.0128 285.9617 0.2523444 -0.2624443
Moved 3341.288 470 281 0.2546296 -0.2752058
Moved 3341.319 471 276.415 0.2569444 -0.2869985
Moved 3341.35 472 272.6573 0.2592593 -0.2966634
Moved 3341.38 473 266.3116 0.2615741 -0.3129847
Moved 3341.411 474.4334 264.5666 0.2648922 -0.3174729
Moved 3341.442 474 264 0.2638889 -0.31893
Moved 3341.473 477.5 292.5 0.2719907 -0.2456276
Moved 3341.503 480.4764 315.6839 0.2788806 -0.1859983
Moved 3341.534 490.773 358.383 0.3027154 -0.0761755
Moved 3341.565 500.1182 397.3546 0.3243477 0.02406018
Moved 3341.595 508.5367 429.147 0.343835 0.1058306
Moved 3341.626 517.2078 449.8876 0.363907 0.1591759
Moved 3341.657 525.8206 469.1883 0.383844 0.2088176
Moved 3341.688 535.9592 490.9183 0.4073129 0.2647074
Moved 3341.719 544.1204 507.2408 0.4262047 0.3066893
Moved 3341.749 552.7475 521.9125 0.4461747 0.344425
Moved 3341.78 560.4189 536.8378 0.4639325 0.3828131
Moved 3341.811 567.2235 549.0392 0.4796841 0.4141953
Moved 3341.841 573.8521 558.8027 0.4950279 0.4393073
Moved 3341.872 581.5331 568.2997 0.5128081 0.4637336
Moved 3341.903 584.0878 571.0878 0.5187216 0.4709046
Moved 3341.934 590.7821 573.2607 0.5342179 0.4764934
Ended 3341.964 590.7821 573.2607 0.5342179 0.4764934
Accept 3342.026 0 wizards
Candidates 3342.026 13 jump dump pump trump dunno go bono help no logo ho gp hip
Began 3342.855 187 501 -0.4004629 0.2906378
Stationary 3342.886 187 501 -0.4004629 0.2906378
Stationary 3342.917 187 501 -0.4004629 0.2906378
Stationary 3342.948 187 501 -0.4004629 0.2906378
Stationary 3342.979 187 501 -0.4004629 0.2906378
Stationary 3343.009 187 501 -0.4004629 0.2906378
Moved 3343.04 187 489.7846 -0.4004629 0.2617916
Moved 3343.071 187 487.0212 -0.4004629 0.254684
Moved 3343.101 187 485.2033 -0.4004629 0.2500085
Moved 3343.132 187 482.7156 -0.4004629 0.2436099
Moved 3343.163 187 481.5 -0.4004629 0.2404835
Moved 3343.193 187 481 -0.4004629 0.2391974
Moved 3343.224 187 479.669 -0.4004629 0.2357741
Stationary 3343.255 187 479.669 -0.4004629 0.2357741
Moved 3343.286 177.6477 484.7331 -0.4221118 0.248799
Moved 3343.316 171.5459 492.6812 -0.4362364 0.2692417
Moved 3343.347 166 498 -0.4490741 0.2829217
Moved 3343.378 162.9661 504.0677 -0.4560969 0.2985281
Moved 3343.409 159.1534 509.6932 -0.4649227 0.3129968
Moved 3343.439 159 511.1284 -0.4652778 0.3166882
Moved 3343.47 158 513.5 -0.4675925 0.3227879
Moved 3343.501 158 514.4786 -0.4675925 0.3253051
Moved 3343.531 158 516.2256 -0.4675925 0.3297982
Stationary 3343.562 158 516 -0.4675925 0.329218
Moved 3343.593 185 516 -0.4050926 0.329218
Moved 3343.624 206.3744 507 -0.3556149 0.3060699
Moved 3343.655 233.6124 504.6387 -0.2925639 0.2999967
Moved 3343.685 260.0417 505 -0.231385 0.3009258
Moved 3343.716 280.1483 505 -0.1848419 0.3009258
Moved 3343.747 296.8555 505 -0.1461678 0.3009258
Moved 3343.777 323.5 505 -0.08449072 0.3009258
Moved 3343.808 333.2142 505 -0.06200423 0.3009258
Moved 3343.839 353.2347 505 -0.01566047 0.3009258
Moved 3343.87 368.5 505 0.01967589 0.3009258
Moved 3343.9 381.5148 505 0.04980266 0.3009258
Moved 3343.931 391.5006 505 0.07291804 0.3009258
Moved 3343.962 400.4934 505 0.09373475 0.3009258
Moved 3343.992 405.8219 505 0.1060692 0.3009258
Moved 3344.023 408.946 505 0.1133011 0.3009258
Moved 3344.054 411.4802 515.3611 0.1191671 0.3275748
Moved 3344.085 413.5 513.5 0.1238426 0.3227879
Moved 3344.115 414.2871 514.2871 0.1256646 0.3248124
Moved 3344.146 414 515.2203 0.125 0.3272125
Stationary 3344.177 414 515.2203 0.125 0.3272125
Moved 3344.208 414 516.1509 0.125 0.3296062
Stationary 3344.238 414 516 0.125 0.329218
Moved 3344.269 403.1325 516 0.09984384 0.329218
Moved 3344.3 389.5071 503.2535 0.06830345 0.296434
Moved 3344.331 365.7701 490.7867 0.01335671 0.2643691
Moved 3344.361 341.4985 478.7265 -0.04282748 0.2333499
Moved 3344.392 320.2621 467.0388 -0.09198586 0.203289
Moved 3344.423 301.947 457.4735 -0.134382 0.178687
Moved 3344.454 287.9676 449.9838 -0.1667416 0.1594233
Moved 3344.484 273.822 443.3523 -0.1994861 0.1423669
Moved 3344.515 254.1429 435.2857 -0.2450396 0.1216196
Moved 3344.546 248.9985 432.9993 -0.2569479 0.1157388
Moved 3344.576 238.8164 429.4541 -0.2805177 0.1066206
Moved 3344.607 230.7768 426.3884 -0.2991277 0.09873562
Moved 3344.638 220.9512 421.3008 -0.3218723 0.08565008
Moved 3344.669 211.3259 417.1086 -0.3441529 0.07486787
Moved 3344.699 205.1306 415 -0.3584941 0.06944436
Moved 3344.73 201.3338 412.3338 -0.3672828 0.06258685
Moved 3344.761 197.787 412 -0.3754932 0.06172835
Moved 3344.792 195.2452 410 -0.3813769 0.05658428
Moved 3344.822 192.7017 410 -0.3872646 0.05658428
Moved 3344.853 192 410 -0.3888888 0.05658428
Moved 3344.884 190.5 410 -0.3923611 0.05658428
Moved 3344.915 191 410 -0.3912037 0.05658428
Stationary 3344.945 191 410 -0.3912037 0.05658428
Moved 3344.976 191 422.201 -0.3912037 0.08796558
Moved 3345.007 219.0534 440.0427 -0.3262652 0.1338547
Moved 3345.037 245.537 458.3222 -0.2649606 0.1808698
Moved 3345.068 270.0612 470.4824 -0.2081918 0.2121459
Moved 3345.099 285.6428 477.704 -0.1721232 0.2307202
Moved 3345.13 306.8536 485.5701 -0.1230241 0.2509517
Moved 3345.16 327.7063 492.7732 -0.07475401 0.2694784
Moved 3345.191 343.6407 497.8802 -0.03786862 0.2826137
Moved 3345.222 360.0824 503.3093 0.0001907349 0.2965772
Moved 3345.253 386.0104 511.0035 0.06020924 0.3163669
Moved 3345.283 392.4442 513.5777 0.07510245 0.3229878
Moved 3345.314 402.4944 515.8315 0.09836674 0.3287846
Moved 3345.345 408.0904 517.0452 0.1113203 0.3319062
Moved 3345.375 414.7952 518 0.1268408 0.3343621
Moved 3345.406 422.5948 518 0.1448953 0.3343621
Moved 3345.437 432.4602 518 0.1677318 0.3343621
Moved 3345.468 444.813 518 0.1963265 0.3343621
Moved 3345.498 457.5 508 0.2256945 0.3086419
Moved 3345.529 468.2044 505.9489 0.2504731 0.3033665
Moved 3345.56 472.6119 505.3881 0.2606758 0.3019239
Moved 3345.591 475 503.8723 0.2662037 0.2980253
Stationary 3345.621 475 504 0.2662037 0.2983539
Moved 3345.652 475 501.0397 0.2662037 0.2907398
Moved 3345.683 475 495.5 0.2662037 0.2764916
Moved 3345.713 475 485.0325 0.2662037 0.249569
Moved 3345.744 461.8492 465.6985 0.2357621 0.1998417
Moved 3345.775 440.848 430.272 0.1871482 0.1087242
Moved 3345.806 410.8565 389.7265 0.1177233 0.004440472
Moved 3345.836 389.5777 364.8641 0.06846696 -0.05950598
Moved 3345.867 369.7172 344.7172 0.0224934 -0.1113242
Moved 3345.898 351.9232 331.3737 -0.01869634 -0.1456438
Moved 3345.929 337.4058 320.9372 -0.05230133 -0.1724867
Moved 3345.959 325 313.5 -0.08101851 -0.1916154
Moved 3345.99 314.8975 303.8975 -0.104404 -0.2163131
Moved 3346.021 306.3091 297.3091 -0.1242845 -0.2332586
Moved 3346.052 298.7918 291.7919 -0.1416856 -0.247449
Moved 3346.082 293 287.5 -0.1550926 -0.2584877
Moved 3346.113 284.2187 281.1458 -0.1754196 -0.2748308
Moved 3346.144 275.5325 277.5108 -0.1955267 -0.2841801
Moved 3346.175 268.9374 272.9374 -0.210793 -0.2959429
Moved 3346.205 264 272 -0.2222222 -0.2983539
Moved 3346.236 262.1855 270 -0.2264224 -0.303498
Moved 3346.267 260.6147 270 -0.2300586 -0.303498
Stationary 3346.297 261 270 -0.2291666 -0.303498
Moved 3346.328 290.495 284.495 -0.1608913 -0.2662165
Moved 3346.359 314.5345 290.0549 -0.1052442 -0.2519166
Moved 3346.39 337.0725 296.4606 -0.05307283 -0.235441
Moved 3346.42 355.3459 300.7637 -0.01077339 -0.2243733
Moved 3346.451 370.8708 304.3118 0.02516389 -0.2152473
Moved 3346.482 383 309.5 0.05324075 -0.2019033
Moved 3346.512 397.7162 315.2387 0.0873061 -0.1871433
Moved 3346.543 413.0129 323.0065 0.1227151 -0.1671645
Moved 3346.574 430.0661 332.6396 0.16219 -0.1423878
Moved 3346.605 462.718 350.859 0.2377732 -0.09552731
Moved 3346.635 472.9935 354.9976 0.2615591 -0.0848829
Moved 3346.666 489 362 0.2986111 -0.06687243
Moved 3346.697 501.5159 368.258 0.3275831 -0.05077684
Moved 3346.728 513.1674 371.7225 0.3545541 -0.04186607
Moved 3346.758 522.6359 376.8179 0.3764719 -0.02876054
Moved 3346.789 529.9135 380.4567 0.3933181 -0.01940142
Moved 3346.82 538.0003 386.0003 0.4120377 -0.005143366
Moved 3346.851 543.7466 390.7466 0.4253393 0.007064214
Moved 3346.881 547.5978 393.5978 0.4342542 0.01439765
Moved 3346.912 549.174 395.174 0.4379028 0.01845167
Moved 3346.943 551 396.8981 0.4421297 0.02288595
Moved 3346.973 552.4993 397 0.4456002 0.02314815
Moved 3347.004 553.1934 398.1934 0.4472069 0.02621745
Moved 3347.035 554 399.1035 0.4490741 0.02855827
Moved 3347.066 555.485 399 0.4525117 0.02829214
Moved 3347.096 555 400.009 0.4513889 0.03088719
Moved 3347.127 543.4822 405.3452 0.4247274 0.04461218
Moved 3347.158 520.7042 416.5184 0.3720003 0.07334964
Moved 3347.188 496.6496 426.6752 0.3163185 0.09947316
Moved 3347.219 478.7662 433.7126 0.2749217 0.1175736
Moved 3347.25 462.1965 441.4017 0.2365661 0.1373501
Moved 3347.281 446.9666 449.0223 0.2013115 0.1569503
Moved 3347.312 435 455 0.1736111 0.172325
Moved 3347.342 423.6868 461.4849 0.1474233 0.1890042
Moved 3347.373 413.5092 466.7454 0.123864 0.2025343
Moved 3347.404 406.1794 471.8206 0.1068968 0.2155878
Moved 3347.435 397.5754 478.4246 0.08698006 0.2325734
Moved 3347.465 389.1767 484.1174 0.06753872 0.2472155
Moved 3347.496 381.2822 491.7178 0.04926433 0.2667637
Moved 3347.527 371.8462 502.1537 0.02742181 0.2936052
Moved 3347.557 362.7 512.3 0.006249845 0.3197016
Moved 3347.588 355.3858 515.8071 -0.01068095 0.3287218
Moved 3347.619 342.6218 524.1891 -0.04022732 0.3502805
Moved 3347.65 329.8022 530.2791 -0.06990235 0.3659441
Moved 3347.68 319.2629 533.1843 -0.09429887 0.3734162
Ended 3347.711 314.1928 535.9036 -0.1060352 0.3804105
Accept 3347.742 0 jump
Candidates 3347.742 13 why suddenly friendly creativity weight possibly restaurant right student agent relatively remarkable quickly
Began 3349.278 48 375 -0.7222222 -0.03343629
Stationary 3349.309 48 375 -0.7222222 -0.03343629
Stationary 3349.34 48 375 -0.7222222 -0.03343629
Stationary 3349.371 48 375 -0.7222222 -0.03343629
Ended 3349.401 48 375 -0.7222222 -0.03343629
Accept 3349.463 0 why
Delete 3349.463 LeftSwipe
Began 3350.323 316 521 -0.1018519 0.3420781
Stationary 3350.354 316 521 -0.1018519 0.3420781
Stationary 3350.385 316 521 -0.1018519 0.3420781
Stationary 3350.415 316 521 -0.1018519 0.3420781
Moved 3350.446 300.1794 521 -0.1384737 0.3420781
Moved 3350.477 292.633 521 -0.1559421 0.3420781
Moved 3350.508 285.3369 530.7683 -0.1728313 0.3672023
Moved 3350.538 275.9018 534.0491 -0.1946718 0.3756407
Moved 3350.569 273.3587 535.3207 -0.2005586 0.3789111
Moved 3350.6 267.163 540.837 -0.2149005 0.3930992
Moved 3350.631 262.2377 542 -0.2263015 0.3960905
Moved 3350.661 259.6954 543 -0.2321866 0.3986624
Moved 3350.692 253.5961 543 -0.2463052 0.3986624
Moved 3350.723 246.7688 543 -0.2621092 0.3986624
Moved 3350.753 239.1143 543 -0.279828 0.3986624
Moved 3350.784 231.5 543 -0.2974537 0.3986624
Moved 3350.815 223.8293 543 -0.3152098 0.3986624
Moved 3350.846 215.6963 543 -0.3340364 0.3986624
Moved 3350.876 208.3578 535 -0.3510237 0.3780863
Moved 3350.907 202.1119 534 -0.3654817 0.3755144
Moved 3350.938 195.0501 533 -0.3818285 0.3729423
Moved 3350.969 189.6187 532 -0.3944012 0.3703703
Moved 3350.999 182.6595 530.3298 -0.4105103 0.3660744
Moved 3351.03 177.5753 530 -0.4222794 0.3652262
Moved 3351.061 174 530 -0.4305556 0.3652262
Moved 3351.092 172.9795 530 -0.4329177 0.3652262
Moved 3351.122 170.5 530 -0.4386574 0.3652262
Moved 3351.153 169.9644 530 -0.4398971 0.3652262
Stationary 3351.184 169.9644 530 -0.4398971 0.3652262
Stationary 3351.214 169.9644 530 -0.4398971 0.3652262
Moved 3351.245 170 528.5528 -0.4398148 0.361504
Moved 3351.276 170 522.0189 -0.4398148 0.3446986
Moved 3351.307 180.608 513.856 -0.4152592 0.3237037
Moved 3351.337 187.2807 505.959 -0.3998131 0.3033926
Moved 3351.368 194.9011 498.0989 -0.3821733 0.283176
Moved 3351.399 201.5232 491.4767 -0.3668444 0.2661438
Moved 3351.429 210.1457 483.8542 -0.3468849 0.2465387
Moved 3351.46 218.5581 478.7209 -0.3274118 0.2333356
Moved 3351.491 228.7316 471.4513 -0.3038619 0.214638
Moved 3351.522 237.9087 465.5457 -0.2826188 0.1994486
Moved 3351.552 245.7929 459.2071 -0.2643683 0.1831457
Moved 3351.583 251.7556 455.2444 -0.2505657 0.1729535
Moved 3351.614 269.3752 450.9464 -0.2097797 0.1618992
Moved 3351.645 287.1649 449 -0.1685997 0.156893
Moved 3351.675 304.9771 448 -0.1273679 0.1543209
Moved 3351.706 321.2889 448 -0.08960907 0.1543209
Moved 3351.737 336.7155 454.6681 -0.05389934 0.1714713
Moved 3351.768 350.9574 460.9858 -0.02093196 0.1877206
Moved 3351.798 362.1324 470.0992 0.00493596 0.2111605
Moved 3351.829 373.1149 479.8919 0.03035863 0.2363474
Moved 3351.86 385.3999 497.0998 0.05879601 0.2806064
Moved 3351.89 394.5916 510.3873 0.08007307 0.3147822
Moved 3351.921 404.7285 523.6606 0.1035381 0.3489212
Moved 3351.952 410.2365 534.5912 0.1162882 0.3770348
Moved 3351.983 416.6985 545.0953 0.1312464 0.4040517
Moved 3352.013 420.2517 549.2517 0.1394715 0.4147419
Moved 3352.044 422.805 552 0.145382 0.4218106
Moved 3352.075 427.1543 555.0514 0.1554497 0.4296588
Moved 3352.106 435.8412 556.6138 0.1755584 0.4336773
Moved 3352.136 445.6447 557 0.1982516 0.4346707
Moved 3352.167 455.8056 557 0.2217723 0.4346707
Moved 3352.198 463.7945 557 0.240265 0.4346707
Moved 3352.229 474.9307 557 0.2660434 0.4346707
Moved 3352.259 487.2053 557 0.2944567 0.4346707
Moved 3352.29 496.7984 557 0.316663 0.4346707
Moved 3352.321 502.8168 557 0.3305945 0.4346707
Moved 3352.352 506.436 557 0.3389722 0.4346707
Moved 3352.382 508 550.0496 0.3425926 0.416794
Moved 3352.413 508 549.4464 0.3425926 0.4152427
Moved 3352.444 508 548.5 0.3425926 0.4128085
Moved 3352.474 508 546.6561 0.3425926 0.4080659
Moved 3352.505 508 545.1082 0.3425926 0.4040849
Moved 3352.536 508 542.5496 0.3425926 0.3975039
Moved 3352.567 498.7673 536.023 0.3212205 0.3807175
Moved 3352.597 484.4637 519.2443 0.2881105 0.3375624
Moved 3352.628 424.3501 463.1268 0.1489585 0.1932272
Moved 3352.659 405.0719 447.3932 0.1043332 0.1527604
Moved 3352.689 388.997 435.3314 0.06712278 0.1217369
Moved 3352.72 372.2642 422.4744 0.0283893 0.08866879
Moved 3352.751 359.7939 411.7939 -0.0004769862 0.06119834
Moved 3352.781 348.2422 401.2422 -0.02721722 0.03405904
Moved 3352.813 341.5 393 -0.04282405 0.01285996
Moved 3352.843 335.1048 385.1398 -0.05762771 -0.007356596
Moved 3352.874 326.0079 370.5139 -0.07868533 -0.04497473
Moved 3352.905 320.8979 356.6936 -0.09051423 -0.08052064
Moved 3352.935 317 343 -0.09953702 -0.1157408
Moved 3352.966 313.2971 327.0398 -0.1081086 -0.1567906
Moved 3352.997 311 301.2885 -0.113426 -0.2230236
Moved 3353.028 311 292.4012 -0.113426 -0.2458817
Moved 3353.058 311 274.6395 -0.113426 -0.2915652
Moved 3353.089 311 254.6388 -0.113426 -0.3430073
Moved 3353.12 311 240.606 -0.113426 -0.3791
Moved 3353.15 318.819 232.5431 -0.09532645 -0.3998377
Moved 3353.181 320.3589 224.9231 -0.09176169 -0.4194365
Moved 3353.212 321 219.4288 -0.09027779 -0.4335679
Moved 3353.243 323.1122 215.8878 -0.08538853 -0.4426753
Moved 3353.273 324.5 213.5 -0.08217593 -0.448817
Moved 3353.304 325.2238 213 -0.08050049 -0.4501029
Moved 3353.335 326.2035 213 -0.07823264 -0.4501029
Moved 3353.366 334.0522 224.1437 -0.06006429 -0.4214411
Moved 3353.396 346.825 239.3899 -0.03049781 -0.3822277
Moved 3353.427 363.7582 259.8665 0.008699496 -0.3295614
Moved 3353.458 381.7229 282.4036 0.05028446 -0.2715956
Moved 3353.489 401.3096 303.2109 0.09562402 -0.2180789
Moved 3353.519 419.1288 323.0227 0.1368722 -0.1671227
Moved 3353.55 436.9579 341.965 0.1781434 -0.1184029
Moved 3353.581 452.8111 360.0698 0.2148405 -0.07183702
Moved 3353.611 465.2354 375.8531 0.2436005 -0.0312419
Moved 3353.642 476.9128 392.5504 0.2706314 0.01170355
Moved 3353.673 478.9249 395.8497 0.275289 0.02018956
Moved 3353.704 483.3533 401.3533 0.28554 0.03434499
Moved 3353.734 491.1533 406.4355 0.3035955 0.04741629
Moved 3353.765 502.3426 410.2685 0.3294967 0.05727485
Moved 3353.796 523.4172 412 0.3782806 0.06172835
Moved 3353.826 548.7326 412 0.4368809 0.06172835
Moved 3353.857 575.2112 401.3984 0.4981741 0.03446085
Moved 3353.888 591.9262 398.8456 0.5368662 0.02789505
Moved 3353.919 600.3868 397 0.5564508 0.02314815
Moved 3353.949 603.9444 397 0.5646861 0.02314815
Moved 3353.98 604.5 397 0.5659723 0.02314815
Moved 3354.011 584.4451 409.2523 0.5195488 0.05466107
Moved 3354.042 557.1385 422.5169 0.4563392 0.08877797
Moved 3354.072 533.0927 436.7792 0.4006776 0.125461
Moved 3354.103 510.5504 449.9164 0.3484963 0.1592501
Moved 3354.134 493.3078 460.7948 0.3085828 0.1872293
Moved 3354.165 477.5819 470.4508 0.2721804 0.2120648
Moved 3354.195 462.5422 480.8984 0.2373663 0.238936
Moved 3354.226 446.7482 492.6085 0.200806 0.2690546
Moved 3354.257 435.5887 499.6468 0.1749737 0.2871573
Moved 3354.288 422.7725 509.782 0.1453067 0.3132252
Moved 3354.318 413.6134 516.0319 0.1241051 0.3293001
Moved 3354.349 401.8362 522.6983 0.09684294 0.3464462
Moved 3354.38 389.0782 528.5687 0.06731073 0.361545
Moved 3354.41 377.2925 535.0245 0.04002899 0.3781493
Moved 3354.441 370.3406 536.4149 0.02393663 0.3817254
Moved 3354.472 362.8225 540.0887 0.006533563 0.3911746
Ended 3354.503 361 544 0.002314846 0.4012345
Candidates 3354.564 13 quickly terribly strongly seriously equally right deficit difficult usually vehicle availability article without
Began 3355.302 710 412 0.8101851 0.06172835
Stationary 3355.332 710 412 0.8101851 0.06172835
Stationary 3355.363 710 412 0.8101851 0.06172835
Stationary 3355.394 710 412 0.8101851 0.06172835
Stationary 3355.425 710 412 0.8101851 0.06172835
Ended 3355.455 710 412 0.8101851 0.06172835
Accept 3355.517 0 quickly
PhraseEnd 3355.517
