we better investigate this
we better investigate this
Basic
List

0.6 0.6
432 388.8
Began 4206.58 266 492 -0.2175926 0.2674896
Stationary 4206.611 266 492 -0.2175926 0.2674896
Stationary 4206.642 266 492 -0.2175926 0.2674896
Stationary 4206.672 266 492 -0.2175926 0.2674896
Stationary 4206.703 266 492 -0.2175926 0.2674896
Moved 4206.734 255.9224 492 -0.2409204 0.2674896
Moved 4206.765 251.8131 492 -0.2504326 0.2674896
Moved 4206.795 245.7248 492 -0.2645259 0.2674896
Moved 4206.826 241.2214 492 -0.2749505 0.2674896
Moved 4206.857 237.5676 485 -0.2834083 0.2494856
Moved 4206.888 234.0155 485 -0.2916308 0.2494856
Moved 4206.918 231.4693 484 -0.2975247 0.2469135
Moved 4206.949 229.246 484 -0.3026713 0.2469135
Moved 4206.98 226.6897 484 -0.3085888 0.2469135
Moved 4207.011 224.5 484 -0.3136574 0.2469135
Moved 4207.042 222.5979 484 -0.3180603 0.2469135
Moved 4207.072 222 484 -0.3194444 0.2469135
Moved 4207.103 219.8681 484 -0.3243794 0.2469135
Moved 4207.133 218.3353 484 -0.3279275 0.2469135
Moved 4207.165 215.772 484 -0.333861 0.2469135
Moved 4207.195 213.6436 484 -0.3387879 0.2469135
Moved 4207.226 211.9817 492.0183 -0.3426351 0.2675367
Moved 4207.256 209.1483 494.8517 -0.3491939 0.2748244
Moved 4207.287 209 496.1367 -0.349537 0.2781293
Moved 4207.318 209 498.3238 -0.349537 0.2837545
Moved 4207.349 209 504.9503 -0.349537 0.3007979
Moved 4207.379 209 508.5318 -0.349537 0.3100097
Moved 4207.41 219 515.5 -0.3263889 0.327932
Moved 4207.441 226.55 522.55 -0.308912 0.3460647
Moved 4207.472 235.0238 527.0079 -0.2892966 0.3575306
Moved 4207.502 242.264 529 -0.2725371 0.3626543
Moved 4207.533 249.3301 529 -0.2561804 0.3626543
Moved 4207.564 255.7576 529 -0.241302 0.3626543
Moved 4207.595 263.61 529 -0.2231249 0.3626543
Moved 4207.625 268.8236 529 -0.2110565 0.3626543
Ended 4207.656 274 521 -0.199074 0.3420781
Candidates 4207.718 13 we e w re ew wee sweet were see er set are r
Began 4208.609 405 183 0.1041667 -0.5272635
Stationary 4208.64 405 183 0.1041667 -0.5272635
Stationary 4208.67 405 183 0.1041667 -0.5272635
Stationary 4208.701 405 183 0.1041667 -0.5272635
Stationary 4208.732 405 183 0.1041667 -0.5272635
Stationary 4208.763 405 183 0.1041667 -0.5272635
Moved 4208.793 395.8296 175.8674 0.08293878 -0.5456085
Moved 4208.824 392.9747 173.9747 0.0763304 -0.5504766
Moved 4208.855 390.7587 172.7588 0.07120073 -0.5536039
Moved 4208.886 389.5 173 0.06828706 -0.5529835
Moved 4208.917 385.1671 173 0.05825728 -0.5529835
Moved 4208.947 382.0309 173 0.05099744 -0.5529835
Moved 4208.978 375.4782 182.3914 0.03582924 -0.5288288
Moved 4209.009 367.6642 191.8929 0.01774132 -0.5043906
Moved 4209.04 363.6624 201.0128 0.008477768 -0.4809341
Moved 4209.07 361 217.2162 0.002314846 -0.4392588
Moved 4209.101 361 231.6228 0.002314846 -0.4022047
Moved 4209.131 370.6471 254.2941 0.02464602 -0.3438939
Moved 4209.162 382.0982 272.5375 0.05115331 -0.2969714
Moved 4209.193 391.3077 285.8463 0.0724716 -0.2627412
Moved 4209.224 397.061 294.0915 0.08578926 -0.2415342
Moved 4209.254 400.5827 301.1655 0.09394149 -0.2233398
Moved 4209.285 401 307.3895 0.09490739 -0.2073315
Moved 4209.316 401 318.7785 0.09490739 -0.1780389
Moved 4209.347 390.2423 333.5154 0.07000526 -0.1401353
Moved 4209.377 375.2237 353.2391 0.03523995 -0.08940575
Moved 4209.408 359.0003 371.9997 -0.0023142 -0.04115313
Moved 4209.439 341.5 393 -0.04282405 0.01285996
Moved 4209.47 325.9393 407.1949 -0.07884413 0.04936956
Moved 4209.5 311.1078 419.8922 -0.1131764 0.08202717
Moved 4209.531 298.3961 429.6039 -0.1426016 0.107006
Moved 4209.562 286.7229 439.8217 -0.169623 0.1332862
Moved 4209.593 279.6915 447.3085 -0.1858993 0.1525424
Moved 4209.624 271.2746 455.9672 -0.205383 0.1748127
Moved 4209.654 264.6549 463.1268 -0.2207062 0.1932274
Moved 4209.685 260.666 470.0019 -0.2299397 0.2109102
Moved 4209.716 256.5 475 -0.2395834 0.2237653
Moved 4209.746 252.9085 482.2745 -0.247897 0.2424756
Moved 4209.777 248.1032 495.6904 -0.2590203 0.2769814
Moved 4209.808 246.8302 499.5095 -0.2619672 0.2868041
Moved 4209.838 246 504 -0.2638889 0.2983539
Moved 4209.869 245 507.9276 -0.2662037 0.3084556
Moved 4209.9 245 510.5 -0.2662037 0.3150719
Moved 4209.931 245 514.0488 -0.2662037 0.3241994
Moved 4209.961 245 516.5 -0.2662037 0.3305041
Moved 4209.992 245 518.8362 -0.2662037 0.3365129
Moved 4210.023 245 521.3884 -0.2662037 0.3430772
Moved 4210.054 252.535 523.9419 -0.2487617 0.3496447
Moved 4210.084 257.9914 526.4957 -0.2361311 0.356213
Moved 4210.115 265.3526 529.7842 -0.2190913 0.3646711
Moved 4210.146 273.9758 532.3253 -0.1991302 0.3712068
Moved 4210.177 287.183 533.8638 -0.1685578 0.3751641
Moved 4210.208 300.0885 535 -0.1386841 0.3780863
Moved 4210.238 311.3235 535 -0.1126771 0.3780863
Moved 4210.269 324.0633 535 -0.08318673 0.3780863
Moved 4210.3 335.9901 535 -0.05557835 0.3780863
Moved 4210.33 348.3987 535 -0.02685492 0.3780863
Moved 4210.361 361.5 535 0.003472269 0.3780863
Moved 4210.392 374.1605 524.9679 0.03277888 0.3522836
Moved 4210.423 390.5509 522.4082 0.07071971 0.3457001
Moved 4210.453 404.6834 518.8633 0.1034339 0.3365826
Moved 4210.484 418.3593 516.6068 0.1350911 0.3307786
Moved 4210.515 430.6858 515.0786 0.1636245 0.326848
Moved 4210.545 439.4122 514 0.1838246 0.324074
Moved 4210.576 445.0193 513 0.1968038 0.321502
Moved 4210.607 449.4659 513 0.2070969 0.321502
Moved 4210.638 453.53 513 0.2165046 0.321502
Moved 4210.668 458.591 512 0.2282199 0.31893
Moved 4210.699 462.8401 512 0.2380557 0.31893
Moved 4210.73 467.2187 512 0.2481914 0.31893
Moved 4210.761 473.3059 512 0.2622822 0.31893
Moved 4210.792 478.4302 512 0.274144 0.31893
Moved 4210.822 482.7564 512 0.2841584 0.31893
Moved 4210.853 486.0058 512 0.2916802 0.31893
Moved 4210.884 487.2796 512 0.2946287 0.31893
Stationary 4210.915 487 512 0.2939814 0.31893
Moved 4210.945 487 520.546 0.2939814 0.3409103
Moved 4210.976 478.0428 521.8957 0.2732472 0.3443818
Moved 4211.007 466.291 525.4272 0.2460441 0.353465
Moved 4211.037 453.1169 527.9766 0.2155484 0.3600221
Moved 4211.068 440.5 529.5 0.1863426 0.3639403
Moved 4211.099 426.6235 530.7681 0.1542211 0.3672017
Moved 4211.129 410.8257 531 0.117652 0.3677982
Moved 4211.16 396.7112 531 0.08497973 0.3677982
Moved 4211.191 383.9334 532 0.05540152 0.3703703
Moved 4211.222 370.428 533 0.02413889 0.3729423
Moved 4211.252 355.8251 534.1958 -0.009664049 0.3760179
Moved 4211.283 339.722 534.754 -0.0469399 0.3774537
Moved 4211.314 322.8602 535 -0.08597185 0.3780863
Moved 4211.345 306.9351 535 -0.1228354 0.3780863
Moved 4211.375 292.2227 535 -0.156892 0.3780863
Moved 4211.406 278.6345 535 -0.1883462 0.3780863
Moved 4211.437 266.903 535 -0.2155023 0.3780863
Moved 4211.468 263.2841 535 -0.2238793 0.3780863
Moved 4211.499 258.9868 527.9078 -0.2338268 0.3598452
Moved 4211.529 256.4444 528 -0.239712 0.3600822
Moved 4211.56 255 528 -0.2430556 0.3600822
Moved 4211.591 253.6366 528 -0.2462116 0.3600822
Stationary 4211.622 254 528 -0.2453704 0.3600822
Moved 4211.652 268.0178 528 -0.2129218 0.3600822
Moved 4211.683 283.6984 528 -0.1766241 0.3600822
Moved 4211.713 293.6104 528 -0.1536796 0.3600822
Moved 4211.744 301.9474 528 -0.134381 0.3600822
Ended 4211.775 308.0339 528 -0.120292 0.3600822
Accept 4211.867 0 we
Candidates 4211.867 13 barrier narrow their city accept nature better merit before marie mature chapter interpret
Began 4213.435 11 345 -0.8078703 -0.1105968
Stationary 4213.466 11 345 -0.8078703 -0.1105968
Stationary 4213.497 11 345 -0.8078703 -0.1105968
Stationary 4213.527 11 345 -0.8078703 -0.1105968
Ended 4213.558 11 345 -0.8078703 -0.1105968
Accept 4213.62 0 barrier
Delete 4213.62 LeftSwipe
Began 4214.357 376 154 0.03703703 -0.6018518
Stationary 4214.388 376 154 0.03703703 -0.6018518
Stationary 4214.418 376 154 0.03703703 -0.6018518
Stationary 4214.449 376 154 0.03703703 -0.6018518
Stationary 4214.48 376 154 0.03703703 -0.6018518
Stationary 4214.511 376 154 0.03703703 -0.6018518
Stationary 4214.542 376 154 0.03703703 -0.6018518
Stationary 4214.572 376 154 0.03703703 -0.6018518
Stationary 4214.603 376 154 0.03703703 -0.6018518
Moved 4214.634 376 179.4525 0.03703703 -0.5363876
Moved 4214.665 376 186.9265 0.03703703 -0.5171644
Moved 4214.695 376 192.3743 0.03703703 -0.5031527
Moved 4214.726 376 197 0.03703703 -0.4912551
Moved 4214.757 376 205.8551 0.03703703 -0.4684797
Moved 4214.788 376 217.5 0.03703703 -0.4385288
Moved 4214.818 376 224.2262 0.03703703 -0.4212289
Moved 4214.849 376 231.5 0.03703703 -0.4025207
Moved 4214.879 376 238.6982 0.03703703 -0.3840066
Moved 4214.91 376 245.3319 0.03703703 -0.3669447
Moved 4214.941 376 248.9803 0.03703703 -0.3575609
Moved 4214.972 376 251.5 0.03703703 -0.3510802
Moved 4215.002 376 252.2861 0.03703703 -0.3490583
Moved 4215.033 376 253.0128 0.03703703 -0.3471893
Moved 4215.064 376 254 0.03703703 -0.3446502
Moved 4215.095 376 255 0.03703703 -0.3420782
Stationary 4215.125 376 255 0.03703703 -0.3420782
Moved 4215.156 376 256.331 0.03703703 -0.3386549
Moved 4215.187 376 257.774 0.03703703 -0.3349433
Moved 4215.218 376 261.6661 0.03703703 -0.3249328
Moved 4215.249 371.8516 271.9631 0.02743423 -0.2984488
Moved 4215.279 362.6741 287.7606 0.006189942 -0.2578176
Moved 4215.31 353.5664 305.4756 -0.01489257 -0.2122542
Moved 4215.341 341.1856 330.7916 -0.04355177 -0.1471411
Moved 4215.372 332.4424 348.5046 -0.06379078 -0.1015828
Moved 4215.402 322.2654 372.3364 -0.08734852 -0.04028705
Moved 4215.433 314.1271 395.6821 -0.1061872 0.01975856
Moved 4215.464 306.9837 412.038 -0.1227228 0.06182596
Moved 4215.494 302.4879 424.5364 -0.13313 0.09397203
Moved 4215.525 296.6301 436.9498 -0.1466896 0.1258997
Moved 4215.556 290.3509 447.2982 -0.1612248 0.1525159
Moved 4215.586 282.2723 459.5916 -0.1799252 0.1841346
Moved 4215.617 278.7501 463.2499 -0.1880786 0.193544
Moved 4215.648 272.7329 472.9006 -0.2020071 0.2183657
Moved 4215.679 267.6505 479.3494 -0.2137719 0.2349522
Moved 4215.709 262.8491 488.1509 -0.2248864 0.2575898
Moved 4215.74 259.0193 494.971 -0.2337516 0.2751311
Moved 4215.771 255.4686 501.5941 -0.2419707 0.2921657
Moved 4215.802 252.9289 508.2133 -0.2478497 0.3091904
Moved 4215.833 250.3887 513.2227 -0.25373 0.3220747
Moved 4215.863 249 516.8683 -0.2569445 0.3314513
Moved 4215.894 247.5731 519.4269 -0.2602474 0.338032
Moved 4215.925 248 520.5 -0.2592593 0.3407921
Moved 4215.956 247 523.5 -0.2615741 0.3485081
Moved 4215.986 246 524.7526 -0.2638889 0.3517298
Moved 4216.017 246 526.1537 -0.2638889 0.3553337
Moved 4216.048 246 527.5 -0.2638889 0.3587962
Moved 4216.079 246 529.1395 -0.2638889 0.3630131
Moved 4216.109 251.44 531.68 -0.2512964 0.3695472
Moved 4216.14 261.8346 533.2087 -0.2272346 0.3734791
Moved 4216.17 278.316 533 -0.1890834 0.3729423
Moved 4216.201 296.1535 533 -0.1477929 0.3729423
Moved 4216.232 311.2331 533 -0.1128863 0.3729423
Moved 4216.263 327.5674 533 -0.07507543 0.3729423
Moved 4216.293 345.3669 525.3762 -0.03387287 0.3533337
Moved 4216.324 360.827 525 0.001914302 0.3523662
Moved 4216.355 370.3936 524 0.02405931 0.3497942
Moved 4216.386 386.8777 523 0.06221682 0.3472221
Moved 4216.417 402.5 522 0.09837966 0.3446501
Moved 4216.447 410.2445 522 0.1163067 0.3446501
Moved 4216.478 417.9874 522 0.13423 0.3446501
Moved 4216.509 427.5916 522 0.156462 0.3446501
Moved 4216.54 435.2223 522 0.1741256 0.3446501
Moved 4216.57 438.9558 522 0.1827681 0.3446501
Moved 4216.601 441.13 522 0.1878009 0.3446501
Moved 4216.632 443.5 522 0.193287 0.3446501
Stationary 4216.663 443.5 522 0.193287 0.3446501
Stationary 4216.693 443.5 522 0.193287 0.3446501
Moved 4216.724 443 522 0.1921296 0.3446501
Moved 4216.755 425.9875 529 0.1527488 0.3626543
Moved 4216.786 411.2625 529 0.1186631 0.3626543
Moved 4216.816 395.074 529 0.08118988 0.3626543
Moved 4216.847 379.2776 529 0.04462421 0.3626543
Moved 4216.877 358.7794 529 -0.002825409 0.3626543
Moved 4216.908 341.8592 529 -0.04199267 0.3626543
Moved 4216.939 322.5174 529 -0.08676528 0.3626543
Moved 4216.97 304.9126 529 -0.1275172 0.3626543
Moved 4217 288.7403 529 -0.1649531 0.3626543
Moved 4217.031 274.3999 529 -0.1981484 0.3626543
Moved 4217.062 261.6887 529 -0.2275726 0.3626543
Moved 4217.093 251.1158 529 -0.2520466 0.3626543
Moved 4217.124 243.4999 529 -0.2696762 0.3626543
Moved 4217.154 237.4171 521.2086 -0.2837566 0.3426146
Moved 4217.185 234.6669 521 -0.290123 0.3420781
Moved 4217.216 232.5 521 -0.2951389 0.3420781
Moved 4217.247 231.7157 521 -0.2969544 0.3420781
Stationary 4217.277 232 521 -0.2962963 0.3420781
Moved 4217.308 241.4861 521 -0.2743377 0.3420781
Moved 4217.339 252.5 521 -0.2488426 0.3420781
Moved 4217.369 267.8986 527.8817 -0.2131977 0.3597779
Moved 4217.4 283 529.5 -0.1782407 0.3639403
Ended 4217.431 295.3952 531.079 -0.1495481 0.3680015
Candidates 4217.492 13 better barrier nature cute mature cure narrow carrier merger bauer marie buyer their
Began 4218.538 473 481 0.2615741 0.2391974
Stationary 4218.568 473 481 0.2615741 0.2391974
Stationary 4218.599 473 481 0.2615741 0.2391974
Stationary 4218.629 473 481 0.2615741 0.2391974
Stationary 4218.66 473 481 0.2615741 0.2391974
Stationary 4218.691 473 481 0.2615741 0.2391974
Stationary 4218.722 473 481 0.2615741 0.2391974
Moved 4218.752 459.1184 481 0.2294408 0.2391974
Moved 4218.783 454.7028 481 0.2192193 0.2391974
Moved 4218.814 451.2546 481 0.2112376 0.2391974
Moved 4218.845 447.3943 481 0.2023016 0.2391974
Moved 4218.875 444.1415 489.8585 0.194772 0.2619817
Moved 4218.906 440.9376 493.1249 0.1873555 0.2703829
Moved 4218.937 437 500.8286 0.1782407 0.290197
Moved 4218.968 437 503.3779 0.1782407 0.2967538
Moved 4218.999 437 511.235 0.1782407 0.3169625
Moved 4219.029 437 518.0121 0.1782407 0.3343931
Moved 4219.06 446.0944 525.6417 0.1992926 0.3540165
Moved 4219.091 452.1855 530.0927 0.2133923 0.3654647
Moved 4219.122 459.3069 533.6534 0.2298769 0.374623
Moved 4219.152 465.735 535 0.2447569 0.3780863
Moved 4219.183 472.2748 535 0.2598954 0.3780863
Moved 4219.214 474.9607 535 0.2661127 0.3780863
Moved 4219.245 478 520.425 0.2731481 0.3405992
Moved 4219.275 478 501.7073 0.2731481 0.2924571
Moved 4219.306 466.9987 469.6608 0.247682 0.2100327
Moved 4219.336 459.2498 445.2491 0.2297449 0.1472455
Moved 4219.367 450.3047 415.4902 0.2090386 0.07070526
Moved 4219.398 448.2663 397.3964 0.2043201 0.02416756
Moved 4219.429 443.5886 373.943 0.1934921 -0.03615493
Moved 4219.459 440.4871 353.1917 0.1863126 -0.08952756
Moved 4219.49 437.7025 332.3229 0.179867 -0.1432025
Moved 4219.521 435.3678 314.5746 0.1744625 -0.1888514
Moved 4219.552 431.8713 298.614 0.1663689 -0.2299023
Moved 4219.583 427.3899 284.1696 0.1559951 -0.2670538
Moved 4219.613 422.6927 270.0781 0.145122 -0.3032973
Moved 4219.644 419.5 262 0.1377314 -0.3240741
Moved 4219.675 415.075 252.15 0.1274884 -0.3494084
Moved 4219.706 412.5 243.5 0.1215278 -0.3716564
Moved 4219.736 409.9173 236.7518 0.1155493 -0.3890128
Moved 4219.767 409 230.5 0.113426 -0.4050927
Moved 4219.798 407.1385 228.2771 0.109117 -0.41081
Moved 4219.829 405.8681 225.7362 0.1061761 -0.4173452
Moved 4219.859 405 223.0454 0.1041667 -0.4242659
Moved 4219.89 405 220.5005 0.1041667 -0.4308116
Moved 4219.92 404 218.9772 0.1018518 -0.4347295
Stationary 4219.951 404 218.9772 0.1018518 -0.4347295
Moved 4219.982 403 217.5 0.09953707 -0.4385288
Moved 4220.013 403 216.9305 0.09953707 -0.4399935
Moved 4220.043 402 217 0.09722222 -0.4398148
Moved 4220.074 402 215.5 0.09722222 -0.4436729
Stationary 4220.105 402 215.5 0.09722222 -0.4436729
Moved 4220.136 401 216 0.09490739 -0.4423869
Stationary 4220.167 401 216 0.09490739 -0.4423869
Moved 4220.197 398.9654 216 0.09019762 -0.4423869
Moved 4220.228 395.7833 216 0.08283168 -0.4423869
Moved 4220.259 389.5869 216 0.06848812 -0.4423869
Moved 4220.29 380.9517 216 0.04849921 -0.4423869
Moved 4220.32 371.1494 222.7385 0.02580881 -0.4250552
Moved 4220.351 361 228 0.002314846 -0.4115227
Moved 4220.382 352.8169 235.1831 -0.01662751 -0.3930476
Moved 4220.413 345.1331 243.1559 -0.03441423 -0.3725414
Moved 4220.443 338.3462 249.4807 -0.05012462 -0.3562739
Moved 4220.474 332.2478 255.7522 -0.06424119 -0.3401436
Moved 4220.505 325.1902 264.7147 -0.08057822 -0.317092
Moved 4220.535 320.637 273.726 -0.09111802 -0.2939147
Moved 4220.566 316.2782 281.8872 -0.1012079 -0.2729239
Moved 4220.597 313.7399 293.3004 -0.1070835 -0.243569
Moved 4220.627 311.2073 307.5492 -0.1129461 -0.2069208
Moved 4220.658 311 322.2007 -0.113426 -0.1692369
Moved 4220.689 309.4273 338.009 -0.1170665 -0.1285777
Moved 4220.72 307.881 352.5947 -0.1206457 -0.09106302
Moved 4220.75 305.3381 369.6331 -0.1265321 -0.04724
Moved 4220.781 301.249 387.004 -0.1359976 -0.002561812
Moved 4220.812 297.177 403.8806 -0.1454237 0.04084516
Moved 4220.843 294.0553 415.7236 -0.1526498 0.07130544
Moved 4220.874 290.5019 433.4869 -0.1608753 0.1169931
Moved 4220.904 286.5214 444.6965 -0.1700893 0.1458242
Moved 4220.935 283.7151 456.4247 -0.1765855 0.1759895
Moved 4220.966 280.1775 468.1125 -0.1847743 0.2060505
Moved 4220.997 276.6423 480.7887 -0.1929577 0.238654
Moved 4221.027 275.4149 489.9253 -0.1957987 0.2621535
Moved 4221.058 274 499.4991 -0.199074 0.2867775
Moved 4221.089 273 506.9781 -0.2013889 0.3060135
Moved 4221.12 273 513.5659 -0.2013889 0.3229574
Moved 4221.15 272 518.7441 -0.2037037 0.3362759
Moved 4221.181 271 525.0168 -0.2060186 0.3524093
Moved 4221.211 269.5 530 -0.2094908 0.3652262
Moved 4221.242 268.9177 534.1646 -0.2108387 0.3759377
Moved 4221.273 267.7525 536.2475 -0.2135359 0.3812949
Moved 4221.304 267 539.8742 -0.2152778 0.3906228
Moved 4221.334 265.5822 541 -0.2185597 0.3935184
Moved 4221.365 265 542.9575 -0.2199074 0.3985532
Moved 4221.396 262.8639 543 -0.224852 0.3986624
Moved 4221.427 261.5 544 -0.2280093 0.4012345
Moved 4221.458 261 544 -0.2291666 0.4012345
Moved 4221.488 260 544 -0.2314815 0.4012345
Moved 4221.519 258.9471 544 -0.2339189 0.4012345
Moved 4221.55 257.3609 536.361 -0.2375904 0.3815867
Moved 4221.581 256 531.6396 -0.2407407 0.3694433
Moved 4221.611 253.2882 524.8647 -0.247018 0.3520183
Moved 4221.642 251.0529 518.1588 -0.2521923 0.3347705
Moved 4221.673 247.2343 504.9374 -0.2610316 0.3007647
Moved 4221.704 247 499.8461 -0.2615741 0.2876698
Moved 4221.734 245 482.9521 -0.2662037 0.2442184
Moved 4221.765 245 464.8203 -0.2662037 0.197583
Moved 4221.796 245 440.8504 -0.2662037 0.1359321
Moved 4221.826 252.9298 419.4913 -0.2478477 0.08099598
Moved 4221.857 256.4782 405.6091 -0.2396338 0.04529093
Moved 4221.888 258.7828 394.0858 -0.234299 0.01565266
Moved 4221.918 259 382.9625 -0.2337963 -0.01295647
Moved 4221.949 260 373.6061 -0.2314815 -0.03702132
Moved 4221.98 261.3331 363.0005 -0.2283955 -0.06429899
Moved 4222.011 261 354 -0.2291666 -0.08744855
Moved 4222.042 261 347.8325 -0.2291666 -0.1033116
Moved 4222.072 262 344.3765 -0.2268519 -0.1122004
Moved 4222.103 262 341.8287 -0.2268519 -0.1187535
Moved 4222.134 262 340.5658 -0.2268519 -0.1220016
Moved 4222.165 262 340 -0.2268519 -0.1234569
Stationary 4222.195 262 340 -0.2268519 -0.1234569
Moved 4222.226 263.0355 340 -0.2244549 -0.1234569
Moved 4222.257 264.2879 350.3033 -0.2215558 -0.09695665
Moved 4222.288 269.6083 362.0208 -0.20924 -0.06681897
Moved 4222.318 278.4105 383.1735 -0.1888647 -0.01241386
Moved 4222.349 286.6667 399.2223 -0.169753 0.02886388
Moved 4222.379 296.7101 414.5651 -0.1465044 0.06832585
Moved 4222.411 308.4521 432.1425 -0.1193239 0.113535
Moved 4222.441 318.9766 446.2208 -0.09496157 0.1497447
Moved 4222.472 326.6051 456.2101 -0.07730305 0.1754375
Moved 4222.502 334.037 463.037 -0.06009966 0.1929963
Moved 4222.533 340.1862 469.7793 -0.04586532 0.2103376
Moved 4222.564 346.2527 476.2527 -0.03182242 0.2269874
Moved 4222.595 352.3167 482.3167 -0.01778538 0.242584
Moved 4222.625 357.3873 487.3873 -0.006047934 0.2556257
Moved 4222.656 360.8239 490.4119 0.001907051 0.2634051
Moved 4222.687 362.9632 495.9265 0.006859303 0.2775885
Moved 4222.718 364 500.0319 0.009259283 0.2881477
Moved 4222.749 364 503.0591 0.009259283 0.295934
Moved 4222.779 364 506.6155 0.009259283 0.3050809
Moved 4222.81 358.1001 509.8428 -0.004397979 0.3133817
Moved 4222.841 350.8039 513.3987 -0.0212873 0.3225273
Moved 4222.872 346.1163 516.9418 -0.03213828 0.3316404
Moved 4222.902 342.8096 519.1904 -0.0397926 0.3374237
Moved 4222.933 339.2741 521.7258 -0.04797652 0.343945
Moved 4222.964 336.7372 523 -0.05384912 0.3472221
Moved 4222.995 336 525.5 -0.05555556 0.3536522
Moved 4223.025 334.7103 526.2897 -0.05854091 0.3556832
Moved 4223.056 335 528.5 -0.05787035 0.3613682
Moved 4223.086 335 529.331 -0.05787035 0.3635055
Moved 4223.117 335 530.2288 -0.05787035 0.3658146
Moved 4223.148 335 531.3297 -0.05787035 0.3686464
Moved 4223.179 335 533.4969 -0.05787035 0.3742204
Moved 4223.209 335 534 -0.05787035 0.3755144
Moved 4223.24 344.5774 536 -0.0357004 0.3806583
Moved 4223.271 346.7878 537.7878 -0.03058379 0.3852565
Moved 4223.302 349.3261 538 -0.02470801 0.3858024
Moved 4223.333 351.8574 539.8574 -0.01884863 0.3905797
Moved 4223.363 353.1979 540 -0.01574566 0.3909464
Moved 4223.394 354.2782 540 -0.013245 0.3909464
Stationary 4223.425 354.2782 540 -0.013245 0.3909464
Moved 4223.456 355 540 -0.01157408 0.3909464
Stationary 4223.486 355 540 -0.01157408 0.3909464
Stationary 4223.517 355 540 -0.01157408 0.3909464
Moved 4223.548 356 540 -0.009259283 0.3909464
Stationary 4223.579 356 540 -0.009259283 0.3909464
Stationary 4223.609 356 540 -0.009259283 0.3909464
Stationary 4223.64 356 540 -0.009259283 0.3909464
Stationary 4223.67 356 540 -0.009259283 0.3909464
Stationary 4223.701 356 540 -0.009259283 0.3909464
Stationary 4223.732 356 540 -0.009259283 0.3909464
Stationary 4223.763 356 540 -0.009259283 0.3909464
Moved 4223.793 356 529.5 -0.009259283 0.3639403
Moved 4223.824 356 530.6624 -0.009259283 0.36693
Moved 4223.855 349.752 528.1074 -0.02372235 0.3603585
Moved 4223.886 345.5973 524.5972 -0.03333966 0.3513303
Moved 4223.917 343.663 523.3315 -0.03781721 0.3480747
Moved 4223.947 340.7766 520.7766 -0.04449874 0.3415034
Moved 4223.978 338.2327 518.2327 -0.05038718 0.3349606
Moved 4224.009 336.9851 516.9851 -0.05327527 0.3317517
Moved 4224.04 335.4119 516 -0.05691697 0.329218
Moved 4224.07 333.8569 515 -0.06051645 0.326646
Moved 4224.101 333.3095 514 -0.06178359 0.324074
Moved 4224.132 332.5 514 -0.06365741 0.324074
Moved 4224.163 331.5252 513 -0.0659138 0.321502
Stationary 4224.193 331.5252 513 -0.0659138 0.321502
Moved 4224.224 331 511.5 -0.06712963 0.317644
Stationary 4224.255 331 511.5 -0.06712963 0.317644
Moved 4224.285 329.588 512 -0.07039825 0.31893
Moved 4224.316 330 511 -0.06944443 0.3163579
Moved 4224.347 328.5 511 -0.07291664 0.3163579
Moved 4224.377 329 510 -0.07175927 0.3137859
Stationary 4224.408 329 510 -0.07175927 0.3137859
Moved 4224.439 329 508.7955 -0.07175927 0.310688
Stationary 4224.47 329 509 -0.07175927 0.3112139
Stationary 4224.5 329 509 -0.07175927 0.3112139
Stationary 4224.531 329 509 -0.07175927 0.3112139
Stationary 4224.562 329 509 -0.07175927 0.3112139
Stationary 4224.593 329 509 -0.07175927 0.3112139
Moved 4224.624 337.5 509 -0.05208333 0.3112139
Moved 4224.654 342.1886 509 -0.04123002 0.3112139
Moved 4224.685 347.8978 513.4283 -0.02801428 0.3226035
Moved 4224.716 355.4912 518.1637 -0.01043707 0.334783
Moved 4224.747 362.5 522 0.005787015 0.3446501
Moved 4224.777 371.8202 524.9551 0.02736161 0.3522506
Moved 4224.808 382 528.5 0.05092591 0.3613682
Moved 4224.839 395.2905 532.0484 0.08169105 0.3704948
Moved 4224.87 409 536 0.113426 0.3806583
Moved 4224.9 424.0824 537 0.1483388 0.3832304
Moved 4224.931 441.9107 538 0.1896082 0.3858024
Moved 4224.961 456.7576 539 0.223976 0.3883744
Moved 4224.992 469.5 539 0.2534722 0.3883744
Moved 4225.023 478.2323 540 0.273686 0.3909464
Moved 4225.054 483.5777 540 0.2860596 0.3909464
Moved 4225.084 487.8265 540 0.2958947 0.3909464
Moved 4225.115 489.0942 540 0.2988292 0.3909464
Moved 4225.146 490.1317 540 0.3012308 0.3909464
Moved 4225.177 491.331 540 0.3040069 0.3909464
Stationary 4225.208 491.331 540 0.3040069 0.3909464
Stationary 4225.238 491.331 540 0.3040069 0.3909464
Stationary 4225.269 491 540 0.3032407 0.3909464
Stationary 4225.3 491 540 0.3032407 0.3909464
Stationary 4225.331 491 540 0.3032407 0.3909464
Stationary 4225.361 491 540 0.3032407 0.3909464
Stationary 4225.392 491 540 0.3032407 0.3909464
Moved 4225.423 480.5 540 0.2789353 0.3909464
Moved 4225.454 481.5839 540 0.2814441 0.3909464
Moved 4225.484 480.0427 540 0.2778766 0.3909464
Moved 4225.515 478.7639 540 0.2749163 0.3909464
Moved 4225.545 476.5 540 0.2696759 0.3909464
Moved 4225.576 474.6762 540 0.2654543 0.3909464
Moved 4225.607 472.1305 533 0.2595612 0.3729423
Moved 4225.638 469.8831 533 0.2543591 0.3729423
Moved 4225.668 465.7032 531.3516 0.2446833 0.3687026
Moved 4225.699 458.4073 528.6049 0.2277948 0.3616379
Moved 4225.73 447.9796 524.4898 0.2036566 0.351054
Moved 4225.761 437.1752 518.0876 0.1786463 0.3345873
Moved 4225.792 424 510.5 0.1481481 0.3150719
Moved 4225.822 409.5501 501.775 0.1146993 0.2926311
Moved 4225.853 398.5307 494.148 0.08919139 0.2730144
Moved 4225.884 388.6339 488.3803 0.06628206 0.2581798
Moved 4225.915 376.9459 480.7676 0.03922671 0.2385997
Moved 4225.945 368.1908 474.1431 0.01896014 0.2215613
Moved 4225.976 359.0606 467.5454 -0.002174576 0.204592
Moved 4226.007 350.8073 459.8073 -0.0212795 0.1846893
Moved 4226.038 343.1338 451.8451 -0.03904213 0.1642105
Moved 4226.068 338.3493 446.524 -0.05011728 0.1505245
Moved 4226.099 334.6317 441.2633 -0.05872304 0.136994
Moved 4226.13 330.7218 435.7218 -0.06777361 0.1227412
Moved 4226.16 326.6456 427.2911 -0.07720932 0.1010574
Moved 4226.191 325 418.137 -0.08101851 0.07751272
Moved 4226.222 322.7424 406.9697 -0.08624439 0.04879041
Moved 4226.252 323 401.207 -0.08564815 0.0339687
Moved 4226.283 322 393.8726 -0.08796295 0.01510436
Moved 4226.314 322 390.3861 -0.08796295 0.00613711
Moved 4226.345 322 385.6712 -0.08796295 -0.00598982
Moved 4226.375 333.6284 382.7079 -0.06104524 -0.01361133
Moved 4226.406 339.8121 379.0626 -0.04673123 -0.02298716
Moved 4226.437 344.9747 376.5126 -0.03478085 -0.02954569
Moved 4226.468 349.0207 373.9794 -0.02541512 -0.03606129
Moved 4226.499 351.2187 371.7813 -0.02032717 -0.04171481
Moved 4226.529 353.8211 366.5366 -0.01430293 -0.0552044
Moved 4226.56 355 357.9277 -0.01157408 -0.07734659
Moved 4226.591 355 351.2844 -0.01157408 -0.0944333
Moved 4226.622 346.2188 345.8047 -0.0319009 -0.1085271
Moved 4226.652 333.3146 343 -0.06177177 -0.1157408
Moved 4226.683 316.4821 342 -0.1007358 -0.1183128
Moved 4226.714 303.2371 342 -0.1313956 -0.1183128
Moved 4226.745 290.8779 342 -0.1600048 -0.1183128
Moved 4226.775 278.1786 345.95 -0.1894015 -0.1081533
Moved 4226.806 265.5063 351.0988 -0.2187355 -0.09491068
Moved 4226.837 254.431 353.6423 -0.2443726 -0.08836871
Moved 4226.867 244.446 355.9108 -0.2674861 -0.08253396
Moved 4226.898 231.8619 358.4276 -0.2966159 -0.07606067
Moved 4226.929 221.1106 359 -0.3215032 -0.07458848
Moved 4226.959 205.885 361.7787 -0.3567476 -0.06744149
Moved 4226.99 202.6121 362.796 -0.3643239 -0.06482528
Moved 4227.021 195.1894 364.2702 -0.381506 -0.06103342
Moved 4227.052 190.174 366.826 -0.3931158 -0.05445974
Moved 4227.083 185.2543 369.3729 -0.4045039 -0.04790938
Moved 4227.113 182 372 -0.412037 -0.04115226
Moved 4227.144 180.8356 373.1644 -0.4147324 -0.03815757
Moved 4227.175 179.2939 375.7061 -0.418301 -0.03162031
Moved 4227.206 177.7522 379.4956 -0.4218699 -0.02187344
Moved 4227.236 178 381.5 -0.4212963 -0.01671818
Moved 4227.267 177 386.0328 -0.4236111 -0.005059693
Moved 4227.298 177 390 -0.4236111 0.005143954
Moved 4227.329 177 394.101 -0.4236111 0.01569171
Moved 4227.359 177 397.5 -0.4236111 0.02443408
Moved 4227.39 177 400.9154 -0.4236111 0.03321863
Moved 4227.421 177 404.9179 -0.4236111 0.0435131
Moved 4227.451 185.0077 407.0078 -0.4050747 0.04888817
Moved 4227.482 187.5 409.5 -0.3993056 0.05529835
Moved 4227.513 189.806 412.806 -0.3939677 0.06380132
Moved 4227.543 193.3637 415.3637 -0.3857322 0.07037979
Moved 4227.574 196.916 418.916 -0.3775092 0.07951642
Moved 4227.605 200.4668 422.9335 -0.3692899 0.08984958
Moved 4227.636 206.0422 427.0422 -0.3563838 0.1004172
Moved 4227.667 213.6552 434.6552 -0.338761 0.1199979
Moved 4227.697 224.0305 443.2729 -0.3147441 0.1421627
Moved 4227.728 235.1945 453.1945 -0.2889016 0.1676812
Moved 4227.759 244 459.5 -0.2685185 0.1838991
Moved 4227.79 251.2745 464.183 -0.2516794 0.1959438
Moved 4227.82 257.5399 468.9049 -0.2371763 0.2080887
Moved 4227.851 265.528 476.528 -0.2186853 0.2276953
Moved 4227.882 272.2565 484.6753 -0.20311 0.2486504
Moved 4227.913 281.7865 495.7331 -0.1810499 0.2770912
Moved 4227.943 291.9594 505.4695 -0.1575015 0.3021336
Moved 4227.974 299.0937 515.1249 -0.1409869 0.3269672
Moved 4228.005 304.5948 519.5948 -0.1282527 0.338464
Moved 4228.036 309.8559 524.8559 -0.1160744 0.3519955
Moved 4228.066 316.3637 530.6819 -0.10101 0.36698
Moved 4228.097 317.9597 531 -0.09731546 0.3677982
Moved 4228.127 319 533.1944 -0.09490739 0.3734423
Moved 4228.158 320 533.7527 -0.09259259 0.3748784
Moved 4228.189 320 534.5 -0.09259259 0.3768003
Stationary 4228.22 320 534.5 -0.09259259 0.3768003
Moved 4228.25 320 534 -0.09259259 0.3755144
Stationary 4228.281 320 534 -0.09259259 0.3755144
Stationary 4228.312 320 534 -0.09259259 0.3755144
Stationary 4228.343 320 534 -0.09259259 0.3755144
Stationary 4228.374 320 534 -0.09259259 0.3755144
Stationary 4228.404 320 534 -0.09259259 0.3755144
Stationary 4228.435 320 534 -0.09259259 0.3755144
Moved 4228.466 323.3051 534 -0.08494198 0.3755144
Moved 4228.497 326.7548 534 -0.07695645 0.3755144
Moved 4228.527 334.2227 534 -0.05966956 0.3755144
Moved 4228.558 341.8741 534 -0.04195819 0.3755144
Moved 4228.589 351.5 524.5 -0.01967594 0.3510802
Moved 4228.62 354.307 523.231 -0.01317824 0.3478163
Moved 4228.65 360.9248 520.3834 0.0021408 0.3404922
Moved 4228.681 367.709 518.1455 0.01784494 0.3347364
Moved 4228.712 373.7778 515.6111 0.03189296 0.3282179
Moved 4228.742 376.6297 513.3703 0.03849477 0.3224544
Moved 4228.773 378 510.8188 0.04166663 0.315892
Moved 4228.804 379.4555 509.5446 0.04503578 0.3126145
Moved 4228.834 379 506.7239 0.04398147 0.3053599
Moved 4228.865 379 505.5 0.04398147 0.3022119
Moved 4228.896 359.9091 503.9849 -0.0002103547 0.2983149
Moved 4228.927 347.1499 504 -0.02974555 0.2983539
Moved 4228.958 333.3875 504 -0.06160289 0.2983539
Moved 4228.988 320.1316 504 -0.09228806 0.2983539
Moved 4229.019 304.7017 511.8831 -0.1280054 0.3186292
Moved 4229.05 291.8203 514.436 -0.1578235 0.3251953
Moved 4229.081 280.1342 516.9731 -0.1848745 0.3317209
Moved 4229.111 273.6901 519 -0.1997914 0.3369341
Moved 4229.142 265.7775 521.7408 -0.2181077 0.3439836
Moved 4229.173 259.4377 522 -0.2327832 0.3446501
Moved 4229.204 255.3428 524.8286 -0.2422621 0.3519253
Moved 4229.234 251.9121 526.0879 -0.2502035 0.3551642
Moved 4229.265 251 529.3395 -0.2523148 0.3635274
Moved 4229.296 251 539.0595 -0.2523148 0.3885275
Ended 4229.326 251 539.0595 -0.2523148 0.3885275
Accept 4229.388 0 better
Candidates 4229.388 13 investigate immediate infrastructure integrate inadequate latest insist insider larger institute invasive outside large
Began 4230.31 413 512 0.1226852 0.31893
Stationary 4230.341 413 512 0.1226852 0.31893
Stationary 4230.372 413 512 0.1226852 0.31893
Stationary 4230.402 413 512 0.1226852 0.31893
Stationary 4230.433 413 512 0.1226852 0.31893
Stationary 4230.464 413 512 0.1226852 0.31893
Stationary 4230.495 413 512 0.1226852 0.31893
Stationary 4230.525 413 512 0.1226852 0.31893
Moved 4230.556 402.1998 512 0.09768466 0.31893
Moved 4230.587 397.4207 512 0.08662194 0.31893
Moved 4230.618 387.21 512 0.06298602 0.31893
Moved 4230.648 377.0703 512 0.0395145 0.31893
Moved 4230.679 365.9518 512 0.01377722 0.31893
Moved 4230.709 354.937 512 -0.01172001 0.31893
Moved 4230.74 343.7076 512 -0.03771385 0.31893
Moved 4230.771 333.5034 512 -0.06133467 0.31893
Moved 4230.802 323.4428 519.9114 -0.08462305 0.3392783
Moved 4230.833 316.5732 522.1067 -0.1005251 0.3449246
Moved 4230.863 311.6421 523.679 -0.1119397 0.3489684
Moved 4230.894 307.7813 525.2188 -0.1208767 0.3529288
Moved 4230.925 305.5 526.5 -0.1261574 0.3562242
Moved 4230.956 304.9771 526 -0.1273678 0.3549381
Moved 4230.986 311.9319 527 -0.1112687 0.3575102
Moved 4231.017 318.6816 517.9094 -0.09564444 0.3341291
Moved 4231.048 330.3964 505.6036 -0.06852696 0.3024784
Moved 4231.079 339.7629 492.4149 -0.04684503 0.2685567
Moved 4231.109 352.3199 470.8241 -0.01777788 0.2130249
Moved 4231.14 359.0415 456.9169 -0.002218683 0.1772554
Moved 4231.171 365.5 444 0.01273145 0.1440329
Moved 4231.202 370.658 428.3681 0.02467116 0.1038274
Moved 4231.232 376.6568 412.3581 0.03855735 0.06264934
Moved 4231.263 383.7449 397.6378 0.05496502 0.02478862
Moved 4231.293 388.8302 386.3396 0.06673654 -0.004270616
Moved 4231.324 392.4965 380.5035 0.07522324 -0.01928102
Moved 4231.355 394 374.5464 0.07870366 -0.03460284
Moved 4231.386 396.7607 366.7178 0.08509427 -0.05473831
Moved 4231.417 399.2888 360.1337 0.09094615 -0.07167275
Moved 4231.447 400 358.5 0.09259263 -0.07587456
Moved 4231.478 403.3555 356 0.1003599 -0.0823046
Moved 4231.509 407.5291 356 0.1100209 -0.0823046
Moved 4231.54 419.7951 374.1132 0.1384147 -0.0357171
Moved 4231.57 432.5 399 0.167824 0.02829214
Moved 4231.601 443.9398 427.8494 0.194305 0.1024933
Moved 4231.632 454 447 0.2175926 0.1517489
Moved 4231.663 463.1846 462.3076 0.2388532 0.1911204
Moved 4231.693 470.5 470.5 0.2557871 0.2121912
Moved 4231.724 478.4217 486.1325 0.2741242 0.2523983
Moved 4231.755 484.8594 500.5782 0.2890263 0.2895529
Moved 4231.786 489.9214 508.8821 0.300744 0.3109106
Moved 4231.816 493.5 517.5 0.3090277 0.3330761
Moved 4231.847 495.7129 521.4258 0.3141503 0.3431732
Moved 4231.878 498.2551 526.5101 0.3200349 0.3562502
Moved 4231.908 499.7966 534.1864 0.3236032 0.3759937
Moved 4231.939 502.3557 542.4228 0.3295272 0.3971778
Moved 4231.97 502 545.6136 0.3287037 0.4053846
Moved 4232 502 549.1642 0.3287037 0.414517
Moved 4232.031 502 551.5 0.3287037 0.4205247
Moved 4232.062 483.0612 551 0.2848639 0.4192385
Moved 4232.093 452.5 530 0.2141203 0.3652262
Moved 4232.124 413.847 505.1673 0.1246458 0.3013562
Moved 4232.154 386.1055 484.7173 0.06042938 0.2487585
Moved 4232.185 365.9299 466.9299 0.01372665 0.2030088
Moved 4232.216 347.4696 450.9109 -0.02900561 0.1618077
Moved 4232.247 332.1204 439.086 -0.06453614 0.131394
Moved 4232.277 318 427.5 -0.09722222 0.1015946
Moved 4232.308 303.651 418.7673 -0.1304375 0.07913401
Moved 4232.339 291.192 412.096 -0.1592777 0.06197529
Moved 4232.37 276.8389 404.5034 -0.1925026 0.04244687
Moved 4232.4 263.1158 398.2463 -0.2242689 0.02635367
Moved 4232.431 251.3517 394.088 -0.2515007 0.01565819
Moved 4232.462 241.3024 391.8605 -0.2747628 0.009929162
Moved 4232.493 231.2899 389.3224 -0.2979401 0.003401242
Moved 4232.523 224.5321 388 -0.313583 -3.924585E-08
Moved 4232.554 220.2049 387 -0.3235997 -0.002572055
Ended 4232.584 219.5 387 -0.3252315 -0.002572055
Accept 4232.646 0 investigate
Candidates 4232.646 13 this thus ellis groups did helps helped third tennis gross united units records
Began 4233.322 706 410 0.8009259 0.05658428
Stationary 4233.353 706 410 0.8009259 0.05658428
Stationary 4233.384 706 410 0.8009259 0.05658428
Stationary 4233.415 706 410 0.8009259 0.05658428
Stationary 4233.445 706 410 0.8009259 0.05658428
Ended 4233.476 706 410 0.8009259 0.05658428
Accept 4233.538 0 this
PhraseEnd 4233.538
