find a nearby parking spot
find a nearby parking spot
Basic
List

0.6 0.6
432 388.8
Began 1997.624 351 352 -0.02083332 -0.09259266
Stationary 1997.655 351 352 -0.02083332 -0.09259266
Stationary 1997.686 351 352 -0.02083332 -0.09259266
Stationary 1997.716 351 352 -0.02083332 -0.09259266
Stationary 1997.747 351 352 -0.02083332 -0.09259266
Stationary 1997.778 351 352 -0.02083332 -0.09259266
Stationary 1997.808 351 352 -0.02083332 -0.09259266
Stationary 1997.839 351 352 -0.02083332 -0.09259266
Stationary 1997.87 351 352 -0.02083332 -0.09259266
Stationary 1997.901 351 352 -0.02083332 -0.09259266
Stationary 1997.931 351 352 -0.02083332 -0.09259266
Stationary 1997.962 351 352 -0.02083332 -0.09259266
Stationary 1997.993 351 352 -0.02083332 -0.09259266
Stationary 1998.023 351 352 -0.02083332 -0.09259266
Stationary 1998.054 351 352 -0.02083332 -0.09259266
Stationary 1998.085 351 352 -0.02083332 -0.09259266
Stationary 1998.116 351 352 -0.02083332 -0.09259266
Moved 1998.146 341.4428 352 -0.04295637 -0.09259266
Moved 1998.177 337.0951 361.9048 -0.05302056 -0.06711724
Moved 1998.208 332.4737 367.7894 -0.06371821 -0.051982
Moved 1998.238 327.7622 372.1189 -0.07462452 -0.04084653
Moved 1998.269 324.2836 376.8582 -0.08267686 -0.02865685
Moved 1998.3 321.3848 380.6152 -0.0893871 -0.01899382
Moved 1998.331 320 383.059 -0.09259259 -0.01270851
Moved 1998.361 317.1953 385.8046 -0.09908488 -0.005646537
Moved 1998.392 316 388.55 -0.1018519 0.001414538
Moved 1998.423 315 390.3061 -0.1041667 0.005931265
Moved 1998.453 314 391.7154 -0.1064815 0.009555973
Moved 1998.484 313 394.4678 -0.1087963 0.01663514
Moved 1998.515 313 399.4387 -0.1087963 0.02942038
Moved 1998.546 313 403.505 -0.1087963 0.03987913
Moved 1998.576 313 408.8839 -0.1087963 0.05371364
Moved 1998.607 328.8345 416.6259 -0.07214228 0.07362621
Moved 1998.638 350.54 432.632 -0.02189805 0.1147942
Moved 1998.668 377.6312 452.4208 0.04081299 0.1656914
Moved 1998.699 407.9822 472.764 0.11107 0.2180143
Moved 1998.73 431.7011 491.7011 0.1659747 0.2667209
Moved 1998.76 446.2776 504.2776 0.1997167 0.2990678
Moved 1998.791 456.9144 512.9358 0.2243388 0.3213368
Moved 1998.822 467.2136 521.2136 0.2481795 0.3426274
Moved 1998.853 473.975 526.975 0.2638311 0.357446
Moved 1998.883 477.2537 530.2537 0.2714205 0.3658787
Moved 1998.914 479 531.6932 0.275463 0.3695812
Moved 1998.945 480 533.4517 0.2777778 0.3741041
Moved 1998.976 481 534.1049 0.2800926 0.375784
Moved 1999.006 482.5 534 0.2835648 0.3755144
Moved 1999.037 483.2149 535.2148 0.2852196 0.3786389
Moved 1999.068 484.2398 535 0.2875922 0.3780863
Moved 1999.098 485.2394 535 0.2899061 0.3780863
Stationary 1999.129 485.2394 535 0.2899061 0.3780863
Moved 1999.16 486 535 0.2916667 0.3780863
Stationary 1999.191 486 535 0.2916667 0.3780863
Moved 1999.221 486 529.9632 0.2916667 0.3651316
Moved 1999.252 476.3638 508.0811 0.2693607 0.3088504
Moved 1999.283 468.5333 485.7778 0.2512346 0.251486
Moved 1999.313 463.8317 464.9109 0.2403512 0.197816
Moved 1999.344 459.6469 445.5283 0.2306641 0.1479635
Moved 1999.375 455.869 419.0829 0.2219189 0.07994577
Moved 1999.406 453 409.5 0.2152778 0.05529835
Moved 1999.436 450.7149 391.0042 0.2099881 0.007726842
Moved 1999.467 449.1975 376.1849 0.2064757 -0.03038877
Moved 1999.498 446.5066 357.5463 0.2002468 -0.07832742
Moved 1999.528 443.7438 338.2064 0.1938513 -0.12807
Moved 1999.559 440.9783 323.8913 0.1874496 -0.1648887
Moved 1999.59 438.6821 314.7285 0.1821345 -0.1884555
Moved 1999.62 436.7993 304.1974 0.1777762 -0.2155417
Moved 1999.651 436 298.0646 0.1759259 -0.2313152
Moved 1999.682 435 292.5256 0.1736111 -0.2455619
Moved 1999.713 435 287.5931 0.1736111 -0.2582483
Moved 1999.743 434 282.0577 0.1712963 -0.2724854
Moved 1999.774 433 276.5224 0.1689814 -0.2867223
Moved 1999.805 433 269.5 0.1689814 -0.304784
Moved 1999.836 432 263.1387 0.1666667 -0.3211453
Moved 1999.866 432 260.2915 0.1666667 -0.3284684
Moved 1999.897 431 257.5284 0.1643519 -0.335575
Moved 1999.928 431 256.5 0.1643519 -0.3382202
Moved 1999.958 431 254.7533 0.1643519 -0.3427127
Moved 1999.989 429.5 252.5 0.1608796 -0.3485083
Moved 2000.02 428.9644 253 0.1596398 -0.3472223
Moved 2000.051 425.8053 253 0.152327 -0.3472223
Moved 2000.081 418.8968 268.4709 0.1363352 -0.3074307
Moved 2000.112 407.2452 289.1322 0.1093639 -0.2542897
Moved 2000.143 392.5951 311.0478 0.07545163 -0.1979224
Moved 2000.173 380.1021 331.1631 0.04653275 -0.1461855
Moved 2000.204 369.6929 344.3071 0.02243737 -0.112379
Moved 2000.235 358.7796 356.3763 -0.002825062 -0.08133656
Moved 2000.266 343 369 -0.03935183 -0.04886839
Moved 2000.296 332.7526 380.2474 -0.06307269 -0.01993988
Moved 2000.327 323.5699 388.6201 -0.08432905 0.001594873
Moved 2000.358 316.8912 394.6631 -0.0997888 0.01713772
Moved 2000.388 311.0193 399.9807 -0.1133812 0.03081439
Moved 2000.419 305.5042 405.4958 -0.1261476 0.04499938
Moved 2000.45 302.5 408.5 -0.1331019 0.05272626
Moved 2000.48 297.431 411.2845 -0.1448357 0.059888
Moved 2000.511 292.5994 414.4006 -0.15602 0.06790283
Moved 2000.542 287.0639 417.4681 -0.1688336 0.07579227
Moved 2000.573 281.5447 419 -0.1816095 0.07973251
Moved 2000.603 277.0231 421 -0.1920762 0.08487643
Moved 2000.634 273.5653 422 -0.2000803 0.08744851
Moved 2000.665 269.8025 422 -0.2087906 0.08744851
Moved 2000.695 267.0453 423 -0.2151729 0.09002049
Moved 2000.726 264.5 423 -0.2210648 0.09002049
Moved 2000.757 264 424.1328 -0.2222222 0.09293399
Moved 2000.788 262.1058 424 -0.226607 0.09259254
Moved 2000.818 261.3426 424 -0.2283737 0.09259254
Ended 2000.849 261 424 -0.2291666 0.09259254
Candidates 2000.91 13 find songs some sounds things fund front sons found sound china fond wind
Began 2001.955 205 415 -0.3587963 0.06944436
Stationary 2001.985 205 415 -0.3587963 0.06944436
Stationary 2002.016 205 415 -0.3587963 0.06944436
Stationary 2002.047 205 415 -0.3587963 0.06944436
Stationary 2002.078 205 415 -0.3587963 0.06944436
Stationary 2002.108 205 415 -0.3587963 0.06944436
Stationary 2002.139 205 415 -0.3587963 0.06944436
Stationary 2002.17 205 415 -0.3587963 0.06944436
Stationary 2002.2 205 415 -0.3587963 0.06944436
Stationary 2002.231 205 415 -0.3587963 0.06944436
Stationary 2002.262 205 415 -0.3587963 0.06944436
Stationary 2002.293 205 415 -0.3587963 0.06944436
Stationary 2002.323 205 415 -0.3587963 0.06944436
Ended 2002.354 205 415 -0.3587963 0.06944436
Accept 2002.415 0 find
Candidates 2002.415 7 a s d w q f e
Began 2003.03 468 233 0.25 -0.3986626
Stationary 2003.06 468 233 0.25 -0.3986626
Stationary 2003.091 468 233 0.25 -0.3986626
Stationary 2003.122 468 233 0.25 -0.3986626
Stationary 2003.152 468 233 0.25 -0.3986626
Stationary 2003.183 468 233 0.25 -0.3986626
Stationary 2003.214 468 233 0.25 -0.3986626
Stationary 2003.245 468 233 0.25 -0.3986626
Stationary 2003.275 468 233 0.25 -0.3986626
Stationary 2003.306 468 233 0.25 -0.3986626
Stationary 2003.337 468 233 0.25 -0.3986626
Stationary 2003.368 468 233 0.25 -0.3986626
Stationary 2003.398 468 233 0.25 -0.3986626
Moved 2003.429 468 224 0.25 -0.4218107
Stationary 2003.46 468 224 0.25 -0.4218107
Stationary 2003.49 468 224 0.25 -0.4218107
Stationary 2003.521 468 224 0.25 -0.4218107
Stationary 2003.552 468 224 0.25 -0.4218107
Moved 2003.583 457.4156 232.723 0.225499 -0.3993751
Moved 2003.613 447.6944 241.3057 0.2029963 -0.3773003
Moved 2003.644 437.9888 251.0112 0.1805297 -0.3523374
Moved 2003.675 427.5928 260.4072 0.1564649 -0.3281709
Moved 2003.705 414.8571 276.1786 0.126984 -0.2876063
Moved 2003.736 395.093 299.1794 0.08123387 -0.2284482
Moved 2003.767 382.8868 315.1359 0.05297869 -0.1874077
Moved 2003.797 365.5383 338.2464 0.01282016 -0.1279671
Moved 2003.828 349.8815 356.1185 -0.02342244 -0.08199982
Moved 2003.859 343.0145 363.9825 -0.03931821 -0.06177337
Moved 2003.89 335.4864 375.0273 -0.05674452 -0.03336612
Moved 2003.92 327.5 387.5 -0.07523149 -0.001286047
Moved 2003.951 320.1676 397.7765 -0.09220456 0.02514525
Moved 2003.982 313.5726 406.4274 -0.1074709 0.04739557
Moved 2004.012 307.063 414.4055 -0.1225394 0.06791534
Moved 2004.043 299.2828 422.7172 -0.1405491 0.08929314
Moved 2004.074 290.7627 436.0932 -0.1602715 0.1236965
Moved 2004.105 284.2629 448.4741 -0.1753173 0.1555403
Moved 2004.135 278.7347 459.6633 -0.1881142 0.1843191
Moved 2004.166 274.848 467.304 -0.1971111 0.2039711
Moved 2004.197 271.6708 474.9875 -0.2044657 0.2237334
Moved 2004.228 268.9204 481.1592 -0.2108324 0.2396069
Moved 2004.258 267.1682 486.6637 -0.2148886 0.2537646
Moved 2004.289 265.7504 490.2496 -0.2181704 0.2629876
Moved 2004.32 265 493.0036 -0.2199074 0.270071
Moved 2004.35 264 495.7545 -0.2222222 0.2771462
Moved 2004.381 263 497.5 -0.2245371 0.2816358
Moved 2004.412 260.5 498.5 -0.2303241 0.2842077
Moved 2004.443 259.8312 498 -0.2318723 0.2829217
Moved 2004.473 257.5244 499.4756 -0.2372121 0.286717
Moved 2004.504 255.5 500 -0.2418981 0.2880658
Moved 2004.535 253.3414 500 -0.2468949 0.2880658
Moved 2004.565 243.8357 492.8804 -0.2688988 0.2697541
Moved 2004.596 238.3343 484.0014 -0.2816336 0.2469171
Moved 2004.627 222.4196 459.1293 -0.3184732 0.1829457
Moved 2004.657 207.3362 434.3378 -0.3533885 0.1191816
Moved 2004.688 197.7289 416.5482 -0.3756275 0.07342625
Moved 2004.719 191.3081 403.7703 -0.3904904 0.04056153
Moved 2004.75 186.3891 394.7783 -0.401877 0.01743372
Moved 2004.78 180.5633 384.1265 -0.4153628 -0.009962756
Moved 2004.811 178.8077 378.6154 -0.4194266 -0.02413738
Moved 2004.842 177.5 376 -0.4224537 -0.03086435
Moved 2004.872 177 373.0046 -0.4236111 -0.03856831
Moved 2004.903 177 368.5088 -0.4236111 -0.05013171
Moved 2004.934 177 366.8731 -0.4236111 -0.05433879
Moved 2004.965 177 366 -0.4236111 -0.05658444
Moved 2004.995 187.6649 366 -0.3989239 -0.05658444
Moved 2005.026 200.9291 371.3701 -0.3682196 -0.04277257
Moved 2005.057 216.2204 387.2204 -0.3328231 -0.002005228
Moved 2005.087 227.4163 398.0995 -0.3069068 0.02597593
Moved 2005.118 246.259 422.7033 -0.2632893 0.08925747
Moved 2005.149 252.9714 434.7485 -0.2477514 0.1202379
Moved 2005.18 262.8441 451.8052 -0.2248978 0.1641079
Moved 2005.21 270.4691 465.2037 -0.2072473 0.1985692
Moved 2005.241 280.353 481.5884 -0.184368 0.2407107
Moved 2005.272 288.5915 494.4554 -0.1652974 0.2738049
Moved 2005.302 295 505 -0.150463 0.3009258
Moved 2005.333 303.2426 514.2427 -0.1313827 0.3246982
Moved 2005.364 308.6541 522.4812 -0.1188561 0.3458878
Moved 2005.395 312.5867 526.5867 -0.1097529 0.3564472
Moved 2005.425 315.3695 530.3694 -0.1033114 0.3661765
Moved 2005.456 316.3571 531.3572 -0.1010251 0.368717
Moved 2005.487 317.25 532.2501 -0.09895826 0.3710134
Moved 2005.517 318.0872 532 -0.09702047 0.3703703
Stationary 2005.548 318.0872 532 -0.09702047 0.3703703
Moved 2005.579 320.4743 532 -0.09149466 0.3703703
Moved 2005.609 324.2403 516.7987 -0.08277714 0.3312723
Moved 2005.64 331.9872 493.0426 -0.06484438 0.2701712
Moved 2005.671 342.6351 457.4597 -0.04019658 0.1786515
Moved 2005.702 348 437 -0.0277778 0.1260288
Moved 2005.732 350.9076 425.3234 -0.02104724 0.09599634
Moved 2005.763 354.5 405.5 -0.0127315 0.04501017
Moved 2005.794 360.2365 387.2906 0.0005473694 -0.001824697
Moved 2005.825 364.778 370.5551 0.01106004 -0.04486861
Moved 2005.855 367.661 358.3558 0.01773387 -0.07624535
Moved 2005.886 371.1715 348.657 0.02585987 -0.1011908
Moved 2005.917 374.7563 336.4874 0.03415803 -0.1324913
Moved 2005.947 377.6497 321.7516 0.04085571 -0.1703919
Moved 2005.978 381.397 309.4119 0.04953017 -0.2021299
Moved 2006.009 383.6371 302.7258 0.05471557 -0.2193269
Moved 2006.04 387 290.7015 0.06250004 -0.2502534
Moved 2006.07 389.3262 282.3475 0.06788482 -0.27174
Moved 2006.101 390 273.6662 0.06944448 -0.2940685
Moved 2006.132 392.0963 268.3556 0.07429689 -0.3077275
Moved 2006.162 394.3027 262.3945 0.07940452 -0.3230594
Moved 2006.193 395 258.883 0.08101851 -0.3320911
Moved 2006.224 396 256.5 0.08333336 -0.3382202
Moved 2006.255 396 254.7465 0.08333336 -0.3427303
Moved 2006.285 397 252.5 0.0856481 -0.3485083
Moved 2006.316 397 253 0.0856481 -0.3472223
Moved 2006.347 397 260.4186 0.0856481 -0.3281415
Moved 2006.377 397 285.0066 0.0856481 -0.2649007
Moved 2006.408 389 310.6617 0.06712963 -0.1989154
Moved 2006.439 386.577 339.0759 0.06152084 -0.1258335
Moved 2006.469 380.7637 387.8358 0.04806409 -0.0004223639
Moved 2006.5 379 407.9911 0.04398147 0.05141749
Moved 2006.531 379 429.2238 0.04398147 0.1060283
Moved 2006.562 379 438.854 0.04398147 0.1307973
Moved 2006.592 379 454.7095 0.04398147 0.171578
Moved 2006.623 388.002 470.43 0.06481946 0.2120112
Moved 2006.654 391.0992 489.3473 0.0719889 0.2606668
Moved 2006.684 392.6341 500.5364 0.07554193 0.2894455
Moved 2006.715 396.5747 509.8621 0.08466364 0.3134311
Moved 2006.746 399.053 520.2119 0.09040038 0.3400511
Moved 2006.777 401.8006 527.4019 0.09676068 0.3585438
Moved 2006.807 404.1746 533.3492 0.102256 0.3738404
Moved 2006.838 405.9792 537.9584 0.1064333 0.3856955
Moved 2006.869 407 540.7249 0.1087963 0.3928109
Moved 2006.9 407 542.2339 0.1087963 0.3966922
Moved 2006.93 408.3045 543.3044 0.1118159 0.3994455
Moved 2006.961 408 544.119 0.1111111 0.4015406
Moved 2006.992 408 545.2385 0.1111111 0.40442
Ended 2007.022 408 545 0.1111111 0.4038065
Accept 2007.115 0 a
Candidates 2007.115 13 nearby meant nearly parent menu newly latent kathy neatly different larger student present
Began 2007.974 628 476 0.6203704 0.2263374
Stationary 2008.005 628 476 0.6203704 0.2263374
Stationary 2008.036 628 476 0.6203704 0.2263374
Stationary 2008.067 628 476 0.6203704 0.2263374
Stationary 2008.097 628 476 0.6203704 0.2263374
Stationary 2008.128 628 476 0.6203704 0.2263374
Stationary 2008.159 628 476 0.6203704 0.2263374
Stationary 2008.189 628 476 0.6203704 0.2263374
Stationary 2008.22 628 476 0.6203704 0.2263374
Stationary 2008.251 628 476 0.6203704 0.2263374
Stationary 2008.282 628 476 0.6203704 0.2263374
Stationary 2008.312 628 476 0.6203704 0.2263374
Moved 2008.343 618.8519 476 0.5991943 0.2263374
Moved 2008.374 615.0771 476 0.5904563 0.2263374
Moved 2008.404 609.6132 476 0.5778084 0.2263374
Moved 2008.435 603.7925 485.6224 0.5643346 0.2510863
Moved 2008.466 595.4055 495.4594 0.5449202 0.2763872
Moved 2008.497 588.1103 504.8897 0.5280331 0.3006422
Moved 2008.527 582.223 512.1654 0.5144052 0.3193554
Moved 2008.558 576.3279 517.6721 0.5007589 0.3335187
Moved 2008.589 570.8269 523.1731 0.4880253 0.3476674
Moved 2008.619 566.6563 527.6874 0.4783711 0.3592781
Moved 2008.65 562.9124 530.0876 0.4697046 0.3654518
Moved 2008.681 560.4947 532.5053 0.4641081 0.3716699
Moved 2008.712 555.3418 537.3163 0.4521801 0.3840441
Moved 2008.742 553.9579 539.0421 0.4489768 0.3884825
Moved 2008.773 550.5 544 0.4409722 0.4012345
Moved 2008.804 546.725 550.55 0.4322337 0.4180813
Moved 2008.834 542.9539 555.0461 0.4235044 0.4296452
Moved 2008.865 541.184 558.816 0.4194075 0.4393415
Moved 2008.896 540 561.1946 0.4166667 0.4454592
Moved 2008.927 537.9877 563.0123 0.4120087 0.4501343
Moved 2008.957 536.2058 564 0.4078838 0.4526748
Moved 2008.988 533.4401 564 0.4014818 0.4526748
Moved 2009.019 527.1201 564 0.3868521 0.4526748
Moved 2009.049 491.2227 538.1485 0.3037564 0.3861843
Moved 2009.08 451.6471 510.6018 0.2121459 0.3153338
Moved 2009.111 419.3554 490.3171 0.1373968 0.2631611
Moved 2009.141 399.2727 480.2986 0.090909 0.2373936
Moved 2009.172 379.6216 470.3109 0.04542043 0.2117048
Moved 2009.203 357.7069 460.3535 -0.005308141 0.1860942
Moved 2009.234 337.8368 452.6122 -0.05130365 0.1661836
Moved 2009.264 316.5949 445.3128 -0.1004748 0.1474094
Moved 2009.295 296.4044 440.9008 -0.147212 0.1360616
Moved 2009.326 279.0438 439.1491 -0.1873986 0.1315562
Moved 2009.357 264.2877 436.7554 -0.2215562 0.1253995
Moved 2009.387 246.6236 432.9247 -0.2624453 0.1155471
Moved 2009.418 231.7744 431.1548 -0.2968186 0.1109949
Moved 2009.449 217.9911 428.3983 -0.3287242 0.1039049
Moved 2009.479 205.8364 424.9673 -0.3568601 0.09508035
Moved 2009.51 193.0535 422.2107 -0.3864502 0.08799038
Moved 2009.541 183 419.5 -0.4097222 0.08101848
Moved 2009.572 173.7966 416.3983 -0.4310263 0.07304086
Moved 2009.602 166.2882 414.3221 -0.4484068 0.06770075
Moved 2009.633 156.1075 411.5269 -0.4719734 0.06051142
Moved 2009.664 149.3049 408.7683 -0.4877203 0.05341635
Moved 2009.694 146.2387 408 -0.4948178 0.05144025
Moved 2009.725 143.5514 407 -0.5010384 0.04886827
Moved 2009.756 143 407 -0.5023148 0.04886827
Stationary 2009.786 143 407 -0.5023148 0.04886827
Moved 2009.817 143 417.3788 -0.5023148 0.07556263
Moved 2009.848 154.4544 425.7574 -0.4757999 0.09711254
Moved 2009.879 173.2813 444.3712 -0.4322192 0.1449875
Moved 2009.909 193.0519 462.3766 -0.3864538 0.1912977
Moved 2009.94 210.9752 476.6966 -0.3449647 0.228129
Moved 2009.971 230.3467 492.4556 -0.3001235 0.2686614
Moved 2010.001 245.8868 505.5912 -0.2641509 0.3024464
Moved 2010.032 257.2235 513.8157 -0.2379085 0.3235999
Moved 2010.063 265.5502 518.7001 -0.2186339 0.3361628
Moved 2010.094 273.8575 522.2383 -0.1994041 0.345263
Moved 2010.124 282.1479 525.3826 -0.1802132 0.3533503
Moved 2010.155 287.6949 528 -0.1673729 0.3600822
Moved 2010.186 293.1245 530 -0.1548044 0.3652262
Moved 2010.216 297.3318 531 -0.1450653 0.3677982
Moved 2010.247 300.1028 532.1028 -0.1386509 0.3706348
Moved 2010.278 302.5556 532 -0.1329731 0.3703703
Moved 2010.309 304.1618 532 -0.1292551 0.3703703
Moved 2010.339 306 532 -0.125 0.3703703
Moved 2010.37 308.5 532 -0.119213 0.3703703
Moved 2010.401 310.2522 532 -0.115157 0.3703703
Moved 2010.431 313.9922 522.0156 -0.1064995 0.3446903
Moved 2010.462 319.5139 511.9723 -0.09371793 0.3188587
Moved 2010.493 328.8469 497.9219 -0.07211368 0.2827208
Moved 2010.524 333.9593 492.0407 -0.06027937 0.2675943
Moved 2010.554 342.9598 481.0402 -0.03944486 0.2393007
Moved 2010.585 352.9772 468.5285 -0.01625652 0.2071206
Moved 2010.616 364.7132 458.2295 0.01091013 0.1806313
Moved 2010.646 382.4295 444.9423 0.05192011 0.1464563
Moved 2010.677 394.8291 435.6282 0.08062303 0.1225004
Moved 2010.708 408.8661 423.1339 0.1131159 0.09036496
Moved 2010.739 417.834 414.7773 0.133875 0.06887168
Moved 2010.769 425.7293 409.2706 0.1521513 0.05470833
Moved 2010.8 433.228 404.886 0.1695092 0.04343095
Moved 2010.831 440.7575 399.2424 0.1869387 0.02891568
Moved 2010.861 448.4066 395.2968 0.2046448 0.01876733
Moved 2010.892 453.2291 390.7709 0.215808 0.007126851
Moved 2010.923 459.7308 387.1346 0.2308582 -0.002225907
Moved 2010.953 466.5 384.5 0.2465278 -0.009002057
Moved 2010.984 472.119 382.9405 0.2595348 -0.01301322
Moved 2011.015 478.6673 382 0.2746929 -0.01543218
Moved 2011.046 483.6007 381 0.2861127 -0.01800419
Moved 2011.076 487.0595 381 0.2941191 -0.01800419
Moved 2011.107 490.8437 380 0.3028789 -0.02057613
Moved 2011.138 493.6133 380 0.3092902 -0.02057613
Moved 2011.169 496.383 379 0.3157014 -0.02314815
Moved 2011.199 497.5 379 0.318287 -0.02314815
Moved 2011.23 500.5825 379 0.3254224 -0.02314815
Moved 2011.261 503.3437 379 0.3318142 -0.02314815
Moved 2011.291 504.0343 379 0.3334127 -0.02314815
Moved 2011.322 505.218 379 0.3361529 -0.02314815
Moved 2011.353 506.0867 379 0.3381638 -0.02314815
Moved 2011.384 506 406.168 0.337963 0.04672831
Moved 2011.414 494 428 0.3101851 0.1028806
Moved 2011.445 489.5407 451.8371 0.2998627 0.1641899
Moved 2011.476 481.0268 475.9016 0.2801546 0.2260842
Moved 2011.506 476.4884 494.2906 0.2696491 0.2733811
Moved 2011.537 473.8702 506.6491 0.2635883 0.3051673
Moved 2011.568 471.0722 521.639 0.2571116 0.3437217
Moved 2011.599 470.3144 531.7423 0.2553574 0.3697075
Moved 2011.629 470 538.8618 0.2546296 0.3880189
Moved 2011.66 470 543.7821 0.2546296 0.4006741
Moved 2011.691 470 547.6349 0.2546296 0.4105836
Moved 2011.721 470 551.3806 0.2546296 0.4202174
Moved 2011.752 470 553.1232 0.2546296 0.4246994
Moved 2011.783 470 554.133 0.2546296 0.4272967
Moved 2011.813 470 555.2383 0.2546296 0.4301397
Stationary 2011.844 470 555 0.2546296 0.4295266
Stationary 2011.875 470 555 0.2546296 0.4295266
Moved 2011.906 470 534.1138 0.2546296 0.3758069
Moved 2011.936 470 514.2351 0.2546296 0.3246787
Moved 2011.967 468.2593 495.0748 0.2506003 0.275398
Moved 2011.998 465.8638 476.0463 0.2450551 0.2264565
Moved 2012.028 462.0529 454.3707 0.2362337 0.1707065
Moved 2012.059 459.2895 433.0266 0.2298369 0.1158089
Moved 2012.09 455.0612 415.7142 0.2200491 0.07128139
Moved 2012.121 451.1927 393.8669 0.2110941 0.01508983
Moved 2012.151 445.6927 371.4245 0.1983628 -0.04263254
Moved 2012.182 442.5994 354.9968 0.1912023 -0.08488479
Ended 2012.213 441 337 0.1875 -0.1311728
Accept 2012.274 0 nearby
Candidates 2012.274 13 pain powerful paul patrol joseph person passion listing operation palm payroll park operating
Began 2012.673 430 248 0.162037 -0.3600824
Stationary 2012.704 430 248 0.162037 -0.3600824
Stationary 2012.735 430 248 0.162037 -0.3600824
Stationary 2012.766 430 248 0.162037 -0.3600824
Stationary 2012.796 430 248 0.162037 -0.3600824
Stationary 2012.827 430 248 0.162037 -0.3600824
Stationary 2012.858 430 248 0.162037 -0.3600824
Stationary 2012.888 430 248 0.162037 -0.3600824
Stationary 2012.919 430 248 0.162037 -0.3600824
Moved 2012.95 430 238.7152 0.162037 -0.383963
Stationary 2012.981 430 238.7152 0.162037 -0.383963
Stationary 2013.011 430 238.7152 0.162037 -0.383963
Moved 2013.042 430 237.9825 0.162037 -0.3858473
Stationary 2013.073 430 237.9825 0.162037 -0.3858473
Stationary 2013.103 430 237.9825 0.162037 -0.3858473
Stationary 2013.134 430 237.9825 0.162037 -0.3858473
Stationary 2013.165 430 237.9825 0.162037 -0.3858473
Moved 2013.196 422.7042 238 0.1451486 -0.3858025
Stationary 2013.226 422.7042 238 0.1451486 -0.3858025
Moved 2013.257 420.1927 245.2656 0.1393349 -0.3671152
Moved 2013.288 415.038 256.924 0.1274028 -0.3371298
Moved 2013.318 408.284 273.9092 0.1117685 -0.2934434
Moved 2013.349 397.9429 299.1712 0.08783082 -0.2284692
Moved 2013.38 391.8998 318.6674 0.07384211 -0.1783248
Moved 2013.411 384.0692 349.0252 0.05571574 -0.1002439
Moved 2013.441 375.951 382.1348 0.03692359 -0.0150854
Moved 2013.472 372.2231 400.4387 0.02829413 0.03199232
Moved 2013.503 369.7789 409.6631 0.02263645 0.05571793
Moved 2013.533 368.0201 419.9398 0.01856496 0.08214962
Moved 2013.564 367 426.4684 0.01620372 0.09894127
Moved 2013.595 365.5143 431.9714 0.01276453 0.1130952
Moved 2013.625 366 434.8843 0.01388888 0.120587
Moved 2013.656 365 437.5 0.01157403 0.1273147
Ended 2013.687 365 437.5 0.01157403 0.1273147
Accept 2013.779 0 pain
Candidates 2013.779 13 ng mg md by my nd nj ny bf nt vh mr mt
Began 2014.363 323 430 -0.08564815 0.1080246
Stationary 2014.393 323 430 -0.08564815 0.1080246
Moved 2014.424 304.7086 430 -0.1279895 0.1080246
Moved 2014.455 278.5805 434.7215 -0.188471 0.1201684
Moved 2014.485 251.9235 442.2484 -0.2501771 0.1395278
Moved 2014.516 230.9362 449.7325 -0.2987588 0.1587771
Moved 2014.547 212.644 457.2446 -0.341102 0.1780981
Moved 2014.578 195.1646 462.7342 -0.3815635 0.1922175
Moved 2014.608 182.0749 466.785 -0.4118636 0.2026363
Moved 2014.639 167.5 470.5 -0.4456018 0.2121912
Moved 2014.67 152.4258 474.3148 -0.4804958 0.222003
Moved 2014.7 140.6876 476.0781 -0.5076676 0.2265382
Moved 2014.731 131.3538 478.5487 -0.5292736 0.2328927
Moved 2014.762 122.0679 481.3107 -0.5507689 0.2399966
Moved 2014.793 116.8434 483.0783 -0.5628626 0.2445429
Moved 2014.823 110.2153 485.8924 -0.5782053 0.2517808
Moved 2014.854 107.4524 486 -0.5846009 0.2520575
Moved 2014.885 104.963 487 -0.5903634 0.2546296
Moved 2014.915 101.1907 487 -0.5990955 0.2546296
Moved 2014.946 98.84015 488.1599 -0.6045367 0.2576127
Moved 2014.977 96.01918 488 -0.6110667 0.2572016
Moved 2015.008 93.25114 488 -0.6174742 0.2572016
Moved 2015.038 91.47871 488 -0.6215771 0.2572016
Ended 2015.069 91 488 -0.6226851 0.2572016
Accept 2015.13 0 ng
Delete 2015.13 LeftSwipe
Began 2015.99 361 412 0.002314846 0.06172835
Stationary 2016.021 361 412 0.002314846 0.06172835
Moved 2016.052 340.633 412 -0.04483104 0.06172835
Moved 2016.083 296.5 429.5 -0.1469907 0.1067386
Moved 2016.113 281.3668 436.9846 -0.1820212 0.125989
Moved 2016.144 257.4867 446.8378 -0.2372993 0.1513317
Moved 2016.175 241.2089 452.3165 -0.2749795 0.1654229
Moved 2016.205 228.3864 455.9227 -0.3046612 0.1746983
Moved 2016.236 214.6624 459.7792 -0.3364297 0.1846173
Moved 2016.267 204.3946 462.1514 -0.3601977 0.1907185
Moved 2016.297 196.2637 464 -0.3790192 0.1954732
Moved 2016.328 188.5 465 -0.3969907 0.1980452
Moved 2016.359 181.7229 468.0923 -0.4126785 0.2059987
Moved 2016.39 175.4608 469.8464 -0.4271742 0.2105103
Moved 2016.42 166.5765 472.6059 -0.4477395 0.2176077
Moved 2016.451 156.9446 475.0185 -0.4700357 0.2238129
Moved 2016.482 145.6321 476.7893 -0.4962219 0.2283675
Moved 2016.512 131.202 479.9327 -0.5296251 0.2364523
Moved 2016.543 125 481 -0.5439815 0.2391974
Moved 2016.574 122.4787 482 -0.5498177 0.2417695
Moved 2016.604 118.4754 483 -0.5590846 0.2443414
Moved 2016.635 115.7228 484.2772 -0.5654563 0.2476263
Moved 2016.666 113.9824 484 -0.5694852 0.2469135
Moved 2016.697 112.5445 485 -0.5728137 0.2494856
Ended 2016.727 112 485 -0.5740741 0.2494856
Delete 2016.789 LeftSwipe
Began 2017.342 573 465 0.4930556 0.1980452
Stationary 2017.372 573 465 0.4930556 0.1980452
Stationary 2017.403 573 465 0.4930556 0.1980452
Stationary 2017.434 573 465 0.4930556 0.1980452
Stationary 2017.465 573 465 0.4930556 0.1980452
Stationary 2017.495 573 465 0.4930556 0.1980452
Stationary 2017.526 573 465 0.4930556 0.1980452
Stationary 2017.557 573 465 0.4930556 0.1980452
Stationary 2017.587 573 465 0.4930556 0.1980452
Moved 2017.618 561.0279 465 0.4653423 0.1980452
Moved 2017.649 559.6322 474.5747 0.4621115 0.2226715
Moved 2017.68 557.1793 474.8207 0.4564335 0.2233043
Moved 2017.71 555.4872 477.5128 0.4525167 0.2302283
Moved 2017.741 552.734 479.266 0.4461436 0.2347375
Moved 2017.772 549.9616 484.0384 0.4397259 0.2470122
Moved 2017.802 547.6476 490.057 0.4343695 0.2624922
Moved 2017.833 543.7697 497.4606 0.4253929 0.2815345
Moved 2017.864 540.6195 504.3805 0.4181007 0.2993325
Moved 2017.895 539.1528 510.5417 0.4147055 0.3151792
Moved 2017.925 539 512.1693 0.4143518 0.3193654
Moved 2017.956 538 516.9256 0.4120371 0.3315987
Moved 2017.987 537 519.6816 0.4097222 0.3386871
Moved 2018.017 537 522.4245 0.4097222 0.3457419
Moved 2018.048 536 524.8977 0.4074074 0.3521031
Moved 2018.079 536 526.6558 0.4074074 0.3566248
Moved 2018.109 536 529.4181 0.4074074 0.3637296
Moved 2018.14 536 530 0.4074074 0.3652262
Moved 2018.171 536 531.222 0.4074074 0.3683694
Moved 2018.202 536 532 0.4074074 0.3703703
Moved 2018.232 536 534.1399 0.4074074 0.3758741
Moved 2018.263 536 536.3062 0.4074074 0.3814459
Moved 2018.294 536 537.1577 0.4074074 0.383636
Stationary 2018.324 536 537.1577 0.4074074 0.383636
Moved 2018.355 536 538.1156 0.4074074 0.3860998
Moved 2018.386 518.1647 538 0.366122 0.3858024
Moved 2018.417 475.0948 504.4181 0.2664232 0.2994292
Moved 2018.447 442.3045 486.257 0.1905196 0.2527184
Moved 2018.478 411.2614 471.6089 0.1186607 0.2150435
Moved 2018.509 391.726 460.4149 0.07343988 0.1862521
Moved 2018.539 371.5183 451.0793 0.02666285 0.1622409
Moved 2018.57 355.0206 445.2083 -0.0115264 0.1471405
Moved 2018.601 344.4061 442.1015 -0.03609707 0.1391499
Moved 2018.632 328.8477 437.7391 -0.07211183 0.1279296
Moved 2018.662 309.0956 432.2191 -0.1178342 0.1137322
Moved 2018.693 297 429.5 -0.1458333 0.1067386
Moved 2018.724 288.0848 428.0212 -0.1664703 0.1029352
Moved 2018.755 282.5911 426.6478 -0.1791872 0.09940257
Moved 2018.785 271.6699 423.89 -0.2044678 0.0923095
Moved 2018.816 263.276 421.138 -0.2238981 0.0852314
Moved 2018.847 256.4765 418.7383 -0.2396376 0.07905933
Moved 2018.877 248.9731 416.9866 -0.2570067 0.0745539
Moved 2018.908 240.9964 414.2491 -0.2754714 0.067513
Moved 2018.939 233.5104 413 -0.2928001 0.06430033
Moved 2018.969 229.0921 410.046 -0.3030276 0.05670264
Moved 2019 222.5884 407.2942 -0.3180824 0.04962493
Moved 2019.031 212.4819 403.1606 -0.3414771 0.03899331
Moved 2019.062 204.9858 399.4929 -0.3588291 0.02955994
Moved 2019.092 201.1039 397.7359 -0.3678151 0.02504086
Moved 2019.123 193.8366 394.6122 -0.3846375 0.01700664
Moved 2019.154 187.7383 391.8691 -0.3987538 0.009951374
Moved 2019.184 184.4076 390.4077 -0.4064638 0.006192447
Moved 2019.215 181.655 388.655 -0.4128355 0.001684668
Moved 2019.246 178.8971 387.8971 -0.4192196 -0.000264674
Moved 2019.277 177.5246 388 -0.4223966 -3.924585E-08
Moved 2019.307 175.7132 388 -0.4265898 -3.924585E-08
Stationary 2019.338 176 388 -0.4259259 -3.924585E-08
Stationary 2019.369 176 388 -0.4259259 -3.924585E-08
Moved 2019.399 184.7403 401.7403 -0.4056937 0.03534023
Moved 2019.43 192.0336 411.0336 -0.388811 0.05924283
Moved 2019.461 196.1381 415.1381 -0.3793099 0.06979966
Moved 2019.492 204.413 424.884 -0.3601551 0.09486606
Moved 2019.522 212.7927 432.7927 -0.3407577 0.1152076
Moved 2019.553 221.9993 443.6657 -0.3194461 0.143173
Moved 2019.584 230.2482 453.2482 -0.3003514 0.1678193
Moved 2019.614 238.5623 462.5623 -0.2811057 0.1917755
Moved 2019.645 244.2164 468.2164 -0.2680176 0.2063179
Moved 2019.676 249.7272 473.7272 -0.2552611 0.2204917
Moved 2019.707 255.2239 479.2239 -0.2425372 0.2346294
Moved 2019.737 259.7178 485.7178 -0.2321348 0.2513316
Moved 2019.768 267.3843 493.3843 -0.2143882 0.2710502
Moved 2019.799 271.8827 499.8827 -0.2039753 0.287764
Moved 2019.829 273.6369 501.6369 -0.1999145 0.2922758
Moved 2019.86 276.5 504.5 -0.193287 0.2996398
Moved 2019.891 278.9957 507.9957 -0.1875101 0.3086308
Moved 2019.922 281.747 510.7469 -0.1811412 0.3157071
Moved 2019.952 283.4955 513 -0.1770938 0.321502
Moved 2019.983 285.9238 514.9238 -0.1714726 0.3264501
Moved 2020.014 287.6499 516.6498 -0.1674771 0.3308894
Moved 2020.044 290.3989 518 -0.1611137 0.3343621
Moved 2020.075 293.1506 520 -0.1547439 0.3395061
Moved 2020.106 299.9405 522.9703 -0.1390266 0.3471457
Moved 2020.136 303.4488 523 -0.1309056 0.3472221
Moved 2020.167 305.0999 523 -0.1270835 0.3472221
Moved 2020.198 308.6863 523 -0.1187818 0.3472221
Moved 2020.229 312.5288 523 -0.1098869 0.3472221
Moved 2020.259 319.0337 510.9495 -0.09482949 0.3162281
Moved 2020.29 327.0943 503.6793 -0.07617051 0.2975289
Moved 2020.321 337 496.5 -0.05324075 0.2790637
Moved 2020.352 344.0551 490.9724 -0.03690938 0.2648467
Moved 2020.382 353.8172 482.9462 -0.01431202 0.2442032
Moved 2020.413 368.1697 469.3586 0.01891126 0.2092556
Moved 2020.444 391.2147 451.1544 0.07225633 0.1624341
Moved 2020.474 398.3823 442.6177 0.08884797 0.1404775
Moved 2020.505 404.0007 435.9993 0.1018534 0.123455
Moved 2020.536 412.8262 425.1738 0.1222829 0.09561142
Moved 2020.567 418.3348 418.9978 0.1350342 0.07972678
Moved 2020.597 425.2516 413.1656 0.1510453 0.06472623
Moved 2020.628 431.3286 408.8358 0.1651124 0.05358982
Moved 2020.659 439.744 403.1707 0.1845925 0.03901925
Moved 2020.689 446.1533 399.2311 0.1994289 0.02888664
Moved 2020.72 453.4091 395.7273 0.2162247 0.01987469
Moved 2020.751 460.8042 391.0979 0.233343 0.00796785
Moved 2020.781 467.5 386 0.2488426 -0.005144111
Moved 2020.812 471.2027 380.6959 0.2574137 -0.01878629
Moved 2020.843 477.7423 376.2576 0.2725517 -0.03020165
Moved 2020.874 483.6412 371.3588 0.2862064 -0.04280145
Moved 2020.904 487.0798 367.9202 0.2941661 -0.05164558
Moved 2020.935 493.7101 364.145 0.3095141 -0.06135556
Moved 2020.966 498.2239 361.7761 0.3199627 -0.06744832
Moved 2020.996 505.0878 358.6374 0.3358514 -0.07552119
Moved 2021.027 510.5836 357.2082 0.348573 -0.07919712
Moved 2021.058 517.0865 356 0.3636261 -0.0823046
Moved 2021.089 522.5801 354.71 0.376343 -0.0856226
Moved 2021.119 526.0478 355 0.3843699 -0.08487654
Moved 2021.15 527.4552 355 0.3876278 -0.08487654
Moved 2021.181 528 355 0.3888889 -0.08487654
Moved 2021.212 529 362.9172 0.3912036 -0.06451327
Moved 2021.242 529 371.5 0.3912036 -0.04243827
Moved 2021.273 529 388.2891 0.3912036 0.0007435127
Moved 2021.304 514.1102 417.5042 0.3567365 0.07588512
Moved 2021.334 505.571 452.4307 0.3369698 0.1657168
Moved 2021.365 501.7882 471.6354 0.3282135 0.2151114
Moved 2021.396 497.2221 493.0007 0.3176437 0.2700634
Moved 2021.427 493.3491 515.8578 0.3086786 0.3288524
Moved 2021.457 489.3971 537.4114 0.2995304 0.3842885
Moved 2021.488 488.1384 542.4465 0.2966167 0.3972388
Moved 2021.519 486.3942 550.2117 0.2925791 0.417211
Moved 2021.549 484.638 555.724 0.2885139 0.4313888
Moved 2021.58 484 559.1173 0.287037 0.4401165
Moved 2021.611 483 561.5505 0.2847222 0.4463747
Moved 2021.641 483 563.1544 0.2847222 0.4504998
Moved 2021.672 482 565.0278 0.2824074 0.4553185
Stationary 2021.703 482 565.0278 0.2824074 0.4553185
Moved 2021.734 481 566 0.2800926 0.4578188
Moved 2021.764 478.1017 559.356 0.2733836 0.4407302
Moved 2021.795 471.1728 540.6389 0.2573444 0.3925896
Moved 2021.826 465.7742 522.0967 0.2448476 0.344899
Moved 2021.856 458.1912 495.7647 0.2272944 0.2771725
Moved 2021.887 454.3394 476.3757 0.2183782 0.2273038
Moved 2021.918 452 455.9919 0.2129629 0.1748763
Moved 2021.949 449.144 434.4399 0.2063518 0.1194442
Moved 2021.979 447 419.5779 0.2013889 0.0812187
Moved 2022.01 446 400.4126 0.199074 0.03192532
Moved 2022.041 444.8571 383.2857 0.1964286 -0.01212524
Moved 2022.071 445 372.58 0.1967593 -0.03966045
Moved 2022.102 445 362.8959 0.1967593 -0.06456822
Moved 2022.133 445 353.5469 0.1967593 -0.08861408
Moved 2022.164 444.3374 344.3498 0.1952256 -0.1122691
Moved 2022.194 442.6869 328.1216 0.1914049 -0.1540083
Ended 2022.225 443 326 0.1921296 -0.1594652
Candidates 2022.317 13 passion pain poison person patron powerful opposition parking payroll paying posting position listing
Began 2022.655 432 235 0.1666667 -0.3935186
Stationary 2022.686 432 235 0.1666667 -0.3935186
Stationary 2022.716 432 235 0.1666667 -0.3935186
Stationary 2022.747 432 235 0.1666667 -0.3935186
Moved 2022.778 423.7872 246.2129 0.1476555 -0.3646788
Moved 2022.809 423 247.9684 0.1458333 -0.3601637
Moved 2022.839 422 250.5 0.1435185 -0.3536523
Stationary 2022.87 422 250.5 0.1435185 -0.3536523
Moved 2022.901 422 251.1423 0.1435185 -0.3520001
Moved 2022.931 421 252.2213 0.1412037 -0.3492251
Stationary 2022.962 421 252.2213 0.1412037 -0.3492251
Moved 2022.993 419.9201 252 0.138704 -0.3497943
Moved 2023.024 420 253.0565 0.1388889 -0.3470768
Stationary 2023.054 420 253.0565 0.1388889 -0.3470768
Moved 2023.085 418.8634 253 0.1362579 -0.3472223
Moved 2023.116 418 256.4844 0.1342593 -0.3382604
Moved 2023.146 413.7642 263.4716 0.1244541 -0.3202891
Moved 2023.177 411.0035 270.9896 0.1180636 -0.3009528
Moved 2023.208 407.6449 281.7755 0.1102891 -0.2732114
Moved 2023.239 397.1058 310.2354 0.08589318 -0.2000119
Moved 2023.269 383.0297 341.9347 0.0533095 -0.1184807
Moved 2023.3 376.4808 357.5576 0.03815005 -0.07829838
Moved 2023.331 368.2426 377.0827 0.01908024 -0.02807947
Moved 2023.361 360.1195 396.6814 0.0002765656 0.02232865
Moved 2023.392 354.5481 410.3558 -0.01262024 0.05749953
Moved 2023.423 350.5261 421.8954 -0.02193029 0.08717956
Moved 2023.454 348.1329 430.4684 -0.02747014 0.1092293
Moved 2023.484 346 443.9883 -0.03240739 0.1440029
Moved 2023.515 344.6209 446.7582 -0.03559976 0.151127
Moved 2023.546 344.128 449.8721 -0.03674085 0.1591359
Moved 2023.576 344 453.5956 -0.03703703 0.1687128
Moved 2023.607 343 456.3619 -0.03935183 0.1758278
Moved 2023.638 343 458.1187 -0.03935183 0.1803464
Ended 2023.669 342 459 -0.04166668 0.1826131
Accept 2023.761 0 passion
Candidates 2023.761 13 by ng md my me nt mr ny nd mg mt nr be
Began 2024.467 382 395 0.05092591 0.01800408
Stationary 2024.498 382 395 0.05092591 0.01800408
Moved 2024.529 362.0232 401.2042 0.004683236 0.03396144
Moved 2024.559 334.031 409.9922 -0.06011347 0.05656438
Moved 2024.59 304.8811 416.3052 -0.1275901 0.07280126
Moved 2024.621 274.1354 419.8968 -0.1987606 0.08203895
Moved 2024.651 252.3615 421.6627 -0.2491631 0.08658091
Moved 2024.682 235.8567 424.4286 -0.2873687 0.09369497
Moved 2024.713 219.9218 425.8683 -0.324255 0.09739781
Moved 2024.744 201.6317 427.624 -0.3665932 0.1019136
Moved 2024.774 187.1447 430.3711 -0.400128 0.1089791
Moved 2024.805 174.3302 434.2679 -0.4297911 0.1190017
Moved 2024.836 165.84 436.54 -0.4494445 0.1248456
Moved 2024.866 155.0898 439.3034 -0.4743292 0.1319531
Moved 2024.897 145.8191 441.0603 -0.4957892 0.1364719
Moved 2024.928 140 442 -0.5092592 0.1388888
Moved 2024.958 131.2062 444 -0.5296153 0.1440329
Moved 2024.989 125.9878 446 -0.541695 0.1491768
Moved 2025.02 120.4559 447.772 -0.5545002 0.1537345
Moved 2025.051 114.7143 451.2856 -0.5677908 0.1627716
Moved 2025.081 107.1745 453.9418 -0.5852443 0.1696034
Moved 2025.112 100.5794 456.7103 -0.6005107 0.1767239
Moved 2025.143 94.03625 458.4819 -0.6156569 0.1812804
Moved 2025.173 87.17848 460.9405 -0.6315313 0.187604
Ended 2025.204 83.05322 463.6312 -0.6410805 0.1945245
Accept 2025.266 0 by
Delete 2025.266 LeftSwipe
Began 2025.788 317 403 -0.09953702 0.03858017
Stationary 2025.818 317 403 -0.09953702 0.03858017
Stationary 2025.849 317 403 -0.09953702 0.03858017
Moved 2025.88 300.8753 411.5745 -0.1368627 0.06063398
Moved 2025.911 285.9664 418.0168 -0.171374 0.07720359
Moved 2025.941 273.2847 423.8576 -0.2007298 0.09222631
Moved 2025.972 262.2262 427.1935 -0.2263283 0.1008062
Moved 2026.003 249.5371 430.6926 -0.2557011 0.1098059
Moved 2026.033 236.6605 435.3349 -0.285508 0.121746
Moved 2026.064 228.7284 440.181 -0.3038693 0.1342104
Moved 2026.095 219.4457 444.8514 -0.325357 0.1462228
Moved 2026.126 211.0896 450.6828 -0.3446999 0.1612211
Moved 2026.156 201.8423 454.0526 -0.3661058 0.1698881
Moved 2026.187 192.56 457.8133 -0.3875925 0.1795609
Moved 2026.218 186.3121 461.1253 -0.4020554 0.1880794
Moved 2026.248 181.0529 463.9736 -0.4142293 0.1954052
Moved 2026.279 172.7808 468.4794 -0.4333777 0.2069943
Moved 2026.31 163 471.5 -0.4560185 0.2147633
Moved 2026.341 150.8872 474.2782 -0.4840574 0.2219088
Moved 2026.371 137.0197 477.7451 -0.516158 0.2308257
Moved 2026.402 125.9851 482.0074 -0.5417013 0.2417886
Moved 2026.433 114.964 486.259 -0.567213 0.2527238
Moved 2026.463 105.671 488.7763 -0.5887244 0.2591983
Moved 2026.494 95.59472 492.4684 -0.6120493 0.2686945
Moved 2026.525 85.32487 496.225 -0.6358219 0.2783565
Moved 2026.556 81.02122 497 -0.6457843 0.2803498
Moved 2026.586 78.29993 498.35 -0.6520835 0.283822
Ended 2026.617 77.69447 499.3055 -0.653485 0.2862796
Delete 2026.678 LeftSwipe
Backspace 2027.078
Began 2027.845 411 261 0.1180555 -0.3266461
Stationary 2027.876 411 261 0.1180555 -0.3266461
Stationary 2027.907 411 261 0.1180555 -0.3266461
Stationary 2027.938 411 261 0.1180555 -0.3266461
Stationary 2027.968 411 261 0.1180555 -0.3266461
Stationary 2027.999 411 261 0.1180555 -0.3266461
Stationary 2028.03 411 261 0.1180555 -0.3266461
Moved 2028.06 411 270.7606 0.1180555 -0.3015417
Moved 2028.091 402.5565 275.8869 0.09851047 -0.2883567
Moved 2028.122 399.7945 280.411 0.09211688 -0.2767207
Moved 2028.152 398.0463 284.9075 0.08807003 -0.2651557
Moved 2028.183 395.6808 288.6385 0.08259435 -0.2555594
Moved 2028.214 393.8412 292.1588 0.07833619 -0.2465053
Moved 2028.245 391.0995 298.7014 0.07198969 -0.2296776
Moved 2028.275 385.688 307.624 0.05946298 -0.2067285
Moved 2028.306 379.7361 320.5278 0.04568537 -0.1735395
Moved 2028.337 371.4656 338.0688 0.02654066 -0.1284237
Moved 2028.368 362.1753 353.0411 0.0050354 -0.08991477
Moved 2028.398 352.896 364.472 -0.01644447 -0.0605146
Moved 2028.429 344.6872 375.0837 -0.03544623 -0.03322107
Moved 2028.46 336.9176 386.6236 -0.05343139 -0.003540172
Moved 2028.49 330.1175 395.8825 -0.06917238 0.02027386
Moved 2028.521 325.4006 402.5994 -0.08009111 0.03754977
Moved 2028.552 317.5 409 -0.09837966 0.05401234
Moved 2028.583 311.1965 413.2678 -0.1129711 0.06498917
Moved 2028.613 305.935 418.065 -0.1251505 0.07732759
Moved 2028.644 301.3249 420.3375 -0.1358219 0.08317256
Moved 2028.675 295.5869 423.2065 -0.1491044 0.09055176
Moved 2028.705 293.0358 424.9642 -0.1550097 0.09507241
Moved 2028.736 290.5 426.5 -0.1608796 0.09902258
Moved 2028.767 289.6868 427.3132 -0.162762 0.101114
Moved 2028.797 288.7613 428.2388 -0.1649045 0.1034947
Moved 2028.828 293.7246 432.0248 -0.1534152 0.1132325
Moved 2028.859 312.4965 444.1853 -0.1099619 0.1445094
Moved 2028.89 331.0797 456.4741 -0.0669452 0.1761164
Moved 2028.92 350.416 470.1543 -0.0221852 0.2113022
Moved 2028.951 368.2781 481.5187 0.0191622 0.2405316
Moved 2028.982 382.9998 492.1665 0.05324035 0.2679179
Moved 2029.013 398.6337 504.1069 0.08942981 0.2986289
Moved 2029.043 410.1548 512.8661 0.1160992 0.3211577
Moved 2029.074 422.24 521.144 0.1440739 0.3424484
Moved 2029.105 430.1413 528.1413 0.1623641 0.3604456
Moved 2029.135 441.0299 534.515 0.1875693 0.3768388
Moved 2029.166 447.9927 540.9951 0.2036868 0.3935058
Moved 2029.197 452.7404 544.7404 0.2146769 0.4031388
Moved 2029.228 455.1454 546.1454 0.220244 0.4067526
Moved 2029.258 457.5 547.5 0.2256945 0.4102365
Moved 2029.289 459 548 0.2291666 0.4115225
Moved 2029.32 460.0228 548 0.2315342 0.4115225
Moved 2029.35 461.2191 548 0.2343035 0.4115225
Moved 2029.381 455.2713 516.7252 0.2205354 0.3310834
Moved 2029.412 443.4672 484.0183 0.193211 0.2469606
Moved 2029.443 440.1371 460.5081 0.1855025 0.186492
Moved 2029.473 436.4218 428.7963 0.1769023 0.1049286
Moved 2029.504 433.6557 397.5235 0.1704993 0.02449455
Moved 2029.535 432 371.9757 0.1666667 -0.04121482
Moved 2029.565 431 351.5574 0.1643519 -0.09373103
Moved 2029.596 429 324.0719 0.1597223 -0.1644242
Moved 2029.627 426.9548 303.7288 0.154988 -0.2167469
Moved 2029.657 427 285.9183 0.1550926 -0.262556
Moved 2029.688 427 270.9233 0.1550926 -0.3011231
Moved 2029.719 426 260.9721 0.1527777 -0.3267179
Moved 2029.75 426 254.6805 0.1527777 -0.3428998
Moved 2029.78 424.5 249.5 0.1493056 -0.3562243
Moved 2029.811 425 245.0322 0.150463 -0.3677154
Moved 2029.842 425 241.2667 0.150463 -0.3774005
Moved 2029.872 425 238.5 0.150463 -0.3845166
Moved 2029.903 425 237.0287 0.150463 -0.3883007
Moved 2029.934 425 235.2688 0.150463 -0.3928272
Moved 2029.965 423.5195 234 0.1470359 -0.3960905
Moved 2029.995 424 232.6404 0.1481481 -0.3995876
Moved 2030.026 422.3312 233 0.1442852 -0.3986626
Moved 2030.057 416.7495 233 0.1313647 -0.3986626
Moved 2030.088 394.1445 260.8555 0.07903815 -0.3270178
Moved 2030.118 373.2446 287.6506 0.03065874 -0.2581005
Moved 2030.149 352.3518 311.013 -0.01770417 -0.1980119
Moved 2030.18 337.4917 328.7624 -0.05210246 -0.1523602
Moved 2030.21 325.4576 342.5424 -0.07995928 -0.1169177
Moved 2030.241 315 351.5 -0.1041667 -0.0938786
Moved 2030.272 302.4976 360.3015 -0.1331073 -0.07124119
Moved 2030.302 291.552 367.724 -0.1584444 -0.05215029
Moved 2030.333 282.7728 373.2272 -0.1787666 -0.03799603
Moved 2030.364 274.9318 377.017 -0.196917 -0.02824846
Moved 2030.395 264.7029 384.2971 -0.220595 -0.009524027
Moved 2030.425 260.5 385.5 -0.2303241 -0.006430119
Moved 2030.456 256.7283 388.2717 -0.2390549 0.0006988117
Moved 2030.487 253.2662 390.7338 -0.2470689 0.007031209
Moved 2030.517 250.5089 392 -0.2534515 0.01028803
Moved 2030.548 247.7586 394.2415 -0.2598181 0.01605305
Moved 2030.579 245.9999 395 -0.263889 0.01800408
Moved 2030.61 244.57 396.43 -0.2671991 0.02168196
Ended 2030.64 243.8128 396 -0.2689518 0.02057605
Candidates 2030.732 13 brings meetings coins buying buttons beyond bind sound find bound beings found bring
Began 2032.729 342 347 -0.04166668 -0.1054527
Moved 2032.76 298.9782 347 -0.1412542 -0.1054527
Moved 2032.79 255.7753 355.0381 -0.2412608 -0.08477843
Moved 2032.821 219.9103 359.6741 -0.3242817 -0.07285459
Moved 2032.852 181.1295 367.9677 -0.4140521 -0.0515236
Moved 2032.882 146.0657 373.2548 -0.4952183 -0.03792492
Moved 2032.913 123.9187 379.6938 -0.5464845 -0.02136372
Moved 2032.944 108.9228 382 -0.5811972 -0.01543218
Moved 2032.974 104.7832 382 -0.5907796 -0.01543218
Ended 2033.005 101 383 -0.5995371 -0.01286016
Accept 2033.067 0 brings
Delete 2033.067 LeftSwipe
Backspace 2036.906
Backspace 2038.472
Began 2040.223 330 379 -0.06944443 -0.02314815
Stationary 2040.253 330 379 -0.06944443 -0.02314815
Stationary 2040.284 330 379 -0.06944443 -0.02314815
Stationary 2040.315 330 379 -0.06944443 -0.02314815
Stationary 2040.345 330 379 -0.06944443 -0.02314815
Stationary 2040.376 330 379 -0.06944443 -0.02314815
Stationary 2040.407 330 379 -0.06944443 -0.02314815
Stationary 2040.438 330 379 -0.06944443 -0.02314815
Stationary 2040.468 330 379 -0.06944443 -0.02314815
Stationary 2040.499 330 379 -0.06944443 -0.02314815
Stationary 2040.53 330 379 -0.06944443 -0.02314815
Stationary 2040.56 330 379 -0.06944443 -0.02314815
Stationary 2040.591 330 379 -0.06944443 -0.02314815
Moved 2040.622 330 389.2642 -0.06944443 0.003251323
Moved 2040.652 330 390.3606 -0.06944443 0.006071412
Moved 2040.683 330 392.5 -0.06944443 0.01157403
Moved 2040.714 330 394.2076 -0.06944443 0.01596616
Moved 2040.745 330 396.1688 -0.06944443 0.02101031
Stationary 2040.775 330 396.1688 -0.06944443 0.02101031
Moved 2040.806 330 398.0948 -0.06944443 0.02596412
Moved 2040.837 330 399.908 -0.06944443 0.03062754
Moved 2040.868 330 402.6585 -0.06944443 0.03770185
Moved 2040.898 330 406.8594 -0.06944443 0.0485067
Moved 2040.929 338.4906 418.7925 -0.04979029 0.07919876
Moved 2040.96 359.2617 439.2617 -0.001709064 0.1318459
Moved 2040.99 377.2446 455.8705 0.03991812 0.1745641
Moved 2041.021 396.6993 472.6993 0.08495222 0.217848
Moved 2041.052 411.7773 483.8218 0.1198547 0.2464551
Moved 2041.082 422.902 493.902 0.1456064 0.2723816
Moved 2041.113 428.3981 499.3981 0.1583289 0.2865177
Moved 2041.144 438.5954 506.9465 0.1819337 0.3059323
Moved 2041.175 448.1794 513.8845 0.2041189 0.3237769
Moved 2041.205 457.1685 520.1685 0.2249272 0.3399396
Moved 2041.236 465.448 525.632 0.2440925 0.3539915
Moved 2041.267 476.2001 532.6 0.2689816 0.3719136
Moved 2041.297 481.7139 536.3569 0.2817451 0.3815764
Moved 2041.328 482.7374 537.7374 0.2841144 0.385127
Moved 2041.359 486.4982 539.4982 0.2928199 0.3896557
Moved 2041.39 487.5 540.5 0.2951388 0.3922324
Moved 2041.42 489.3094 541 0.2993275 0.3935184
Moved 2041.451 490.3621 542.3621 0.301764 0.3970217
Moved 2041.482 491 543.5 0.3032407 0.3999484
Moved 2041.512 492 543 0.3055556 0.3986624
Stationary 2041.543 492 543 0.3055556 0.3986624
Stationary 2041.574 492 543 0.3055556 0.3986624
Moved 2041.605 492 525.0922 0.3055556 0.3526034
Moved 2041.635 482.2549 505.0195 0.2829974 0.3009759
Moved 2041.666 476.7582 489.1537 0.2702736 0.2601688
Moved 2041.697 472.1242 468.6209 0.2595467 0.2073582
Moved 2041.727 468.5211 454.8026 0.2512061 0.1718174
Moved 2041.758 465.9229 437.5375 0.2451919 0.1274113
Moved 2041.789 463.1595 418.1169 0.2387953 0.07746103
Moved 2041.82 462 400.9865 0.2361111 0.03340124
Moved 2041.85 459.9991 385.9941 0.2314795 -0.005159338
Moved 2041.881 457.2468 368.7276 0.2251084 -0.04956893
Moved 2041.912 457 353.3882 0.2245371 -0.08902223
Moved 2041.942 456 339.5926 0.2222222 -0.1245047
Moved 2041.973 453.2614 327.3071 0.2158829 -0.1561031
Moved 2042.004 452 316.0676 0.2129629 -0.1850114
Moved 2042.035 451 307.2775 0.2106482 -0.2076196
Moved 2042.065 449.253 297.7591 0.2066042 -0.2321012
Moved 2042.096 446.5704 288.7111 0.2003944 -0.2553727
Moved 2042.127 445 273.8147 0.1967593 -0.2936865
Moved 2042.157 443.0474 266.0948 0.1922394 -0.313542
Moved 2042.188 443 261.6783 0.1921296 -0.3249014
Moved 2042.219 442 255.6534 0.1898148 -0.3403975
Moved 2042.25 441 252.0707 0.1875 -0.3496124
Moved 2042.28 440 248.3052 0.1851852 -0.3592975
Moved 2042.311 438.8593 245.8593 0.1825446 -0.3655883
Moved 2042.342 439 243.092 0.1828703 -0.3727056
Moved 2042.372 438 240.5 0.1805556 -0.3793725
Moved 2042.403 436.561 238.561 0.1772246 -0.3843596
Moved 2042.434 437 237.6945 0.1782407 -0.3865883
Moved 2042.464 435.7952 236.7952 0.1754517 -0.3889014
Moved 2042.495 434.8733 237 0.1733178 -0.3883744
Moved 2042.526 432.259 237 0.1672661 -0.3883744
Moved 2042.557 423.8188 249.7717 0.1477287 -0.3555254
Moved 2042.587 412.5545 265.1682 0.121654 -0.3159254
Moved 2042.618 398.4652 282.8556 0.0890399 -0.2704331
Moved 2042.649 386.3675 298.1589 0.06103595 -0.2310727
Moved 2042.68 374.8583 310.8563 0.03439426 -0.198415
Moved 2042.71 365.8706 323.1295 0.01358926 -0.1668481
Moved 2042.741 354.3052 336.6948 -0.01318231 -0.131958
Moved 2042.772 348.9945 340.7542 -0.02547567 -0.1215171
Moved 2042.802 339.897 349.0772 -0.04653464 -0.1001101
Moved 2042.833 332.6149 355.5901 -0.06339153 -0.08335891
Moved 2042.864 324.5 361 -0.08217593 -0.06944452
Moved 2042.895 316.9931 365.0046 -0.09955303 -0.05914468
Moved 2042.925 308.6932 368.5378 -0.1187656 -0.05005706
Moved 2042.956 300.5 373 -0.1377315 -0.03858032
Moved 2042.987 294.115 374.9425 -0.1525116 -0.03358409
Moved 2043.017 287.6429 379.3571 -0.1674933 -0.02222971
Moved 2043.048 282.1337 382.8663 -0.1802461 -0.01320395
Moved 2043.079 277.628 384 -0.190676 -0.01028807
Moved 2043.109 273.7471 386.6264 -0.1996594 -0.00353303
Moved 2043.14 269.2452 388.3774 -0.2100805 0.0009705892
Moved 2043.171 268.2525 388.7475 -0.2123785 0.001922497
Moved 2043.202 263.13 390 -0.2242361 0.005143954
Moved 2043.232 260.7241 391 -0.2298054 0.007715971
Moved 2043.263 259 392.0345 -0.2337963 0.01037668
Moved 2043.294 257.2191 392.7809 -0.2379188 0.01229667
Moved 2043.324 255.7337 393 -0.2413571 0.01285996
Ended 2043.355 256 393 -0.2407407 0.01285996
Candidates 2043.447 13 find fund found fond films finds things rooms funds songs some round hong
Began 2043.724 197 383 -0.3773148 -0.01286016
Stationary 2043.754 197 383 -0.3773148 -0.01286016
Stationary 2043.785 197 383 -0.3773148 -0.01286016
Stationary 2043.816 197 383 -0.3773148 -0.01286016
Stationary 2043.847 197 383 -0.3773148 -0.01286016
Stationary 2043.877 197 383 -0.3773148 -0.01286016
Stationary 2043.908 197 383 -0.3773148 -0.01286016
Stationary 2043.939 197 383 -0.3773148 -0.01286016
Stationary 2043.969 197 383 -0.3773148 -0.01286016
Stationary 2044 197 383 -0.3773148 -0.01286016
Stationary 2044.031 197 383 -0.3773148 -0.01286016
Stationary 2044.062 197 383 -0.3773148 -0.01286016
Stationary 2044.092 197 383 -0.3773148 -0.01286016
Stationary 2044.123 197 383 -0.3773148 -0.01286016
Stationary 2044.154 197 383 -0.3773148 -0.01286016
Stationary 2044.184 197 383 -0.3773148 -0.01286016
Stationary 2044.215 197 383 -0.3773148 -0.01286016
Ended 2044.245 197 383 -0.3773148 -0.01286016
Accept 2044.338 0 find
Candidates 2044.338 5 a s d f z
Began 2044.829 495 181 0.3125 -0.5324075
Stationary 2044.86 495 181 0.3125 -0.5324075
Stationary 2044.891 495 181 0.3125 -0.5324075
Stationary 2044.922 495 181 0.3125 -0.5324075
Stationary 2044.952 495 181 0.3125 -0.5324075
Stationary 2044.983 495 181 0.3125 -0.5324075
Stationary 2045.014 495 181 0.3125 -0.5324075
Stationary 2045.044 495 181 0.3125 -0.5324075
Stationary 2045.075 495 181 0.3125 -0.5324075
Moved 2045.106 484.9583 181 0.2892553 -0.5324075
Moved 2045.136 483.1443 181 0.2850563 -0.5324075
Moved 2045.167 481.8935 181 0.2821608 -0.5324075
Moved 2045.198 479.9957 181 0.2777679 -0.5324075
Moved 2045.229 477.2259 181 0.2713563 -0.5324075
Moved 2045.259 471.9185 181 0.2590705 -0.5324075
Moved 2045.29 461.0527 192.9684 0.2339183 -0.5016246
Moved 2045.321 448.2313 204.0149 0.2042392 -0.4732128
Moved 2045.351 438.5 212.5 0.181713 -0.451389
Moved 2045.382 428.0049 226.2439 0.1574187 -0.4160394
Moved 2045.413 422.6814 233.9779 0.1450958 -0.3961474
Moved 2045.444 417.1535 239.8466 0.1322998 -0.3810531
Moved 2045.474 412.6417 245.3583 0.1218557 -0.3668769
Moved 2045.505 410.2761 249.4478 0.1163799 -0.3563587
Moved 2045.536 406.2017 254.7983 0.1069484 -0.3425969
Moved 2045.566 403.8449 260.3101 0.1014929 -0.3284205
Moved 2045.597 401.0971 267.7086 0.09513228 -0.3093916
Moved 2045.628 400 274.7537 0.09259263 -0.2912714
Moved 2045.659 398.9038 283.2885 0.09005516 -0.2693197
Moved 2045.689 399 289.7079 0.09027779 -0.252809
Moved 2045.72 398 294.6185 0.08796295 -0.2401787
Moved 2045.751 396.9767 299.0466 0.08559426 -0.2287897
Moved 2045.781 394.2285 303.543 0.07923265 -0.2172248
Moved 2045.812 389.9579 309.5631 0.06934712 -0.201741
Moved 2045.843 385.7253 315.5495 0.05954922 -0.186344
Moved 2045.873 376.1701 326.5374 0.03743073 -0.1580829
Moved 2045.904 362.6679 342.7985 0.006175736 -0.1162589
Moved 2045.935 349.8745 356.1255 -0.02343863 -0.08198185
Moved 2045.966 340.0771 371.1151 -0.0461178 -0.04342844
Moved 2045.996 329.8438 389.3123 -0.06980593 0.003375222
Moved 2046.027 320.5305 404.7824 -0.09136448 0.04316459
Moved 2046.058 308.4516 425.0968 -0.119325 0.09541354
Moved 2046.089 306.4392 430.402 -0.1239833 0.1090585
Moved 2046.119 297.6724 443.546 -0.1442769 0.1428652
Moved 2046.15 288.2213 460.0383 -0.1661544 0.1852835
Moved 2046.181 286.7212 463.9182 -0.1696268 0.1952626
Moved 2046.211 281.8716 471.1926 -0.1808528 0.2139727
Moved 2046.242 277.1841 480.6318 -0.1917034 0.2382504
Moved 2046.273 273.431 487.569 -0.2003911 0.2560929
Moved 2046.303 270.6775 491.3225 -0.206765 0.2657471
Moved 2046.334 268.2784 495.7216 -0.2123186 0.2770617
Moved 2046.365 267 499.472 -0.2152778 0.2867076
Moved 2046.396 264.7729 502.2272 -0.2204332 0.2937941
Moved 2046.426 264 504.7479 -0.2222222 0.3002773
Moved 2046.457 263 506.4244 -0.2245371 0.3045894
Moved 2046.488 260.9106 507 -0.2293735 0.3060699
Moved 2046.518 261 508.5 -0.2291666 0.3099279
Moved 2046.549 258.7434 509 -0.2343902 0.3112139
Moved 2046.58 256.9033 509 -0.2386498 0.3112139
Moved 2046.611 253.3048 509 -0.2469797 0.3112139
Moved 2046.641 246.1614 499.1614 -0.2635153 0.2859088
Moved 2046.672 238.7829 490.7104 -0.2805953 0.2641729
Moved 2046.703 227.7029 474.8785 -0.3062434 0.2234529
Moved 2046.734 219.2487 459.0811 -0.3258132 0.1828217
Moved 2046.764 209.9789 442.9578 -0.347271 0.1413524
Moved 2046.795 203.6812 430.1353 -0.3618491 0.1083726
Moved 2046.826 196.9506 417.9011 -0.3774293 0.0769061
Moved 2046.856 191.1543 406.8724 -0.3908465 0.04854021
Moved 2046.887 188.2276 398.6827 -0.3976214 0.02747598
Moved 2046.918 186 392.0894 -0.4027778 0.01051797
Moved 2046.948 182.7829 386.7828 -0.4102249 -0.003130603
Moved 2046.979 182.0302 381.0603 -0.4119672 -0.01784909
Moved 2047.01 182 377.3597 -0.412037 -0.02736708
Moved 2047.041 182 372.4496 -0.412037 -0.03999584
Moved 2047.071 182 371.0722 -0.412037 -0.04353864
Moved 2047.102 182 369.6985 -0.412037 -0.04707187
Moved 2047.133 182 369 -0.412037 -0.04886839
Moved 2047.163 192.725 369 -0.3872106 -0.04886839
Moved 2047.194 198.8662 369 -0.3729948 -0.04886839
Moved 2047.225 209.8638 381.3549 -0.3475374 -0.01709133
Moved 2047.256 219.342 386.5065 -0.3255972 -0.003841227
Moved 2047.286 230.7565 397.7565 -0.2991747 0.02509388
Moved 2047.317 238.0467 407.3956 -0.2822993 0.04988584
Moved 2047.348 244.6723 415.5085 -0.2669622 0.07075223
Moved 2047.379 251.0724 424.6086 -0.2521473 0.09415779
Moved 2047.409 256.5895 433.8843 -0.2393761 0.118015
Moved 2047.44 261.0846 442.1269 -0.2289708 0.1392152
Moved 2047.471 265.6593 448.989 -0.2183812 0.1568647
Moved 2047.501 270.4214 456.4214 -0.2073579 0.1759809
Moved 2047.532 274.9768 461.9536 -0.196813 0.1902096
Moved 2047.563 278.7449 466.4899 -0.1880905 0.2018771
Moved 2047.594 282.188 470.376 -0.1801203 0.2118725
Moved 2047.624 285.9378 472.9378 -0.1714402 0.2184614
Moved 2047.655 288.6843 475.6843 -0.1650826 0.2255255
Moved 2047.686 290 478.4318 -0.162037 0.2325919
Moved 2047.716 292.8399 480.8398 -0.1554633 0.2387855
Moved 2047.747 294.5855 483.5855 -0.1514224 0.2458474
Moved 2047.778 296.3378 486.3378 -0.1473662 0.2529263
Moved 2047.808 297.8414 488.8414 -0.1438857 0.2593656
Moved 2047.839 299.5 491.5 -0.1400463 0.2662036
Moved 2047.87 300 494.5884 -0.1388889 0.274147
Moved 2047.901 302.4167 497.4167 -0.1332946 0.2814214
Moved 2047.931 302 498.3528 -0.1342593 0.2838291
Moved 2047.962 303.3581 499.3581 -0.1311155 0.2864148
Moved 2047.993 303.9711 501 -0.1296966 0.2906378
Moved 2048.023 304 502.3461 -0.1296296 0.2940999
Moved 2048.054 304 504.0508 -0.1296296 0.2984845
Moved 2048.085 305.489 504 -0.126183 0.2983539
Moved 2048.115 305.9937 506 -0.1250145 0.3034978
Moved 2048.146 306.5 506 -0.1238426 0.3034978
Moved 2048.177 306 507.1877 -0.125 0.3065526
Moved 2048.208 307.1827 508 -0.1222622 0.3086419
Moved 2048.238 307 509.3591 -0.1226852 0.3121376
Moved 2048.269 308.2296 510.2297 -0.1198388 0.3143766
Moved 2048.3 308 511.03 -0.1203704 0.316435
Stationary 2048.331 308 511.03 -0.1203704 0.316435
Moved 2048.361 309.1194 512.1194 -0.1177791 0.3192372
Stationary 2048.392 309.1194 512.1194 -0.1177791 0.3192372
Stationary 2048.423 309.1194 512.1194 -0.1177791 0.3192372
Stationary 2048.453 309.1194 512.1194 -0.1177791 0.3192372
Stationary 2048.484 309 512 -0.1180555 0.31893
Stationary 2048.515 309 512 -0.1180555 0.31893
Stationary 2048.546 309 512 -0.1180555 0.31893
Moved 2048.576 311 506.8397 -0.113426 0.3056575
Moved 2048.607 313.4094 499.1813 -0.1078487 0.28596
Moved 2048.638 314.8152 493.3696 -0.1045944 0.2710122
Moved 2048.668 316.5639 485.3084 -0.1005466 0.2502788
Moved 2048.699 318.3168 474.7327 -0.0964888 0.2230778
Moved 2048.73 320 463.7413 -0.09259259 0.1948079
Moved 2048.76 321 453 -0.09027779 0.167181
Moved 2048.791 325.2692 436.1155 -0.08039539 0.1237539
Moved 2048.822 331.1322 413.6475 -0.06682362 0.06596561
Moved 2048.853 335.6463 400.061 -0.05637422 0.03102114
Moved 2048.883 344.6821 382.6359 -0.03545815 -0.01379664
Moved 2048.914 351.9233 364.1534 -0.01869604 -0.06133397
Moved 2048.945 358.4628 351.343 -0.003558249 -0.09428252
Moved 2048.975 363.4425 341.1149 0.007968843 -0.1205892
Moved 2049.006 368.9739 325.0652 0.02077301 -0.1618695
Moved 2049.037 372 314.7822 0.02777775 -0.1883175
Moved 2049.068 375.4958 305.5125 0.03586997 -0.2121593
Moved 2049.098 376.9211 299.2366 0.0391692 -0.2283009
Moved 2049.129 379 291.6462 0.04398147 -0.2478236
Moved 2049.16 381.4199 285.1603 0.04958302 -0.2645054
Moved 2049.19 382.8638 280.1362 0.05292555 -0.2774275
Moved 2049.221 384 275.4299 0.0555556 -0.2895323
Moved 2049.252 385 271.4078 0.05787035 -0.2998771
Moved 2049.282 386 269.9186 0.06018519 -0.3037074
Moved 2049.313 387.2216 268.7784 0.06301303 -0.30664
Stationary 2049.344 387 269 0.06250004 -0.30607
Stationary 2049.375 387 269 0.06250004 -0.30607
Stationary 2049.406 387 269 0.06250004 -0.30607
Moved 2049.436 377.3602 290.6398 0.04018565 -0.2504122
Moved 2049.467 373.0724 314.5658 0.03026009 -0.1888741
Moved 2049.498 366.5008 343.7463 0.01504819 -0.1138212
Moved 2049.528 362 374 0.004629592 -0.03600823
Moved 2049.559 360.0169 395.8813 3.923973E-05 0.02027092
Moved 2049.59 358.2671 420.7947 -0.004011293 0.08434837
Moved 2049.62 357 443.4824 -0.006944438 0.1427015
Moved 2049.651 357 457.7021 -0.006944438 0.1792749
Moved 2049.682 357 476.7687 -0.006944438 0.2283144
Moved 2049.713 357 491.1276 -0.006944438 0.2652457
Moved 2049.743 357 500.5523 -0.006944438 0.2894863
Moved 2049.774 357 507.1923 -0.006944438 0.3065645
Moved 2049.805 357 513.7212 -0.006944438 0.3233569
Moved 2049.835 357 519.2411 -0.006944438 0.3375543
Moved 2049.866 357 522.8714 -0.006944438 0.3468914
Moved 2049.897 357 527.6163 -0.006944438 0.3590952
Moved 2049.927 365.0551 531.1102 0.01170158 0.3680816
Moved 2049.958 365.8019 533 0.01343032 0.3729423
Moved 2049.989 366 535.5 0.01388888 0.3793723
Moved 2050.02 367.4399 536.4399 0.01722207 0.3817899
Moved 2050.05 367 537.3577 0.01620372 0.3841503
Ended 2050.081 367 538.2388 0.01620372 0.3864165
Accept 2050.143 0 a
Candidates 2050.143 13 nearby meant message large breathe larger kathy charge menu nearly measure newest next
Began 2051.218 542 466 0.4212962 0.2006171
Stationary 2051.248 542 466 0.4212962 0.2006171
Stationary 2051.279 542 466 0.4212962 0.2006171
Stationary 2051.31 542 466 0.4212962 0.2006171
Stationary 2051.34 542 466 0.4212962 0.2006171
Stationary 2051.371 542 466 0.4212962 0.2006171
Stationary 2051.402 542 466 0.4212962 0.2006171
Stationary 2051.432 542 466 0.4212962 0.2006171
Stationary 2051.463 542 466 0.4212962 0.2006171
Stationary 2051.494 542 466 0.4212962 0.2006171
Stationary 2051.525 542 466 0.4212962 0.2006171
Moved 2051.555 533 466 0.4004629 0.2006171
Moved 2051.586 531.5 466 0.3969907 0.2006171
Moved 2051.617 530.7891 466 0.3953451 0.2006171
Moved 2051.647 529.9431 466 0.3933869 0.2006171
Moved 2051.678 529 472.7632 0.3912036 0.2180122
Moved 2051.709 528 477.4252 0.3888889 0.2300029
Moved 2051.74 528 484.4202 0.3888889 0.2479942
Moved 2051.77 528 489.9044 0.3888889 0.2620997
Moved 2051.801 528 496.3989 0.3888889 0.2788037
Moved 2051.832 528 500.4568 0.3888889 0.2892408
Moved 2051.862 528 506.4395 0.3888889 0.3046281
Moved 2051.893 532.5942 509.3126 0.3995236 0.312018
Moved 2051.924 536.4187 512.4187 0.4083767 0.3200069
Moved 2051.955 537 515.1765 0.4097222 0.3270999
Moved 2051.985 538 517.5 0.4120371 0.3330761
Moved 2052.016 539 519.3437 0.4143518 0.3378181
Moved 2052.047 540.1044 520 0.4169083 0.3395061
Moved 2052.077 540 521.3586 0.4166667 0.3430005
Stationary 2052.108 540 521.3586 0.4166667 0.3430005
Stationary 2052.139 540 521 0.4166667 0.3420781
Moved 2052.169 520.128 512.6114 0.3706667 0.3205025
Moved 2052.2 493.352 497.3738 0.3086851 0.281311
Moved 2052.231 445.1994 471.9063 0.1972207 0.2158083
Moved 2052.262 428.3857 460.9347 0.1583003 0.1875891
Moved 2052.292 404 449 0.1018518 0.156893
Moved 2052.323 384.9859 438.8491 0.05783776 0.1307845
Moved 2052.354 366.6719 432.7165 0.01544416 0.1150115
Moved 2052.385 349.5 427 -0.02430553 0.1003086
Moved 2052.415 328.4058 421.4686 -0.07313479 0.08608166
Moved 2052.446 310.8683 416.9624 -0.1137307 0.07449169
Moved 2052.477 294.8133 412.0895 -0.1508952 0.06195861
Moved 2052.507 281.8952 408.558 -0.1807982 0.05287555
Moved 2052.538 270.0982 406.0245 -0.2081059 0.0463594
Moved 2052.569 261 403.5 -0.2291666 0.03986618
Moved 2052.599 250.4956 399.8739 -0.2534825 0.03053975
Moved 2052.63 237.497 394.7485 -0.2835718 0.01735707
Moved 2052.661 233.1179 394 -0.2937086 0.01543206
Moved 2052.692 227.888 391.944 -0.3058147 0.01014411
Moved 2052.722 221.3387 390 -0.3209751 0.005143954
Moved 2052.753 213.83 388 -0.3383566 -3.924585E-08
Moved 2052.784 207.3154 385.6577 -0.3534365 -0.006024435
Moved 2052.814 201.4764 384.2382 -0.3669527 -0.009675477
Moved 2052.845 195.0987 383 -0.381716 -0.01286016
Moved 2052.876 193.7168 381.7168 -0.3849149 -0.0161605
Moved 2052.906 190.9605 382 -0.3912951 -0.01543218
Stationary 2052.937 191 382 -0.3912037 -0.01543218
Moved 2052.968 190 382 -0.3935185 -0.01543218
Moved 2052.999 190 389.1563 -0.3935185 0.002973894
Moved 2053.029 190 400.3799 -0.3935185 0.03184138
Moved 2053.06 190 404.6593 -0.3935185 0.04284796
Moved 2053.091 202.9492 415.8985 -0.3635434 0.07175536
Moved 2053.122 211.21 427.6833 -0.3444213 0.1020661
Moved 2053.152 218.3069 438.4092 -0.3279933 0.1296532
Moved 2053.183 228.5665 452.4581 -0.3042443 0.1657872
Moved 2053.214 236.9669 462.6226 -0.2847987 0.1919304
Moved 2053.244 245.2549 471.2549 -0.2656137 0.2141329
Moved 2053.275 254.4409 479.4409 -0.2443497 0.2351875
Moved 2053.306 266.0667 490.4534 -0.2174381 0.2635117
Moved 2053.337 276.0891 499.0891 -0.1942382 0.2857228
Moved 2053.367 284.3422 505.2281 -0.1751338 0.3015127
Moved 2053.398 289 510 -0.1643519 0.3137859
Moved 2053.429 294.2754 513.2754 -0.1521403 0.3222102
Moved 2053.459 299.0325 516.0325 -0.1411285 0.3293016
Moved 2053.49 302.5 518.5 -0.1331019 0.335648
Moved 2053.521 307.2503 520 -0.1221057 0.3395061
Moved 2053.552 311.0012 522 -0.1134231 0.3446501
Moved 2053.582 314.7544 523 -0.1047352 0.3472221
Moved 2053.613 319.2776 523 -0.09426489 0.3472221
Moved 2053.644 324.8664 523 -0.0813277 0.3472221
Moved 2053.674 332.0325 512.9675 -0.06473949 0.3214183
Moved 2053.705 340.2729 504.3029 -0.04566465 0.2991328
Moved 2053.736 351.1486 496.6812 -0.02048944 0.2795296
Moved 2053.767 362.3405 485.6595 0.005417863 0.2511817
Moved 2053.797 374.7125 473.2875 0.0340567 0.2193607
Moved 2053.828 385.3663 462.6337 0.05871832 0.191959
Moved 2053.859 395.1492 452.8508 0.08136391 0.1667974
Moved 2053.889 406.2034 444.0975 0.1069523 0.1442836
Moved 2053.92 416.175 434.8687 0.1300349 0.120547
Moved 2053.951 426 427.5 0.1527777 0.1015946
Moved 2053.981 437.1141 417.1088 0.1785048 0.07486814
Moved 2054.012 443.9748 409.0252 0.1943861 0.0540771
Moved 2054.043 452.2777 401.7222 0.2136059 0.03529376
Moved 2054.074 458.5639 396.624 0.2281572 0.02218109
Moved 2054.104 465.0013 391.9991 0.2430587 0.01028567
Moved 2054.135 470.5113 388.2443 0.2558132 0.0006283654
Moved 2054.166 476 385.5 0.2685185 -0.006430119
Moved 2054.197 480.8864 382.1136 0.2798297 -0.01514003
Moved 2054.227 490.2157 377.9281 0.3014252 -0.02590517
Moved 2054.258 493.8987 375.5506 0.3099508 -0.03202014
Moved 2054.289 499.4019 372.7991 0.3226895 -0.03909712
Moved 2054.319 504.2067 371.3967 0.3338118 -0.04270412
Moved 2054.35 508.6935 370 0.3441978 -0.04629637
Moved 2054.381 512.1121 369 0.3521113 -0.04886839
Moved 2054.411 515.5 368 0.3599537 -0.05144041
Moved 2054.442 516.1575 368 0.3614756 -0.05144041
Moved 2054.473 518.0285 368 0.3658067 -0.05144041
Moved 2054.504 519 385.1481 0.3680556 -0.007335247
Moved 2054.534 519 400.2833 0.3680556 0.03159288
Moved 2054.565 519 422.0001 0.3680556 0.0874486
Moved 2054.596 510.2291 438.8546 0.3477525 0.1307988
Moved 2054.626 507.4721 451.6394 0.3413706 0.1636815
Moved 2054.657 504.0162 460.9514 0.3333709 0.1876322
Moved 2054.688 499.5145 470.2283 0.3229502 0.2114926
Moved 2054.719 494.0045 479.4933 0.3101955 0.2353223
Moved 2054.749 489.446 486.8309 0.2996435 0.2541947
Moved 2054.78 486.2907 491.4185 0.2923397 0.2659941
Moved 2054.811 481.0645 498.4033 0.2802419 0.2839589
Moved 2054.842 474.3776 508.2449 0.2647628 0.3092717
Moved 2054.872 472.5223 510.4777 0.2604683 0.3150146
Moved 2054.903 468.5977 515.8045 0.2513837 0.3287152
Moved 2054.934 464.8421 520.158 0.2426899 0.3399124
Moved 2054.964 463 522.9086 0.2384259 0.3469871
Moved 2054.995 460.732 525.268 0.2331759 0.3530555
Moved 2055.026 458.8983 527.1017 0.2289313 0.3577717
Moved 2055.056 458 528 0.2268519 0.3600822
Moved 2055.087 456.3904 528.6096 0.2231259 0.36165
Moved 2055.118 453.9815 529 0.2175499 0.3626543
Moved 2055.148 452.6004 529 0.2143527 0.3626543
Moved 2055.179 448.4547 529 0.2047563 0.3626543
Moved 2055.21 445.6935 518.5483 0.1983647 0.3357722
Moved 2055.241 443 509.862 0.1921296 0.3134309
Moved 2055.271 440.4668 498.8671 0.1862657 0.2851519
Moved 2055.302 438.6999 484.1996 0.1821757 0.2474269
Moved 2055.333 438 468.1951 0.1805556 0.206263
Moved 2055.364 438 455.0258 0.1805556 0.1723915
Moved 2055.394 435.7328 441.6642 0.1753075 0.1380251
Moved 2055.425 433.5943 418.9716 0.1703571 0.07965927
Moved 2055.456 432.5639 411.3835 0.167972 0.06014282
Moved 2055.486 430.8105 395.8627 0.1639131 0.020223
Moved 2055.517 429 385.1801 0.1597223 -0.007253027
Moved 2055.548 426.2904 375.8711 0.15345 -0.03119582
Moved 2055.579 424.8414 368.5244 0.1500959 -0.05009168
Moved 2055.609 423 361.1455 0.1458333 -0.06907019
Moved 2055.64 421.3005 353.9017 0.1418994 -0.08770154
Moved 2055.671 419.5459 348.0919 0.1378378 -0.1026445
Moved 2055.701 419 342.2471 0.1365741 -0.1176772
Moved 2055.732 418 335.7327 0.1342593 -0.1344325
Moved 2055.763 417 331.2287 0.1319444 -0.1460167
Moved 2055.793 416 326.2292 0.1296297 -0.1588755
Moved 2055.824 415 321.1727 0.1273148 -0.1718811
Moved 2055.855 414 313.9083 0.125 -0.1905652
Moved 2055.885 413 307.7363 0.1226852 -0.2064396
Moved 2055.916 412 300.8528 0.1203704 -0.2241439
Moved 2055.947 412 293.9818 0.1203704 -0.2418163
Moved 2055.978 411 288.7853 0.1180555 -0.2551819
Moved 2056.009 411 284.2632 0.1180555 -0.2668129
Moved 2056.039 411 279.4565 0.1180555 -0.2791758
Moved 2056.07 411 275.939 0.1180555 -0.2882227
Moved 2056.101 411 272.2175 0.1180555 -0.2977946
Moved 2056.131 411 268.5 0.1180555 -0.307356
Moved 2056.162 411 263.634 0.1180555 -0.3198714
Moved 2056.193 411 262.2519 0.1180555 -0.3234263
Moved 2056.223 411 260.7447 0.1180555 -0.3273027
Moved 2056.254 418 259 0.1342593 -0.3317901
Moved 2056.285 418 258 0.1342593 -0.3343622
Stationary 2056.316 418 258 0.1342593 -0.3343622
Stationary 2056.346 418 258 0.1342593 -0.3343622
Moved 2056.377 407.5796 280.5249 0.1101379 -0.2764277
Moved 2056.408 397.2277 301.1015 0.0861752 -0.2235044
Moved 2056.438 390.6288 322.299 0.07090012 -0.1689841
Moved 2056.469 384.1398 341.6738 0.05587925 -0.1191518
Moved 2056.5 378.8079 353.9869 0.04353672 -0.08748239
Moved 2056.531 371.9724 375.5414 0.02771387 -0.03204369
Moved 2056.561 370.114 380.5439 0.02341211 -0.01917725
Moved 2056.592 366.5 391 0.0150463 0.007715971
Moved 2056.623 362.9755 398.0736 0.006887615 0.02590944
Moved 2056.654 360.2257 404.3228 0.0005224347 0.04198251
Moved 2056.684 357.461 409.078 -0.005877316 0.05421285
Moved 2056.715 355.0285 412.9716 -0.01150817 0.06422722
Moved 2056.746 352.2663 417.4673 -0.01790201 0.07579041
Moved 2056.776 349.5221 420.4779 -0.02425442 0.08353363
Moved 2056.807 348 423.2283 -0.0277778 0.09060757
Moved 2056.838 345.5252 425.4748 -0.03350645 0.09638566
Moved 2056.868 344.6098 426 -0.03562545 0.09773654
Ended 2056.899 344 426 -0.03703703 0.09773654
Accept 2056.991 0 nearby
Candidates 2056.991 13 parking lifelong offering posting passing paying packing learning pushing using listing planning listening
Began 2057.974 229 375 -0.3032407 -0.03343629
Stationary 2058.005 229 375 -0.3032407 -0.03343629
Stationary 2058.035 229 375 -0.3032407 -0.03343629
Stationary 2058.066 229 375 -0.3032407 -0.03343629
Stationary 2058.097 229 375 -0.3032407 -0.03343629
Stationary 2058.128 229 375 -0.3032407 -0.03343629
Stationary 2058.158 229 375 -0.3032407 -0.03343629
Stationary 2058.189 229 375 -0.3032407 -0.03343629
Stationary 2058.22 229 375 -0.3032407 -0.03343629
Stationary 2058.25 229 375 -0.3032407 -0.03343629
Stationary 2058.281 229 375 -0.3032407 -0.03343629
Stationary 2058.312 229 375 -0.3032407 -0.03343629
Stationary 2058.343 229 375 -0.3032407 -0.03343629
Stationary 2058.373 229 375 -0.3032407 -0.03343629
Stationary 2058.404 229 375 -0.3032407 -0.03343629
Stationary 2058.435 229 375 -0.3032407 -0.03343629
Moved 2058.465 229 384.816 -0.3032407 -0.008189393
Moved 2058.496 229 388.5645 -0.3032407 0.0014519
Moved 2058.527 238.2229 393.6351 -0.2818915 0.01449357
Moved 2058.558 246.614 400.8912 -0.2624676 0.03315631
Moved 2058.588 266.86 411.9301 -0.2156017 0.06154841
Moved 2058.619 299.584 425.1746 -0.1398519 0.0956135
Moved 2058.65 328.5495 435.0198 -0.07280211 0.1209355
Moved 2058.68 355.3699 443.311 -0.01071776 0.1422607
Moved 2058.711 380.483 450.3707 0.0474143 0.1604184
Moved 2058.742 404.2496 457.7749 0.1024297 0.1794621
Moved 2058.772 419.9361 461.2766 0.1387409 0.1884686
Moved 2058.803 440.9927 467.2836 0.1874832 0.2039187
Moved 2058.834 458.2646 470.895 0.2274643 0.2132072
Moved 2058.865 473.2274 474.6455 0.2621005 0.2228536
Moved 2058.896 485.2374 476.0475 0.2899013 0.2264595
Moved 2058.926 500.0106 477.8021 0.3240987 0.2309725
Moved 2058.957 513.2146 479 0.3546634 0.2340534
Moved 2058.988 522.8954 481.2985 0.3770728 0.239965
Moved 2059.018 532.2122 482.7374 0.3986395 0.2436661
Moved 2059.049 541.4449 485.4816 0.4200115 0.2507243
Moved 2059.08 551.9904 489.4952 0.4444222 0.2610472
Moved 2059.11 559.2715 492.7572 0.4612768 0.2694372
Moved 2059.141 567.3005 497.867 0.4798622 0.2825797
Moved 2059.172 572.4028 501.2014 0.4916732 0.2911558
Moved 2059.202 576.9208 503.9604 0.5021314 0.2982519
Moved 2059.233 580.8134 507 0.5111422 0.3060699
Moved 2059.264 582.1953 508.1953 0.5143409 0.3091441
Moved 2059.295 583.5 509.5 0.517361 0.3124999
Moved 2059.325 585 510.7245 0.5208333 0.3156495
Moved 2059.356 586 512.1769 0.5231482 0.3193849
Moved 2059.387 587 513.9231 0.5254629 0.3238762
Moved 2059.417 587 515.6866 0.5254629 0.3284119
Moved 2059.448 587 517.061 0.5254629 0.3319468
Moved 2059.479 587 519.838 0.5254629 0.3390893
Moved 2059.51 587 521.2145 0.5254629 0.3426298
Moved 2059.54 576.5583 525.7208 0.5012923 0.3542201
Moved 2059.571 574.3333 526 0.4961418 0.3549381
Moved 2059.602 569 527 0.4837963 0.3575102
Moved 2059.633 563.4312 528 0.4709056 0.3600822
Moved 2059.663 555.8644 528 0.4533899 0.3600822
Moved 2059.694 549.9351 528 0.4396646 0.3600822
Moved 2059.725 543.5193 528 0.4248132 0.3600822
Moved 2059.755 533.9868 528 0.4027473 0.3600822
Moved 2059.786 525.7097 528 0.3835872 0.3600822
Moved 2059.817 519.282 528 0.3687083 0.3600822
Moved 2059.847 513.9932 520.9762 0.3564658 0.3420169
Moved 2059.878 507.7166 520 0.3419366 0.3395061
Moved 2059.909 502 517.5 0.3287037 0.3330761
Moved 2059.94 496.0616 515.0308 0.3149575 0.3267253
Moved 2059.97 488.5334 512.2667 0.2975309 0.3196158
Moved 2060.001 479.0047 509.0024 0.2754739 0.31122
Moved 2060.032 470.2892 508.0723 0.255299 0.3088278
Moved 2060.063 457.6553 507 0.226054 0.3060699
Moved 2060.093 444.8609 506 0.1964373 0.3034978
Moved 2060.124 434.4448 503.8149 0.1723259 0.2978778
Moved 2060.155 422.487 502.3718 0.1446459 0.294166
Moved 2060.185 412.8888 502 0.1224278 0.2932098
Moved 2060.216 403.5758 501 0.1008698 0.2906378
Moved 2060.247 397.1924 501 0.08609345 0.2906378
Moved 2060.277 391.3793 501 0.0726372 0.2906378
Moved 2060.308 382.1547 501 0.05128404 0.2906378
Moved 2060.339 380.3853 501 0.0471882 0.2906378
Moved 2060.37 375 501 0.03472219 0.2906378
Moved 2060.4 370.9876 501 0.0254344 0.2906378
Moved 2060.431 367.2414 501 0.01676251 0.2906378
Moved 2060.462 363.1314 501 0.007248521 0.2906378
Moved 2060.492 362.049 501 0.00474294 0.2906378
Moved 2060.523 359.5 508 -0.001157423 0.3086419
Moved 2060.554 357.5717 509 -0.005621016 0.3112139
Moved 2060.585 356.6429 510.3571 -0.007771154 0.3147045
Moved 2060.615 355.7281 510 -0.009888561 0.3137859
Moved 2060.646 354.7867 511.2133 -0.0120678 0.3169066
Moved 2060.677 353.7617 512.2383 -0.01444052 0.319543
Moved 2060.707 352.7615 512 -0.01675586 0.31893
Moved 2060.738 353 513.3091 -0.01620372 0.3222971
Moved 2060.769 351.6964 513 -0.01922135 0.321502
Moved 2060.8 350.5 514 -0.02199074 0.324074
Stationary 2060.83 350.5 514 -0.02199074 0.324074
Moved 2060.861 349.8845 515.1155 -0.02341544 0.326943
Stationary 2060.892 349.8845 515.1155 -0.02341544 0.326943
Moved 2060.922 348.8569 516.1431 -0.02579421 0.329586
Moved 2060.953 347.7619 516 -0.02832895 0.329218
Moved 2060.984 346.7346 517 -0.03070682 0.33179
Stationary 2061.014 346.7346 517 -0.03070682 0.33179
Moved 2061.045 346 518 -0.03240739 0.3343621
Ended 2061.076 346 518 -0.03240739 0.3343621
Accept 2061.168 0 parking
Candidates 2061.168 13 spot spy support apply apr adopt sport dot for apt sort split supply
Began 2061.567 539 428 0.4143518 0.1028806
Stationary 2061.598 539 428 0.4143518 0.1028806
Stationary 2061.629 539 428 0.4143518 0.1028806
Moved 2061.659 584.1656 439.2938 0.5189019 0.1319283
Moved 2061.69 626.2434 452.3057 0.6163042 0.1653952
Moved 2061.721 667.2658 462.3165 0.7112634 0.1911431
Moved 2061.752 681.5127 465.8782 0.7442424 0.2003039
Ended 2061.782 685.772 467.2573 0.754102 0.203851
Accept 2061.844 0 spot
PhraseEnd 2061.844
