tell a lie and your nose will grow
tell a lie and your nose will grow
Basic
List

0.6 0.6
432 388.8
Began 1648.493 380 491 0.04629632 0.2649176
Stationary 1648.524 380 491 0.04629632 0.2649176
Stationary 1648.555 380 491 0.04629632 0.2649176
Stationary 1648.585 380 491 0.04629632 0.2649176
Stationary 1648.616 380 491 0.04629632 0.2649176
Stationary 1648.647 380 491 0.04629632 0.2649176
Stationary 1648.677 380 491 0.04629632 0.2649176
Stationary 1648.708 380 491 0.04629632 0.2649176
Stationary 1648.739 380 491 0.04629632 0.2649176
Stationary 1648.77 380 491 0.04629632 0.2649176
Stationary 1648.8 380 491 0.04629632 0.2649176
Stationary 1648.831 380 491 0.04629632 0.2649176
Stationary 1648.862 380 491 0.04629632 0.2649176
Stationary 1648.892 380 491 0.04629632 0.2649176
Stationary 1648.923 380 491 0.04629632 0.2649176
Stationary 1648.954 380 491 0.04629632 0.2649176
Stationary 1648.985 380 491 0.04629632 0.2649176
Stationary 1649.015 380 491 0.04629632 0.2649176
Stationary 1649.046 380 491 0.04629632 0.2649176
Stationary 1649.077 380 491 0.04629632 0.2649176
Stationary 1649.107 380 491 0.04629632 0.2649176
Moved 1649.138 368.4609 501.5391 0.01958549 0.2920243
Moved 1649.169 364.7096 503.2904 0.01090189 0.2965287
Moved 1649.2 362.2521 504.7479 0.005213122 0.3002775
Moved 1649.23 359.5106 506 -0.001132836 0.3034978
Moved 1649.261 356.7512 508.2488 -0.007520417 0.3092819
Moved 1649.292 353.9973 510.0027 -0.01389524 0.313793
Moved 1649.322 351.5654 511 -0.01952459 0.3163579
Moved 1649.353 349.5 513.5 -0.02430553 0.3227879
Moved 1649.384 348 514.9236 -0.0277778 0.3264495
Moved 1649.415 345.5 516.5 -0.03356482 0.3305041
Moved 1649.445 343.9238 517 -0.03721341 0.33179
Moved 1649.476 341.5 519.5 -0.04282405 0.3382201
Moved 1649.507 340 520.5813 -0.04629632 0.3410012
Moved 1649.537 338.5 521 -0.04976853 0.3420781
Moved 1649.568 336.5 522 -0.05439813 0.3446501
Moved 1649.599 334.4749 523 -0.05908579 0.3472221
Moved 1649.63 332.861 523 -0.06282176 0.3472221
Moved 1649.66 327.9371 524 -0.07421975 0.3497942
Moved 1649.691 320.6533 524 -0.09108036 0.3497942
Moved 1649.722 310.2309 524 -0.1152063 0.3497942
Moved 1649.752 299.2095 524 -0.1407187 0.3497942
Moved 1649.783 290.3484 524 -0.1612305 0.3497942
Moved 1649.814 280.3313 525 -0.1844183 0.3523662
Moved 1649.844 272.1584 526 -0.2033371 0.3549381
Moved 1649.875 266 526 -0.2175926 0.3549381
Moved 1649.906 259.7922 527 -0.2319624 0.3575102
Moved 1649.937 254.2833 527 -0.2447146 0.3575102
Moved 1649.967 248.7764 527 -0.2574619 0.3575102
Moved 1649.998 244.9876 527 -0.2662325 0.3575102
Moved 1650.029 239.4407 527 -0.2790723 0.3575102
Moved 1650.06 235.9151 527 -0.2872337 0.3575102
Moved 1650.09 233.5 527 -0.2928241 0.3575102
Moved 1650.121 231.5 527 -0.2974537 0.3575102
Moved 1650.152 230.9357 527 -0.29876 0.3575102
Stationary 1650.182 231 527 -0.2986111 0.3575102
Stationary 1650.213 231 527 -0.2986111 0.3575102
Stationary 1650.244 231 527 -0.2986111 0.3575102
Moved 1650.275 249.83 510.336 -0.2550232 0.3146501
Moved 1650.305 265.4066 500.3391 -0.2189662 0.288938
Moved 1650.336 281 491.5 -0.1828704 0.2662036
Moved 1650.367 300.8668 483.6285 -0.1368824 0.2459579
Moved 1650.397 319.2536 474.4976 -0.09432027 0.2224731
Moved 1650.428 337.7213 467.1394 -0.05157118 0.2035477
Moved 1650.459 353.2493 460.8932 -0.01562665 0.1874824
Moved 1650.49 372.0237 454.3905 0.02783279 0.1707574
Moved 1650.52 387.7838 448.8865 0.0643144 0.156601
Moved 1650.551 402.6702 443.3319 0.09877364 0.1423145
Moved 1650.582 413.6701 440.266 0.1242364 0.1344289
Moved 1650.612 427.4532 436.5093 0.1561418 0.1247667
Moved 1650.643 436.9971 433.7507 0.178234 0.1176715
Moved 1650.674 444.9966 431.0017 0.1967514 0.110601
Moved 1650.704 453.7673 429.5582 0.217054 0.1068882
Moved 1650.735 462.6014 428 0.2375032 0.1028806
Moved 1650.766 471.8616 426.0461 0.2589388 0.09785526
Moved 1650.797 478 424.5 0.2731481 0.09387855
Moved 1650.827 488.4843 424 0.2974175 0.09259254
Moved 1650.858 498.6208 422.1264 0.3208816 0.08777355
Moved 1650.889 505.2546 421.3727 0.3362375 0.085835
Moved 1650.919 510.1411 421 0.3475488 0.08487643
Moved 1650.95 513.6931 420 0.3557711 0.08230445
Moved 1650.981 516.6016 418.3984 0.3625037 0.07818501
Moved 1651.012 519.3582 416.6418 0.3688846 0.07366722
Moved 1651.042 521.7961 415.2039 0.374528 0.06996888
Moved 1651.073 525.1144 413.4428 0.3822092 0.06543921
Moved 1651.104 528.3179 412 0.3896247 0.06172835
Moved 1651.135 531.0882 408.9118 0.3960375 0.0537855
Moved 1651.165 533.5 407.5 0.4016204 0.05015428
Moved 1651.196 536.2718 405.7282 0.4080365 0.04559724
Moved 1651.227 538.0373 404 0.4121234 0.04115226
Moved 1651.257 540.5 401.5 0.4178241 0.03472222
Moved 1651.288 542.256 399.744 0.4218888 0.03020581
Moved 1651.319 543 397.9797 0.4236111 0.02566801
Moved 1651.349 544.3591 396.6409 0.4267571 0.02222453
Ended 1651.38 544.3591 396.6409 0.4267571 0.02222453
Candidates 1651.442 13 tell tel feel sell trek gel del hell fell well week greek help
Began 1652.025 186 404 -0.4027778 0.04115226
Stationary 1652.056 186 404 -0.4027778 0.04115226
Stationary 1652.087 186 404 -0.4027778 0.04115226
Stationary 1652.117 186 404 -0.4027778 0.04115226
Stationary 1652.148 186 404 -0.4027778 0.04115226
Stationary 1652.179 186 404 -0.4027778 0.04115226
Stationary 1652.209 186 404 -0.4027778 0.04115226
Stationary 1652.24 186 404 -0.4027778 0.04115226
Stationary 1652.271 186 404 -0.4027778 0.04115226
Stationary 1652.302 186 404 -0.4027778 0.04115226
Stationary 1652.332 186 404 -0.4027778 0.04115226
Stationary 1652.363 186 404 -0.4027778 0.04115226
Stationary 1652.394 186 404 -0.4027778 0.04115226
Stationary 1652.424 186 404 -0.4027778 0.04115226
Stationary 1652.455 186 404 -0.4027778 0.04115226
Stationary 1652.486 186 404 -0.4027778 0.04115226
Ended 1652.517 186 404 -0.4027778 0.04115226
Accept 1652.578 0 tell
Candidates 1652.578 5 a s d w q
Began 1653.331 616 335 0.5925925 -0.1363169
Stationary 1653.361 616 335 0.5925925 -0.1363169
Stationary 1653.392 616 335 0.5925925 -0.1363169
Stationary 1653.423 616 335 0.5925925 -0.1363169
Stationary 1653.453 616 335 0.5925925 -0.1363169
Stationary 1653.484 616 335 0.5925925 -0.1363169
Stationary 1653.515 616 335 0.5925925 -0.1363169
Stationary 1653.546 616 335 0.5925925 -0.1363169
Stationary 1653.576 616 335 0.5925925 -0.1363169
Stationary 1653.607 616 335 0.5925925 -0.1363169
Stationary 1653.638 616 335 0.5925925 -0.1363169
Stationary 1653.668 616 335 0.5925925 -0.1363169
Stationary 1653.699 616 335 0.5925925 -0.1363169
Stationary 1653.73 616 335 0.5925925 -0.1363169
Stationary 1653.761 616 335 0.5925925 -0.1363169
Stationary 1653.791 616 335 0.5925925 -0.1363169
Stationary 1653.822 616 335 0.5925925 -0.1363169
Stationary 1653.853 616 335 0.5925925 -0.1363169
Stationary 1653.883 616 335 0.5925925 -0.1363169
Moved 1653.914 603.5171 348.4829 0.5636969 -0.1016387
Moved 1653.945 599.0173 353.4913 0.5532809 -0.08875693
Moved 1653.976 595.767 357.233 0.545757 -0.07913338
Moved 1654.006 592.0146 360.9854 0.5370709 -0.06948204
Moved 1654.037 588.2064 364.3968 0.5282556 -0.06070792
Moved 1654.068 585.8531 368.1469 0.522808 -0.05106254
Moved 1654.098 582.1077 370.8923 0.5141382 -0.04400127
Moved 1654.129 578 373.5 0.5046296 -0.03729432
Moved 1654.16 574.7967 376.1017 0.4972146 -0.03060274
Moved 1654.191 571.1299 378.8701 0.4887267 -0.02348244
Moved 1654.221 565.7563 383.6218 0.4762877 -0.01126081
Moved 1654.252 561 388.4318 0.4652777 0.001110461
Moved 1654.283 560.1837 389.8163 0.4633883 0.004671474
Moved 1654.313 557.4241 391.5759 0.4570003 0.00919707
Moved 1654.344 555.8309 393.1691 0.4533122 0.01329504
Moved 1654.375 554.2529 394.7471 0.4496596 0.01735358
Moved 1654.406 552.7443 396.2557 0.4461673 0.02123377
Moved 1654.436 552 397.2785 0.4444444 0.02386446
Moved 1654.467 549.9789 398.0211 0.439766 0.02577424
Moved 1654.498 548.9163 398 0.4373063 0.02572008
Moved 1654.528 545.7392 400.2608 0.4299518 0.03153499
Moved 1654.559 542.9721 401.0279 0.4235465 0.03350791
Moved 1654.59 540.5 402.5 0.4178241 0.03729416
Moved 1654.62 535.5641 404.218 0.4063984 0.04171277
Moved 1654.651 530.0571 407.9714 0.3936507 0.05136674
Moved 1654.682 523.5588 415.1617 0.3786084 0.06986021
Moved 1654.713 517.7003 421.2997 0.3650469 0.0856474
Moved 1654.743 513.0471 428.8589 0.3542756 0.1050896
Moved 1654.774 505.8603 440.5661 0.3376396 0.1352008
Moved 1654.805 499.0447 451.3882 0.3218628 0.1630353
Moved 1654.836 493.2527 459.7474 0.3084552 0.1845354
Moved 1654.866 487.6707 468.994 0.295534 0.2083179
Moved 1654.897 482.1472 477.7056 0.2827481 0.2307242
Moved 1654.928 476.6258 484.5613 0.2699671 0.2483573
Moved 1654.958 472.8235 491.7647 0.2611656 0.2668845
Moved 1654.989 468.2881 499.0678 0.250667 0.2856681
Moved 1655.02 464.8711 506.2578 0.2427572 0.304161
Moved 1655.051 462.5 511 0.2372685 0.3163579
Moved 1655.081 460.6729 515.6542 0.2330392 0.3283285
Moved 1655.112 458.9142 518.0858 0.2289681 0.3345828
Moved 1655.143 458 520.8416 0.2268519 0.3416707
Moved 1655.173 456.8051 523.1949 0.2240859 0.3477234
Moved 1655.204 456 525.0105 0.2222222 0.3523932
Moved 1655.235 455 526 0.2199073 0.3549381
Moved 1655.266 451.3086 527.6914 0.2113624 0.3592885
Moved 1655.296 444.9328 529.3557 0.1966037 0.3635691
Moved 1655.327 441.0314 529.7421 0.1875727 0.364563
Moved 1655.358 427.5026 531 0.156256 0.3677982
Moved 1655.388 411.213 533.2553 0.1185486 0.373599
Moved 1655.419 397.1136 534.6981 0.08591115 0.3773097
Moved 1655.45 381.2851 536 0.04927108 0.3806583
Moved 1655.481 366.9862 537 0.01617173 0.3832304
Moved 1655.511 354.4798 537.704 -0.01277834 0.3850412
Moved 1655.542 342.2297 538 -0.04113501 0.3858024
Moved 1655.573 330.5987 539.1003 -0.06805857 0.3886325
Moved 1655.603 317.7758 539 -0.09774118 0.3883744
Moved 1655.634 306.9261 539 -0.1228562 0.3883744
Moved 1655.665 297.9134 540 -0.1437189 0.3909464
Moved 1655.696 289.6826 540.7725 -0.1627718 0.3929332
Moved 1655.726 282.43 541.5233 -0.1795603 0.3948644
Moved 1655.757 275.2086 542 -0.1962762 0.3960905
Moved 1655.788 266.946 542.6847 -0.2154028 0.3978515
Moved 1655.818 259.1313 543.4343 -0.2334923 0.3997796
Moved 1655.849 252.6222 544 -0.2485598 0.4012345
Moved 1655.88 246.6913 544 -0.2622886 0.4012345
Moved 1655.911 242.1809 544 -0.2727294 0.4012345
Moved 1655.941 239.5 544 -0.2789352 0.4012345
Moved 1655.972 237.3069 544 -0.2840119 0.4012345
Moved 1656.003 235.8253 544 -0.2874415 0.4012345
Ended 1656.033 236 544 -0.287037 0.4012345
Accept 1656.126 0 a
Candidates 1656.126 13 more lot lie low note lite now lit kit joe moore blow bow
Began 1657.323 293 417 -0.1550926 0.0745884
Stationary 1657.354 293 417 -0.1550926 0.0745884
Moved 1657.385 307.6434 417 -0.1211959 0.0745884
Moved 1657.416 344.6309 439.5962 -0.03557657 0.1327061
Moved 1657.446 371.3428 452.6104 0.02625644 0.1661788
Moved 1657.477 392.071 460.5355 0.07423858 0.1865624
Moved 1657.508 410.4984 467.9279 0.1168945 0.2055759
Moved 1657.538 427.3994 473.7998 0.1560171 0.2206784
Moved 1657.569 441.0523 479.6841 0.187621 0.2358128
Moved 1657.6 454.9663 486.1865 0.2198295 0.2525373
Moved 1657.631 465.0103 491.6736 0.2430795 0.2666501
Moved 1657.661 471.4268 494.809 0.2579325 0.2747143
Moved 1657.692 475.5 497.5 0.2673611 0.2816358
Moved 1657.723 479.2429 500.2429 0.2760252 0.2886904
Moved 1657.753 481.9994 502.9994 0.2824059 0.2957802
Moved 1657.784 484.3642 505.3641 0.28788 0.3018624
Moved 1657.815 487.2289 509.2289 0.2945114 0.3118026
Moved 1657.846 489.9892 518.9566 0.3009009 0.3368225
Moved 1657.876 492.7374 529.6872 0.3072625 0.3644217
Moved 1657.907 495.1673 544.1711 0.3128872 0.4016744
Moved 1657.938 495 556.746 0.3125 0.4340174
Moved 1657.968 495 567.7462 0.3125 0.46231
Moved 1657.999 495 575.2997 0.3125 0.4817378
Moved 1658.03 495 582.5314 0.3125 0.5003378
Moved 1658.061 485.7813 591.4375 0.2911603 0.5232445
Moved 1658.091 482.6298 598.7404 0.2838653 0.5420275
Moved 1658.122 478.3183 605.6817 0.2738849 0.5598807
Moved 1658.153 474.8728 612.1272 0.2659092 0.5764588
Moved 1658.183 471.6731 617.6539 0.2585025 0.5906734
Moved 1658.214 467.9113 622.0887 0.2497947 0.6020799
Moved 1658.245 466.6196 625.3804 0.2468046 0.6105463
Moved 1658.276 463.7301 628.2699 0.240116 0.617978
Moved 1658.306 463 631.0279 0.2384259 0.6250716
Ended 1658.337 463 631.0279 0.2384259 0.6250716
Accept 1658.429 2 lie
Began 1659.074 211 380 -0.3449074 -0.02057613
Stationary 1659.105 211 380 -0.3449074 -0.02057613
Stationary 1659.135 211 380 -0.3449074 -0.02057613
Stationary 1659.166 211 380 -0.3449074 -0.02057613
Stationary 1659.197 211 380 -0.3449074 -0.02057613
Stationary 1659.228 211 380 -0.3449074 -0.02057613
Stationary 1659.258 211 380 -0.3449074 -0.02057613
Stationary 1659.289 211 380 -0.3449074 -0.02057613
Stationary 1659.32 211 380 -0.3449074 -0.02057613
Stationary 1659.351 211 380 -0.3449074 -0.02057613
Stationary 1659.381 211 380 -0.3449074 -0.02057613
Stationary 1659.412 211 380 -0.3449074 -0.02057613
Stationary 1659.443 211 380 -0.3449074 -0.02057613
Stationary 1659.473 211 380 -0.3449074 -0.02057613
Stationary 1659.504 211 380 -0.3449074 -0.02057613
Stationary 1659.535 211 380 -0.3449074 -0.02057613
Stationary 1659.566 211 380 -0.3449074 -0.02057613
Stationary 1659.596 211 380 -0.3449074 -0.02057613
Stationary 1659.627 211 380 -0.3449074 -0.02057613
Stationary 1659.658 211 380 -0.3449074 -0.02057613
Stationary 1659.688 211 380 -0.3449074 -0.02057613
Stationary 1659.719 211 380 -0.3449074 -0.02057613
Stationary 1659.75 211 380 -0.3449074 -0.02057613
Stationary 1659.781 211 380 -0.3449074 -0.02057613
Stationary 1659.811 211 380 -0.3449074 -0.02057613
Moved 1659.842 225.5136 380 -0.3113111 -0.02057613
Moved 1659.873 236.2042 371.3979 -0.2865643 -0.0427009
Moved 1659.903 249.7304 365.3618 -0.2552536 -0.05822602
Moved 1659.934 264.7298 358.1351 -0.2205328 -0.07681317
Moved 1659.965 277.1587 352.9365 -0.1917623 -0.09018391
Moved 1659.995 290.5667 345.7167 -0.1607254 -0.1087535
Moved 1660.026 302.7256 339.6372 -0.1325795 -0.1243899
Moved 1660.057 312.869 334.0873 -0.1090995 -0.1386643
Moved 1660.088 324.5 329 -0.08217593 -0.151749
Moved 1660.118 333.4471 322.5529 -0.06146515 -0.168331
Moved 1660.149 341.6726 318.2183 -0.0424246 -0.1794799
Moved 1660.18 350.9035 312.731 -0.02105663 -0.1935934
Moved 1660.211 361.2428 302.7572 0.002876818 -0.2192459
Moved 1660.241 363.5899 300.205 0.00831008 -0.2258103
Moved 1660.272 367.5414 294.9172 0.01745701 -0.2394105
Moved 1660.303 371.2875 291.7125 0.02612839 -0.247653
Moved 1660.333 374.5231 287.4769 0.03361821 -0.2585471
Moved 1660.364 379.042 282.9579 0.04407873 -0.2701699
Moved 1660.395 384.5689 278.7156 0.05687237 -0.2810813
Moved 1660.426 390.0822 273.9589 0.06963471 -0.2933156
Moved 1660.456 396.4132 270.5289 0.08428981 -0.3021376
Moved 1660.487 400.2094 265.5811 0.09307741 -0.3148634
Moved 1660.518 404.9517 262.0966 0.1040548 -0.3238255
Moved 1660.548 410 257 0.1157407 -0.3369342
Moved 1660.579 413.0903 252.9097 0.1228942 -0.3474546
Moved 1660.61 415.8539 248.2922 0.1292914 -0.3593307
Moved 1660.641 418 245.3989 0.1342593 -0.3667723
Moved 1660.671 419.5 243.5 0.1377314 -0.3716564
Moved 1660.702 420.1711 242.8289 0.139285 -0.3733826
Moved 1660.733 422.1648 240.8352 0.1438999 -0.3785103
Moved 1660.763 423.3591 241 0.1466646 -0.3780865
Moved 1660.794 424.2277 241 0.1486752 -0.3780865
Moved 1660.825 426.1013 241 0.1530122 -0.3780865
Moved 1660.856 427 241 0.1550926 -0.3780865
Moved 1660.886 427 251.9885 0.1550926 -0.3498238
Moved 1660.917 427 258.3656 0.1550926 -0.3334219
Moved 1660.948 417.582 268.836 0.1332917 -0.3064919
Moved 1660.978 410.1007 280.7986 0.1159739 -0.2757239
Moved 1661.009 405 287 0.1041667 -0.2597736
Moved 1661.04 398.5799 295.4201 0.08930524 -0.2381171
Moved 1661.071 393.2101 302.7899 0.07687519 -0.2191618
Moved 1661.101 388.3439 309.3122 0.0656109 -0.2023864
Moved 1661.132 384.9636 314.0729 0.05778601 -0.1901418
Moved 1661.163 380.2003 320.5995 0.04675984 -0.1733553
Moved 1661.193 376.4536 324.5463 0.03808717 -0.163204
Moved 1661.224 371.4214 328.2893 0.02643844 -0.153577
Moved 1661.255 367.5651 332.4349 0.01751175 -0.1429143
Moved 1661.286 360.5851 336.4716 0.001354317 -0.1325318
Moved 1661.316 353.3554 341.2148 -0.01538093 -0.1203323
Moved 1661.347 347.1299 343.9567 -0.02979199 -0.1132801
Moved 1661.378 342.2485 347.3758 -0.04109149 -0.1044862
Moved 1661.408 335.7543 350.1229 -0.05612423 -0.09742069
Moved 1661.439 329.3941 352.7373 -0.07084708 -0.09069622
Moved 1661.47 325 354.5 -0.08101851 -0.08616254
Moved 1661.5 316.7846 357.0718 -0.1000356 -0.07954797
Moved 1661.531 309.3536 359.8232 -0.1172371 -0.07247132
Moved 1661.562 302.2768 362.5744 -0.1336185 -0.06539513
Moved 1661.593 295.9896 364.0035 -0.1481723 -0.06171944
Moved 1661.623 290.4774 366.7613 -0.1609319 -0.05462638
Moved 1661.654 283.5 369.5 -0.1770833 -0.04758238
Moved 1661.685 279.4592 371.2704 -0.1864371 -0.04302892
Moved 1661.716 276.3322 372.6678 -0.1936754 -0.03943479
Moved 1661.746 271.1625 375.4188 -0.2056423 -0.03235915
Moved 1661.777 267.8358 378.1641 -0.213343 -0.02529803
Moved 1661.808 264.0829 379.9171 -0.2220304 -0.02078939
Moved 1661.838 261.6434 381 -0.2276774 -0.01800419
Moved 1661.869 258.8945 383 -0.2340405 -0.01286016
Moved 1661.9 257.146 384.854 -0.2380879 -0.008091553
Moved 1661.931 255.7712 385 -0.2412703 -0.007716127
Moved 1661.961 253.9768 386.0231 -0.245424 -0.005084575
Ended 1661.992 253.9768 386.0231 -0.245424 -0.005084575
Candidates 1662.053 13 and dvd anna sand end ends aand dvds dna cdna adams dana fans
Began 1662.975 413 529 0.1226852 0.3626543
Stationary 1663.005 413 529 0.1226852 0.3626543
Stationary 1663.036 413 529 0.1226852 0.3626543
Stationary 1663.067 413 529 0.1226852 0.3626543
Stationary 1663.098 413 529 0.1226852 0.3626543
Stationary 1663.128 413 529 0.1226852 0.3626543
Stationary 1663.159 413 529 0.1226852 0.3626543
Stationary 1663.19 413 529 0.1226852 0.3626543
Stationary 1663.221 413 529 0.1226852 0.3626543
Stationary 1663.251 413 529 0.1226852 0.3626543
Stationary 1663.282 413 529 0.1226852 0.3626543
Stationary 1663.313 413 529 0.1226852 0.3626543
Stationary 1663.343 413 529 0.1226852 0.3626543
Moved 1663.374 399.5 529 0.09143522 0.3626543
Moved 1663.405 402.6433 529 0.09871145 0.3626543
Moved 1663.436 397.7204 529 0.08731584 0.3626543
Moved 1663.466 396.5 518.5 0.08449078 0.335648
Moved 1663.497 390.4621 519.731 0.07051408 0.3388143
Moved 1663.528 384.9648 519 0.05778889 0.3369341
Moved 1663.558 379.7403 516.5801 0.0456952 0.33071
Moved 1663.589 375.6663 514.8331 0.03626466 0.3262169
Moved 1663.62 372.0913 514 0.02798915 0.324074
Moved 1663.651 367 511.5 0.01620372 0.317644
Moved 1663.681 363.8556 510 0.008924901 0.3137859
Moved 1663.712 361.1204 508.1204 0.002593398 0.3089514
Moved 1663.743 359.5 508 -0.001157423 0.3086419
Moved 1663.773 360 506.9976 0 0.3060636
Moved 1663.804 358.8173 507 -0.002737741 0.3060699
Moved 1663.835 359 505.8649 -0.002314796 0.3031505
Stationary 1663.865 359 506 -0.002314796 0.3034978
Moved 1663.896 367.3864 505 0.01709809 0.3009258
Moved 1663.927 376.777 505 0.03883561 0.3009258
Moved 1663.958 386.8018 505 0.06204128 0.3009258
Moved 1663.988 399.6488 505 0.09177953 0.3009258
Moved 1664.019 414.7271 505 0.126683 0.3009258
Moved 1664.05 427.6812 505 0.1566694 0.3009258
Moved 1664.081 442.407 511.1698 0.190757 0.3167947
Moved 1664.111 454.5 514.5 0.21875 0.32536
Moved 1664.142 463.1796 516 0.2388418 0.329218
Moved 1664.173 472.4651 518.8217 0.260336 0.3364755
Moved 1664.203 480.735 520.5784 0.2794792 0.3409937
Moved 1664.234 487.0988 522 0.2942101 0.3446501
Moved 1664.265 494.4036 523 0.3111194 0.3472221
Moved 1664.296 499.1115 524 0.3220174 0.3497942
Moved 1664.326 502.3104 525 0.3294222 0.3523662
Moved 1664.357 505.7417 525 0.3373651 0.3523662
Moved 1664.388 509.4977 526 0.3460596 0.3549381
Moved 1664.418 512.2552 526 0.3524426 0.3549381
Moved 1664.449 517.0258 527 0.3634858 0.3575102
Moved 1664.48 518.4123 527 0.3666951 0.3575102
Moved 1664.51 520.168 527 0.3707593 0.3575102
Moved 1664.541 521.5 527 0.3738426 0.3575102
Moved 1664.572 522.0989 527 0.375229 0.3575102
Stationary 1664.603 522 527 0.375 0.3575102
Moved 1664.633 515.8153 528 0.3606836 0.3600822
Moved 1664.664 503.8113 529 0.3328966 0.3626543
Moved 1664.695 491.8175 529 0.305133 0.3626543
Moved 1664.725 475.1919 529 0.2666478 0.3626543
Moved 1664.756 461.201 529 0.2342616 0.3626543
Moved 1664.787 447.4722 529 0.2024819 0.3626543
Moved 1664.818 432.663 529 0.1682013 0.3626543
Moved 1664.848 418.5 529 0.1354167 0.3626543
Moved 1664.879 405.7182 529 0.1058292 0.3626543
Moved 1664.91 396.9492 529 0.08553068 0.3626543
Moved 1664.94 383.735 529 0.05494207 0.3626543
Moved 1664.971 380.6216 529 0.04773517 0.3626543
Moved 1665.002 372.2018 529 0.02824485 0.3626543
Moved 1665.033 364.5 529 0.01041671 0.3626543
Moved 1665.063 357.8461 529 -0.004985829 0.3626543
Moved 1665.094 349.6967 529 -0.02385025 0.3626543
Moved 1665.125 342.5 529 -0.04050925 0.3626543
Moved 1665.156 334.9599 521.9065 -0.05796314 0.3444096
Moved 1665.186 325.6996 520.2332 -0.0793992 0.3401057
Moved 1665.217 316.5 517.5 -0.1006944 0.3330761
Moved 1665.248 310.4851 516 -0.1146177 0.329218
Moved 1665.278 306.6551 514.3275 -0.1234836 0.3249164
Moved 1665.309 301.1555 512.5778 -0.1362141 0.3204159
Moved 1665.34 298.828 513 -0.1416018 0.321502
Moved 1665.37 296.0781 512 -0.1479674 0.31893
Moved 1665.401 292.2394 511 -0.1568532 0.3163579
Moved 1665.432 291.5 511 -0.1585648 0.3163579
Moved 1665.463 289.5 511 -0.1631944 0.3163579
Moved 1665.493 288.874 511 -0.1646436 0.3163579
Moved 1665.524 286.9719 511 -0.1690465 0.3163579
Moved 1665.555 285.6414 509.6414 -0.1721264 0.3128634
Moved 1665.585 284.8142 510 -0.1740411 0.3137859
Moved 1665.616 283.6419 510 -0.1767549 0.3137859
Moved 1665.647 282.7888 510 -0.1787295 0.3137859
Stationary 1665.678 282.7888 510 -0.1787295 0.3137859
Moved 1665.708 282 510 -0.1805555 0.3137859
Ended 1665.739 282 510 -0.1805555 0.3137859
Accept 1665.8 0 and
Candidates 1665.8 13 your tour for type route report it error spite support rope root hype
Began 1666.323 420 190 0.1388889 -0.5092593
Stationary 1666.353 420 190 0.1388889 -0.5092593
Stationary 1666.384 420 190 0.1388889 -0.5092593
Stationary 1666.415 420 190 0.1388889 -0.5092593
Stationary 1666.445 420 190 0.1388889 -0.5092593
Stationary 1666.476 420 190 0.1388889 -0.5092593
Stationary 1666.507 420 190 0.1388889 -0.5092593
Stationary 1666.538 420 190 0.1388889 -0.5092593
Stationary 1666.568 420 190 0.1388889 -0.5092593
Stationary 1666.599 420 190 0.1388889 -0.5092593
Stationary 1666.63 420 190 0.1388889 -0.5092593
Stationary 1666.661 420 190 0.1388889 -0.5092593
Stationary 1666.691 420 190 0.1388889 -0.5092593
Stationary 1666.722 420 190 0.1388889 -0.5092593
Stationary 1666.753 420 190 0.1388889 -0.5092593
Stationary 1666.783 420 190 0.1388889 -0.5092593
Stationary 1666.814 420 190 0.1388889 -0.5092593
Moved 1666.845 420 210.8318 0.1388889 -0.4556796
Moved 1666.875 420 218.1337 0.1388889 -0.4368991
Moved 1666.906 420 235.6025 0.1388889 -0.3919688
Moved 1666.937 420 242.1259 0.1388889 -0.3751908
Moved 1666.968 420 251.3511 0.1388889 -0.3514633
Moved 1666.998 420 259.6276 0.1388889 -0.3301761
Moved 1667.029 420 267.8887 0.1388889 -0.3089284
Moved 1667.06 420 278.5784 0.1388889 -0.2814342
Moved 1667.09 420 291.4013 0.1388889 -0.2484535
Moved 1667.121 420 302.9763 0.1388889 -0.2186824
Moved 1667.152 424.8813 315.8813 0.1501883 -0.1854904
Moved 1667.183 431.9403 333.2911 0.1665285 -0.1407122
Moved 1667.213 437.4584 349.3754 0.1793019 -0.09934319
Moved 1667.244 447.0964 371.2249 0.201612 -0.04314587
Moved 1667.275 455.3831 390.5605 0.2207942 0.006585533
Moved 1667.305 459.508 399.0159 0.2303426 0.02833307
Moved 1667.336 465.8453 415.6132 0.2450122 0.07102145
Moved 1667.367 471.7146 429.4292 0.2585986 0.1065565
Moved 1667.398 479.2541 446.4235 0.2760511 0.150266
Moved 1667.428 483.6745 458.1863 0.2862836 0.1805201
Moved 1667.459 490.75 470.9166 0.302662 0.2132629
Moved 1667.49 498.1187 485.2374 0.3197192 0.250096
Moved 1667.521 505.595 497.3925 0.3370254 0.2813592
Moved 1667.551 512.0924 508.6386 0.3520658 0.3102844
Moved 1667.582 519.8912 519.1882 0.3701185 0.3374182
Moved 1667.613 523.4222 523.4222 0.3782922 0.3483081
Moved 1667.643 526.4701 527.4701 0.3853474 0.3587193
Moved 1667.674 529 531.6055 0.3912036 0.3693555
Moved 1667.705 530.0757 534.0757 0.3936938 0.3757091
Moved 1667.735 530 535.5 0.3935185 0.3793723
Moved 1667.766 530 536.6099 0.3935185 0.3822271
Stationary 1667.797 530 537 0.3935185 0.3832304
Moved 1667.828 530 538.329 0.3935185 0.3866485
Stationary 1667.858 530 538 0.3935185 0.3858024
Moved 1667.889 516.2047 538 0.361585 0.3858024
Moved 1667.92 496.4059 533.1052 0.3157544 0.3732128
Moved 1667.95 479.2124 524.6625 0.2759546 0.351498
Moved 1667.981 458.0736 514.5368 0.2270223 0.3254547
Moved 1668.012 436.3459 501.8588 0.1767266 0.2928467
Moved 1668.043 413.9521 491.8571 0.1248892 0.267122
Moved 1668.073 392.5121 479.756 0.0752594 0.235998
Moved 1668.104 354.4381 458.2191 -0.01287465 0.1806045
Moved 1668.135 336.8517 448.9258 -0.05358407 0.1567022
Moved 1668.166 328.6289 444.8145 -0.07261828 0.1461277
Moved 1668.196 312.0877 435.5438 -0.1109082 0.1222834
Moved 1668.227 298.0641 428.532 -0.1433701 0.104249
Moved 1668.258 287.0691 422.0345 -0.1688216 0.08753729
Moved 1668.288 278.9632 416.3088 -0.1875853 0.07281056
Moved 1668.319 266 405 -0.2175926 0.04372424
Moved 1668.35 261.1765 400.1766 -0.228758 0.03131827
Moved 1668.38 252.9307 391.9307 -0.2478457 0.01010969
Moved 1668.411 246.7573 384.636 -0.2621358 -0.008652299
Moved 1668.442 240.2554 378.2554 -0.2771866 -0.02506335
Moved 1668.473 234.7587 372.7587 -0.2899103 -0.03920088
Moved 1668.503 229.714 366.428 -0.3015879 -0.05548351
Moved 1668.534 225.8506 362.8506 -0.3105311 -0.06468479
Moved 1668.565 224.4746 361.4746 -0.3137162 -0.06822382
Moved 1668.595 222 359 -0.3194444 -0.07458848
Moved 1668.626 221.2161 358.2161 -0.321259 -0.07660469
Moved 1668.657 221 358 -0.3217593 -0.07716057
Moved 1668.688 219.9294 358 -0.3242376 -0.07716057
Stationary 1668.718 219.9294 358 -0.3242376 -0.07716057
Stationary 1668.749 219.9294 358 -0.3242376 -0.07716057
Moved 1668.78 220 371.4125 -0.3240741 -0.04266346
Moved 1668.811 227.1125 384.4453 -0.3076099 -0.009142793
Moved 1668.841 232.3093 397.6187 -0.2955802 0.02473921
Moved 1668.872 236.1149 410.5743 -0.2867711 0.05806134
Moved 1668.903 244.4637 435.6229 -0.2674452 0.1224867
Moved 1668.933 247.9915 448.9745 -0.2592788 0.1568274
Moved 1668.964 250.3245 460.298 -0.2538784 0.1859517
Moved 1668.995 251.8036 468.0179 -0.2504546 0.2058074
Moved 1669.026 253.5591 482.3547 -0.2463909 0.2426818
Moved 1669.056 255 495.5406 -0.2430556 0.2765963
Moved 1669.087 257.7816 504.1265 -0.2366166 0.2986791
Moved 1669.118 260.8304 518.4911 -0.2295593 0.3356253
Moved 1669.148 262.2168 522.6503 -0.2263501 0.3463228
Moved 1669.179 263 528.9173 -0.2245371 0.3624416
Moved 1669.21 264 533.2985 -0.2222222 0.3737099
Moved 1669.24 264 538.1372 -0.2222222 0.3861553
Moved 1669.271 264 541.764 -0.2222222 0.3954834
Moved 1669.302 264 544.7512 -0.2222222 0.4031665
Moved 1669.333 264 546.2126 -0.2222222 0.4069254
Stationary 1669.363 264 546 -0.2222222 0.4063785
Ended 1669.394 264 546 -0.2222222 0.4063785
Accept 1669.578 0 your
Candidates 1669.578 13 noise nose mouse body boost mode most choose cost closer boat coast course
Began 1670.745 376 468 0.03703703 0.2057612
Stationary 1670.776 376 468 0.03703703 0.2057612
Stationary 1670.807 376 468 0.03703703 0.2057612
Moved 1670.838 376 494.1731 0.03703703 0.2730789
Moved 1670.868 376 512.4063 0.03703703 0.3199748
Moved 1670.899 376 525.659 0.03703703 0.3540611
Moved 1670.93 376 540.2078 0.03703703 0.3914807
Moved 1670.961 376 550.9504 0.03703703 0.419111
Moved 1670.991 376 560.2537 0.03703703 0.4430393
Moved 1671.022 376 566.6881 0.03703703 0.4595886
Moved 1671.053 376 572.2157 0.03703703 0.4738057
Moved 1671.083 376 576.0034 0.03703703 0.4835476
Moved 1671.114 376 580.7664 0.03703703 0.4957982
Moved 1671.145 376 583.5321 0.03703703 0.5029117
Ended 1671.176 376 584 0.03703703 0.5041152
Accept 1671.237 2 mouse
Began 1672.25 490 392 0.300926 0.01028803
Moved 1672.281 473.7709 383.4081 0.2633586 -0.01181049
Moved 1672.312 446.1987 382 0.1995341 -0.01543218
Moved 1672.343 409.7212 382 0.1150954 -0.01543218
Moved 1672.373 373.2128 397.7795 0.03058513 0.0251529
Moved 1672.404 346.2355 402.6405 -0.03186221 0.0376555
Moved 1672.435 322.9399 406.3825 -0.08578718 0.04728007
Moved 1672.466 300.374 408.8474 -0.1380232 0.05361969
Moved 1672.496 280.8073 411 -0.1833164 0.05915629
Moved 1672.527 261.533 412.3524 -0.227933 0.06263474
Moved 1672.558 246.1821 413.8311 -0.2634674 0.06643797
Moved 1672.588 224.5 418 -0.3136574 0.07716041
Moved 1672.619 208.9087 418 -0.3497484 0.07716041
Moved 1672.65 195.7121 420 -0.380296 0.08230445
Moved 1672.681 186.6599 422.335 -0.4012503 0.08831016
Moved 1672.711 177.3552 424.2149 -0.4227889 0.09314525
Moved 1672.742 171.0841 426 -0.4373054 0.09773654
Moved 1672.773 166.5354 428 -0.4478346 0.1028806
Moved 1672.803 161.6416 429.1792 -0.459163 0.1059135
Moved 1672.834 154.1929 430 -0.4764052 0.1080246
Moved 1672.865 144.1963 432.7009 -0.4995456 0.1149714
Moved 1672.896 132.1799 436.91 -0.5273612 0.1257973
Moved 1672.926 121.5248 442.6064 -0.552026 0.1404486
Moved 1672.957 113.7285 448.6357 -0.5700731 0.1559561
Moved 1672.988 107.1955 452.4022 -0.5851955 0.1656435
Moved 1673.018 99.48742 457.2563 -0.6030384 0.1781282
Moved 1673.049 96.06572 459.6448 -0.610959 0.1842715
Ended 1673.08 89.91311 462.0347 -0.6252012 0.1904185
Delete 1673.141 LeftSwipe
Began 1674.124 457 235 0.2245371 -0.3935186
Stationary 1674.155 457 235 0.2245371 -0.3935186
Stationary 1674.186 457 235 0.2245371 -0.3935186
Stationary 1674.216 457 235 0.2245371 -0.3935186
Stationary 1674.247 457 235 0.2245371 -0.3935186
Stationary 1674.278 457 235 0.2245371 -0.3935186
Stationary 1674.308 457 235 0.2245371 -0.3935186
Stationary 1674.339 457 235 0.2245371 -0.3935186
Stationary 1674.37 457 235 0.2245371 -0.3935186
Stationary 1674.401 457 235 0.2245371 -0.3935186
Stationary 1674.431 457 235 0.2245371 -0.3935186
Stationary 1674.462 457 235 0.2245371 -0.3935186
Stationary 1674.493 457 235 0.2245371 -0.3935186
Stationary 1674.523 457 235 0.2245371 -0.3935186
Stationary 1674.554 457 235 0.2245371 -0.3935186
Stationary 1674.585 457 235 0.2245371 -0.3935186
Stationary 1674.615 457 235 0.2245371 -0.3935186
Stationary 1674.646 457 235 0.2245371 -0.3935186
Stationary 1674.677 457 235 0.2245371 -0.3935186
Moved 1674.708 447.8933 241.3746 0.2034568 -0.3771229
Moved 1674.738 439.6393 249.0411 0.1843501 -0.3574045
Moved 1674.769 435.1126 254.8875 0.1738717 -0.3423676
Moved 1674.8 432.0924 258.9077 0.1668805 -0.3320277
Moved 1674.83 429.3611 263.2779 0.160558 -0.3207873
Moved 1674.861 428 267.8032 0.1574074 -0.3091483
Moved 1674.892 424.8594 274.4218 0.1501375 -0.292125
Moved 1674.923 425 282.6816 0.150463 -0.2708806
Moved 1674.953 425 295.4995 0.150463 -0.237913
Moved 1674.984 425 307.1756 0.150463 -0.2078818
Moved 1675.015 431.385 323.7888 0.1652431 -0.1651522
Moved 1675.046 436.4983 337.495 0.1770794 -0.1298998
Moved 1675.076 440.0039 351.0195 0.1851942 -0.09511453
Moved 1675.107 442.758 363.79 0.1915694 -0.06226842
Moved 1675.138 446.5 376.5 0.2002315 -0.02957819
Moved 1675.168 449.9322 386.7287 0.2081764 -0.003269847
Moved 1675.199 454.3842 397.7683 0.2184818 0.02512425
Moved 1675.23 460.8911 409.7821 0.2335441 0.05602389
Moved 1675.26 466.7844 422.5687 0.247186 0.08891129
Moved 1675.291 474.3198 439.2995 0.2646291 0.1319431
Moved 1675.322 480.8383 454.0956 0.2797181 0.169999
Moved 1675.353 492.5 475 0.306713 0.2237653
Moved 1675.383 495.8343 483.28 0.3144312 0.2450617
Moved 1675.414 502.7353 497.8383 0.3304059 0.2825059
Moved 1675.445 509.2472 507.3708 0.3454796 0.3070236
Moved 1675.475 514.7584 518.5168 0.3582369 0.3356912
Moved 1675.506 518.5474 525.821 0.3670078 0.3544779
Moved 1675.537 521.0422 534.1267 0.3727829 0.3758402
Moved 1675.568 523 538.6211 0.3773148 0.3873998
Moved 1675.598 525.5 542.5 0.3831019 0.3973764
Moved 1675.629 526.0082 545.0082 0.3842783 0.4038277
Moved 1675.66 526 546.7724 0.3842592 0.4083651
Moved 1675.69 526 548.2608 0.3842592 0.4121933
Stationary 1675.721 526 548 0.3842592 0.4115225
Moved 1675.752 526 549.1373 0.3842592 0.4144478
Stationary 1675.783 526 549 0.3842592 0.4140946
Moved 1675.813 508.0721 549 0.3427595 0.4140946
Moved 1675.844 496.8281 536.914 0.3167316 0.3830091
Moved 1675.875 481.2334 527.6167 0.280633 0.3590963
Moved 1675.906 458.9664 512.4183 0.2290889 0.3200059
Moved 1675.936 440.1124 499.0803 0.1854452 0.2857002
Moved 1675.967 421.2817 486.5211 0.1418558 0.2533979
Moved 1675.998 401.8193 474.1567 0.09680401 0.2215963
Moved 1676.028 383.6215 461.444 0.05467942 0.188899
Moved 1676.059 367 451 0.01620372 0.162037
Moved 1676.09 352.6163 442.8081 -0.01709198 0.1409673
Moved 1676.12 339.1051 435.5526 -0.04836788 0.1223059
Moved 1676.151 327.7468 429.8734 -0.07466018 0.1076991
Moved 1676.182 316.0042 424.0017 -0.101842 0.09259687
Moved 1676.213 303.0053 418.2513 -0.1319322 0.07780688
Moved 1676.243 291.9728 413.4932 -0.1574704 0.06556872
Moved 1676.274 281.9412 408.4706 -0.1806917 0.05265059
Moved 1676.305 275.2785 404.6392 -0.1961146 0.04279623
Moved 1676.335 262.5821 399.194 -0.2255045 0.02879119
Moved 1676.366 258.4572 396.6381 -0.2350528 0.02221731
Moved 1676.397 251.142 393.071 -0.2519861 0.01304261
Moved 1676.428 243.8344 389.6115 -0.2689017 0.004144598
Moved 1676.458 238.691 388 -0.2808079 -3.924585E-08
Moved 1676.489 233.1969 386 -0.2935256 -0.005144111
Moved 1676.52 229.5 385 -0.3020833 -0.007716127
Moved 1676.55 226.8974 384 -0.3081079 -0.01028807
Moved 1676.581 224.1525 383 -0.3144617 -0.01286016
Moved 1676.612 221.5 381.5 -0.3206019 -0.01671818
Moved 1676.643 220.6409 382 -0.3225905 -0.01543218
Moved 1676.673 219.835 382 -0.324456 -0.01543218
Moved 1676.704 218.955 382 -0.3264931 -0.01543218
Moved 1676.735 217.8711 382 -0.3290022 -0.01543218
Moved 1676.766 218 394.3996 -0.3287037 0.01645979
Moved 1676.796 218 402.3994 -0.3287037 0.03703537
Moved 1676.827 218 410.6317 -0.3287037 0.0582089
Moved 1676.858 218 418.8989 -0.3287037 0.0794725
Moved 1676.888 226.3762 429.5049 -0.3093143 0.1067512
Moved 1676.919 230.1288 441.5151 -0.3006278 0.1376416
Moved 1676.95 233.7696 452.6544 -0.2922001 0.166292
Moved 1676.98 235.5 461.5 -0.2881945 0.1890431
Moved 1677.011 237 468.2265 -0.2847222 0.2063438
Moved 1677.042 239.8651 475.7301 -0.2780901 0.2256432
Moved 1677.073 240.618 482.8539 -0.2763472 0.2439658
Moved 1677.103 242 489.0771 -0.2731481 0.2599718
Moved 1677.134 243 496.3834 -0.2708333 0.2787637
Moved 1677.165 243.5553 502.5553 -0.2695479 0.2946381
Moved 1677.195 244 507.6117 -0.2685185 0.3076431
Moved 1677.226 244.7104 510.7104 -0.266874 0.3156132
Moved 1677.257 245 513.467 -0.2662037 0.3227031
Moved 1677.288 246 516.2304 -0.2638889 0.3298106
Moved 1677.318 246.9898 518.9898 -0.2615977 0.3369078
Moved 1677.349 247 520.1896 -0.2615741 0.3399938
Moved 1677.38 247 522.2029 -0.2615741 0.3451719
Ended 1677.41 247 522 -0.2615741 0.3446501
Candidates 1677.472 13 nose noise mouse mode choose node those boost chose closer most course code
Began 1678.516 195 464 -0.3819444 0.1954732
Stationary 1678.547 195 464 -0.3819444 0.1954732
Stationary 1678.578 195 464 -0.3819444 0.1954732
Stationary 1678.608 195 464 -0.3819444 0.1954732
Stationary 1678.639 195 464 -0.3819444 0.1954732
Stationary 1678.67 195 464 -0.3819444 0.1954732
Stationary 1678.7 195 464 -0.3819444 0.1954732
Stationary 1678.731 195 464 -0.3819444 0.1954732
Stationary 1678.762 195 464 -0.3819444 0.1954732
Stationary 1678.793 195 464 -0.3819444 0.1954732
Stationary 1678.823 195 464 -0.3819444 0.1954732
Stationary 1678.854 195 464 -0.3819444 0.1954732
Stationary 1678.885 195 464 -0.3819444 0.1954732
Stationary 1678.915 195 464 -0.3819444 0.1954732
Moved 1678.946 195 473.2518 -0.3819444 0.2192691
Stationary 1678.977 195 473.2518 -0.3819444 0.2192691
Moved 1679.008 195 474.0028 -0.3819444 0.2212005
Moved 1679.038 195 475.5 -0.3819444 0.2250513
Moved 1679.069 195 476.9005 -0.3819444 0.2286533
Moved 1679.1 203.7925 479.2561 -0.3615913 0.2347121
Moved 1679.13 203.0798 483.0798 -0.3632411 0.2445468
Moved 1679.161 203 487.6541 -0.3634259 0.2563119
Moved 1679.192 204 492.1398 -0.3611111 0.2678492
Moved 1679.223 204 496.9643 -0.3611111 0.2802579
Moved 1679.253 205 501.4608 -0.3587963 0.291823
Moved 1679.284 205 505.4788 -0.3587963 0.3021572
Moved 1679.315 205 509.2324 -0.3587963 0.3118117
Moved 1679.345 205 511.6927 -0.3587963 0.3181396
Moved 1679.376 205 513.223 -0.3587963 0.3220755
Moved 1679.407 206.5 515.5 -0.3553241 0.327932
Moved 1679.438 206.715 517 -0.3548265 0.33179
Moved 1679.468 210.7416 519.3708 -0.3455055 0.3378878
Moved 1679.499 216.2661 523.1331 -0.3327172 0.3475644
Moved 1679.53 222.7831 525.8915 -0.3176317 0.3546592
Moved 1679.56 228.6432 527.2144 -0.3040668 0.3580615
Moved 1679.591 239.1078 528 -0.279843 0.3600822
Moved 1679.622 253.8909 528 -0.245623 0.3600822
Moved 1679.652 267.637 528 -0.2138032 0.3600822
Moved 1679.683 279.7636 528 -0.1857324 0.3600822
Moved 1679.714 293.6354 520.2729 -0.1536218 0.3402081
Moved 1679.745 310.3724 516.0364 -0.1148786 0.3293118
Moved 1679.775 324.1924 513.7615 -0.08288786 0.3234606
Moved 1679.806 336.2458 512 -0.05498653 0.31893
Moved 1679.837 348.9682 511 -0.02553667 0.3163579
Moved 1679.868 359.5063 510 -0.00114272 0.3137859
Moved 1679.898 372.5207 509 0.02898306 0.3112139
Moved 1679.929 382.4304 507.6424 0.0519221 0.3077222
Moved 1679.96 390.3466 508 0.07024676 0.3086419
Moved 1679.99 397.5973 508 0.08703083 0.3086419
Moved 1680.021 403.6766 508 0.1011033 0.3086419
Moved 1680.052 409.0916 508 0.1136378 0.3086419
Moved 1680.082 414.6212 508 0.1264381 0.3086419
Moved 1680.113 420.7265 508 0.1405706 0.3086419
Moved 1680.144 426.9467 515.9822 0.1549692 0.3291723
Moved 1680.175 432.5092 517.7546 0.1678453 0.3337308
Moved 1680.205 438 519.5 0.1805556 0.3382201
Moved 1680.236 441.2632 521.2632 0.1881094 0.3427552
Moved 1680.267 443.7089 522 0.1937706 0.3446501
Moved 1680.297 446.4675 523.4675 0.2001563 0.3484246
Moved 1680.328 449.2237 523 0.2065362 0.3472221
Moved 1680.359 450.5 524.5 0.2094908 0.3510802
Moved 1680.39 453.7751 525 0.217072 0.3523662
Moved 1680.42 455.155 525 0.2202663 0.3523662
Moved 1680.451 457.9225 525 0.2266725 0.3523662
Moved 1680.482 460.3009 525 0.232178 0.3523662
Moved 1680.513 463.15 525 0.2387732 0.3523662
Moved 1680.543 464.5 525 0.2418981 0.3523662
Moved 1680.574 466.278 525 0.2460139 0.3523662
Moved 1680.605 468.0432 525 0.2501 0.3523662
Moved 1680.635 469.8558 525 0.2542959 0.3523662
Moved 1680.666 473.2152 520.139 0.2620723 0.3398635
Moved 1680.697 476.3717 510.8849 0.2693789 0.3160619
Moved 1680.728 479.7779 503.6662 0.2772637 0.2974953
Moved 1680.758 483.5255 495.8982 0.2859386 0.2775159
Moved 1680.789 486.2811 484.8757 0.2923173 0.2491657
Moved 1680.82 489 469.9877 0.2986111 0.2108735
Moved 1680.85 491.4933 455.5333 0.3043827 0.1736966
Moved 1680.881 494.2604 445.9584 0.310788 0.1490698
Moved 1680.912 497.0066 434.9738 0.3171448 0.1208172
Moved 1680.943 499.3242 426.7031 0.3225098 0.09954483
Moved 1680.973 501.2014 417.1943 0.3268552 0.07508811
Moved 1681.004 505.343 406.9709 0.3364422 0.04879347
Moved 1681.035 505.7212 405.2787 0.3373177 0.0444411
Moved 1681.065 507.1865 401.8135 0.3407096 0.03552837
Moved 1681.096 508 396.1095 0.3425926 0.02085772
Moved 1681.127 509.7034 392.5932 0.3465357 0.01181371
Moved 1681.157 511.46 389.54 0.3506019 0.003960849
Moved 1681.188 512 387.1086 0.3518519 -0.002292625
Moved 1681.219 513 384.3499 0.3541666 -0.009388276
Moved 1681.25 514.4034 383 0.3574153 -0.01286016
Moved 1681.28 514.8593 381 0.3584707 -0.01800419
Moved 1681.311 515 379.8192 0.3587963 -0.02104112
Moved 1681.342 516 377.839 0.3611111 -0.02613436
Moved 1681.373 517 376.9178 0.3634259 -0.02850356
Moved 1681.403 517 375.772 0.3634259 -0.03145069
Moved 1681.434 518 374.8632 0.3657407 -0.03378817
Ended 1681.465 518 374.8632 0.3657407 -0.03378817
Accept 1681.526 0 nose
Candidates 1681.526 13 will still well wool week tell grill sell stroll tel aol swim el
Began 1682.601 359 379 -0.002314796 -0.02314815
Stationary 1682.632 359 379 -0.002314796 -0.02314815
Stationary 1682.662 359 379 -0.002314796 -0.02314815
Stationary 1682.693 359 379 -0.002314796 -0.02314815
Stationary 1682.724 359 379 -0.002314796 -0.02314815
Stationary 1682.755 359 379 -0.002314796 -0.02314815
Stationary 1682.785 359 379 -0.002314796 -0.02314815
Stationary 1682.816 359 379 -0.002314796 -0.02314815
Stationary 1682.847 359 379 -0.002314796 -0.02314815
Stationary 1682.877 359 379 -0.002314796 -0.02314815
Stationary 1682.908 359 379 -0.002314796 -0.02314815
Stationary 1682.939 359 379 -0.002314796 -0.02314815
Stationary 1682.97 359 379 -0.002314796 -0.02314815
Stationary 1683 359 379 -0.002314796 -0.02314815
Stationary 1683.031 359 379 -0.002314796 -0.02314815
Stationary 1683.062 359 379 -0.002314796 -0.02314815
Stationary 1683.092 359 379 -0.002314796 -0.02314815
Stationary 1683.123 359 379 -0.002314796 -0.02314815
Moved 1683.154 368.2622 388.2623 0.01912554 0.0006744792
Moved 1683.185 368 390.3218 0.01851857 0.00597157
Moved 1683.215 370.9625 395.8876 0.02537618 0.02028689
Moved 1683.246 374.7341 401.4683 0.03410677 0.03464059
Moved 1683.277 376.4826 405.4826 0.03815422 0.04496546
Moved 1683.307 377 407.9084 0.03935188 0.05120465
Moved 1683.338 378.2867 409.2866 0.04233023 0.05474946
Moved 1683.369 379.0478 411.0477 0.04409204 0.05927914
Moved 1683.4 380 413.1942 0.04629632 0.06479973
Moved 1683.43 380 415.0231 0.04629632 0.06950382
Stationary 1683.461 380 415.0231 0.04629632 0.06950382
Moved 1683.492 380 417.0966 0.04629632 0.07483694
Moved 1683.522 380 419.7277 0.04629632 0.0816041
Moved 1683.553 380 423.7746 0.04629632 0.09201281
Moved 1683.584 360.4603 435.5397 0.001065433 0.1222729
Moved 1683.615 346.5947 449.4053 -0.03103072 0.1579353
Moved 1683.645 335.9297 461.0703 -0.05571832 0.187938
Moved 1683.676 320.3613 478.6387 -0.09175619 0.2331241
Moved 1683.707 317.432 482.352 -0.09853701 0.2426748
Moved 1683.737 310.9372 491.0629 -0.1135714 0.2650793
Moved 1683.768 306.0577 497.8845 -0.1248664 0.2826248
Moved 1683.799 300.5557 506.1664 -0.1376025 0.303926
Moved 1683.83 295.0178 513.9822 -0.1504219 0.3240283
Moved 1683.86 291.488 519.512 -0.1585925 0.3382508
Moved 1683.891 288.3207 523.6793 -0.1659242 0.3489693
Moved 1683.922 285.5724 527.4276 -0.1722861 0.35861
Moved 1683.952 281.4574 532.5426 -0.1818116 0.3717659
Moved 1683.983 280.2935 533.7065 -0.1845057 0.3747594
Moved 1684.014 279 535.3709 -0.1875 0.3790403
Moved 1684.045 278 537.1166 -0.1898148 0.3835303
Moved 1684.075 278 538.3576 -0.1898148 0.3867222
Moved 1684.106 278 539.088 -0.1898148 0.3886007
Stationary 1684.137 278 539 -0.1898148 0.3883744
Moved 1684.167 285.1877 539 -0.1731765 0.3883744
Moved 1684.198 299.8505 539 -0.1392349 0.3883744
Moved 1684.229 316.5039 531.441 -0.1006854 0.3689324
Moved 1684.26 334.4506 524.6198 -0.05914216 0.3513882
Moved 1684.29 349.6033 520.1322 -0.02406637 0.3398462
Moved 1684.321 366.1997 514.6001 0.01435121 0.3256175
Moved 1684.352 378.1697 510.7321 0.04205942 0.3156689
Moved 1684.382 389.5609 509 0.06842791 0.3112139
Moved 1684.413 400.5999 507 0.09398132 0.3060699
Moved 1684.444 411.3549 505.329 0.1188771 0.3017722
Moved 1684.474 424.5508 505 0.1494232 0.3009258
Moved 1684.505 434.1541 504 0.1716531 0.2983539
Moved 1684.536 443.4122 504 0.1930839 0.2983539
Moved 1684.567 449.6253 504 0.2074661 0.2983539
Moved 1684.597 458.0218 504 0.2269023 0.2983539
Moved 1684.628 465.2711 512.5141 0.2436833 0.3202523
Moved 1684.659 471.5575 515.5192 0.258235 0.3279813
Moved 1684.69 476.9148 518.9148 0.270636 0.3367149
Moved 1684.72 485.1871 523.0936 0.2897849 0.3474628
Moved 1684.751 487.9444 524.4722 0.2961676 0.3510087
Moved 1684.782 491.2246 526.2246 0.3037606 0.3555158
Moved 1684.812 495.2667 527.6334 0.3131173 0.3591392
Moved 1684.843 500.7789 530.3895 0.3258771 0.366228
Moved 1684.874 505.2857 532.1428 0.3363095 0.3707376
Moved 1684.905 508.6839 533 0.3441756 0.3729423
Moved 1684.935 511.339 534 0.3503216 0.3755144
Moved 1684.966 513.0464 535 0.3542742 0.3780863
Moved 1684.997 514.3586 535 0.3573117 0.3780863
Moved 1685.027 515.1952 536 0.3592481 0.3806583
Moved 1685.058 516.0059 536 0.3611247 0.3806583
Stationary 1685.089 516 536 0.3611111 0.3806583
Stationary 1685.12 516 536 0.3611111 0.3806583
Moved 1685.15 517.1432 536 0.3637575 0.3806583
Stationary 1685.181 517 536 0.3634259 0.3806583
Stationary 1685.212 517 536 0.3634259 0.3806583
Moved 1685.242 517 524.4503 0.3634259 0.3509523
Moved 1685.273 505.8821 519.5881 0.3376901 0.3384466
Moved 1685.304 497.585 514.0567 0.3184838 0.3242198
Moved 1685.335 480.4176 508.5479 0.2787444 0.310051
Moved 1685.365 463.9206 505.2744 0.2405569 0.3016315
Moved 1685.396 445.3085 505 0.1974735 0.3009258
Moved 1685.427 423.7725 505 0.1476215 0.3009258
Moved 1685.457 402.7284 505 0.09890835 0.3009258
Moved 1685.488 385.4865 514.2523 0.05899638 0.3247228
Moved 1685.519 367.5831 517.0834 0.01755347 0.3320044
Moved 1685.55 352.8622 520.6552 -0.01652271 0.3411911
Moved 1685.58 337.108 523 -0.05299072 0.3472221
Moved 1685.611 323.057 524.9919 -0.08551628 0.3523453
Moved 1685.642 310.7707 527 -0.1139567 0.3575102
Moved 1685.672 300.5 529.5 -0.1377315 0.3639403
Moved 1685.703 290.8943 531.2764 -0.1599669 0.3685092
Moved 1685.734 284.768 532.744 -0.1741481 0.3722837
Moved 1685.765 277.5 535.5 -0.1909722 0.3793723
Moved 1685.795 271.4895 537.2552 -0.2048853 0.3838869
Moved 1685.826 264.7107 538.7631 -0.2205771 0.3877651
Moved 1685.857 257.6727 540.4424 -0.2368688 0.3920843
Moved 1685.887 250.6087 541 -0.2532206 0.3935184
Moved 1685.918 244.0999 542.9501 -0.2682872 0.3985341
Moved 1685.949 238.2274 543 -0.2818811 0.3986624
Moved 1685.98 233.8027 544.0986 -0.2921233 0.4014881
Moved 1686.01 228.2909 544 -0.3048823 0.4012345
Moved 1686.041 223.7726 544 -0.3153411 0.4012345
Moved 1686.072 220.9413 544 -0.3218951 0.4012345
Moved 1686.102 216.3899 544 -0.3324308 0.4012345
Moved 1686.133 213.452 544 -0.3392315 0.4012345
Moved 1686.164 210.7006 544 -0.3456005 0.4012345
Moved 1686.194 208.2815 544 -0.3512002 0.4012345
Moved 1686.225 205.5099 544 -0.357616 0.4012345
Moved 1686.256 202.7586 544 -0.3639847 0.4012345
Moved 1686.287 200.5 537 -0.369213 0.3832304
Moved 1686.317 198.535 536 -0.3737616 0.3806583
Moved 1686.348 197.9259 536 -0.3751716 0.3806583
Moved 1686.379 197.0175 535 -0.3772744 0.3780863
Stationary 1686.41 197 535 -0.3773148 0.3780863
Ended 1686.44 197 535 -0.3773148 0.3780863
Accept 1686.502 0 will
Candidates 1686.502 13 grow store site arrow die write retire deeper suite quote super due future
Began 1686.962 593 458 0.5393519 0.180041
Stationary 1686.993 593 458 0.5393519 0.180041
Stationary 1687.024 593 458 0.5393519 0.180041
Stationary 1687.055 593 458 0.5393519 0.180041
Stationary 1687.085 593 458 0.5393519 0.180041
Moved 1687.116 605.6237 458 0.5685734 0.180041
Moved 1687.147 618.0646 458 0.5973719 0.180041
Moved 1687.177 631.7975 467.1595 0.6291608 0.2035994
Moved 1687.208 658.5959 474.3372 0.6911944 0.2220607
Ended 1687.239 682.1531 481.7177 0.7457247 0.2410434
Accept 1687.3 0 grow
PhraseEnd 1687.3
