the music is better than it sounds
the music is better than it sounds
Basic
Radial

0.6 0.6
432 388.8
Began 2172.67 276 569 -0.1944444 0.4655349
Stationary 2172.701 276 569 -0.1944444 0.4655349
Stationary 2172.732 276 569 -0.1944444 0.4655349
Moved 2172.762 288.7722 545.41 -0.1648791 0.4048611
Moved 2172.793 312.5301 504.7562 -0.1098841 0.3002987
Moved 2172.824 336.5377 461.6934 -0.0543109 0.1895406
Moved 2172.855 362.7454 417.8033 0.006355146 0.07665465
Moved 2172.885 377.7315 392.4219 0.04104515 0.01137325
Moved 2172.916 392.3405 365.1542 0.07486214 -0.05875984
Moved 2172.947 400.4036 346.4911 0.09352674 -0.1067614
Moved 2172.978 406 334 0.1064815 -0.1388889
Moved 2173.008 408.124 325.6281 0.1113981 -0.1604217
Moved 2173.039 409 320.0056 0.113426 -0.1748827
Moved 2173.07 409 318.5674 0.113426 -0.1785818
Moved 2173.101 371.1188 330.4951 0.02573798 -0.1479037
Moved 2173.131 324.9633 364.2775 -0.08110344 -0.06101459
Moved 2173.162 301.9946 384.8798 -0.1342718 -0.008025346
Moved 2173.193 287.9821 402.0269 -0.1667082 0.03607734
Moved 2173.223 275.7344 415.832 -0.1950593 0.07158436
Moved 2173.254 265.6817 432.1973 -0.2183295 0.113676
Moved 2173.285 259.3869 443.2261 -0.2329006 0.1420424
Ended 2173.315 258 451 -0.2361111 0.162037
Candidates 2173.469 13 terms the end trends ends teens rubber tender send trend what returned gender
Began 2174.299 319 409 -0.09490739 0.05401234
Moved 2174.329 319 416.7258 -0.09490739 0.07388306
Moved 2174.36 340.554 467.8189 -0.04501377 0.2052954
Moved 2174.391 372.8438 538.6877 0.0297311 0.3875711
Moved 2174.421 400.3178 576.0496 0.09332825 0.4836666
Moved 2174.452 417.4137 597.4137 0.1329022 0.5386154
Moved 2174.483 424.9533 604.9533 0.1503548 0.5580074
Ended 2174.514 429 607 0.1597223 0.5632715
Accept 2174.606 1 the
Began 2175.497 470 205 0.2546296 -0.470679
Stationary 2175.527 470 205 0.2546296 -0.470679
Stationary 2175.558 470 205 0.2546296 -0.470679
Stationary 2175.589 470 205 0.2546296 -0.470679
Moved 2175.619 470 215.8654 0.2546296 -0.4427332
Moved 2175.65 449.1911 252.265 0.2064608 -0.3491127
Moved 2175.681 427.6948 290.5342 0.1567008 -0.2506838
Moved 2175.712 409.5164 324.9672 0.1146213 -0.1621216
Moved 2175.742 394.7403 350.7662 0.08041729 -0.09576593
Moved 2175.773 380.9877 378.7716 0.04858255 -0.02373566
Moved 2175.804 368.496 405.1341 0.01966655 0.04406913
Moved 2175.834 357.7764 427.9296 -0.005147208 0.1026995
Moved 2175.865 349.5681 449.8185 -0.02414793 0.1589981
Moved 2175.896 344.705 464.1802 -0.03540521 0.1959366
Moved 2175.927 339.8323 486.1737 -0.0466844 0.2525043
Moved 2175.958 337 498.3645 -0.05324075 0.2838592
Moved 2175.988 334.4558 512.1766 -0.05912999 0.3193842
Moved 2176.019 332.5826 524.6694 -0.06346613 0.3515159
Moved 2176.05 333 535.876 -0.06249999 0.3803394
Moved 2176.08 333 546.5161 -0.06249999 0.407706
Moved 2176.111 333 556.1349 -0.06249999 0.4324456
Moved 2176.142 333 560.584 -0.06249999 0.4438887
Moved 2176.172 333 564.1535 -0.06249999 0.4530697
Moved 2176.203 333 567 -0.06249999 0.4603909
Moved 2176.234 333 568.8467 -0.06249999 0.4651405
Moved 2176.265 333 570.5 -0.06249999 0.4693929
Stationary 2176.295 333 570.5 -0.06249999 0.4693929
Moved 2176.326 333 571 -0.06249999 0.4706789
Moved 2176.357 333 572 -0.06249999 0.4732509
Stationary 2176.387 333 572 -0.06249999 0.4732509
Stationary 2176.418 333 572 -0.06249999 0.4732509
Stationary 2176.449 333 572 -0.06249999 0.4732509
Stationary 2176.48 333 572 -0.06249999 0.4732509
Moved 2176.51 330.8633 572 -0.06744613 0.4732509
Moved 2176.541 328.8598 561.7195 -0.07208388 0.4468094
Moved 2176.572 322.2445 540.7336 -0.0873969 0.3928334
Moved 2176.603 319.3656 533.4139 -0.0940612 0.3740069
Moved 2176.633 316.1386 517.6929 -0.101531 0.3335721
Moved 2176.664 312.2624 502.3118 -0.1105038 0.2940117
Moved 2176.695 309.3998 491.1994 -0.1171301 0.2654305
Moved 2176.725 306.9191 481.6762 -0.1228725 0.2409367
Moved 2176.756 306 473.0651 -0.125 0.2187887
Moved 2176.787 304.1511 466.3021 -0.1292799 0.2013942
Moved 2176.818 302.2769 460.5538 -0.1336183 0.1866095
Moved 2176.848 300.6945 455.389 -0.1372812 0.1733256
Moved 2176.879 298.825 450.65 -0.1416088 0.1611366
Moved 2176.91 296.9546 444.9091 -0.1459385 0.1463711
Moved 2176.94 294.3227 437.968 -0.1520309 0.1285183
Moved 2176.971 290.5583 427.2333 -0.1607446 0.1009086
Moved 2177.002 286.6786 413.7145 -0.1697254 0.0661381
Moved 2177.032 283.8081 403.4244 -0.1763701 0.03967171
Moved 2177.063 281.3048 394.9144 -0.1821648 0.01778379
Moved 2177.094 278.4397 387.319 -0.1887971 -0.001751739
Moved 2177.125 275.5745 380.149 -0.1954294 -0.02019293
Moved 2177.156 272.7087 373.4174 -0.2020632 -0.03750671
Moved 2177.186 272 371.1717 -0.2037037 -0.04328276
Moved 2177.217 272 369 -0.2037037 -0.04886839
Moved 2177.248 272 367.5 -0.2037037 -0.05272634
Stationary 2177.278 272 367.5 -0.2037037 -0.05272634
Stationary 2177.309 272 367.5 -0.2037037 -0.05272634
Moved 2177.34 286.8143 368 -0.1694114 -0.05144041
Moved 2177.371 315.0012 381.462 -0.1041639 -0.01681591
Moved 2177.401 356.8879 404.9871 -0.007203966 0.04369096
Moved 2177.432 414.2329 448.9538 0.1255391 0.1567741
Moved 2177.463 446.972 474.9767 0.2013242 0.2237054
Moved 2177.493 472.8758 498.223 0.2612866 0.2834952
Moved 2177.524 492.4922 515.0768 0.3066948 0.3268435
Moved 2177.555 502.56 524.56 0.33 0.3512345
Moved 2177.585 508.1497 528.1498 0.3429392 0.3604675
Moved 2177.616 510.6509 530.6509 0.348729 0.3669003
Moved 2177.647 513.5 532.5 0.3553241 0.3716563
Moved 2177.678 514.374 533.374 0.3573472 0.3739041
Moved 2177.708 514 534 0.3564815 0.3755144
Moved 2177.739 514 525.2846 0.3564815 0.3530982
Moved 2177.77 485.3424 488.0147 0.2901445 0.2572394
Moved 2177.801 447.943 430.6003 0.2035718 0.1095685
Moved 2177.831 422.614 391.4425 0.1449399 0.0088541
Moved 2177.862 397.3904 349.6507 0.08655191 -0.09863511
Moved 2177.893 379.4222 321.438 0.04495879 -0.1711984
Moved 2177.924 367.2991 300.9487 0.01689613 -0.2238975
Moved 2177.954 357.049 285.5735 -0.00683104 -0.2634427
Moved 2177.985 349.6609 272.4349 -0.023933 -0.2972353
Moved 2178.016 343.0334 261.05 -0.03927464 -0.3265174
Moved 2178.046 337.7147 252.072 -0.05158638 -0.349609
Moved 2178.077 334.6057 245.2113 -0.05878319 -0.3672549
Moved 2178.108 330.7203 239.4406 -0.06777713 -0.3820974
Moved 2178.138 327.8515 234.703 -0.07441775 -0.3942825
Moved 2178.169 326.3477 232.3478 -0.07789881 -0.4003401
Moved 2178.2 325.4758 230.4758 -0.07991706 -0.4051547
Ended 2178.231 325 229 -0.08101851 -0.4089506
Candidates 2178.323 13 music begun brain mission main magic virgin vision version metric begin metabolic lesson
Began 2178.999 398 397 0.08796295 0.02314815
Stationary 2179.029 398 397 0.08796295 0.02314815
Moved 2179.06 420.2331 397 0.1394285 0.02314815
Moved 2179.091 457.9404 406.2986 0.2267139 0.04706422
Moved 2179.122 514.7529 415.5269 0.3582242 0.07079964
Moved 2179.152 540.6983 421.3423 0.4182832 0.08575702
Moved 2179.183 556.6159 424 0.4551294 0.09259254
Ended 2179.214 559 424 0.4606481 0.09259254
Accept 2179.275 0 music
Began 2179.92 467 586 0.2476852 0.5092591
Stationary 2179.951 467 586 0.2476852 0.5092591
Stationary 2179.982 467 586 0.2476852 0.5092591
Moved 2180.012 467 571.3134 0.2476852 0.471485
Moved 2180.043 467 559.061 0.2476852 0.4399716
Moved 2180.074 467 542.5607 0.2476852 0.3975326
Moved 2180.104 458.4417 527.6498 0.2278742 0.3591816
Moved 2180.135 455.5999 512.3997 0.2212961 0.3199579
Moved 2180.166 454.0243 508.0729 0.2176489 0.3088295
Moved 2180.197 451.1608 499.4825 0.2110204 0.2867348
Moved 2180.228 445.5901 492.8852 0.1981253 0.2697664
Moved 2180.258 438.5505 487.7004 0.1818299 0.256431
Moved 2180.289 419.3893 479.8473 0.1374751 0.2362327
Moved 2180.32 398.561 472.2404 0.08926153 0.2166677
Moved 2180.35 379.2353 466.5588 0.04452616 0.2020545
Moved 2180.381 358.4106 461.2232 -0.003679146 0.1883312
Moved 2180.412 340.0697 456.7342 -0.04613494 0.1767854
Moved 2180.442 322.9686 449.9874 -0.08572092 0.1594326
Moved 2180.473 303.2553 440.1276 -0.1313534 0.1340731
Moved 2180.504 297.8116 436.2077 -0.1439547 0.1239909
Moved 2180.535 286.9461 429.2095 -0.1691063 0.1059915
Moved 2180.565 271 418.5 -0.2060186 0.07844638
Moved 2180.596 263.5613 411.5613 -0.2232378 0.06059992
Moved 2180.627 259.2687 408.4229 -0.2331743 0.05252806
Moved 2180.657 253.0969 402.0969 -0.2474609 0.03625732
Moved 2180.688 246.3368 396.3368 -0.2631092 0.02144229
Moved 2180.719 242.2919 392.2919 -0.2724724 0.01103892
Moved 2180.75 237.2684 387.5368 -0.284101 -0.001191386
Moved 2180.78 234.3956 384.3956 -0.2907509 -0.009270774
Ended 2180.811 234 382.969 -0.2916667 -0.01293991
Candidates 2180.903 13 is id its his pa pass of odds oa us ps odd if
Began 2181.456 390 448 0.06944448 0.1543209
Moved 2181.487 394.9948 448 0.08100648 0.1543209
Moved 2181.518 418.8766 448 0.1362885 0.1543209
Moved 2181.548 469.8209 462.2255 0.2542151 0.190909
Moved 2181.579 500.712 467.8569 0.3257223 0.2053931
Moved 2181.61 517.7969 469 0.3652706 0.2083333
Moved 2181.641 526.4743 470 0.3853571 0.2109053
Moved 2181.671 530.011 470 0.3935439 0.2109053
Ended 2181.702 532.8488 470 0.400113 0.2109053
Accept 2181.763 0 is
Began 2182.47 401 217 0.09490739 -0.4398148
Stationary 2182.501 401 217 0.09490739 -0.4398148
Stationary 2182.531 401 217 0.09490739 -0.4398148
Moved 2182.562 385.3658 237.4878 0.05871723 -0.3871199
Moved 2182.593 366.3199 265.0202 0.01462936 -0.3163061
Moved 2182.624 349.7199 290.2481 -0.02379646 -0.2514195
Moved 2182.654 335.8999 310.6752 -0.05578731 -0.1988808
Moved 2182.685 324.7471 329.4046 -0.08160387 -0.1507084
Moved 2182.716 314.4795 345.2008 -0.1053715 -0.1100802
Moved 2182.746 304.8584 359.5694 -0.1276426 -0.07312405
Moved 2182.777 295 374 -0.150463 -0.03600823
Moved 2182.808 281.4262 395.6229 -0.1818837 0.01960629
Moved 2182.839 274.2068 406.1897 -0.1985953 0.04678408
Moved 2182.869 271.3309 412.3382 -0.2052525 0.06259812
Moved 2182.9 266.4367 417.5632 -0.2165816 0.07603708
Moved 2182.931 261.7453 426.5095 -0.2274415 0.09904692
Moved 2182.961 255.766 436.351 -0.2412824 0.1243595
Moved 2182.992 252.0101 442.9697 -0.2499767 0.141383
Moved 2183.023 249.4943 449.0115 -0.2558003 0.1569224
Moved 2183.054 248 454.3731 -0.2592593 0.1707126
Moved 2183.084 246 460.4735 -0.2638889 0.186403
Moved 2183.115 245 463.8562 -0.2662037 0.1951033
Moved 2183.146 244.3209 468.3582 -0.2677757 0.2066826
Moved 2183.177 244 471.5503 -0.2685185 0.2148926
Moved 2183.207 244 474.4125 -0.2685185 0.2222544
Moved 2183.238 243.0489 477.9022 -0.2707202 0.2312299
Moved 2183.269 243 480.8246 -0.2708333 0.2387463
Moved 2183.299 243 484.3921 -0.2708333 0.247922
Moved 2183.33 243 490.5 -0.2708333 0.2636316
Moved 2183.361 243 496.2079 -0.2708333 0.2783126
Moved 2183.392 243 503.8116 -0.2708333 0.2978692
Moved 2183.422 243 511.6264 -0.2708333 0.3179691
Moved 2183.453 243 518.7874 -0.2708333 0.3363871
Moved 2183.484 251.2196 528.4392 -0.2518065 0.3612119
Moved 2183.514 253 536.2642 -0.2476852 0.3813378
Moved 2183.545 255.9673 541.9347 -0.2408163 0.3959225
Moved 2183.576 257 546.9703 -0.2384259 0.4088741
Moved 2183.607 260.3579 550.3579 -0.230653 0.4175871
Moved 2183.637 262.2314 553.2314 -0.2263161 0.4249779
Moved 2183.668 263.8479 554 -0.2225742 0.4269547
Moved 2183.699 269.3543 556 -0.2098279 0.4320986
Moved 2183.729 276.6486 557 -0.192943 0.4346707
Moved 2183.76 287.6977 557 -0.1673665 0.4346707
Moved 2183.791 302.7232 557 -0.1325851 0.4346707
Moved 2183.822 317.1685 548.3326 -0.09914711 0.4123781
Moved 2183.852 330.8564 543.2859 -0.06746212 0.3993978
Moved 2183.883 342 539.5 -0.04166668 0.3896604
Moved 2183.914 352.3206 533.8397 -0.01777629 0.3751019
Moved 2183.945 359.9099 530.045 -0.0002086163 0.3653421
Moved 2183.975 364.8282 527 0.01117627 0.3575102
Moved 2184.006 368.2807 524.7193 0.01916826 0.3516443
Moved 2184.037 372.4919 522.754 0.0289165 0.3465895
Moved 2184.067 374.1191 522 0.03268301 0.3446501
Moved 2184.098 377.9895 518.0105 0.04164239 0.3343891
Moved 2184.129 382.014 514.493 0.05095829 0.325342
Moved 2184.16 385.3748 510.2504 0.05873789 0.3144301
Moved 2184.19 388.2518 508.7482 0.06539762 0.3105664
Moved 2184.221 389 508 0.06712963 0.3086419
Moved 2184.252 390 506.3062 0.06944448 0.3042855
Stationary 2184.282 390 506 0.06944448 0.3034978
Moved 2184.313 390 505 0.06944448 0.3009258
Moved 2184.344 390 503.5 0.06944448 0.2970678
Moved 2184.375 364.0226 504 0.009311637 0.2983539
Moved 2184.405 341.891 504 -0.04191905 0.2983539
Moved 2184.436 322.5 504 -0.08680557 0.2983539
Moved 2184.467 303.2688 504 -0.1313222 0.2983539
Moved 2184.498 285.1437 504 -0.1732786 0.2983539
Moved 2184.528 270.7398 504 -0.2066208 0.2983539
Moved 2184.559 259.5437 504 -0.2325376 0.2983539
Moved 2184.59 249.2298 511 -0.2564125 0.3163579
Moved 2184.62 239.5995 512 -0.2787048 0.31893
Moved 2184.651 231.9799 512 -0.2963427 0.31893
Moved 2184.682 226.9438 512 -0.3080005 0.31893
Moved 2184.712 221.2023 512 -0.321291 0.31893
Moved 2184.743 215.4503 512 -0.3346059 0.31893
Moved 2184.774 214 512 -0.3379629 0.31893
Moved 2184.805 212.2901 512 -0.3419209 0.31893
Moved 2184.835 212 512.5842 -0.3425926 0.3204326
Moved 2184.866 212 515.459 -0.3425926 0.3278267
Moved 2184.897 237.8954 518.9896 -0.2826494 0.3369072
Moved 2184.927 263.7497 520 -0.2228016 0.3395061
Moved 2184.958 283.3747 520 -0.1773734 0.3395061
Moved 2184.989 296 509.5 -0.1481481 0.3124999
Moved 2185.02 303.3289 509.8904 -0.1311831 0.313504
Moved 2185.05 312.5 506 -0.1099537 0.3034978
Ended 2185.081 312.5 506 -0.1099537 0.3034978
Candidates 2185.235 13 better variety very married barrier best needed carrier carried berger varied neither bauer
Began 2185.849 391 478 0.07175922 0.2314814
Moved 2185.88 404.9172 478 0.103975 0.2314814
Moved 2185.911 458.9239 478 0.2289904 0.2314814
Moved 2185.941 475.3475 478 0.267008 0.2314814
Moved 2185.972 519.6071 478 0.3694609 0.2314814
Moved 2186.003 563.182 478 0.4703287 0.2314814
Moved 2186.033 578.2622 478 0.5052366 0.2314814
Moved 2186.064 582.5 478 0.5150463 0.2314814
Ended 2186.095 582.5 478 0.5150463 0.2314814
Accept 2186.156 0 better
Began 2186.894 333 573 -0.06249999 0.4758229
Stationary 2186.924 333 573 -0.06249999 0.4758229
Stationary 2186.955 333 573 -0.06249999 0.4758229
Moved 2186.986 345.2141 550.6573 -0.03422653 0.4183573
Moved 2187.016 365.5547 511.8907 0.01285801 0.3186488
Moved 2187.047 385.868 466.264 0.05987962 0.2012963
Moved 2187.078 402.4042 431.8725 0.09815783 0.1128407
Moved 2187.109 414.9075 408.1851 0.1271006 0.05191618
Moved 2187.139 425.2514 388.4134 0.1510449 0.00106317
Moved 2187.17 432.9032 372.1935 0.1687575 -0.04065455
Moved 2187.201 436.6085 364.1745 0.1773345 -0.06127965
Moved 2187.231 440.33 354.6801 0.185949 -0.08569945
Moved 2187.262 444.2177 347.5645 0.1949485 -0.1040008
Moved 2187.293 446 342.915 0.199074 -0.1159592
Moved 2187.324 447 337.9353 0.2013889 -0.1287673
Moved 2187.354 447 336.0618 0.2013889 -0.1335859
Moved 2187.385 425.2603 333.1884 0.1510655 -0.1409764
Moved 2187.416 414.2627 333 0.1256081 -0.141461
Moved 2187.447 381.6037 338.3183 0.05000859 -0.1277822
Moved 2187.477 342.5303 350.5253 -0.04043912 -0.09638562
Moved 2187.508 304.2683 363.0713 -0.1290085 -0.06411713
Moved 2187.539 275.4522 370.1217 -0.1957125 -0.04598335
Moved 2187.57 254.2806 376.8878 -0.2447208 -0.02858095
Moved 2187.6 239.6976 379.8256 -0.2784778 -0.02102471
Moved 2187.631 229.9339 382.6887 -0.3010788 -0.01366093
Moved 2187.662 225.5435 385.2283 -0.3112419 -0.00712897
Moved 2187.692 221.905 386 -0.3196644 -0.005144111
Moved 2187.723 220.5 387.5 -0.3229167 -0.001286047
Moved 2187.754 218.3848 389 -0.3278131 0.002572016
Stationary 2187.784 218 389 -0.3287037 0.002572016
Moved 2187.815 227.5075 389 -0.3066957 0.002572016
Moved 2187.846 258.9893 362.1006 -0.233821 -0.06661371
Moved 2187.877 304.6788 323.3891 -0.1280584 -0.1661804
Moved 2187.907 318.1024 311.4104 -0.09698519 -0.1969897
Moved 2187.938 352.5543 282.265 -0.01723543 -0.2719522
Moved 2187.969 369.9686 265.2775 0.02307554 -0.3156444
Moved 2188 383.2604 252.5221 0.05384356 -0.3484515
Moved 2188.03 398.2339 240.413 0.08850425 -0.3795963
Moved 2188.061 411.5729 226.9125 0.1193819 -0.4143199
Moved 2188.092 421.2639 215.7361 0.1418146 -0.4430656
Moved 2188.122 429.8862 204.1517 0.1617735 -0.4728608
Moved 2188.153 433.8307 199.1693 0.1709043 -0.4856757
Ended 2188.184 435.2691 197.7308 0.174234 -0.4893754
Candidates 2188.276 13 than human urban truman plan roman then tv dylan lab alan given german
Began 2188.829 370 389 0.02314816 0.002572016
Stationary 2188.86 370 389 0.02314816 0.002572016
Moved 2188.89 379.6471 389 0.04547944 0.002572016
Moved 2188.921 412.3912 389 0.1212759 0.002572016
Moved 2188.952 445.8625 389 0.1987557 0.002572016
Moved 2188.983 475.5045 396 0.2673715 0.02057605
Moved 2189.013 496.9611 397 0.3170396 0.02314815
Ended 2189.044 513.5 398.5 0.3553241 0.02700609
Accept 2189.136 0 than
Began 2189.812 474 528 0.2638889 0.3600822
Stationary 2189.843 474 528 0.2638889 0.3600822
Stationary 2189.874 474 528 0.2638889 0.3600822
Stationary 2189.904 474 528 0.2638889 0.3600822
Moved 2189.935 455.3325 533.868 0.2206771 0.3751748
Moved 2189.966 438.7482 540.2148 0.1822876 0.3914988
Moved 2189.996 417.1664 544.4792 0.1323296 0.402467
Moved 2190.027 394.1547 549.3557 0.07906169 0.4150093
Moved 2190.058 374.5541 551 0.03369004 0.4192385
Moved 2190.088 352.4413 553.7941 -0.01749709 0.4264251
Moved 2190.119 333.3123 555 -0.06177714 0.4295266
Moved 2190.15 318.2338 555 -0.09668101 0.4295266
Moved 2190.181 299.4335 555 -0.1402002 0.4295266
Moved 2190.211 289.1294 555 -0.1640524 0.4295266
Moved 2190.242 281.0822 555 -0.18268 0.4295266
Ended 2190.273 281 555 -0.1828704 0.4295266
Candidates 2190.396 13 it or our outer port pure pet your out potter pre peer pretty
Began 2190.887 378 471 0.04166663 0.2134772
Stationary 2190.918 378 471 0.04166663 0.2134772
Moved 2190.949 398.4774 474.6516 0.08906791 0.2228692
Moved 2190.979 435.1342 482.6846 0.1739218 0.2435301
Moved 2191.01 471.0794 486.7599 0.2571283 0.2540121
Moved 2191.041 509.2585 489 0.3455059 0.2597736
Moved 2191.072 531.7225 490 0.3975059 0.2623456
Moved 2191.102 541.4467 491.4822 0.4200154 0.2661579
Moved 2191.133 548.0079 493.0053 0.4352035 0.2700753
Ended 2191.164 548.0079 493.0053 0.4352035 0.2700753
Accept 2191.225 0 it
Began 2192.208 208 353 -0.3518518 -0.09002065
Stationary 2192.239 208 353 -0.3518518 -0.09002065
Stationary 2192.27 208 353 -0.3518518 -0.09002065
Stationary 2192.3 208 353 -0.3518518 -0.09002065
Moved 2192.331 224.876 375.845 -0.3127871 -0.03126301
Moved 2192.362 247.5657 400.7092 -0.2602645 0.03268811
Moved 2192.393 285.7862 437.348 -0.1717912 0.1269238
Moved 2192.423 336 475.5 -0.05555556 0.2250513
Moved 2192.454 394.3536 522.0909 0.07952224 0.344884
Moved 2192.485 410.9899 533.9927 0.1180322 0.3754955
Moved 2192.515 437.1671 554.405 0.1786275 0.4279964
Moved 2192.546 452.7005 565.1337 0.2145845 0.4555906
Moved 2192.577 469.27 574.762 0.2529399 0.4803549
Moved 2192.607 478.5201 580.26 0.2743519 0.4944958
Moved 2192.638 483.9753 583 0.2869798 0.5015431
Moved 2192.669 486.5 585.5 0.2928241 0.5079731
Moved 2192.7 488.4232 586 0.297276 0.5092591
Moved 2192.73 489.3734 587.3734 0.2994755 0.5127916
Moved 2192.761 490.3607 587 0.301761 0.5118312
Moved 2192.792 491.5 588 0.3043981 0.5144032
Moved 2192.823 491 588 0.3032407 0.5144032
Moved 2192.853 491 589 0.3032407 0.5169753
Stationary 2192.884 491 589 0.3032407 0.5169753
Moved 2192.915 491 590.5 0.3032407 0.5208333
Moved 2192.946 480.5233 591 0.2789892 0.5221192
Moved 2192.976 468.2156 591 0.250499 0.5221192
Moved 2193.007 457.1007 591 0.2247701 0.5221192
Moved 2193.038 446.1987 591 0.199534 0.5221192
Moved 2193.068 439.4416 591 0.1838925 0.5221192
Moved 2193.099 429.4607 591 0.1607887 0.5221192
Moved 2193.13 418.226 591 0.1347825 0.5221192
Moved 2193.16 409.6301 591 0.1148844 0.5221192
Moved 2193.191 402.0145 591 0.09725581 0.5221192
Moved 2193.222 395.9058 587.1704 0.08311529 0.5122695
Moved 2193.253 390.152 581.576 0.06979634 0.4978806
Moved 2193.283 386.7169 579.717 0.06184478 0.4930991
Moved 2193.314 383.2781 577.1391 0.05388458 0.4864688
Moved 2193.345 380.3138 573.3138 0.0470227 0.4766301
Moved 2193.375 377.446 569.8921 0.04038433 0.4678293
Moved 2193.406 374.5709 566.5709 0.03372888 0.4592871
Moved 2193.437 373.0008 563.0008 0.03009449 0.4501048
Moved 2193.468 370.1219 559.1219 0.02343039 0.4401283
Moved 2193.498 366.8052 553.8052 0.01575271 0.4264535
Moved 2193.529 365.267 551.267 0.01219203 0.4199252
Moved 2193.56 365 549.8289 0.01157403 0.4162265
Moved 2193.591 362.9597 545.9597 0.006851157 0.4062749
Moved 2193.621 362 541.1819 0.004629592 0.3939862
Moved 2193.652 361 536.0959 0.002314846 0.3809049
Moved 2193.683 360 520.5192 0 0.3408415
Moved 2193.713 360 492.3831 0 0.2684748
Moved 2193.744 367.325 465.5822 0.01695593 0.1995425
Moved 2193.775 374.7458 433.0167 0.03413389 0.1157835
Moved 2193.806 383.3627 393.5491 0.05408039 0.01427234
Moved 2193.836 393.0119 360.9524 0.07641643 -0.06956697
Moved 2193.867 403.5567 333.1082 0.1008257 -0.1411826
Moved 2193.898 410.4702 308.8542 0.1168292 -0.2035644
Moved 2193.928 420.7881 282.6357 0.1407132 -0.2709987
Moved 2193.959 425.9296 264.2112 0.1526148 -0.3183868
Moved 2193.99 431.4718 245.1129 0.1654439 -0.367508
Moved 2194.021 433 238.3118 0.1689814 -0.3850007
Moved 2194.051 434 235.4337 0.1712963 -0.3924031
Moved 2194.082 435.5 232.5 0.1747686 -0.3999486
Moved 2194.113 435 228.613 0.1736111 -0.4099459
Moved 2194.144 435 226.933 0.1736111 -0.414267
Stationary 2194.174 435 227 0.1736111 -0.4140947
Moved 2194.205 415.7612 231.0299 0.1290767 -0.4037297
Moved 2194.236 396.6543 248.0106 0.08484781 -0.360055
Moved 2194.266 368.4253 272.3766 0.01950294 -0.2973852
Moved 2194.297 346.4283 294.4901 -0.03141602 -0.2405092
Moved 2194.328 328.6787 314.9387 -0.07250304 -0.187915
Moved 2194.359 308.5004 336.4996 -0.119212 -0.1324599
Moved 2194.389 289.4252 354.207 -0.1633676 -0.08691631
Moved 2194.42 274.438 366.5621 -0.1980603 -0.0551387
Moved 2194.451 249.0595 383.7524 -0.2568066 -0.01092503
Moved 2194.481 236.7393 391.1303 -0.2853256 0.008051091
Moved 2194.512 230.5501 395.725 -0.2996526 0.01986872
Moved 2194.543 227.8572 398.1428 -0.305886 0.02608731
Moved 2194.573 224.0517 400 -0.3146952 0.03086416
Moved 2194.604 223 401 -0.3171296 0.03343609
Ended 2194.635 223 402.2614 -0.3171296 0.03668039
Candidates 2194.819 13 sounds signs around sound friends friend depends ground sigma returns forms grounds aims
Began 2195.311 372 434 0.02777775 0.1183127
Stationary 2195.342 372 434 0.02777775 0.1183127
Moved 2195.372 396.8933 434 0.08540113 0.1183127
Moved 2195.403 433.6299 434 0.1704397 0.1183127
Moved 2195.434 471.1443 434 0.2572786 0.1183127
Moved 2195.465 505.7318 434 0.3373422 0.1183127
Moved 2195.495 522.8174 434 0.3768921 0.1183127
Moved 2195.526 530.8448 434 0.395474 0.1183127
Moved 2195.557 533.7991 434 0.4023126 0.1183127
Moved 2195.587 536.5 434 0.4085648 0.1183127
Moved 2195.618 537.0533 434 0.4098457 0.1183127
Moved 2195.649 538.5 434 0.4131944 0.1183127
Moved 2195.679 539.3181 434 0.4150882 0.1183127
Moved 2195.71 540.2495 434 0.4172441 0.1183127
Moved 2195.741 541 434 0.4189815 0.1183127
Moved 2195.772 542.3253 434 0.4220492 0.1183127
Stationary 2195.802 542.3253 434 0.4220492 0.1183127
Moved 2195.833 543.1868 434 0.4240435 0.1183127
Moved 2195.864 544.0193 434 0.4259705 0.1183127
Stationary 2195.895 544.0193 434 0.4259705 0.1183127
Stationary 2195.925 544.0193 434 0.4259705 0.1183127
Moved 2195.956 545.5 434 0.4293981 0.1183127
Stationary 2195.987 545.5 434 0.4293981 0.1183127
Moved 2196.018 545 434 0.4282407 0.1183127
Stationary 2196.048 545 434 0.4282407 0.1183127
Stationary 2196.079 545 434 0.4282407 0.1183127
Stationary 2196.11 545 434 0.4282407 0.1183127
Stationary 2196.14 545 434 0.4282407 0.1183127
Ended 2196.171 545 434 0.4282407 0.1183127
Accept 2196.233 0 sounds
Began 2196.693 476 414 0.2685185 0.06687239
Stationary 2196.724 476 414 0.2685185 0.06687239
Moved 2196.755 492.5029 414 0.3067197 0.06687239
Moved 2196.785 525.1663 414 0.3823294 0.06687239
Moved 2196.816 568.5873 414 0.482841 0.06687239
Moved 2196.847 626.3968 414 0.6166592 0.06687239
Moved 2196.878 635.1459 414 0.6369117 0.06687239
Ended 2196.908 645.392 414 0.6606296 0.06687239
PhraseEnd 2197.093
