the five boxing wizards jump quickly
the five boxing wizards jump quickly
Basic
List

0.6 0.6
432 388.8
Began 1749.009 323 565 -0.08564815 0.4552468
Stationary 1749.04 323 565 -0.08564815 0.4552468
Stationary 1749.071 323 565 -0.08564815 0.4552468
Stationary 1749.101 323 565 -0.08564815 0.4552468
Stationary 1749.132 323 565 -0.08564815 0.4552468
Moved 1749.163 323 543.7071 -0.08564815 0.4004811
Moved 1749.193 323 529.7186 -0.08564815 0.3645023
Moved 1749.224 323 516.7135 -0.08564815 0.3310531
Moved 1749.255 333.6754 503.8114 -0.06093645 0.2978688
Moved 1749.286 339.4352 488.6942 -0.0476036 0.2589871
Moved 1749.316 344.1737 476.6526 -0.036635 0.228016
Moved 1749.347 349.2251 464.5497 -0.02494181 0.1968872
Moved 1749.378 354.0173 452.9309 -0.01384889 0.1670033
Moved 1749.409 361.7888 439.5279 0.004140834 0.1325305
Moved 1749.439 370.2964 426.1726 0.02383431 0.09818049
Moved 1749.47 379.2239 411.1641 0.04449983 0.05957847
Moved 1749.501 387.5007 399.3324 0.06365906 0.02914699
Moved 1749.532 394.0923 389.8616 0.07891734 0.004787955
Moved 1749.562 396.668 384.332 0.0848797 -0.009434272
Moved 1749.593 399.4143 379.1714 0.09123673 -0.02270718
Moved 1749.624 400 376.7192 0.09259263 -0.02901454
Moved 1749.655 400 376 0.09259263 -0.03086435
Moved 1749.685 394.435 376 0.07971057 -0.03086435
Moved 1749.716 381.6915 384.7314 0.05021185 -0.008407012
Moved 1749.747 346.4464 412.6851 -0.031374 0.06349029
Moved 1749.777 333.1194 424.5605 -0.06222352 0.09403405
Moved 1749.808 312.3467 441.8217 -0.1103086 0.1384301
Moved 1749.839 293.762 458.5317 -0.1533286 0.1814086
Moved 1749.87 280.1036 470.3171 -0.1849454 0.211721
Moved 1749.9 270.5387 479.346 -0.2070864 0.2349433
Moved 1749.931 260.9267 488.0489 -0.2293364 0.2573273
Moved 1749.962 253.3229 496.6771 -0.2469377 0.2795193
Moved 1749.993 247.4856 504.5143 -0.2604499 0.2996767
Moved 1750.023 243.4037 509.5963 -0.2698987 0.3127475
Moved 1750.054 241.8322 513.3357 -0.2735367 0.3223654
Moved 1750.085 240 516.04 -0.2777777 0.329321
Moved 1750.116 239 518.5 -0.2800926 0.335648
Moved 1750.146 239 520.3724 -0.2800926 0.3404639
Ended 1750.177 239 522 -0.2800926 0.3446501
Candidates 1750.3 13 the there where other she he what threw that these tiger edge register
Began 1751.283 320 381 -0.09259259 -0.01800419
Stationary 1751.314 320 381 -0.09259259 -0.01800419
Stationary 1751.345 320 381 -0.09259259 -0.01800419
Stationary 1751.376 320 381 -0.09259259 -0.01800419
Stationary 1751.406 320 381 -0.09259259 -0.01800419
Stationary 1751.437 320 381 -0.09259259 -0.01800419
Stationary 1751.468 320 381 -0.09259259 -0.01800419
Stationary 1751.499 320 381 -0.09259259 -0.01800419
Stationary 1751.529 320 381 -0.09259259 -0.01800419
Stationary 1751.56 320 381 -0.09259259 -0.01800419
Moved 1751.591 334.5523 385.1395 -0.05890667 -0.007357381
Moved 1751.622 343.2791 396.2791 -0.03870567 0.0212939
Moved 1751.652 354.7984 406.7984 -0.01204073 0.04834972
Moved 1751.683 367.0673 421.6943 0.01635959 0.08666211
Moved 1751.714 390.9061 453.2873 0.07154187 0.1679199
Moved 1751.745 413.0333 481.7111 0.1227622 0.2410263
Moved 1751.775 431.5099 503.5948 0.1655321 0.2973118
Moved 1751.806 443.8508 516.8508 0.194099 0.3314062
Moved 1751.837 450 523 0.2083333 0.3472221
Moved 1751.867 455.6825 526.3412 0.2214873 0.3558159
Moved 1751.898 458.2113 527 0.227341 0.3575102
Moved 1751.929 462.0804 528 0.2362972 0.3600822
Moved 1751.96 464.4676 528 0.2418232 0.3600822
Moved 1751.99 465.0249 528 0.2431131 0.3600822
Moved 1752.021 467.179 519.7471 0.2480995 0.3388556
Moved 1752.052 467 513.2759 0.2476852 0.3222115
Moved 1752.083 456.1762 502.1763 0.2226302 0.2936632
Moved 1752.113 439.1498 484.5082 0.1832172 0.2482205
Moved 1752.144 422 464 0.1435185 0.1954732
Moved 1752.175 402.4421 435.1321 0.09824555 0.1212246
Moved 1752.206 377.313 392.6708 0.04007647 0.01201339
Moved 1752.236 362.895 359.327 0.00670135 -0.07374759
Moved 1752.267 352.2273 332.0683 -0.01799231 -0.1438573
Moved 1752.298 340.8923 305.3416 -0.04423072 -0.2125988
Moved 1752.328 332.7072 280.2191 -0.06317789 -0.2772145
Moved 1752.359 325.0628 258.2197 -0.08087322 -0.3337971
Moved 1752.39 319.7706 243.3119 -0.09312356 -0.3721403
Moved 1752.421 315.6499 230.2494 -0.1026623 -0.4057371
Moved 1752.451 311.7779 222.5558 -0.1116252 -0.4255253
Moved 1752.482 310 216.9105 -0.1157407 -0.440045
Moved 1752.513 308.3698 215 -0.1195143 -0.4449589
Moved 1752.544 308 213.937 -0.1203704 -0.4476929
Moved 1752.574 307 213 -0.1226852 -0.4501029
Moved 1752.605 306 213 -0.125 -0.4501029
Moved 1752.636 304 224.0729 -0.1296296 -0.4216233
Moved 1752.667 300.7278 239.4526 -0.1372041 -0.3820663
Moved 1752.697 295.4868 264.1315 -0.149336 -0.318592
Moved 1752.728 292.9429 286.4571 -0.1552248 -0.2611701
Moved 1752.759 291.0474 318.4787 -0.1596125 -0.17881
Moved 1752.79 287.3516 354.5392 -0.1681677 -0.08606176
Moved 1752.82 282.6272 389.2367 -0.1791036 0.00318068
Moved 1752.851 278.7766 417.2345 -0.1880172 0.07519153
Moved 1752.882 273.9006 438.5963 -0.1993042 0.1301345
Moved 1752.912 269.0377 459.7738 -0.2105609 0.1846033
Moved 1752.943 265.5 477.5 -0.21875 0.2301954
Moved 1752.974 261.6529 490.3882 -0.2276553 0.2633442
Moved 1753.005 258.7859 499.6423 -0.2342919 0.2871459
Moved 1753.035 257 507.152 -0.2384259 0.3064609
Moved 1753.066 255.3757 511.6243 -0.2421858 0.3179636
Moved 1753.097 254 515.4947 -0.2453704 0.3279184
Moved 1753.128 253 518.3678 -0.2476852 0.335308
Moved 1753.158 252 520.236 -0.25 0.340113
Moved 1753.189 252 521.3177 -0.25 0.3428954
Moved 1753.22 252 522 -0.25 0.3446501
Stationary 1753.25 252 522 -0.25 0.3446501
Moved 1753.281 252 523.5 -0.25 0.3485081
Ended 1753.312 252 523.5 -0.25 0.3485081
Accept 1753.373 0 the
Candidates 1753.373 13 five river juice dive rice vice driver give soccer size nice fiber drive
Began 1753.988 404 243 0.1018518 -0.3729424
Stationary 1754.019 404 243 0.1018518 -0.3729424
Stationary 1754.05 404 243 0.1018518 -0.3729424
Stationary 1754.08 404 243 0.1018518 -0.3729424
Stationary 1754.111 404 243 0.1018518 -0.3729424
Stationary 1754.142 404 243 0.1018518 -0.3729424
Stationary 1754.173 404 243 0.1018518 -0.3729424
Stationary 1754.203 404 243 0.1018518 -0.3729424
Moved 1754.234 404 251.2358 0.1018518 -0.3517596
Moved 1754.265 404 255.5636 0.1018518 -0.3406287
Moved 1754.295 404 261.975 0.1018518 -0.3241384
Moved 1754.326 404 268.4589 0.1018518 -0.3074616
Moved 1754.357 404 279.2889 0.1018518 -0.2796066
Moved 1754.388 404 289.7805 0.1018518 -0.2526222
Moved 1754.418 404 301.2629 0.1018518 -0.2230892
Moved 1754.449 404 311.6703 0.1018518 -0.1963212
Moved 1754.48 404 329.2012 0.1018518 -0.1512314
Moved 1754.511 404 350.5008 0.1018518 -0.09644864
Moved 1754.541 404 370.5089 0.1018518 -0.04498744
Moved 1754.572 404 394.5962 0.1018518 0.01696543
Moved 1754.603 404 416.0855 0.1018518 0.07223631
Moved 1754.634 415.52 439.8198 0.1285184 0.1332814
Moved 1754.664 421.3784 454.7568 0.1420797 0.1716996
Moved 1754.695 425.6645 468.6579 0.1520011 0.2074534
Moved 1754.726 431.0821 481.1642 0.1645419 0.2396197
Moved 1754.756 435.4009 491.2027 0.1745392 0.265439
Moved 1754.787 439.7883 498.7883 0.1846952 0.2849494
Moved 1754.818 442.7715 504.7714 0.1916006 0.3003379
Moved 1754.849 445.6378 507.6378 0.1982355 0.3077102
Moved 1754.879 447 510.1409 0.2013889 0.3141483
Moved 1754.91 448 511 0.2037037 0.3163579
Stationary 1754.941 448 511 0.2037037 0.3163579
Moved 1754.972 436.1637 497.9698 0.1763049 0.282844
Moved 1755.002 408.7938 476.7645 0.1129486 0.2283036
Moved 1755.033 361.9942 437.1945 0.004616281 0.126529
Moved 1755.064 303.2091 373.9934 -0.1314603 -0.03602518
Moved 1755.095 282.922 345.4711 -0.1784213 -0.109385
Moved 1755.125 267.4731 321.4551 -0.2141827 -0.1711546
Moved 1755.156 256.5176 305.147 -0.2395425 -0.2130993
Moved 1755.187 249.2222 292.9629 -0.2564302 -0.2444371
Moved 1755.218 241.6304 280.0507 -0.2740037 -0.2776476
Moved 1755.248 235.6749 271.0124 -0.2877895 -0.3008941
Moved 1755.279 230.9433 264.9433 -0.2987423 -0.3165039
Moved 1755.31 227.5982 261.5982 -0.3064857 -0.3251076
Moved 1755.34 225.0909 261 -0.3122896 -0.3266461
Moved 1755.371 223.665 261 -0.3155902 -0.3266461
Moved 1755.402 223 261 -0.3171296 -0.3266461
Stationary 1755.433 223 261 -0.3171296 -0.3266461
Moved 1755.463 232.516 278.2293 -0.2951019 -0.2823322
Moved 1755.494 240.7878 292.5756 -0.2759542 -0.2454332
Moved 1755.525 250.9919 307.7903 -0.2523335 -0.2063006
Moved 1755.556 264.8949 324.5265 -0.2201507 -0.163255
Moved 1755.586 282.0405 340.8671 -0.1804617 -0.1212266
Moved 1755.617 294.2165 353.2166 -0.1522765 -0.08946367
Moved 1755.648 307.5379 366.5379 -0.1214401 -0.05520094
Moved 1755.678 318.9342 380.4178 -0.09505962 -0.01950166
Moved 1755.709 333.3971 392.3971 -0.06158074 0.01130928
Moved 1755.74 345.8957 405.1196 -0.03264879 0.04403193
Moved 1755.771 356.8102 414.0482 -0.007383725 0.0669964
Moved 1755.802 373.0164 422.8811 0.03013045 0.08971469
Moved 1755.832 392 429 0.07407407 0.1054526
Moved 1755.863 407.8157 432.3632 0.1106845 0.1141027
Moved 1755.894 421.3401 433.868 0.1419911 0.1179732
Moved 1755.924 432.1937 435 0.1671151 0.1208847
Moved 1755.955 440.8039 436.6013 0.1870459 0.1250033
Moved 1755.986 447.3374 439.1125 0.2021698 0.131462
Moved 1756.017 452.0417 445.0625 0.2130594 0.1467656
Moved 1756.047 455.8954 452.6862 0.22198 0.1663738
Moved 1756.078 459.7672 458.5344 0.2309427 0.1814156
Moved 1756.109 462.2846 463.5692 0.2367698 0.194365
Moved 1756.14 466.1549 468.1549 0.245729 0.2061596
Moved 1756.17 469.0281 473.0281 0.2523798 0.2186935
Moved 1756.201 471.6958 475.6958 0.2585552 0.225555
Moved 1756.232 472 477.0372 0.2592593 0.229005
Stationary 1756.262 472 477 0.2592593 0.2289094
Stationary 1756.293 472 477 0.2592593 0.2289094
Moved 1756.324 461.221 470.1978 0.2343078 0.2114141
Moved 1756.355 447.4899 455.8623 0.2025229 0.1745429
Moved 1756.385 435.4979 438.9957 0.1747636 0.1311618
Moved 1756.416 425.895 419.79 0.1525347 0.08176423
Moved 1756.447 419.2413 399.9652 0.1371326 0.03077468
Moved 1756.478 414.2545 377.5447 0.125589 -0.02689134
Moved 1756.508 410.3822 357.6754 0.1166254 -0.07799549
Moved 1756.539 409 341.2458 0.113426 -0.1202525
Moved 1756.57 407.9649 321.7894 0.1110298 -0.1702949
Moved 1756.601 408 303.4507 0.1111111 -0.2174621
Moved 1756.631 408 286.3271 0.1111111 -0.2615044
Moved 1756.662 408 273.5128 0.1111111 -0.2944631
Moved 1756.693 408 261.3311 0.1111111 -0.3257945
Moved 1756.723 415.2654 251.8862 0.1279293 -0.3500869
Moved 1756.754 415.6917 246.3082 0.1289161 -0.3644336
Moved 1756.785 417.466 242.5341 0.1330231 -0.3741408
Moved 1756.816 417 242 0.1319444 -0.3755144
Moved 1756.846 418.5 242 0.1354167 -0.3755144
Moved 1756.877 418 242 0.1342593 -0.3755144
Moved 1756.908 418 250.8505 0.1342593 -0.352751
Moved 1756.939 418 263.4587 0.1342593 -0.3203222
Moved 1756.969 406.89 283.5901 0.1085415 -0.2685441
Moved 1757 396.5173 307.8361 0.08453071 -0.2061829
Moved 1757.031 383.7651 334.2148 0.05501181 -0.1383365
Moved 1757.062 373.5435 354.299 0.03135055 -0.08667981
Moved 1757.092 365.6299 368.7401 0.01303226 -0.04953682
Moved 1757.123 359.9703 384.119 -6.87937E-05 -0.009982144
Moved 1757.154 355.2021 393.6968 -0.01110628 0.01465224
Moved 1757.184 352.2354 400.2938 -0.01797363 0.03161984
Moved 1757.215 350.7127 404.5745 -0.0214983 0.04262987
Moved 1757.246 350 407.153 -0.02314816 0.04926163
Moved 1757.277 349 410.0313 -0.02546296 0.05666466
Moved 1757.307 348.3121 411 -0.02705529 0.05915629
Stationary 1757.338 348 411 -0.0277778 0.05915629
Moved 1757.369 348 412.338 -0.0277778 0.06259754
Moved 1757.4 348 414.2397 -0.0277778 0.06748882
Ended 1757.43 348 414.2397 -0.0277778 0.06748882
Accept 1757.553 0 five
Candidates 1757.553 13 bidding mixing boxing missing fishing nursing building discount housing giving binding fucking victims
Began 1758.506 396 330 0.08333336 -0.149177
Stationary 1758.537 396 330 0.08333336 -0.149177
Stationary 1758.568 396 330 0.08333336 -0.149177
Moved 1758.598 396 346.6466 0.08333336 -0.1063616
Moved 1758.629 388.7256 362.3651 0.06649444 -0.06593343
Moved 1758.66 384.2185 378.689 0.05606135 -0.02394798
Moved 1758.691 381 391.9611 0.04861106 0.01018803
Moved 1758.721 378.5 402.5 0.04282405 0.03729416
Moved 1758.752 379 411.2557 0.04398147 0.05981406
Moved 1758.783 379 421.761 0.04398147 0.08683393
Moved 1758.813 379 430.4366 0.04398147 0.1091475
Moved 1758.844 388.9396 437.7274 0.06698985 0.1278995
Moved 1758.875 390.1932 449.7729 0.06989171 0.1588808
Moved 1758.906 394.0634 457.1903 0.07885058 0.1779586
Moved 1758.936 396.9386 464.8159 0.08550604 0.1975716
Moved 1758.967 399 472.5336 0.09027779 0.2174218
Moved 1758.998 400.3885 481.1656 0.09349198 0.2396235
Moved 1759.029 401 496.3093 0.09490739 0.2785732
Moved 1759.059 402 505.3553 0.09722222 0.3018397
Moved 1759.09 403 513.986 0.09953707 0.3240379
Moved 1759.121 405 523.0652 0.1041667 0.3473898
Moved 1759.151 406 530.8089 0.1064815 0.3673067
Moved 1759.182 407.9077 537.7233 0.1108975 0.3850906
Moved 1759.213 410.7807 548.1226 0.1175478 0.411838
Moved 1759.244 412.6511 556.9532 0.1218775 0.4345504
Moved 1759.274 414.5 564 0.1261574 0.4526748
Moved 1759.305 414 570.1249 0.125 0.4684281
Moved 1759.336 414 576.8817 0.125 0.4858068
Moved 1759.367 414 582.6245 0.125 0.5005773
Moved 1759.397 414 586.2456 0.125 0.5098909
Moved 1759.428 414 593.4145 0.125 0.5283294
Moved 1759.459 414 599.1493 0.125 0.5430794
Moved 1759.49 414 603.9463 0.125 0.5554173
Moved 1759.52 414 608.5194 0.125 0.5671794
Moved 1759.551 414 612.389 0.125 0.5771322
Moved 1759.582 414 615.1267 0.125 0.5841736
Moved 1759.613 414 617.8422 0.125 0.5911579
Moved 1759.643 414 619.2228 0.125 0.5947089
Moved 1759.674 414 621.2723 0.125 0.5999802
Moved 1759.705 415.4243 623.4243 0.1282969 0.6055149
Ended 1759.735 419.5 623 0.1377314 0.6044238
Accept 1759.889 2 boxing
Began 1760.135 236 460 -0.287037 0.1851851
Stationary 1760.166 236 460 -0.287037 0.1851851
Stationary 1760.197 236 460 -0.287037 0.1851851
Stationary 1760.227 236 460 -0.287037 0.1851851
Moved 1760.258 236 450.6563 -0.287037 0.161153
Moved 1760.289 236 448.5 -0.287037 0.1556069
Moved 1760.319 236 446.9368 -0.287037 0.1515864
Moved 1760.35 236 445.7524 -0.287037 0.14854
Moved 1760.381 246.1791 445 -0.2634743 0.1466049
Moved 1760.412 244 444 -0.2685185 0.1440329
Moved 1760.442 245 443 -0.2662037 0.1414608
Moved 1760.473 246 442 -0.2638889 0.1388888
Moved 1760.504 247 442 -0.2615741 0.1388888
Moved 1760.535 248.1688 440.8312 -0.2588685 0.1358826
Stationary 1760.565 248.1688 440.8312 -0.2588685 0.1358826
Stationary 1760.596 248 441 -0.2592593 0.1363167
Moved 1760.627 248 450.5793 -0.2592593 0.1609549
Moved 1760.657 248 460.6224 -0.2592593 0.1867859
Moved 1760.688 248 472.9547 -0.2592593 0.2185049
Moved 1760.719 248 482.126 -0.2592593 0.2420936
Moved 1760.75 248 491.7105 -0.2592593 0.2667451
Moved 1760.781 249 498.5 -0.2569445 0.2842077
Moved 1760.811 250 507.2477 -0.2546296 0.306707
Moved 1760.842 250 515.5422 -0.2546296 0.3280405
Moved 1760.873 250 525.1783 -0.2546296 0.3528249
Moved 1760.903 250 533.3013 -0.2546296 0.3737173
Moved 1760.934 250 542.3494 -0.2546296 0.396989
Moved 1760.965 254.3064 546.3064 -0.2446611 0.4071665
Moved 1760.996 261.3809 550.1904 -0.228285 0.4171564
Moved 1761.026 269.2815 552 -0.2099966 0.4218106
Moved 1761.057 280.5034 552 -0.18402 0.4218106
Moved 1761.088 297.469 552 -0.1447476 0.4218106
Moved 1761.119 312.1576 541.955 -0.1107463 0.3959746
Moved 1761.149 330.2968 537.2009 -0.06875743 0.3837471
Moved 1761.18 346.5857 533.4714 -0.03105159 0.3741549
Moved 1761.211 366.4229 529.3682 0.01486768 0.3636011
Moved 1761.241 381.9491 524.7288 0.05080809 0.3516687
Moved 1761.272 396.9978 522.0004 0.08564314 0.3446512
Moved 1761.303 412.3584 520 0.1212 0.3395061
Moved 1761.334 425.5 519 0.1516204 0.3369341
Moved 1761.364 434.8391 517.7203 0.1732385 0.3336428
Moved 1761.395 441.3109 518 0.1882198 0.3343621
Moved 1761.426 447.0535 518 0.2015128 0.3343621
Moved 1761.457 450 518 0.2083333 0.3343621
Moved 1761.487 452.4064 517 0.2139037 0.33179
Moved 1761.518 452 513.7151 0.2129629 0.3233412
Moved 1761.549 452 505.3618 0.2129629 0.3018562
Moved 1761.58 432.6225 493.6225 0.1681077 0.2716627
Moved 1761.61 416.001 476.4012 0.129632 0.2273692
Moved 1761.641 396.7097 455.7097 0.08497615 0.1741505
Moved 1761.672 376.9216 431.9042 0.03917039 0.1129222
Moved 1761.703 336.6927 382.2972 -0.05395219 -0.01466782
Moved 1761.733 307.9004 340.8506 -0.1206009 -0.121269
Moved 1761.764 282.5856 302.6938 -0.1791999 -0.219409
Moved 1761.795 262.7257 276.4426 -0.2251719 -0.2869276
Moved 1761.825 245.9804 248.9673 -0.2639343 -0.3575945
Moved 1761.856 234.3593 227.5989 -0.2908348 -0.4125544
Moved 1761.887 227 213.5 -0.3078704 -0.448817
Moved 1761.918 219.3983 204.0974 -0.3254669 -0.4730005
Moved 1761.948 214.6519 199.8259 -0.3364538 -0.4839868
Moved 1761.979 212.9602 198 -0.3403699 -0.4886832
Moved 1762.01 211.5216 198 -0.3436999 -0.4886832
Moved 1762.041 208.5711 198 -0.3505298 -0.4886832
Moved 1762.071 206.5 198 -0.3553241 -0.4886832
Moved 1762.102 201.6491 198 -0.366553 -0.4886832
Moved 1762.133 197.5028 208.9944 -0.3761509 -0.4604054
Moved 1762.163 189.7593 223.722 -0.3940757 -0.4225257
Moved 1762.194 182.5028 248.9905 -0.410873 -0.3575349
Moved 1762.225 178.9801 277.2385 -0.4190275 -0.2848803
Moved 1762.256 178 301.2368 -0.4212963 -0.2231566
Moved 1762.286 177 326.3383 -0.4236111 -0.158595
Moved 1762.317 177 342.4011 -0.4236111 -0.1172811
Moved 1762.348 177 357.9041 -0.4236111 -0.07740735
Moved 1762.379 177 374.0043 -0.4236111 -0.03599724
Moved 1762.409 186.6058 387.343 -0.4013754 -0.001690005
Moved 1762.44 191 398 -0.3912037 0.02572008
Moved 1762.471 196.5697 411.1394 -0.3783109 0.05951489
Moved 1762.502 204.4703 424.6271 -0.3600224 0.09420539
Moved 1762.532 215.1138 437.1138 -0.3353847 0.1263213
Moved 1762.563 230.8712 452.9034 -0.2989093 0.1669324
Moved 1762.594 236.6151 458.6151 -0.2856132 0.1816231
Moved 1762.625 252.6326 468.8163 -0.2485358 0.2078608
Moved 1762.655 268.8212 480.5475 -0.211062 0.2380336
Moved 1762.686 281.8734 492.1551 -0.1808485 0.2678885
Moved 1762.717 293.9229 503.3383 -0.1529563 0.2966518
Moved 1762.747 303.3647 512.3647 -0.1311003 0.319868
Moved 1762.778 312.9643 518.9732 -0.108879 0.3368652
Moved 1762.809 324.4121 528.5591 -0.08237938 0.3615202
Moved 1762.84 332.4627 533.4627 -0.06374374 0.3741324
Moved 1762.87 338.6027 536.6027 -0.04953086 0.3822084
Moved 1762.901 341 539.113 -0.04398147 0.3886651
Moved 1762.932 342 539.9785 -0.04166668 0.390891
Stationary 1762.963 342 540 -0.04166668 0.3909464
Stationary 1762.993 342 540 -0.04166668 0.3909464
Stationary 1763.024 342 540 -0.04166668 0.3909464
Stationary 1763.055 342 540 -0.04166668 0.3909464
Moved 1763.085 327.9613 526.9614 -0.07416358 0.3574108
Moved 1763.116 319.8885 515.3607 -0.09285058 0.3275736
Moved 1763.147 309.3891 499.1809 -0.1171549 0.285959
Moved 1763.178 302.4474 484.3422 -0.1332236 0.2477936
Moved 1763.208 293.5763 467.1525 -0.1537586 0.2035815
Moved 1763.239 286.5715 452.4287 -0.1699734 0.1657116
Moved 1763.27 280.2387 438.0646 -0.1846325 0.1287668
Moved 1763.301 271.621 419.7823 -0.2045811 0.08174452
Moved 1763.331 266.011 408.0331 -0.2175671 0.05152534
Moved 1763.362 262.1314 397.5256 -0.2265477 0.02449981
Moved 1763.393 259.2617 390.5234 -0.2331906 0.006490087
Moved 1763.424 257 386.3894 -0.2384259 -0.004142596
Moved 1763.454 256 384.8852 -0.2407407 -0.008011453
Moved 1763.485 254.013 384 -0.2453402 -0.01028807
Moved 1763.516 252.1403 384 -0.2496752 -0.01028807
Moved 1763.547 250.7064 384 -0.2529944 -0.01028807
Moved 1763.577 246.2801 389.0394 -0.2632405 0.002673349
Moved 1763.608 244.8421 392.1579 -0.2665693 0.0106941
Moved 1763.639 240.9807 396.0193 -0.2755076 0.0206257
Moved 1763.669 236.9144 399.5428 -0.2849205 0.02968831
Moved 1763.7 231.1707 402.4147 -0.298216 0.03707466
Moved 1763.731 226.7093 404.2907 -0.3085433 0.04189989
Moved 1763.762 221.8371 405 -0.3198216 0.04372424
Moved 1763.792 222 414.641 -0.3194444 0.06852099
Ended 1763.823 222 421.5 -0.3194444 0.08616251
Candidates 1763.946 13 wizards sizes seized educated success fixed dedicated drivers succeed structures structure regard artifacts
Began 1764.868 456 371 0.2222222 -0.04372435
Stationary 1764.899 456 371 0.2222222 -0.04372435
Stationary 1764.93 456 371 0.2222222 -0.04372435
Stationary 1764.96 456 371 0.2222222 -0.04372435
Stationary 1764.991 456 371 0.2222222 -0.04372435
Stationary 1765.022 456 371 0.2222222 -0.04372435
Stationary 1765.052 456 371 0.2222222 -0.04372435
Moved 1765.083 444.7882 371 0.1962689 -0.04372435
Moved 1765.114 442.2832 371 0.1904704 -0.04372435
Moved 1765.145 438.415 371 0.1815161 -0.04372435
Moved 1765.175 433.5473 371 0.1702484 -0.04372435
Moved 1765.206 430.9968 371 0.1643445 -0.04372435
Moved 1765.237 428.1301 371 0.1577086 -0.04372435
Moved 1765.268 425.2625 371 0.1510706 -0.04372435
Moved 1765.298 420.3925 371 0.1397973 -0.04372435
Moved 1765.329 414.7469 388.886 0.1267288 0.002278811
Moved 1765.36 408.9987 410.0054 0.1134228 0.05659821
Moved 1765.391 402.2686 437.7911 0.097844 0.1280635
Moved 1765.421 399.5 458.5 0.09143522 0.181327
Moved 1765.452 397.6968 481.1226 0.0872611 0.2395127
Moved 1765.483 398 491.6984 0.08796295 0.2667139
Moved 1765.513 398 498.0864 0.08796295 0.283144
Moved 1765.544 398 499.4764 0.08796295 0.2867191
Stationary 1765.575 398 499 0.08796295 0.2854938
Moved 1765.606 406.32 499 0.1072223 0.2854938
Moved 1765.636 409.1954 499 0.1138784 0.2854938
Moved 1765.667 411.698 499 0.1196712 0.2854938
Moved 1765.698 415.5701 490.4299 0.1286346 0.2634512
Moved 1765.729 419.4435 486.5565 0.1376007 0.2534889
Moved 1765.759 420.9899 484.0101 0.1411804 0.2469395
Moved 1765.79 424.8654 478.2692 0.1501515 0.2321737
Moved 1765.821 428.7341 468.7977 0.1591066 0.207813
Moved 1765.852 435.7823 456.0295 0.1754219 0.174973
Moved 1765.882 444.5952 435.8095 0.1958223 0.1229668
Moved 1765.913 452.9678 414.0859 0.2152032 0.06709338
Moved 1765.944 459.7159 394.8522 0.230824 0.01762386
Moved 1765.974 465 376.5 0.2430555 -0.02957819
Moved 1766.005 468.2881 357.2711 0.250667 -0.07903526
Moved 1766.036 470 342.2159 0.2546296 -0.1177573
Moved 1766.067 472 329.8616 0.2592593 -0.1495328
Moved 1766.097 473.5705 318.1473 0.2628947 -0.1796622
Moved 1766.128 475 308.6766 0.2662037 -0.204021
Moved 1766.159 476 298.7695 0.2685185 -0.2295025
Moved 1766.19 478.173 293.654 0.2735487 -0.2426596
Moved 1766.22 478.6746 289.3254 0.2747097 -0.2537928
Moved 1766.251 479 285.4553 0.275463 -0.2637466
Moved 1766.282 479 282.5822 0.275463 -0.2711364
Moved 1766.313 480 280.0293 0.2777778 -0.2777025
Moved 1766.343 480 278.5 0.2777778 -0.2816359
Moved 1766.374 480 279 0.2777778 -0.2803498
Stationary 1766.405 480 279 0.2777778 -0.2803498
Moved 1766.436 480 295.7808 0.2777778 -0.2371892
Moved 1766.466 473.214 322.7249 0.2620694 -0.1678888
Moved 1766.497 472 345.9954 0.2592593 -0.1080365
Moved 1766.528 472 362.5 0.2592593 -0.06558649
Moved 1766.558 480.8901 383.8901 0.2798381 -0.01057087
Moved 1766.589 483.1274 399.7645 0.2850172 0.03025851
Moved 1766.62 490.0125 418.0314 0.300955 0.07724115
Moved 1766.651 495.0747 433.2241 0.3126729 0.116317
Moved 1766.681 502.2097 450.4193 0.329189 0.1605434
Moved 1766.712 508.5493 463.0987 0.3438643 0.193155
Moved 1766.743 513.1465 473.4397 0.3545059 0.2197523
Moved 1766.774 516.2908 480.9362 0.3617842 0.2390333
Moved 1766.804 519.5215 488.5646 0.3692628 0.2586537
Moved 1766.835 522 495.8252 0.375 0.2773281
Moved 1766.866 522.9511 496.9511 0.3772016 0.2802239
Moved 1766.896 523.8091 498.8091 0.3791879 0.2850028
Moved 1766.927 525 500.678 0.3819444 0.2898096
Moved 1766.958 526.5 502.5 0.3854167 0.2944958
Moved 1766.989 527 504.0684 0.3865741 0.2985297
Moved 1767.019 528.9396 505 0.391064 0.3009258
Moved 1767.05 530 506 0.3935185 0.3034978
Moved 1767.081 531.5 507.5 0.3969907 0.3073559
Moved 1767.112 533.2504 507 0.4010427 0.3060699
Moved 1767.142 542.6928 508.1385 0.4229 0.3089983
Ended 1767.173 542.6928 508.1385 0.4229 0.3089983
Accept 1767.234 0 wizards
Candidates 1767.234 13 jump dump pump mini dunno trump bono html imo go no symbol cuomo
Began 1768.095 117 470 -0.5625001 0.2109053
Stationary 1768.126 117 470 -0.5625001 0.2109053
Stationary 1768.157 117 470 -0.5625001 0.2109053
Stationary 1768.187 117 470 -0.5625001 0.2109053
Stationary 1768.218 117 470 -0.5625001 0.2109053
Stationary 1768.249 117 470 -0.5625001 0.2109053
Stationary 1768.28 117 470 -0.5625001 0.2109053
Stationary 1768.31 117 470 -0.5625001 0.2109053
Stationary 1768.341 117 470 -0.5625001 0.2109053
Moved 1768.372 126.3724 470 -0.5408047 0.2109053
Moved 1768.402 136.7592 470 -0.5167612 0.2109053
Moved 1768.433 147 470 -0.4930556 0.2109053
Moved 1768.464 160.8114 470 -0.4610848 0.2109053
Moved 1768.495 172.9145 470 -0.4330682 0.2109053
Moved 1768.525 183.4018 470 -0.4087921 0.2109053
Moved 1768.556 195.7082 470 -0.3803051 0.2109053
Moved 1768.587 211.9029 470 -0.3428173 0.2109053
Moved 1768.618 226.7915 478.3583 -0.308353 0.2324028
Moved 1768.648 241.158 482.2316 -0.2750972 0.2423652
Moved 1768.679 253.0188 484.8038 -0.2476417 0.2489808
Moved 1768.71 264.7106 486 -0.2205774 0.2520575
Moved 1768.74 277.1793 488 -0.1917146 0.2572016
Moved 1768.771 287.1815 489 -0.1685613 0.2597736
Moved 1768.802 303.6988 489 -0.1303268 0.2597736
Moved 1768.833 320.0481 489 -0.09248133 0.2597736
Moved 1768.863 334.4454 489 -0.05915409 0.2597736
Moved 1768.894 346.9053 489 -0.03031175 0.2597736
Moved 1768.925 362.301 489 0.005326469 0.2597736
Moved 1768.956 379.6447 491.929 0.04547377 0.2673069
Moved 1768.986 392 498.5 0.07407407 0.2842077
Moved 1769.017 402.3927 502.6964 0.0981313 0.2950008
Moved 1769.048 408.444 506.444 0.1121389 0.3046397
Moved 1769.079 416.257 509.0857 0.1302246 0.3114343
Moved 1769.109 421.2003 512.6002 0.1416674 0.3204736
Moved 1769.14 426.9662 514 0.1550143 0.324074
Moved 1769.171 431.6925 516 0.1659549 0.329218
Moved 1769.202 437.4194 517 0.1792117 0.33179
Moved 1769.232 441.5676 518 0.1888138 0.3343621
Moved 1769.263 445.6472 518.6472 0.1982575 0.3360267
Moved 1769.294 451.0402 520.5201 0.2107411 0.3408438
Moved 1769.324 455.0839 521 0.2201016 0.3420781
Moved 1769.355 456.9248 522 0.224363 0.3446501
Moved 1769.386 458.3543 522 0.2276721 0.3446501
Moved 1769.417 459 511.0234 0.2291666 0.3164183
Moved 1769.447 442.6524 483.6524 0.1913249 0.2460195
Moved 1769.478 421.656 448.484 0.1427222 0.1555658
Moved 1769.509 398.6597 408.1309 0.08949001 0.05177686
Moved 1769.54 382 377 0.05092591 -0.02829226
Moved 1769.57 371.0275 352.4067 0.02552668 -0.09154661
Moved 1769.601 362.3897 332.3726 0.005531807 -0.1430746
Moved 1769.632 357.9306 311.4451 -0.004790177 -0.1969005
Moved 1769.662 354.4099 292.689 -0.01294007 -0.2451415
Moved 1769.693 350.1042 258.7291 -0.02290706 -0.332487
Moved 1769.724 350 248.7137 -0.02314816 -0.3582465
Moved 1769.755 346.7993 232.9965 -0.03055712 -0.3986717
Moved 1769.785 346 223.6815 -0.03240739 -0.4226298
Moved 1769.816 346 218.3641 -0.03240739 -0.4363062
Moved 1769.847 346 216.5 -0.03240739 -0.4411008
Stationary 1769.878 346 216.5 -0.03240739 -0.4411008
Stationary 1769.908 346 216.5 -0.03240739 -0.4411008
Moved 1769.939 346 231.1604 -0.03240739 -0.4033941
Moved 1769.97 357.311 246.2775 -0.006224612 -0.3645127
Moved 1770.001 365.6621 269.6554 0.01310676 -0.3043844
Moved 1770.031 375.0898 289.1796 0.03493011 -0.2541677
Moved 1770.062 391.3194 314.9305 0.07249872 -0.1879359
Moved 1770.093 406.5 341.5 0.1076389 -0.1195988
Moved 1770.123 421.6193 366.9148 0.1426373 -0.05423157
Moved 1770.154 435.5746 386.9578 0.1749413 -0.002680688
Moved 1770.185 443.1273 398.191 0.1924244 0.02621137
Moved 1770.216 447.5776 403.5776 0.2027261 0.0400659
Moved 1770.246 452.4472 407.4472 0.2139983 0.05001845
Moved 1770.277 457.663 410.3315 0.2260717 0.05743689
Moved 1770.308 463.386 411 0.2393196 0.05915629
Moved 1770.339 467.5402 411 0.2489356 0.05915629
Moved 1770.369 473.279 411 0.2622199 0.05915629
Moved 1770.4 477.5097 411 0.2720132 0.05915629
Moved 1770.431 482.4858 411 0.2835321 0.05915629
Moved 1770.462 483.5 411 0.2858797 0.05915629
Moved 1770.492 486.786 404 0.2934861 0.04115226
Moved 1770.523 488.6615 404 0.2978275 0.04115226
Moved 1770.554 491.1664 404 0.3036259 0.04115226
Moved 1770.584 493.0379 404 0.3079581 0.04115226
Moved 1770.615 494.9127 404 0.3122979 0.04115226
Moved 1770.646 496.5 402.5 0.3159723 0.03729416
Moved 1770.677 496 401.6699 0.3148148 0.03515899
Stationary 1770.707 496 402 0.3148148 0.03600815
Stationary 1770.738 496 402 0.3148148 0.03600815
Moved 1770.769 484.2307 402 0.287571 0.03600815
Moved 1770.8 474.1434 402 0.2642207 0.03600815
Moved 1770.83 459.3482 412.6607 0.2299728 0.0634277
Moved 1770.861 449.4186 418.3876 0.2069876 0.07815726
Moved 1770.892 441.6975 423.535 0.1891145 0.09139664
Moved 1770.923 434.0904 430.9096 0.1715055 0.1103642
Moved 1770.953 427.4966 439.0067 0.1562422 0.1311901
Moved 1770.984 422.9474 445.079 0.1457115 0.146808
Moved 1771.015 418.1829 450.8171 0.1346827 0.1615665
Moved 1771.046 414.228 455.544 0.1255278 0.1737242
Moved 1771.076 411.3622 458.6378 0.118894 0.1816815
Moved 1771.107 408.8575 462.2851 0.1130959 0.1910624
Moved 1771.138 405.9882 465.0118 0.1064542 0.1980755
Moved 1771.168 405.1139 466 0.1044303 0.2006171
Moved 1771.199 403.5 467 0.1006944 0.2031892
Moved 1771.23 403 470.2961 0.09953707 0.2116669
Moved 1771.261 400.8281 473.1719 0.09450942 0.2190635
Moved 1771.291 399.9572 479.1286 0.0924934 0.2343842
Moved 1771.322 400 485.1175 0.09259263 0.2497877
Moved 1771.353 400 492.2786 0.09259263 0.2682063
Moved 1771.384 400 496.5882 0.09259263 0.2792906
Moved 1771.414 398.8363 501.3274 0.08989879 0.2914799
Moved 1771.445 398.2675 504.465 0.08858223 0.2995497
Moved 1771.476 397 511.2283 0.0856481 0.3169453
Ended 1771.506 397 515.2095 0.0856481 0.3271849
Accept 1771.63 0 jump
Candidates 1771.63 13 quickly submit rocky sunny strongly army rico terribly right deficit such funny aunt
Began 1772.121 222 394 -0.3194444 0.01543206
Stationary 1772.152 222 394 -0.3194444 0.01543206
Moved 1772.183 240.2923 394 -0.2771012 0.01543206
Moved 1772.213 263.2126 384.7512 -0.224045 -0.008355992
Moved 1772.244 315.7784 386 -0.1023648 -0.005144111
Moved 1772.275 369.6838 386 0.02241631 -0.005144111
Moved 1772.306 402.4379 395.0365 0.09823581 0.01809795
Moved 1772.336 430.8283 399.5365 0.1639544 0.02967206
Moved 1772.367 457.6485 405.8108 0.2260382 0.04580953
Moved 1772.398 483.7057 412.5411 0.2863557 0.06312009
Moved 1772.429 506.7321 416.8591 0.3396577 0.07422608
Moved 1772.459 539.2079 420 0.414833 0.08230445
Moved 1772.49 564.0284 422 0.472288 0.08744851
Moved 1772.521 587.861 424.429 0.5274559 0.09369595
Moved 1772.551 599.7192 425 0.5549056 0.09516452
Moved 1772.582 613.1273 425 0.5859429 0.09516452
Moved 1772.613 624.0773 425 0.6112902 0.09516452
Moved 1772.644 635 426 0.636574 0.09773654
Moved 1772.674 646.4796 429.0959 0.6631472 0.1056994
Moved 1772.705 660.8207 433.9283 0.6963443 0.1181283
Moved 1772.736 677.1787 441.5073 0.73421 0.1376215
Moved 1772.766 685.8648 448.8648 0.7543166 0.1565452
Moved 1772.797 691.5193 450.2596 0.7674057 0.1601327
Ended 1772.828 693 451 0.7708333 0.162037
Accept 1772.89 0 quickly
PhraseEnd 1772.89
