the postal service is very slow
the postal service is very slow
FixStart
List

0.6 0.6
432 388.8
Began 3401.855 376 429 0.03703703 0.1054526
Moved 3401.886 376 449.4892 0.03703703 0.1581512
Moved 3401.917 376 488.6297 0.03703703 0.2588212
Moved 3401.947 366.8026 517.7761 0.01574685 0.3337862
Moved 3401.978 367 539.416 0.01620372 0.3894443
Moved 3402.009 366 555.1801 0.01388888 0.4299898
Moved 3402.039 366 563.5 0.01388888 0.4513887
Moved 3402.07 366 565.3755 0.01388888 0.4562127
Moved 3402.101 366 566.3525 0.01388888 0.4587254
Stationary 3402.132 366 566 0.01388888 0.4578188
Stationary 3402.162 366 566 0.01388888 0.4578188
Moved 3402.193 374.9609 548.3994 0.03463179 0.4125499
Moved 3402.224 385.1022 525.816 0.05810698 0.3544649
Moved 3402.255 394.691 508.618 0.08030315 0.3102315
Moved 3402.285 405.0812 490.608 0.1043546 0.2639094
Moved 3402.316 415.5759 471.1635 0.1286479 0.2138977
Moved 3402.347 423.5486 456.0856 0.1471034 0.1751172
Moved 3402.377 430.1174 443.7651 0.1623089 0.1434288
Moved 3402.408 434.3663 436.6337 0.1721442 0.1250867
Moved 3402.439 436 430.1141 0.1759259 0.108318
Moved 3402.47 438 426.6879 0.1805556 0.0995059
Moved 3402.5 438 423.8131 0.1805556 0.09211178
Moved 3402.531 439 421.2446 0.1828703 0.08550561
Moved 3402.562 439 419.5 0.1828703 0.08101848
Moved 3402.593 439 419 0.1828703 0.07973251
Moved 3402.623 426.5164 419 0.153973 0.07973251
Moved 3402.654 403.822 438.3607 0.1014398 0.1295284
Moved 3402.685 377.7566 461.463 0.04110326 0.1889478
Moved 3402.716 353.4618 487.8459 -0.01513476 0.2568052
Moved 3402.746 335.3372 508.8838 -0.05708982 0.310915
Moved 3402.777 318.8398 529.2242 -0.09527813 0.363231
Moved 3402.808 308.2892 545.4216 -0.1197009 0.4048907
Moved 3402.838 301.2344 557.2967 -0.1360314 0.4354337
Moved 3402.869 297.696 563.6079 -0.1442221 0.4516663
Moved 3402.9 296 569.36 -0.1481481 0.4664609
Moved 3402.931 296 573.1107 -0.1481481 0.4761076
Ended 3402.961 296 577.5 -0.1481481 0.487397
Candidates 3403.053 13 the there they further turkey tiger threw title where huge other higher time
Began 3403.668 334 414 -0.06018519 0.06687239
Stationary 3403.699 334 414 -0.06018519 0.06687239
Stationary 3403.729 334 414 -0.06018519 0.06687239
Stationary 3403.76 334 414 -0.06018519 0.06687239
Stationary 3403.791 334 414 -0.06018519 0.06687239
Moved 3403.822 344.7244 414 -0.03536021 0.06687239
Moved 3403.853 351.1912 414 -0.0203907 0.06687239
Moved 3403.883 360.3983 424.1991 0.0009218852 0.09310459
Moved 3403.914 370.5416 428.2708 0.02440194 0.1035771
Moved 3403.945 378 432 0.04166672 0.1131687
Moved 3403.976 385.7373 435.8687 0.05957713 0.1231188
Moved 3404.006 392.5 439.5 0.07523149 0.1324588
Moved 3404.037 402.0002 446.7502 0.09722283 0.1511063
Moved 3404.068 413.4963 454.3722 0.123834 0.1707103
Moved 3404.098 429.892 460.946 0.1617871 0.1876181
Moved 3404.129 445.1576 468.105 0.197124 0.2060314
Moved 3404.16 462.0038 477.2023 0.23612 0.2294298
Moved 3404.191 476.3596 485.5438 0.269351 0.2508842
Moved 3404.221 487.4367 492.2911 0.2949924 0.2682385
Moved 3404.252 500.3068 500.9841 0.3247842 0.2905968
Moved 3404.283 513.1049 510.0524 0.3544094 0.3139207
Moved 3404.314 521.2023 517.2023 0.3731536 0.3323105
Moved 3404.344 526.9489 521.9489 0.3864558 0.3445188
Moved 3404.375 530.8378 526.8378 0.395458 0.3570931
Moved 3404.406 533 529.7098 0.4004629 0.36448
Moved 3404.437 534 531.5801 0.4027778 0.3692902
Moved 3404.467 534 533.0533 0.4027778 0.3730793
Moved 3404.498 534 534.9906 0.4027778 0.3780622
Moved 3404.529 534 537.8747 0.4027778 0.38548
Moved 3404.56 524 543.5 0.3796296 0.3999484
Moved 3404.59 515.262 551.738 0.3594027 0.4211369
Moved 3404.621 505.6483 559.2344 0.3371489 0.4404177
Moved 3404.652 491.0793 563 0.3034242 0.4501028
Moved 3404.682 475.7455 563 0.2679294 0.4501028
Moved 3404.713 454.1855 549.7938 0.2180221 0.4161363
Moved 3404.744 432.719 534.2892 0.168331 0.3762583
Moved 3404.775 408.8542 514.9975 0.1130885 0.3266395
Moved 3404.805 368.9717 477.6403 0.02076785 0.2305562
Moved 3404.836 339.1435 448.6831 -0.04827901 0.1560778
Moved 3404.867 319.4677 432.8898 -0.09382476 0.1154572
Moved 3404.897 304.0459 423.0382 -0.1295234 0.0901188
Moved 3404.928 279.2709 411.5649 -0.1868728 0.06060914
Moved 3404.959 251.4779 402.826 -0.2512085 0.03813269
Moved 3404.99 226.7644 401 -0.3084158 0.03343609
Moved 3405.021 212.2413 401 -0.342034 0.03343609
Moved 3405.051 199.9882 413.0071 -0.3703976 0.06431858
Moved 3405.082 188.3595 425.4008 -0.3973159 0.09619532
Moved 3405.113 182 439 -0.412037 0.1311728
Moved 3405.143 181 455.5045 -0.4143519 0.1736227
Moved 3405.174 181 471.7332 -0.4143519 0.2153631
Moved 3405.205 192.9412 489.902 -0.3867101 0.2620934
Moved 3405.236 201.0883 506.1325 -0.367851 0.3038386
Moved 3405.266 217.056 528.8784 -0.3308889 0.3623415
Moved 3405.297 257.4597 564.4103 -0.2373619 0.4537302
Moved 3405.328 338.1519 616.2659 -0.05057419 0.5871035
Moved 3405.359 353.5986 623.6497 -0.01481811 0.6060947
Moved 3405.389 362.0405 626 0.00472327 0.6121398
Moved 3405.42 366.3881 627 0.01478732 0.6147118
Moved 3405.451 368.9615 627 0.0207443 0.6147118
Moved 3405.481 370.5 627 0.02430558 0.6147118
Stationary 3405.512 370.5 627 0.02430558 0.6147118
Moved 3405.543 364.8293 615.7019 0.01117885 0.5856529
Moved 3405.574 350.3464 605.4553 -0.02234628 0.5592986
Moved 3405.604 332.1742 593.1245 -0.06441151 0.5275834
Moved 3405.635 312.048 577.8983 -0.111 0.4884216
Moved 3405.666 291 561 -0.1597222 0.4449587
Moved 3405.697 270.416 543.6423 -0.2073704 0.4003144
Moved 3405.727 249.1136 524.1136 -0.2566816 0.3500863
Moved 3405.758 232.1791 506.1791 -0.2958817 0.3039585
Moved 3405.789 217.4157 489.9037 -0.3300562 0.2620979
Moved 3405.82 202.0834 471.7001 -0.3655476 0.215278
Moved 3405.85 189.9751 453.2065 -0.3935761 0.167712
Moved 3405.881 178.5902 436.317 -0.4199301 0.1242719
Moved 3405.912 170.435 423.7938 -0.4388078 0.09206226
Moved 3405.942 163.9726 413.9726 -0.4537672 0.06680186
Moved 3405.973 160.6241 408.6241 -0.4615183 0.0530454
Moved 3406.004 158.5 406.5 -0.4664352 0.04758226
Moved 3406.035 159 406 -0.4652778 0.04629618
Moved 3406.065 168.0334 406 -0.4443671 0.04629618
Moved 3406.096 178.2043 406 -0.4208234 0.04629618
Moved 3406.127 192.5552 414.0793 -0.3876036 0.06707647
Moved 3406.157 214.6824 416.9547 -0.3363834 0.07447176
Moved 3406.188 240.4115 418 -0.2768253 0.07716041
Moved 3406.219 265.5 418 -0.21875 0.07716041
Moved 3406.25 290.7988 418 -0.160188 0.07716041
Moved 3406.281 320.5173 418 -0.09139518 0.07716041
Moved 3406.311 345.2918 418 -0.03404682 0.07716041
Moved 3406.342 368.4995 408.5504 0.0196748 0.05285577
Moved 3406.373 392.2881 406.6732 0.07474095 0.04802763
Moved 3406.403 419.7998 400.6 0.1384254 0.0324075
Moved 3406.434 440.5516 394.8424 0.186462 0.01759878
Moved 3406.465 463.9413 387.6235 0.2406049 -0.0009684307
Moved 3406.496 493.1871 379.5853 0.3083034 -0.02164268
Moved 3406.526 517.3466 373.6648 0.3642282 -0.03687046
Moved 3406.557 538.2498 369.15 0.4126151 -0.04848252
Moved 3406.588 558.4293 367 0.4593271 -0.05401234
Moved 3406.619 573.8422 366 0.4950051 -0.05658444
Moved 3406.649 591.6069 366 0.536127 -0.05658444
Moved 3406.68 614.5 366 0.5891204 -0.05658444
Ended 3406.711 614.5 366 0.5891204 -0.05658444
Accept 3406.803 0 the
Candidates 3406.803 13 postal partial ideal usual hospital overall lateral portal distal goal oral legal physical
Began 3407.571 387 408 0.06250004 0.05144025
Stationary 3407.602 387 408 0.06250004 0.05144025
Moved 3407.633 375.5461 418.1813 0.0359862 0.07762665
Moved 3407.664 360.2679 428.4393 0.0006199876 0.1040104
Moved 3407.694 334.9321 438.2851 -0.05802746 0.129334
Moved 3407.725 313.4117 440 -0.1078432 0.1337448
Moved 3407.756 293.3195 440 -0.1543531 0.1337448
Moved 3407.786 283.9722 440 -0.1759903 0.1337448
Moved 3407.817 277.396 440 -0.1912129 0.1337448
Moved 3407.848 272.3289 441.6711 -0.2029424 0.138043
Moved 3407.879 268.8997 444.5502 -0.2108803 0.1454479
Moved 3407.909 265.9545 448.091 -0.2176979 0.154555
Moved 3407.94 266 456.7047 -0.2175926 0.1767096
Moved 3407.971 266 470.0186 -0.2175926 0.210953
Moved 3408.001 275.3416 485.3539 -0.1959685 0.2503958
Moved 3408.032 282.694 500.3881 -0.178949 0.2890639
Moved 3408.063 290.2178 517.6534 -0.1615328 0.3334706
Moved 3408.094 298.9306 532.8844 -0.1413643 0.372645
Moved 3408.125 305.5 546.5 -0.1261574 0.4076646
Moved 3408.155 308.3757 555.7515 -0.1195006 0.4314594
Moved 3408.186 312.2565 565.513 -0.1105173 0.4565662
Moved 3408.217 314.1133 572.2265 -0.1062193 0.4738334
Moved 3408.247 316 574.6273 -0.1018519 0.4800082
Moved 3408.278 317 577.4889 -0.09953702 0.4873685
Moved 3408.309 319.5 578.5 -0.09375001 0.489969
Moved 3408.34 319 578 -0.09490739 0.488683
Moved 3408.37 320 578 -0.09259259 0.488683
Stationary 3408.401 320 578 -0.09259259 0.488683
Moved 3408.432 322 569.9404 -0.08796295 0.4679536
Moved 3408.463 324.0369 562.8893 -0.08324792 0.4498181
Moved 3408.493 326.9271 552.2916 -0.07655764 0.4225605
Moved 3408.524 330.8026 538.9868 -0.06758645 0.3883405
Moved 3408.555 334.6691 523.9854 -0.05863637 0.3497566
Moved 3408.585 337.2348 508.3563 -0.05269721 0.3095582
Moved 3408.616 339 492.4617 -0.04861111 0.2686773
Moved 3408.647 341.9826 474.1221 -0.04170701 0.2215073
Moved 3408.678 343.6396 456.1624 -0.0378713 0.1753148
Moved 3408.708 346.3838 435.9299 -0.03151909 0.1232765
Moved 3408.739 350.2604 410.3959 -0.02254536 0.05760263
Moved 3408.77 354.2455 385.7725 -0.01332064 -0.005729188
Moved 3408.801 358.2423 364.4097 -0.004068713 -0.0606748
Moved 3408.831 363.999 338.5044 0.009256999 -0.1273035
Moved 3408.862 367.3726 317.392 0.0170661 -0.1816048
Moved 3408.893 371.2406 301.7972 0.02601981 -0.2217151
Moved 3408.924 373 291.6248 0.0300926 -0.2478786
Moved 3408.954 374 285.0457 0.03240744 -0.2648002
Moved 3408.985 374 280.4781 0.03240744 -0.2765481
Moved 3409.016 374 279 0.03240744 -0.2803498
Stationary 3409.047 374 279 0.03240744 -0.2803498
Stationary 3409.077 374 279 0.03240744 -0.2803498
Moved 3409.108 380.9432 318.144 0.04847953 -0.1796709
Moved 3409.139 406.9294 385.9856 0.1086329 -0.00518112
Moved 3409.169 432.6578 431.9866 0.1681893 0.1131342
Moved 3409.2 455.6669 469.429 0.2214511 0.2094365
Moved 3409.231 468 490.5 0.25 0.2636316
Moved 3409.262 480.4599 510.1899 0.2788424 0.3142743
Moved 3409.292 494.0969 527.0969 0.3104095 0.3577593
Moved 3409.323 508.4714 543.5657 0.3436837 0.4001174
Moved 3409.354 517.7906 552.7906 0.3652562 0.4238442
Moved 3409.385 523.9156 557.4578 0.3794342 0.4358482
Moved 3409.415 525 559 0.3819444 0.4398148
Moved 3409.446 526 559 0.3842592 0.4398148
Moved 3409.477 512.4394 546.4394 0.3528689 0.4075086
Moved 3409.508 497.4704 529.838 0.3182185 0.3648096
Moved 3409.538 484.9904 514.4832 0.2893296 0.3253168
Moved 3409.569 473.9506 496.9136 0.2637746 0.2801274
Moved 3409.6 456.6823 470.0235 0.2238017 0.2109657
Moved 3409.63 444.713 446.6638 0.196095 0.150884
Moved 3409.661 434.1182 421.9818 0.1715699 0.0874017
Moved 3409.692 425.1848 398.962 0.1508907 0.0281943
Moved 3409.723 415.7841 376.4962 0.1291298 -0.029588
Moved 3409.753 410.1238 358.3095 0.1160273 -0.0763645
Moved 3409.784 406 345.5 0.1064815 -0.1093108
Moved 3409.815 402.6617 333.6468 0.09875397 -0.1397974
Moved 3409.845 397.5699 325.3549 0.08696745 -0.1611242
Moved 3409.876 392.8246 317.8246 0.07598291 -0.1804924
Moved 3409.907 386.8221 311.8221 0.06208807 -0.1959309
Moved 3409.938 379.6231 307.0821 0.04542391 -0.2081222
Moved 3409.969 372.3365 305 0.02855669 -0.2134774
Moved 3409.999 363.3815 303 0.00782758 -0.2186215
Moved 3410.03 356.4899 303 -0.008125156 -0.2186215
Moved 3410.061 346.5117 303 -0.031223 -0.2186215
Moved 3410.092 334.0621 312.4482 -0.06004135 -0.1943204
Moved 3410.122 320.9751 333.0561 -0.0903355 -0.1413166
Moved 3410.153 312.2444 365.5338 -0.1105454 -0.05778363
Moved 3410.184 311 414.1285 -0.113426 0.06720284
Moved 3410.214 311 432.1224 -0.113426 0.1134835
Moved 3410.245 311 461.6573 -0.113426 0.1894477
Moved 3410.276 311 492.5776 -0.113426 0.2689752
Moved 3410.307 311 516.3405 -0.113426 0.3300937
Moved 3410.337 311 539.5 -0.113426 0.3896604
Moved 3410.368 305.3414 559.9759 -0.1265246 0.4423247
Moved 3410.399 299.5885 573.823 -0.1398414 0.4779398
Moved 3410.429 294.8453 584.3094 -0.1508211 0.5049109
Moved 3410.46 290.2624 592.3168 -0.1614297 0.5255061
Moved 3410.491 285.1004 599.8996 -0.1733788 0.5450091
Moved 3410.522 283.6811 604.6379 -0.1766642 0.5571961
Moved 3410.552 283 606.1915 -0.1782407 0.5611921
Ended 3410.583 283 609.662 -0.1782407 0.5701182
Accept 3410.645 1 partial
Backspace 3413.78
Began 3424.997 378 368 0.04166663 -0.05144041
Stationary 3425.028 378 368 0.04166663 -0.05144041
Moved 3425.059 378 391.3594 0.04166663 0.008640485
Moved 3425.089 366.0195 414.8928 0.01393408 0.06916866
Moved 3425.12 357.4373 453.2506 -0.005932053 0.1678256
Moved 3425.151 350.5534 482.7866 -0.0218672 0.2437925
Moved 3425.182 345.4106 498.3575 -0.03377164 0.2838411
Moved 3425.212 342.843 506.3141 -0.03971537 0.3043057
Moved 3425.243 342 509.0252 -0.04166668 0.3112787
Moved 3425.274 342 510 -0.04166668 0.3137859
Stationary 3425.305 342 510 -0.04166668 0.3137859
Stationary 3425.335 342 510 -0.04166668 0.3137859
Stationary 3425.366 342 510 -0.04166668 0.3137859
Moved 3425.397 350.4529 493.7169 -0.02209966 0.2719056
Moved 3425.427 361.234 476.0905 0.002856453 0.22657
Moved 3425.458 373.1057 459.4732 0.03033718 0.1838302
Moved 3425.489 384.1985 444.5018 0.05601515 0.1453236
Moved 3425.52 396.6699 426.9952 0.08488397 0.1002964
Moved 3425.551 407.8716 412.4104 0.110814 0.06278387
Moved 3425.581 416.7294 399.6942 0.1313181 0.03007747
Moved 3425.612 422.8967 391.6549 0.1455943 0.009400403
Moved 3425.643 425.9746 385.0762 0.1527189 -0.007520055
Moved 3425.673 428.8349 381.1651 0.15934 -0.01757963
Moved 3425.704 429 379 0.1597223 -0.02314815
Moved 3425.735 429 378 0.1597223 -0.02572024
Moved 3425.766 429 376.5 0.1597223 -0.02957819
Moved 3425.796 418.9085 377 0.1363623 -0.02829226
Moved 3425.827 396.8586 394.4634 0.08532087 0.01662388
Moved 3425.858 374.5 410.5 0.03356477 0.05787029
Moved 3425.888 349.8892 429.5078 -0.02340471 0.1067585
Moved 3425.919 328.7538 448.0682 -0.07232915 0.1544962
Moved 3425.95 305.6339 467.3254 -0.1258475 0.2040262
Moved 3425.981 286.6613 483.7963 -0.1697654 0.2463896
Moved 3426.011 269.4629 500.1143 -0.2095766 0.2883596
Moved 3426.042 257.8696 512.413 -0.2364129 0.3199921
Moved 3426.073 251.7048 521.4428 -0.2506833 0.343217
Moved 3426.104 246.3056 528.3887 -0.2631814 0.3610821
Moved 3426.134 243.4357 532.5643 -0.2698249 0.3718217
Moved 3426.165 242 535.4334 -0.2731481 0.3792011
Moved 3426.196 242 539.9252 -0.2731481 0.3907539
Ended 3426.227 242 540 -0.2731481 0.3909464
Candidates 3426.319 13 the there where threw he further re these e tiger r that huge
Began 3426.811 365 405 0.01157403 0.04372424
Stationary 3426.841 365 405 0.01157403 0.04372424
Stationary 3426.872 365 405 0.01157403 0.04372424
Moved 3426.903 371.2215 423.3327 0.0259758 0.09087624
Moved 3426.933 386.1 442.45 0.06041666 0.1400461
Moved 3426.964 408.5137 467.5137 0.1123001 0.2045103
Moved 3426.995 430.7145 488.524 0.163691 0.2585492
Moved 3427.026 447.2319 503.2319 0.2019257 0.2963783
Moved 3427.056 457.9562 511.7737 0.2267504 0.3183478
Moved 3427.087 470.388 520.9253 0.2555277 0.341886
Moved 3427.118 484.652 527.6608 0.2885463 0.3592099
Moved 3427.149 494.5066 534.63 0.3113579 0.3771347
Moved 3427.179 507.8466 545.1349 0.3422374 0.4041536
Moved 3427.21 518.3223 552.1611 0.3664867 0.422225
Moved 3427.241 526.3229 557.882 0.3850067 0.4369391
Moved 3427.271 530.975 559.9875 0.3957755 0.4423547
Moved 3427.302 534.7278 562.864 0.4044626 0.4497529
Moved 3427.333 536.7333 563.7333 0.4091049 0.4519889
Stationary 3427.364 537 564 0.4097222 0.4526748
Moved 3427.395 537 565.5 0.4097222 0.4565328
Moved 3427.425 528.0107 565 0.3889138 0.4552468
Moved 3427.456 508.0277 565 0.3426568 0.4552468
Moved 3427.487 487.2702 565 0.294607 0.4552468
Moved 3427.517 450.308 554.5387 0.2090463 0.4283402
Moved 3427.548 409.2418 545.0806 0.1139855 0.4040137
Moved 3427.579 361.9111 528.6157 0.004423758 0.3616657
Moved 3427.61 325.728 512.864 -0.07933343 0.3211522
Moved 3427.64 295.3133 500.1253 -0.1497378 0.288388
Moved 3427.671 267.9979 486.3322 -0.2129677 0.2529119
Moved 3427.702 248.2129 472.7278 -0.2587664 0.2179211
Moved 3427.733 227.7533 453.0456 -0.3061265 0.1672982
Moved 3427.763 211.6862 435.1077 -0.3433191 0.1211618
Moved 3427.794 200.2347 419.352 -0.3698272 0.08063779
Moved 3427.825 192.027 405.045 -0.3888264 0.04383989
Moved 3427.855 185.2569 389.6422 -0.404498 0.00422356
Moved 3427.886 181.265 380.795 -0.4137385 -0.01853142
Moved 3427.917 177 372.5 -0.4236111 -0.03986633
Moved 3427.948 177 369.8772 -0.4236111 -0.04661222
Moved 3427.979 176 367.5 -0.4259259 -0.05272634
Moved 3428.009 176 368 -0.4259259 -0.05144041
Stationary 3428.04 176 368 -0.4259259 -0.05144041
Moved 3428.071 191.1673 388.459 -0.3908165 0.001180633
Moved 3428.101 206.9483 410.4224 -0.3542864 0.05767084
Moved 3428.132 223.163 434.2717 -0.3167523 0.1190114
Moved 3428.163 237.8145 453.9403 -0.2828367 0.1695995
Moved 3428.194 254.6242 476.4989 -0.2439255 0.2276206
Moved 3428.224 272.7519 494.7518 -0.2019633 0.2745673
Moved 3428.255 290.1291 511.1292 -0.1617381 0.3166901
Moved 3428.286 307.6413 523.9782 -0.1212008 0.3497381
Moved 3428.316 328.3078 537.6924 -0.07336159 0.3850112
Moved 3428.347 344.0656 548.2393 -0.03688524 0.4121381
Moved 3428.378 351.8544 554.9029 -0.01885563 0.4292768
Moved 3428.409 359.6606 558.8303 -0.0007856389 0.4393784
Moved 3428.439 363 559 0.006944438 0.4398148
Moved 3428.47 364 559 0.009259283 0.4398148
Moved 3428.501 364 549.2471 0.009259283 0.4147302
Moved 3428.531 337.3232 536.2424 -0.05249272 0.3812817
Moved 3428.562 298.3394 508.8715 -0.1427328 0.3108835
Moved 3428.593 287.9099 501.837 -0.1668751 0.2927904
Moved 3428.624 262.7486 479.03 -0.225119 0.2341305
Moved 3428.655 250.4293 466.4293 -0.2536359 0.2017214
Moved 3428.685 241.9812 453.975 -0.2731916 0.1696887
Moved 3428.716 234.9189 443.8378 -0.2895395 0.1436157
Moved 3428.747 230.1695 435.7542 -0.3005337 0.1228245
Moved 3428.777 225.7254 429.4507 -0.3108209 0.106612
Moved 3428.808 221.1563 423.3126 -0.3213975 0.09082452
Moved 3428.839 216.3399 418.3398 -0.3325466 0.07803449
Moved 3428.87 212.4741 413.9481 -0.3414952 0.06673896
Moved 3428.9 210.6034 410.6034 -0.3458254 0.0581363
Moved 3428.931 211 409.062 -0.3449074 0.05417176
Moved 3428.962 226.0043 409 -0.3101753 0.05401234
Moved 3428.993 247.0265 406.3304 -0.2615129 0.04714601
Moved 3429.023 273.5 403.5 -0.2002315 0.03986618
Moved 3429.054 305.6159 398.8973 -0.1258891 0.02802802
Moved 3429.085 340.0185 396.0818 -0.04625341 0.02078637
Moved 3429.115 376.213 394 0.03753007 0.01543206
Moved 3429.146 408.4023 394 0.1120424 0.01543206
Moved 3429.177 443.5929 394 0.193502 0.01543206
Moved 3429.208 468.7198 391.8972 0.2516662 0.01002347
Moved 3429.239 490.7834 387.0619 0.3027393 -0.002412914
Moved 3429.269 510.5335 384.4952 0.3484572 -0.009014341
Moved 3429.3 532.6449 379.2443 0.399641 -0.02251982
Moved 3429.331 547.9864 375.7534 0.4351536 -0.03149849
Moved 3429.361 561.0758 372.1848 0.4654533 -0.04067692
Moved 3429.392 572.4852 370 0.4918638 -0.04629637
Moved 3429.423 582.4451 367.5183 0.5149192 -0.05267924
Moved 3429.454 592.0905 368 0.5372465 -0.05144041
Moved 3429.484 597.8134 367 0.5504939 -0.05401234
Moved 3429.515 603.5538 367 0.563782 -0.05401234
Moved 3429.546 609.3073 367 0.5771002 -0.05401234
Ended 3429.577 610 367 0.5787036 -0.05401234
Accept 3429.669 0 the
Candidates 3429.669 13 postal ideal partial usual distal goal oral overall spatial potential portal federal lateral
Began 3430.529 459 445 0.2291666 0.1466049
Stationary 3430.56 459 445 0.2291666 0.1466049
Moved 3430.591 449.1445 445 0.2063531 0.1466049
Moved 3430.622 437.2964 450.9257 0.1789269 0.1618459
Moved 3430.652 415.1811 458.9638 0.1277339 0.18252
Moved 3430.683 396.8152 461.837 0.08522044 0.1899098
Moved 3430.714 387.0587 463.2773 0.06263594 0.1936145
Moved 3430.744 365.8614 464 0.013568 0.1954732
Moved 3430.775 345.8747 464 -0.03269747 0.1954732
Moved 3430.806 329.2356 464 -0.07121389 0.1954732
Moved 3430.837 314.8773 464 -0.1044506 0.1954732
Moved 3430.867 304.2897 456.0724 -0.1289591 0.1750832
Moved 3430.898 297.3994 456 -0.1449087 0.174897
Moved 3430.929 294.3334 456 -0.152006 0.174897
Moved 3430.959 294 465.3207 -0.1527778 0.1988699
Moved 3430.99 294 476.2222 -0.1527778 0.2269087
Moved 3431.021 294 491.7315 -0.1527778 0.266799
Moved 3431.052 304.6333 508.7166 -0.1281637 0.3104851
Moved 3431.083 311.0082 530.3605 -0.113407 0.3661535
Moved 3431.113 317.4199 547.2596 -0.09856507 0.4096183
Moved 3431.144 326.2226 561.3709 -0.07818852 0.4459128
Moved 3431.175 336.5894 572.5894 -0.0541911 0.4747669
Moved 3431.206 347.5233 583.5233 -0.02888113 0.5028892
Moved 3431.236 354.7424 589.7424 -0.01217027 0.5188848
Moved 3431.267 360.4689 595.4689 0.001085401 0.5336134
Moved 3431.298 364.5579 600.5579 0.01055072 0.5467024
Moved 3431.328 367.5 603.5 0.01736114 0.5542694
Moved 3431.359 368.0402 604.0402 0.01861165 0.5556589
Stationary 3431.39 368.0402 604.0402 0.01861165 0.5556589
Stationary 3431.421 368 604 0.01851857 0.5555555
Moved 3431.451 369.7635 586.7094 0.02260069 0.5110838
Moved 3431.482 372 569.8173 0.02777775 0.4676369
Moved 3431.513 374.1435 551.8522 0.03273954 0.4214305
Moved 3431.543 375 522.4755 0.03472219 0.345873
Moved 3431.574 375 492.8671 0.03472219 0.2697197
Moved 3431.605 369.4031 465.804 0.02176643 0.200113
Moved 3431.636 364.3716 439.2293 0.01011938 0.1317626
Moved 3431.667 362.8253 411.2527 0.006539921 0.05980621
Moved 3431.697 362 386.5279 0.004629592 -0.003786283
Moved 3431.728 362 366.0347 0.004629592 -0.05649512
Moved 3431.759 362 341.5999 0.004629592 -0.119342
Moved 3431.789 372.7268 323.4563 0.02946009 -0.1660074
Moved 3431.82 379.4549 305.6353 0.04503449 -0.2118434
Moved 3431.851 383.5223 296.7166 0.05444974 -0.2347824
Moved 3431.882 386.6331 289.7338 0.06165078 -0.2527424
Moved 3431.912 389.4944 285.5056 0.06827414 -0.2636174
Moved 3431.943 390 284 0.06944448 -0.2674897
Moved 3431.974 390.8614 283 0.07143845 -0.2700618
Moved 3432.004 392 283 0.07407407 -0.2700618
Moved 3432.035 394.6047 305.0468 0.08010338 -0.2133571
Moved 3432.066 396.1094 325.7657 0.08358648 -0.1600677
Moved 3432.097 402.0339 355.1866 0.09730081 -0.08439648
Moved 3432.127 412.6606 389.8686 0.1218996 0.004805969
Moved 3432.158 425.2386 424.462 0.1510153 0.09378091
Moved 3432.189 437.2576 450.7667 0.178837 0.1614368
Moved 3432.22 453.7941 479.1911 0.2171159 0.2345449
Moved 3432.25 468.0505 505.0809 0.250117 0.3011338
Moved 3432.281 483.0233 524.6938 0.2847761 0.3515786
Moved 3432.312 500.1818 545.6182 0.3244949 0.4053964
Moved 3432.343 515.5319 562.5319 0.3600275 0.4488987
Moved 3432.373 526.5155 572.5155 0.3854525 0.4745768
Moved 3432.404 531.4152 575.7076 0.3967944 0.4827869
Moved 3432.435 533.5767 578 0.401798 0.488683
Stationary 3432.466 534 578 0.4027778 0.488683
Stationary 3432.496 534 578 0.4027778 0.488683
Stationary 3432.527 534 578 0.4027778 0.488683
Moved 3432.558 523.215 567.9113 0.3778126 0.4627346
Moved 3432.588 512.1585 558.7268 0.3522187 0.4391121
Moved 3432.619 499.5928 549.7557 0.3231316 0.4160382
Moved 3432.65 482.069 534.0575 0.2825671 0.3756622
Moved 3432.681 462.8962 512.0455 0.2381856 0.319047
Moved 3432.711 447.429 492.7147 0.2023818 0.2693279
Moved 3432.742 434.5397 471.5662 0.1725456 0.2149335
Moved 3432.773 421.9008 446.2519 0.1432888 0.1498248
Moved 3432.804 419.0241 438.0722 0.1366298 0.1287864
Moved 3432.834 415.3469 420.4282 0.1281178 0.08340592
Moved 3432.865 415 403.5147 0.1273148 0.03990401
Moved 3432.896 415 389.5896 0.1273148 0.004088476
Moved 3432.927 415 375.1957 0.1273148 -0.03293292
Moved 3432.957 424.3781 362.8655 0.1490234 -0.06464632
Moved 3432.988 429.1164 350.7673 0.1599916 -0.09576326
Moved 3433.019 433.8459 337.8851 0.1709397 -0.1288963
Moved 3433.05 438.302 328.0939 0.1812547 -0.1540794
Moved 3433.08 440.8025 322.395 0.1870428 -0.1687371
Moved 3433.111 443 317.6545 0.1921296 -0.1809298
Moved 3433.142 444 314.4579 0.1944444 -0.1891515
Moved 3433.172 444 312.9345 0.1944444 -0.1930697
Moved 3433.203 444 311.0488 0.1944444 -0.1979198
Stationary 3433.234 444 311 0.1944444 -0.1980453
Moved 3433.265 436.3065 311 0.1766355 -0.1980453
Moved 3433.295 433.7856 311 0.1708001 -0.1980453
Moved 3433.326 430.913 311 0.1641504 -0.1980453
Moved 3433.357 427.0827 317.7104 0.1552841 -0.1807861
Moved 3433.387 420.5 323 0.1400463 -0.1671811
Moved 3433.418 409.4027 338.9966 0.1143582 -0.1260376
Moved 3433.449 393.1608 361.3646 0.07676114 -0.06850662
Moved 3433.48 377.2797 387.2966 0.03999919 -0.001809273
Moved 3433.51 365.6214 408.433 0.01301249 0.05255393
Moved 3433.541 356.9032 430.2905 -0.007168602 0.1087718
Moved 3433.572 350.1861 449.8486 -0.02271737 0.1590756
Moved 3433.603 343.4347 470.6959 -0.03834561 0.2126951
Moved 3433.634 339.2099 486.7407 -0.04812529 0.2539627
Moved 3433.664 335.3435 501.6259 -0.05707512 0.2922476
Moved 3433.695 332.4713 513.6437 -0.06372397 0.3231576
Moved 3433.726 331 521.1624 -0.06712963 0.3424958
Moved 3433.756 329 529.83 -0.07175927 0.364789
Moved 3433.787 327 537.6369 -0.07638887 0.3848685
Moved 3433.818 325.3182 544.3636 -0.080282 0.4021697
Moved 3433.849 323.8014 550.3972 -0.083793 0.4176881
Moved 3433.879 322.928 558.216 -0.0858148 0.4377983
Moved 3433.91 322.0589 563.9411 -0.08782659 0.4525234
Moved 3433.941 322 567.5 -0.08796295 0.4616768
Moved 3433.971 322 570.3834 -0.08796295 0.4690931
Moved 3434.002 322 571 -0.08796295 0.4706789
Moved 3434.033 322 573.0616 -0.08796295 0.4759815
Moved 3434.064 334 577 -0.06018519 0.4861111
Ended 3434.094 334 577 -0.06018519 0.4861111
Accept 3434.187 0 postal
Candidates 3434.187 13 service archive device effective attractive advice detective receive decide describe excuse sensitive reduce
Began 3435.6 382 431 0.05092591 0.1105966
Stationary 3435.631 382 431 0.05092591 0.1105966
Stationary 3435.662 382 431 0.05092591 0.1105966
Moved 3435.693 400.9446 446.9446 0.09477913 0.1516064
Moved 3435.723 425.9763 469.6147 0.1527228 0.2099144
Moved 3435.754 454.8182 501.1705 0.2194865 0.2910762
Moved 3435.785 473.1273 521.3527 0.2618687 0.3429853
Moved 3435.816 486.3652 536.4565 0.2925121 0.3818325
Moved 3435.846 494.2516 546.2516 0.3107676 0.4070258
Moved 3435.877 497.4974 552.9948 0.318281 0.4243692
Moved 3435.908 498 557.3748 0.3194444 0.4356346
Moved 3435.938 498 558.5 0.3194444 0.4385287
Moved 3435.969 498 558 0.3194444 0.4372427
Moved 3436 480.1635 549.7212 0.2781564 0.4159495
Moved 3436.031 463.4572 543.9828 0.2394842 0.4011903
Moved 3436.062 448.4976 537.7847 0.2048556 0.3852485
Moved 3436.092 424.7398 527.8699 0.1498608 0.3597477
Moved 3436.123 412.4142 521.8839 0.1213291 0.3443514
Moved 3436.154 393.5 509.5 0.07754634 0.3124999
Moved 3436.184 376.59 499.06 0.03840277 0.285648
Moved 3436.215 363.4889 489.6934 0.008076231 0.261557
Moved 3436.246 345.1476 474.1266 -0.03438046 0.2215189
Moved 3436.277 332.238 463.5904 -0.06426394 0.1944197
Moved 3436.307 317.5842 450.9382 -0.09818474 0.161878
Moved 3436.338 302.8729 436.8729 -0.1322387 0.1257017
Moved 3436.369 285.5471 420.5471 -0.1723446 0.0837116
Moved 3436.399 272.7789 409.4232 -0.2019006 0.05510063
Moved 3436.43 261.9458 401.9729 -0.2269773 0.03593845
Moved 3436.461 251.465 396.2325 -0.2512385 0.02117408
Moved 3436.492 246.15 392.075 -0.2635416 0.01048092
Moved 3436.522 241.4582 389 -0.2744023 0.002572016
Moved 3436.553 238.3607 388 -0.2815724 -3.924585E-08
Ended 3436.584 238 388 -0.2824074 -3.924585E-08
Accept 3436.707 0 service
Candidates 3436.707 13 is his goods id good odds gods god us kids pass of hits
Began 3437.229 401 476 0.09490739 0.2263374
Stationary 3437.26 401 476 0.09490739 0.2263374
Stationary 3437.291 401 476 0.09490739 0.2263374
Moved 3437.322 395.4554 471.6875 0.08207262 0.2152455
Moved 3437.352 387.5639 461.2732 0.06380538 0.1884598
Moved 3437.383 380.928 447.856 0.04844437 0.1539504
Moved 3437.414 375.1125 428.7872 0.03498256 0.1049052
Moved 3437.444 370.5 412.5 0.02430558 0.06301432
Moved 3437.475 364.4698 394.6745 0.01034677 0.01716684
Moved 3437.506 360.7356 381.4712 0.001702805 -0.01679228
Moved 3437.537 357.9965 370.9894 -0.004637738 -0.04375144
Moved 3437.567 354.9012 365.3519 -0.01180266 -0.05825144
Moved 3437.598 350.1605 359.1605 -0.02277672 -0.07417584
Moved 3437.629 345.436 352.436 -0.03371289 -0.09147117
Moved 3437.66 341.8479 348.8479 -0.04201874 -0.1006999
Moved 3437.69 339.5 346.5 -0.04745369 -0.1067387
Moved 3437.721 337.5 346 -0.05208333 -0.1080248
Moved 3437.752 336.6255 346 -0.05410765 -0.1080248
Moved 3437.782 335.626 346 -0.05642121 -0.1080248
Moved 3437.813 327.4451 369.6647 -0.07535855 -0.04715868
Moved 3437.844 318.0999 399.7003 -0.09699096 0.03009317
Moved 3437.875 307.209 438.1638 -0.1222013 0.1290221
Moved 3437.906 300.7461 471.9045 -0.1371619 0.2158036
Moved 3437.936 294.0022 505.9901 -0.1527727 0.3034724
Moved 3437.967 285.385 536.7166 -0.1727198 0.3825013
Moved 3437.998 280 560.5 -0.1851852 0.4436727
Moved 3438.028 279 578.1838 -0.1875 0.4891557
Moved 3438.059 278 592.3238 -0.1898148 0.5255241
Moved 3438.09 278 600.9226 -0.1898148 0.5476404
Moved 3438.121 278 606.032 -0.1898148 0.5607817
Moved 3438.151 278 610.3881 -0.1898148 0.5719857
Moved 3438.182 278 612.2609 -0.1898148 0.5768025
Stationary 3438.213 278 612.2609 -0.1898148 0.5768025
Moved 3438.244 283.1357 612 -0.1779266 0.5761316
Moved 3438.274 290.0294 612 -0.1619689 0.5761316
Moved 3438.305 299.5406 612 -0.1399522 0.5761316
Moved 3438.336 312.8275 600.069 -0.1091957 0.545445
Moved 3438.366 330.7736 593.5256 -0.06765381 0.5286152
Moved 3438.397 349.8641 588.6102 -0.02346267 0.5159727
Moved 3438.428 368.8428 584.4315 0.02046953 0.5052249
Moved 3438.459 382.5464 583 0.05219072 0.5015431
Moved 3438.49 397.8602 582 0.08763939 0.4989711
Moved 3438.52 411.3672 581.1582 0.1189055 0.496806
Moved 3438.551 419.5 581 0.1377314 0.496399
Moved 3438.582 424.4333 581 0.1491511 0.496399
Moved 3438.612 428.0917 581 0.1576197 0.496399
Moved 3438.643 430 581 0.162037 0.496399
Ended 3438.674 431.4184 581 0.1653204 0.496399
Accept 3438.766 0 is
Candidates 3438.766 13 very carry vary cry carey set carter bay better ceo cast bath at
Began 3439.688 393 481 0.07638891 0.2391974
Moved 3439.719 386.6732 481 0.06174356 0.2391974
Moved 3439.75 370.5 481 0.02430558 0.2391974
Moved 3439.78 335.3504 481 -0.05705933 0.2391974
Moved 3439.811 305.9791 481 -0.1250485 0.2391974
Moved 3439.842 279.3453 481 -0.1867008 0.2391974
Moved 3439.873 262.417 481 -0.2258867 0.2391974
Moved 3439.903 253.505 488 -0.2465163 0.2572016
Moved 3439.934 249.9127 490.0873 -0.2548317 0.2625701
Moved 3439.965 250 491 -0.2546296 0.2649176
Moved 3439.995 262.1169 491 -0.2265813 0.2649176
Moved 3440.026 277.1369 491 -0.1918127 0.2649176
Moved 3440.057 296.5397 491 -0.1468988 0.2649176
Moved 3440.088 321.8844 491 -0.08823062 0.2649176
Moved 3440.118 344.364 484 -0.03619457 0.2469135
Moved 3440.149 373.6253 483 0.0315401 0.2443414
Moved 3440.18 398.3736 483 0.0888278 0.2443414
Moved 3440.21 419.4815 482 0.1376886 0.2417695
Moved 3440.241 436.2777 482 0.1765687 0.2417695
Moved 3440.272 454.7662 482 0.2193662 0.2417695
Moved 3440.303 473.5463 482 0.2628386 0.2417695
Moved 3440.333 491.2509 480.6249 0.3038216 0.2382326
Moved 3440.364 504.4497 478.11 0.3343742 0.2317644
Moved 3440.395 519.7951 475.241 0.3698961 0.2243852
Moved 3440.426 534.5294 471.3677 0.4040031 0.214423
Moved 3440.456 544.632 470 0.4273887 0.2109053
Moved 3440.487 553.233 466.9223 0.4472987 0.2029894
Moved 3440.518 559.8881 467 0.4627038 0.2031892
Moved 3440.549 565.6378 467 0.4760133 0.2031892
Moved 3440.579 568.3539 467 0.4823006 0.2031892
Moved 3440.61 569.5 467 0.4849537 0.2031892
Moved 3440.641 569 475.8461 0.4837963 0.2259414
Moved 3440.672 561.0653 482.8853 0.4654289 0.2440465
Moved 3440.702 539.5638 497.4544 0.4156568 0.2815185
Moved 3440.733 512.7625 516.1583 0.3536167 0.3296252
Moved 3440.764 489.6324 539.5955 0.3000751 0.3899059
Moved 3440.794 471.3238 557.6762 0.257694 0.4364099
Moved 3440.825 456.4218 574.2227 0.2231987 0.4789678
Moved 3440.856 448.0527 586.8945 0.2038257 0.5115599
Moved 3440.887 448 591.1027 0.2037037 0.5223835
Moved 3440.917 447 597.6945 0.2013889 0.5393377
Moved 3440.948 447 604.5379 0.2013889 0.5569389
Moved 3440.979 447 609.6406 0.2013889 0.5700632
Moved 3441.01 447 613.1619 0.2013889 0.5791199
Moved 3441.04 447 617.0826 0.2013889 0.5892041
Moved 3441.071 447 619.9544 0.2013889 0.5965905
Moved 3441.102 441.5201 623.6533 0.188704 0.606104
Moved 3441.133 431.4778 627.761 0.1654579 0.6166692
Moved 3441.163 417.7846 630 0.1337606 0.6224279
Moved 3441.194 400.3461 631 0.09339381 0.6249998
Moved 3441.225 383.9648 632 0.05547404 0.6275719
Moved 3441.255 361.6228 632 0.003756583 0.6275719
Moved 3441.286 346.2002 632 -0.03194407 0.6275719
Moved 3441.317 329.8796 622.7759 -0.06972317 0.6038475
Moved 3441.348 312.5204 620.2172 -0.1099066 0.5972664
Moved 3441.378 295.7318 618.3464 -0.1487689 0.5924546
Moved 3441.409 282.5 616.5 -0.1793981 0.5877057
Moved 3441.44 272.4297 616 -0.202709 0.5864196
Moved 3441.471 263.3794 615 -0.2236588 0.5838476
Moved 3441.501 255.4377 614 -0.2420423 0.5812756
Moved 3441.532 248.041 614 -0.2591644 0.5812756
Moved 3441.563 241.4886 614 -0.2743321 0.5812756
Moved 3441.594 236.8287 614 -0.2851187 0.5812756
Moved 3441.624 234.0428 614 -0.2915676 0.5812756
Moved 3441.655 232.5991 614 -0.2949095 0.5812756
Moved 3441.686 232 614 -0.2962963 0.5812756
Ended 3441.717 259.5 636.5 -0.2326389 0.639146
Accept 3441.809 0 very
Candidates 3441.809 13 slow allow show short alter alert slower sale skirt shower shoe shore slide
Began 3442.301 244 474 -0.2685185 0.2211934
Moved 3442.331 268.1237 474 -0.2126766 0.2211934
Moved 3442.362 310.4105 470.7579 -0.1147904 0.2128545
Moved 3442.393 356.511 463.0258 -0.00807628 0.1929674
Moved 3442.423 416.3339 455.1666 0.1304026 0.1727536
Moved 3442.454 461.8455 454 0.2357536 0.169753
Moved 3442.485 505.7472 454 0.3373778 0.169753
Moved 3442.516 543.9683 451.7375 0.4258526 0.163934
Moved 3442.546 599.1556 445.9754 0.553601 0.1491136
Moved 3442.577 643.0936 440 0.6553093 0.1337448
Moved 3442.608 667.5 438 0.7118056 0.1286007
Ended 3442.638 669 438 0.7152778 0.1286007
Accept 3442.7 0 slow
PhraseEnd 3442.7
