elections bring out the best
elections bring out the best
Basic
Radial

0.6 0.6
432 388.8
Began 1026.106 289 496 -0.1643519 0.2777777
Moved 1026.137 302.0668 486.1999 -0.1341045 0.2525716
Moved 1026.167 355.8862 445.4092 -0.009522637 0.1476573
Moved 1026.198 404.4297 413.5202 0.1028465 0.06563834
Moved 1026.229 444.8285 385.7544 0.1963621 -0.005775773
Moved 1026.26 461.8296 364.2556 0.2357167 -0.06107118
Moved 1026.29 467.3166 352.3669 0.248418 -0.09164904
Moved 1026.321 460.9553 349 0.2336929 -0.1003086
Moved 1026.352 407.6977 388.1163 0.1104113 0.0002989749
Moved 1026.382 352.9867 452.2195 -0.01623452 0.1651737
Moved 1026.413 320.3491 497.0462 -0.0917846 0.2804686
Moved 1026.444 305.1058 513.9153 -0.1270699 0.3238562
Moved 1026.475 297.3056 521.6944 -0.1451258 0.3438641
Moved 1026.505 290.1283 516.9745 -0.16174 0.3317246
Moved 1026.536 279.561 450.6342 -0.1862014 0.1610962
Moved 1026.567 297.2958 333.1689 -0.1451486 -0.1410266
Moved 1026.598 310.1105 286.6686 -0.115485 -0.2606261
Moved 1026.628 315.8977 257.7159 -0.1020886 -0.3350928
Moved 1026.659 317 242.8676 -0.09953702 -0.3732831
Moved 1026.69 317 237.6953 -0.09953702 -0.3865862
Moved 1026.72 297.7899 264.9388 -0.1440048 -0.3165156
Moved 1026.751 287.48 340.2793 -0.1678703 -0.1227384
Moved 1026.782 287 407 -0.1689815 0.04886827
Moved 1026.813 290.4104 434.4104 -0.1610871 0.1193682
Moved 1026.843 307.6238 461.4357 -0.1212413 0.1888777
Moved 1026.874 360.0038 500.1201 8.940698E-06 0.2883748
Moved 1026.905 413.6238 527.4654 0.1241291 0.3587072
Moved 1026.936 449.7294 535.5608 0.207707 0.3795287
Moved 1026.966 472.0534 536 0.2593829 0.3806583
Moved 1026.997 483.8935 493.225 0.2867904 0.2706403
Moved 1027.028 454.2748 381.393 0.2182287 -0.01699338
Moved 1027.058 430.2292 321.4584 0.1625676 -0.1711461
Moved 1027.089 415.0426 291.2767 0.1274135 -0.2487741
Moved 1027.12 397.3963 261.0341 0.08656541 -0.3265586
Moved 1027.151 385.042 248.042 0.0579676 -0.3599743
Moved 1027.181 363.2503 241 0.007523894 -0.3780865
Moved 1027.212 314.0369 264.6249 -0.1063961 -0.3173228
Moved 1027.243 265.5781 311.9483 -0.2185691 -0.1956062
Moved 1027.274 235.812 354.7159 -0.2874721 -0.08560714
Moved 1027.304 217.6026 379.1304 -0.3296237 -0.02281291
Moved 1027.335 205 393 -0.3587963 0.01285996
Moved 1027.366 202 397.3699 -0.3657407 0.0240995
Ended 1027.396 200.5 400 -0.369213 0.03086416
Candidates 1027.519 13 elections directions electronics effective objective interactions interactive objections argentina alternative dimensions infections objectives
Began 1027.98 271 398 -0.2060186 0.02572008
Moved 1028.011 304.7677 398 -0.1278526 0.02572008
Moved 1028.042 371.6196 398 0.02689729 0.02572008
Moved 1028.073 419.1569 414.1131 0.1369372 0.0671632
Ended 1028.103 445 419 0.1967593 0.07973251
Accept 1028.165 0 elections
Began 1028.38 364 254 0.009259283 -0.3446502
Stationary 1028.411 364 254 0.009259283 -0.3446502
Moved 1028.441 364 238.999 0.009259283 -0.383233
Moved 1028.472 364 224.6458 0.009259283 -0.4201499
Moved 1028.503 364 213.8607 0.009259283 -0.4478892
Moved 1028.534 364 203.4855 0.009259283 -0.4745744
Moved 1028.564 364 199.8734 0.009259283 -0.4838646
Moved 1028.595 364 198.5 0.009259283 -0.4873972
Moved 1028.626 348.0835 248.4281 -0.02758458 -0.3589813
Moved 1028.656 327.987 319.7607 -0.07410421 -0.1755126
Moved 1028.687 315.7922 375.7372 -0.1023329 -0.03154017
Moved 1028.718 311.1226 418.7942 -0.1131422 0.07920304
Moved 1028.749 310 477.5808 -0.1157407 0.2304032
Moved 1028.779 310 503.9598 -0.1157407 0.2982505
Moved 1028.81 310 517.737 -0.1157407 0.3336856
Moved 1028.841 310 523.8062 -0.1157407 0.3492958
Moved 1028.872 340.9734 537.0542 -0.04404301 0.3833698
Moved 1028.902 387.8997 544.3578 0.06458253 0.4021548
Moved 1028.933 427 545 0.1550926 0.4038065
Moved 1028.964 461.1211 526.3588 0.2340766 0.3558609
Moved 1028.995 471.7911 491.067 0.2587757 0.26509
Moved 1029.025 461.0525 434.8417 0.2339178 0.1204776
Moved 1029.056 434.1826 331.2427 0.171719 -0.1459808
Moved 1029.087 421.565 272.0425 0.1425116 -0.2982447
Moved 1029.117 419 253.5815 0.1365741 -0.3457265
Moved 1029.148 417.0477 247.0477 0.1320549 -0.3625316
Moved 1029.179 417 245.9337 0.1319444 -0.3653968
Moved 1029.21 407.4471 271.0468 0.1098314 -0.3008055
Moved 1029.24 395.9717 324.8845 0.08326779 -0.1623343
Moved 1029.271 388.622 359.6675 0.06625454 -0.07287163
Moved 1029.302 383.345 387.585 0.05403936 -0.001067527
Moved 1029.333 382 408.174 0.05092591 0.05188765
Ended 1029.363 382 420 0.05092591 0.08230445
Candidates 1029.455 13 being bring betting meeting beyond crying buying beijing cutting acting varying behind batting
Began 1030.285 336 356 -0.05555556 -0.0823046
Moved 1030.316 342.3043 374.0121 -0.04096235 -0.03597707
Moved 1030.347 383.0563 458.348 0.05337099 0.1809361
Moved 1030.377 431.6637 540.1342 0.1658882 0.3912916
Moved 1030.408 451.9264 566.0587 0.2127925 0.4579699
Ended 1030.439 455 569 0.2199073 0.4655349
Accept 1030.5 1 bring
Began 1030.654 526 529 0.3842592 0.3626543
Stationary 1030.685 526 529 0.3842592 0.3626543
Stationary 1030.715 526 529 0.3842592 0.3626543
Moved 1030.746 506.156 529 0.3383241 0.3626543
Moved 1030.777 476.879 529 0.2705531 0.3626543
Moved 1030.808 449.1884 529 0.2064545 0.3626543
Moved 1030.838 421.2296 529 0.1417351 0.3626543
Moved 1030.869 400.2291 529 0.09312281 0.3626543
Moved 1030.9 384.1917 529 0.05599936 0.3626543
Moved 1030.931 372.5072 529 0.02895177 0.3626543
Moved 1030.961 366 529 0.01388888 0.3626543
Moved 1030.992 358.4789 529 -0.003521045 0.3626543
Moved 1031.023 348.4845 529 -0.02665619 0.3626543
Moved 1031.053 338.9968 529 -0.04861861 0.3626543
Moved 1031.084 329.3123 529 -0.07103646 0.3626543
Moved 1031.115 313.9757 529 -0.1065376 0.3626543
Moved 1031.146 299.5835 529 -0.139853 0.3626543
Moved 1031.176 293.8546 522 -0.1531144 0.3446501
Moved 1031.207 293 522 -0.1550926 0.3446501
Ended 1031.238 293 522 -0.1550926 0.3446501
Candidates 1031.299 13 our out it or poor per port pre your pr pure pour put
Began 1032.006 305 396 -0.1273148 0.02057605
Stationary 1032.037 305 396 -0.1273148 0.02057605
Moved 1032.068 320.7409 428.5843 -0.09087751 0.1043834
Moved 1032.098 364.3076 510.4088 0.009971361 0.3148372
Moved 1032.129 416.6939 577.6939 0.1312358 0.4878957
Ended 1032.16 425 586 0.150463 0.5092591
Accept 1032.221 1 out
Began 1032.283 343 526 -0.03935183 0.3549381
Stationary 1032.313 343 526 -0.03935183 0.3549381
Moved 1032.344 347.9923 511.0232 -0.02779563 0.3164175
Moved 1032.375 371.6279 457.8517 0.02691646 0.1796598
Moved 1032.406 386.2884 414.0629 0.06085267 0.06703408
Moved 1032.436 393.9467 386.1865 0.07858037 -0.00466433
Moved 1032.467 396.8417 378.1583 0.08528162 -0.02531303
Moved 1032.498 397 376.7271 0.0856481 -0.02899429
Moved 1032.529 353.8321 405.1678 -0.0142775 0.04415594
Moved 1032.559 322.5192 432.4808 -0.08676121 0.1144054
Moved 1032.59 294.842 465.2106 -0.1508286 0.1985868
Moved 1032.621 276.0028 487.3297 -0.194438 0.2554774
Moved 1032.651 260.8839 506.5392 -0.2294353 0.3048848
Moved 1032.682 253.3849 517.9226 -0.2467941 0.334163
Ended 1032.713 253.3849 517.9226 -0.2467941 0.334163
Candidates 1032.805 13 the there threw where that they tiger he these offer she other what
Began 1033.328 283 409 -0.1782407 0.05401234
Moved 1033.358 313.216 397.3015 -0.1082963 0.02392361
Moved 1033.389 377.8838 382.5369 0.04139761 -0.01405119
Moved 1033.42 419 381 0.1365741 -0.01800419
Moved 1033.45 442.3371 377.618 0.1905951 -0.0267028
Ended 1033.481 449 376 0.2060185 -0.03086435
Accept 1033.543 0 the
Began 1033.666 384 335 0.0555556 -0.1363169
Stationary 1033.696 384 335 0.0555556 -0.1363169
Moved 1033.727 384 311.8888 0.0555556 -0.1957593
Moved 1033.758 384 301.2258 0.0555556 -0.2231847
Moved 1033.788 384 300 0.0555556 -0.2263375
Moved 1033.819 372.2841 315.6212 0.02843549 -0.1861595
Moved 1033.85 350.8992 349.8871 -0.02106666 -0.09802712
Moved 1033.881 325.6847 386.4555 -0.07943367 -0.003972583
Moved 1033.911 301.6055 427.2396 -0.1351724 0.1009248
Moved 1033.942 286.3272 462.6003 -0.1705389 0.1918731
Moved 1033.973 276.1225 488.3399 -0.1941608 0.2580758
Moved 1034.004 267.4424 502.447 -0.2142538 0.2943595
Moved 1034.034 258.8372 513.8837 -0.2341731 0.323775
Moved 1034.065 252.8219 519.1781 -0.2480976 0.3373922
Moved 1034.096 249.5406 521 -0.255693 0.3420781
Moved 1034.127 244.0315 521 -0.2684456 0.3420781
Moved 1034.157 228.552 473.2079 -0.3042778 0.2191561
Moved 1034.188 222.2691 429.0358 -0.3188216 0.1055445
Moved 1034.219 222 395 -0.3194444 0.01800408
Moved 1034.249 222 381.589 -0.3194444 -0.0164893
Moved 1034.28 237.7681 379 -0.2829442 -0.02314815
Moved 1034.311 285.9783 410.4554 -0.1713465 0.05775561
Moved 1034.342 320.5259 443.8197 -0.09137527 0.1435691
Moved 1034.372 340.2796 465.5355 -0.04564916 0.1994224
Moved 1034.403 347.2533 472.2534 -0.02950619 0.2167009
Moved 1034.434 351.9905 476.9905 -0.01854047 0.2288849
Ended 1034.465 353 478 -0.01620372 0.2314814
Candidates 1034.557 13 best newest beast breast near beat next nest message beatty bear betsy brady
Began 1035.018 297 425 -0.1458333 0.09516452
Moved 1035.048 302.4524 425 -0.133212 0.09516452
Moved 1035.079 342.8347 414.1736 -0.03973445 0.06731881
Moved 1035.11 428.2765 410 0.1580474 0.05658428
Moved 1035.141 484.5407 429.5831 0.2882887 0.1069522
Ended 1035.171 486 430 0.2916667 0.1080246
Accept 1035.233 0 best
Began 1035.356 308 437 -0.1203704 0.1260288
Moved 1035.386 362.6177 437 0.006059507 0.1260288
Moved 1035.417 432.8769 447.7109 0.1686964 0.1535775
Moved 1035.448 485.768 456.6553 0.2911295 0.1765825
Moved 1035.479 547.2566 469.2513 0.4334643 0.2089797
Moved 1035.509 576.7584 473.9655 0.5017555 0.2211045
Moved 1035.54 598.8231 475 0.5528312 0.2237653
Moved 1035.571 614.3391 475 0.5887477 0.2237653
Ended 1035.602 626.7703 475 0.6175238 0.2237653
PhraseEnd 1035.663
