for your information only
for your information only
Basic
List

0.6 0.6
432 388.8
Began 892.5685 347 418 -0.0300926 0.07716041
Stationary 892.5992 347 418 -0.0300926 0.07716041
Moved 892.6299 334.1845 418 -0.05975812 0.07716041
Moved 892.6606 324.4709 408.7355 -0.08224333 0.0533319
Moved 892.6913 315.7455 406.4363 -0.1024411 0.04741853
Moved 892.7222 306.8629 403.7157 -0.1230026 0.04042099
Moved 892.753 299.9621 402 -0.1389767 0.03600815
Moved 892.7837 296 401 -0.1481481 0.03343609
Moved 892.8145 295 401 -0.150463 0.03343609
Moved 892.8452 293.5045 401 -0.1539249 0.03343609
Moved 892.8759 301.392 407.2548 -0.1356667 0.04952344
Moved 892.9067 338.0496 431.4116 -0.05081122 0.1116554
Moved 892.9374 415.5071 472.9244 0.1284887 0.2184269
Moved 892.9681 456.0177 496.761 0.2222632 0.2797351
Moved 892.9989 480.8248 509.4582 0.279687 0.3123924
Moved 893.0297 496.9572 516.1089 0.3170306 0.3294982
Moved 893.0604 514.0336 524.4135 0.3565592 0.3508576
Moved 893.0911 519.9039 527.9039 0.370148 0.3598351
Moved 893.1219 522.5 529 0.3761573 0.3626543
Moved 893.1526 522 530 0.375 0.3652262
Moved 893.1833 487.2183 530.7363 0.2944867 0.3671201
Moved 893.2141 431.812 531 0.1662314 0.3677982
Moved 893.2449 386.395 522.7844 0.06109953 0.3466675
Moved 893.2755 355.6857 520.7809 -0.009986857 0.3415147
Moved 893.3064 332.6866 518.6695 -0.06322557 0.336084
Moved 893.3372 317.753 515.9506 -0.09779398 0.329091
Moved 893.3679 309.5 513.5 -0.1168982 0.3227879
Moved 893.3986 307 514 -0.1226852 0.324074
Ended 893.4294 307 514 -0.1226852 0.324074
Candidates 893.5216 13 for sort door sport site support dot fort sorry apr foot fit super
Began 893.9828 380 516 0.04629632 0.329218
Stationary 894.0135 380 516 0.04629632 0.329218
Stationary 894.0443 380 516 0.04629632 0.329218
Moved 894.0751 406.5 516 0.1076389 0.329218
Moved 894.1058 430.2907 516 0.16271 0.329218
Moved 894.1365 451.465 516 0.2117244 0.329218
Moved 894.1672 470.2025 516 0.2550985 0.329218
Moved 894.198 490.3146 522.3146 0.3016542 0.3454593
Moved 894.2288 505.9387 523.5877 0.337821 0.3487338
Moved 894.2595 514.9198 524 0.3586106 0.3497942
Moved 894.2902 517.0201 524 0.3634724 0.3497942
Moved 894.321 519.3066 524 0.3687652 0.3497942
Stationary 894.3517 519 524 0.3680556 0.3497942
Moved 894.3825 506.279 524 0.3386087 0.3497942
Moved 894.4133 467.4453 524 0.248716 0.3497942
Moved 894.444 423.945 524 0.1480209 0.3497942
Moved 894.4747 389.3029 524 0.06783078 0.3497942
Moved 894.5055 364 524 0.009259283 0.3497942
Moved 894.5363 341.2054 517 -0.04350597 0.33179
Moved 894.567 336.2857 516.4286 -0.05489419 0.3303204
Moved 894.5977 328.404 516 -0.07313897 0.329218
Moved 894.6285 322.9569 516 -0.08574799 0.329218
Moved 894.6592 320.5 516 -0.09143516 0.329218
Moved 894.6899 316.8838 516 -0.0998061 0.329218
Moved 894.7207 312.3211 515 -0.1103678 0.326646
Moved 894.7515 307.8791 514.4395 -0.1206503 0.3252044
Moved 894.7822 304.0219 513.0219 -0.1295789 0.3215584
Moved 894.813 298.6097 512 -0.1421072 0.31893
Moved 894.8437 293.1686 512 -0.1547022 0.31893
Moved 894.8745 288.7364 511 -0.1649621 0.3163579
Moved 894.9052 284.2196 511 -0.1754176 0.3163579
Moved 894.936 279.5074 510 -0.1863254 0.3137859
Moved 894.9667 277 510 -0.1921296 0.3137859
Ended 894.9974 277 510 -0.1921296 0.3137859
Accept 895.0897 0 for
Candidates 895.0897 13 your type tour our upper it rupert how or route pour typed puppet
Began 895.3356 508 587 0.3425926 0.5118312
Stationary 895.3664 508 587 0.3425926 0.5118312
Moved 895.3971 492.2223 565.2001 0.3060701 0.4557615
Moved 895.4279 454.3638 494.6821 0.2184348 0.2743881
Moved 895.4586 384.3121 366.2389 0.05627811 -0.05596993
Moved 895.4894 362.219 319.2505 0.005136529 -0.1768247
Moved 895.5201 355.37 301.4249 -0.01071766 -0.2226727
Moved 895.5508 349.9429 289.8859 -0.02328023 -0.2523513
Moved 895.5816 346.708 284.416 -0.03076856 -0.2664199
Moved 895.6124 340.7866 282 -0.0444754 -0.2726338
Moved 895.643 323.562 296.438 -0.08434732 -0.2354988
Moved 895.6738 298.9492 324.1509 -0.1413212 -0.1642211
Moved 895.7046 281.3571 345.541 -0.1820439 -0.1092054
Moved 895.7354 272.6709 361.9874 -0.2021508 -0.06690492
Moved 895.7661 272 376.7231 -0.2037037 -0.02900441
Moved 895.7968 303.6381 414.7473 -0.1304674 0.06879445
Moved 895.8276 350.9951 450.4963 -0.02084459 0.1607414
Moved 895.8583 387.5022 472.4597 0.06366253 0.2172315
Moved 895.8891 413.3309 485.6282 0.1234511 0.2511014
Moved 895.9198 427.5 492 0.15625 0.2674896
Moved 895.9506 431.0631 494.0631 0.1644979 0.272796
Moved 895.9813 432 495 0.1666667 0.2752057
Moved 896.012 432 498.9968 0.1666667 0.2854855
Moved 896.0428 390.1253 511.6483 0.06973455 0.3180255
Moved 896.0735 342.2455 519.6253 -0.04109835 0.3385424
Moved 896.1043 317.207 521 -0.09905785 0.3420781
Moved 896.135 307.8204 521 -0.120786 0.3420781
Moved 896.1658 305.6871 521 -0.1257243 0.3420781
Moved 896.1965 305 512.4582 -0.1273148 0.3201084
Moved 896.2273 331.5769 479.85 -0.06579418 0.2362397
Moved 896.258 363.42 437.7262 0.007916589 0.1278966
Moved 896.2888 391.7245 390.5085 0.0734365 0.006451822
Moved 896.3195 408.8149 350.5553 0.1129975 -0.09630839
Moved 896.3503 414.4247 322.7533 0.1259831 -0.1678157
Moved 896.381 415 303.7848 0.1273148 -0.216603
Moved 896.4117 394.5 287 0.07986108 -0.2597736
Moved 896.4425 347.5485 279.7527 -0.02882302 -0.2784139
Moved 896.4732 286.7965 295.7466 -0.1694525 -0.2372774
Moved 896.504 224.6598 329.0656 -0.3132875 -0.1515802
Moved 896.5347 211.9168 337.7221 -0.3427851 -0.1293156
Moved 896.5655 200.3236 353.3527 -0.3696212 -0.08911336
Moved 896.5962 199 374.6307 -0.3726852 -0.0343862
Moved 896.627 232.5416 414.4556 -0.2950427 0.06804427
Moved 896.6577 304.8547 466.4274 -0.1276511 0.2017165
Moved 896.6885 359.2621 486.754 -0.00170812 0.2539969
Moved 896.7192 413.0131 499.4026 0.1227155 0.2865294
Moved 896.75 446.5488 503.3499 0.2003443 0.2966818
Moved 896.7807 475.8763 503 0.2682322 0.2957818
Moved 896.8115 490.5408 482.7347 0.3021778 0.2436593
Moved 896.8422 498 452.5447 0.3194444 0.1660099
Moved 896.873 473.3919 377.9358 0.2624812 -0.02588539
Moved 896.9037 430.7837 294.0613 0.1638512 -0.241612
Moved 896.9344 408.2515 252.9714 0.1116932 -0.3472958
Moved 896.9652 399.4556 239.0927 0.09133239 -0.3829922
Moved 896.9959 393.2907 228.7209 0.07706185 -0.4096684
Moved 897.0267 389.7066 222.7065 0.06876528 -0.4251375
Ended 897.0574 390 223 0.06944448 -0.4243828
Accept 897.1497 0 your
Candidates 897.1497 13 information indication imagination induction incubation observation publication obtain instruction obstruction installation innovation organization
Began 897.3956 507 517 0.3402778 0.33179
Moved 897.4264 489.3815 493.0723 0.2994943 0.2702476
Moved 897.4571 437.9557 410.0573 0.1804532 0.05673165
Moved 897.4878 392.9558 337.3292 0.07628649 -0.1303261
Moved 897.5186 373.5 304.5 0.03125002 -0.2147634
Moved 897.5494 362.2378 283.4756 0.00518014 -0.2688384
Moved 897.5801 358.0272 272.0815 -0.004566758 -0.2981443
Moved 897.6108 358 269.3368 -0.004629641 -0.3052038
Moved 897.6415 381.0666 279.9841 0.04876515 -0.2778189
Moved 897.6723 440.8585 331.0386 0.1871725 -0.1465057
Moved 897.7031 480.8241 371.8241 0.2796854 -0.04160469
Moved 897.7338 496.6631 391.5956 0.3163497 0.009248011
Moved 897.7646 502.625 405.5 0.3301504 0.04501017
Moved 897.7953 503 426.0192 0.3310186 0.09778595
Moved 897.8261 482.6188 454.6194 0.2838399 0.1713461
Moved 897.8568 458.8465 478.1535 0.2288114 0.2318762
Moved 897.8876 423.9467 505.54 0.1480248 0.3023147
Moved 897.9183 401.7691 520.4872 0.09668777 0.3407593
Moved 897.949 389.2523 528.7477 0.06771366 0.3620052
Moved 897.9798 387 535.9118 0.06250004 0.3804314
Ended 898.0106 387 536 0.06250004 0.3806583
Accept 898.1028 0 information
Candidates 898.1028 13 only unit unity pocket junior limit input injury into honor occur lucky hockey
Began 898.441 283 466 -0.1782407 0.2006171
Stationary 898.4717 283 466 -0.1782407 0.2006171
Moved 898.5025 343.1266 477.0497 -0.03905887 0.2290373
Moved 898.5333 446.9914 503.295 0.2013689 0.2965405
Moved 898.564 507.636 518.6876 0.34175 0.3361306
Moved 898.5947 566.0417 528.7389 0.4769485 0.3619826
Moved 898.6255 595.8505 532.585 0.5459501 0.371875
Moved 898.6562 620.7836 533 0.6036657 0.3729423
Moved 898.687 634.0536 534.6756 0.6343833 0.377252
Moved 898.7177 643.1493 536 0.6554382 0.3806583
Moved 898.7485 650.3265 537 0.672052 0.3832304
Ended 898.7792 664.8088 538.4809 0.705576 0.3870393
Accept 898.8407 0 only
PhraseEnd 898.8407
