thank you for your help
thank you for your help
Basic
0.6 0.6
432 388.8
Began 1480.887 306 502 -0.125 0.2932098
Stationary 1480.905 306 502 -0.125 0.2932098
Stationary 1480.92 306 502 -0.125 0.2932098
Stationary 1480.935 306 502 -0.125 0.2932098
Stationary 1480.95 306 502 -0.125 0.2932098
Stationary 1480.965 306 502 -0.125 0.2932098
Stationary 1480.98 306 502 -0.125 0.2932098
Stationary 1480.997 306 502 -0.125 0.2932098
Stationary 1481.012 306 502 -0.125 0.2932098
Stationary 1481.026 306 502 -0.125 0.2932098
Stationary 1481.043 306 502 -0.125 0.2932098
Stationary 1481.059 306 502 -0.125 0.2932098
Stationary 1481.075 306 502 -0.125 0.2932098
Stationary 1481.091 306 502 -0.125 0.2932098
Stationary 1481.106 306 502 -0.125 0.2932098
Stationary 1481.122 306 502 -0.125 0.2932098
Stationary 1481.138 306 502 -0.125 0.2932098
Stationary 1481.161 306 502 -0.125 0.2932098
Stationary 1481.185 306 502 -0.125 0.2932098
Stationary 1481.199 306 502 -0.125 0.2932098
Stationary 1481.223 306 502 -0.125 0.2932098
Stationary 1481.236 306 502 -0.125 0.2932098
Stationary 1481.25 306 502 -0.125 0.2932098
Stationary 1481.263 306 502 -0.125 0.2932098
Stationary 1481.274 306 502 -0.125 0.2932098
Moved 1481.288 306 492.7231 -0.125 0.2693496
Stationary 1481.303 306 492.7231 -0.125 0.2693496
Stationary 1481.319 306 492.7231 -0.125 0.2693496
Moved 1481.335 306 491.8446 -0.125 0.2670899
Stationary 1481.351 306 491.8446 -0.125 0.2670899
Stationary 1481.366 306 491.8446 -0.125 0.2670899
Moved 1481.381 306 490.883 -0.125 0.2646167
Stationary 1481.398 306 490.883 -0.125 0.2646167
Moved 1481.413 306 489.2496 -0.125 0.2604155
Moved 1481.428 314.2512 486.9372 -0.1059 0.254468
Moved 1481.445 317.9372 483.0628 -0.09736761 0.2445031
Moved 1481.46 322.3575 477.4637 -0.08713539 0.2301022
Moved 1481.475 327.495 471.505 -0.07524312 0.2147762
Moved 1481.491 331.4751 465.2082 -0.06602987 0.1985807
Moved 1481.505 335.3168 458.8053 -0.05713696 0.1821124
Moved 1481.521 337.9552 455.7264 -0.05102958 0.1741934
Moved 1481.537 341.3807 449.929 -0.04310022 0.1592823
Moved 1481.552 343.9152 445.1696 -0.03723329 0.147041
Moved 1481.567 347.6955 441.3046 -0.02848273 0.1371001
Moved 1481.583 350 437.5 -0.02314816 0.1273147
Moved 1481.6 353.3352 432.6649 -0.01542782 0.1148787
Moved 1481.613 356.1058 426.7354 -0.009014259 0.09962808
Moved 1481.628 359.9623 421.7169 -8.717179E-05 0.08672038
Moved 1481.645 362.7791 416.7014 0.006433228 0.07382047
Moved 1481.66 367.8114 408.981 0.01808186 0.05396348
Moved 1481.675 370.7712 404.3432 0.02493332 0.04203486
Moved 1481.692 373.3209 401.6791 0.03083537 0.03518297
Moved 1481.706 375.877 397.6844 0.03675242 0.02490844
Moved 1481.722 377.4204 395.5796 0.04032502 0.01949483
Moved 1481.737 378.989 393.022 0.04395605 0.01291652
Moved 1481.753 381.54 390.46 0.04986107 0.006327138
Moved 1481.767 382.1935 388.6129 0.05137394 0.00157631
Moved 1481.783 384.5286 385.4142 0.05677918 -0.006650759
Moved 1481.801 386.6087 382.3914 0.06159415 -0.0144256
Moved 1481.815 388.0816 379.8367 0.06500383 -0.02099606
Moved 1481.829 390.7119 377.2881 0.07109234 -0.0275513
Moved 1481.844 391 375.7364 0.07175922 -0.03154229
Moved 1481.86 391.9032 374.0968 0.07384995 -0.03575933
Moved 1481.875 392 372.8171 0.07407407 -0.0390508
Moved 1481.892 392 371.8992 0.07407407 -0.04141152
Stationary 1481.907 392 372 0.07407407 -0.04115226
Moved 1481.922 386.3482 371 0.06099125 -0.04372435
Moved 1481.937 378.0617 371 0.04180958 -0.04372435
Moved 1481.952 365.4526 371 0.01262188 -0.04372435
Moved 1481.968 351.5 371 -0.01967594 -0.04372435
Moved 1481.984 335.9695 377.5676 -0.05562619 -0.02683231
Moved 1482 323.1279 382.2616 -0.08535201 -0.01475934
Moved 1482.014 311.2557 385.1861 -0.112834 -0.007237485
Moved 1482.03 295.6262 389.0934 -0.1490134 0.00281228
Moved 1482.045 282.3256 391.261 -0.1798018 0.008387271
Moved 1482.061 270.8304 392.9077 -0.206411 0.01262268
Moved 1482.076 259.2738 395.3836 -0.2331624 0.01899068
Moved 1482.091 247.7494 397.9446 -0.2598394 0.02557754
Moved 1482.106 239.6863 397.7591 -0.2785039 0.02510047
Moved 1482.122 233.8846 399.0288 -0.2919337 0.02836624
Moved 1482.137 230.9928 399 -0.2986278 0.02829214
Moved 1482.152 228.4575 400.2712 -0.3044965 0.03156175
Moved 1482.167 227.445 400.555 -0.3068402 0.03229157
Moved 1482.187 227 401 -0.3078704 0.03343609
Stationary 1482.2 227 401 -0.3078704 0.03343609
Moved 1482.213 227 402.2 -0.3078704 0.03652262
Moved 1482.229 227 403 -0.3078704 0.03858017
Stationary 1482.247 227 403 -0.3078704 0.03858017
Stationary 1482.259 227 403 -0.3078704 0.03858017
Moved 1482.275 246.2369 393.0117 -0.2633406 0.01289003
Moved 1482.292 262 384.5 -0.2268519 -0.009002057
Moved 1482.307 274.4469 371.3978 -0.1980396 -0.04270122
Moved 1482.323 286.0466 359.9534 -0.1711884 -0.07213639
Moved 1482.339 297.5588 348.4412 -0.1445399 -0.1017458
Moved 1482.353 311.6794 335.3206 -0.1118533 -0.1354923
Moved 1482.368 321.5963 323.519 -0.08889735 -0.1658463
Moved 1482.39 339.4568 304.3351 -0.04755383 -0.2151875
Stationary 1482.401 339.4568 304.3351 -0.04755383 -0.2151875
Moved 1482.415 348.3358 295.6642 -0.02700056 -0.2374891
Moved 1482.43 358.3019 287.4555 -0.003930777 -0.2586022
Moved 1482.447 368.2874 280.8204 0.01918376 -0.2756678
Moved 1482.461 378.5147 273.114 0.04285822 -0.2954889
Moved 1482.476 391.2408 262.5061 0.07231673 -0.3227724
Moved 1482.491 400.9656 255.7389 0.0948277 -0.3401777
Moved 1482.511 407.9718 249.8813 0.1110457 -0.3552434
Moved 1482.523 414.4477 245.7313 0.1260364 -0.3659174
Moved 1482.539 418.1131 243.2579 0.134521 -0.372279
Moved 1482.553 420.3088 241.3456 0.1396036 -0.3771976
Moved 1482.569 421.9299 241 0.1433563 -0.3780865
Moved 1482.585 423.2141 241 0.146329 -0.3780865
Moved 1482.6 426 241 0.1527777 -0.3780865
Moved 1482.615 426.7796 241 0.1545825 -0.3780865
Moved 1482.63 427.8232 241 0.156998 -0.3780865
Moved 1482.647 430.1129 241 0.1622984 -0.3780865
Moved 1482.661 432.676 241 0.1682315 -0.3780865
Moved 1482.676 436.2402 245.3408 0.176482 -0.3669218
Moved 1482.693 438.7979 250.6969 0.1824025 -0.3531459
Moved 1482.707 442.542 256.9034 0.1910695 -0.3371827
Moved 1482.723 444.9548 261.9095 0.1966546 -0.3243067
Moved 1482.739 449.9967 272.9935 0.2083258 -0.2957987
Moved 1482.753 454.1304 282.826 0.2178944 -0.2705094
Moved 1482.77 461.95 300.8857 0.2359953 -0.2240594
Moved 1482.785 468.3564 317.5267 0.250825 -0.1812586
Moved 1482.8 474.1836 334.9131 0.2643139 -0.1365403
Moved 1482.816 478.4697 345.5859 0.2742354 -0.1090899
Moved 1482.831 483.3736 355.7472 0.285587 -0.08295483
Moved 1482.847 485.7592 363.2777 0.2911094 -0.06358621
Moved 1482.862 489.3308 368.6616 0.2993768 -0.0497387
Moved 1482.878 492.2451 374.4902 0.3061229 -0.03474757
Moved 1482.893 496.8302 384.6179 0.3167366 -0.008698805
Moved 1482.908 500.7076 391.1793 0.325712 0.008177187
Moved 1482.923 503 396 0.3310186 0.02057605
Moved 1482.939 504.5705 399.3557 0.3346539 0.029207
Moved 1482.954 505 402.1275 0.3356481 0.03633609
Moved 1482.97 506.3388 404.6777 0.3387473 0.04289517
Moved 1482.984 507.6166 405.6166 0.3417051 0.04531028
Ended 1483.001 508.5 406.5 0.34375 0.04758226
Candidates 1483.076 12 thank ethanol tank frank rank jack drank lack bank stamp hall shall
Began 1483.661 390 301 0.06944448 -0.2237656
Stationary 1483.68 390 301 0.06944448 -0.2237656
Stationary 1483.694 390 301 0.06944448 -0.2237656
Stationary 1483.709 390 301 0.06944448 -0.2237656
Stationary 1483.724 390 301 0.06944448 -0.2237656
Moved 1483.747 390 330.0618 0.06944448 -0.1490182
Stationary 1483.758 390 330.0618 0.06944448 -0.1490182
Moved 1483.77 390 349.7832 0.06944448 -0.09829423
Moved 1483.786 402 382 0.09722222 -0.01543218
Moved 1483.802 402.7188 407.6331 0.09888609 0.0504967
Moved 1483.817 406.8651 430.2805 0.108484 0.108746
Moved 1483.833 409.4667 444.5668 0.1145062 0.1454906
Moved 1483.848 411.9935 456.9674 0.1203553 0.1773852
Moved 1483.863 417.1511 475.8167 0.1322943 0.225866
Ended 1483.88 420 486.5 0.1388889 0.2533436
Accept 1483.922 0 thank
Began 1484.446 358 459 -0.004629641 0.1826131
Stationary 1484.464 358 459 -0.004629641 0.1826131
Stationary 1484.479 358 459 -0.004629641 0.1826131
Stationary 1484.495 358 459 -0.004629641 0.1826131
Stationary 1484.51 358 459 -0.004629641 0.1826131
Stationary 1484.526 358 459 -0.004629641 0.1826131
Stationary 1484.542 358 459 -0.004629641 0.1826131
Moved 1484.556 373.7113 459 0.03173918 0.1826131
Moved 1484.572 381.9474 459 0.05080432 0.1826131
Moved 1484.589 395.2839 459 0.08167575 0.1826131
Moved 1484.605 410.6921 459 0.1173429 0.1826131
Moved 1484.619 430.5 459 0.1631944 0.1826131
Moved 1484.634 445.34 459 0.1975462 0.1826131
Moved 1484.653 457.6158 459 0.2259624 0.1826131
Moved 1484.665 470.473 459 0.2557245 0.1826131
Moved 1484.681 482.618 459 0.2838378 0.1826131
Moved 1484.697 490.1177 459 0.3011984 0.1826131
Moved 1484.711 497.1978 465.0641 0.3175876 0.1982102
Moved 1484.727 503.7095 467.1419 0.3326608 0.2035542
Moved 1484.742 507.2514 468.4171 0.3408598 0.2068341
Moved 1484.756 512.7795 469.6949 0.3536562 0.2101205
Moved 1484.773 517.8805 470.9701 0.3654641 0.2134003
Moved 1484.789 521.7361 471 0.3743892 0.2134772
Moved 1484.804 526.5471 472 0.3855256 0.2160493
Moved 1484.819 530.5287 472.6321 0.3947423 0.2176752
Moved 1484.834 535.2545 473 0.4056816 0.2186213
Moved 1484.85 538.1613 474.0806 0.4124103 0.2214007
Moved 1484.872 543.6486 474.6486 0.4251125 0.2228614
Stationary 1484.883 543.6486 474.6486 0.4251125 0.2228614
Moved 1484.897 545.8494 475 0.4302068 0.2237653
Moved 1484.911 547.2029 475 0.4333402 0.2237653
Moved 1484.926 548.4778 475 0.4362912 0.2237653
Moved 1484.943 549.5 475 0.4386574 0.2237653
Moved 1484.957 549.7335 476 0.4391978 0.2263374
Moved 1484.972 550.5 476 0.4409722 0.2263374
Stationary 1484.988 550.5 476 0.4409722 0.2263374
Moved 1485.004 550 477.1922 0.4398148 0.2294037
Stationary 1485.02 550 477.1922 0.4398148 0.2294037
Moved 1485.034 550 480.2584 0.4398148 0.23729
Moved 1485.051 537.36 484.2133 0.4105555 0.2474622
Moved 1485.066 533.5 484.5 0.4016204 0.2481995
Moved 1485.081 525.5713 486.6327 0.3832669 0.2536848
Moved 1485.097 516.6348 488.8186 0.3625806 0.259307
Moved 1485.112 510.046 490.1908 0.3473287 0.2628364
Moved 1485.127 503.1045 491.4739 0.3312604 0.2661365
Moved 1485.144 497.9753 492.7562 0.3193871 0.2694345
Moved 1485.158 493.8844 494.0385 0.3099176 0.2727327
Moved 1485.173 490.0392 494 0.3010168 0.2726337
Moved 1485.189 488 494 0.2962963 0.2726337
Moved 1485.204 484.8134 495 0.2889199 0.2752057
Moved 1485.22 481.365 495.8784 0.2809375 0.2774649
Moved 1485.235 477.5189 496 0.2720345 0.2777777
Moved 1485.251 472.2317 497.4421 0.2597955 0.2814868
Moved 1485.266 466.1076 498 0.2456195 0.2829217
Moved 1485.281 457.9614 498 0.2267624 0.2829217
Moved 1485.298 451.5472 499.2906 0.2119148 0.2862411
Moved 1485.312 445.5 499 0.1979166 0.2854938
Moved 1485.328 440.2948 500 0.1858675 0.2880658
Moved 1485.344 433.8964 500.8207 0.1710565 0.2901767
Moved 1485.359 428.5921 501 0.1587779 0.2906378
Moved 1485.38 419.0037 502 0.1365826 0.2932098
Stationary 1485.392 419.0037 502 0.1365826 0.2932098
Moved 1485.404 417.0529 502 0.1320668 0.2932098
Ended 1485.421 415.7617 502 0.1290779 0.2932098
Candidates 1485.556 12 you got joy hot foot holy fully july split toy for utility
Began 1485.956 384 327 0.0555556 -0.1568931
Stationary 1485.975 384 327 0.0555556 -0.1568931
Stationary 1485.991 384 327 0.0555556 -0.1568931
Stationary 1486.005 384 327 0.0555556 -0.1568931
Moved 1486.02 384 344.2528 0.0555556 -0.1125186
Moved 1486.035 389.6663 357.3325 0.0686719 -0.07887726
Moved 1486.052 393.9656 376.7421 0.07862408 -0.02895551
Moved 1486.067 397.7645 400.8419 0.08741786 0.03302955
Moved 1486.083 401.7543 422.1487 0.09665351 0.08783089
Moved 1486.098 404 446.5 0.1018518 0.1504629
Moved 1486.114 408.3953 458.5811 0.112026 0.1815356
Moved 1486.13 411.1416 473.8498 0.1183834 0.220807
Moved 1486.144 415.0907 486.6357 0.1275247 0.2536924
Moved 1486.159 418.9049 495.4448 0.136354 0.2763496
Ended 1486.175 420 498 0.1388889 0.2829217
Accept 1486.204 0 you
Began 1486.727 327 295 -0.07638887 -0.2391976
Stationary 1486.746 327 295 -0.07638887 -0.2391976
Stationary 1486.761 327 295 -0.07638887 -0.2391976
Stationary 1486.776 327 295 -0.07638887 -0.2391976
Stationary 1486.791 327 295 -0.07638887 -0.2391976
Stationary 1486.807 327 295 -0.07638887 -0.2391976
Stationary 1486.822 327 295 -0.07638887 -0.2391976
Stationary 1486.838 327 295 -0.07638887 -0.2391976
Stationary 1486.857 327 295 -0.07638887 -0.2391976
Stationary 1486.868 327 295 -0.07638887 -0.2391976
Stationary 1486.883 327 295 -0.07638887 -0.2391976
Stationary 1486.899 327 295 -0.07638887 -0.2391976
Stationary 1486.914 327 295 -0.07638887 -0.2391976
Moved 1486.929 327 304.9675 -0.07638887 -0.213561
Moved 1486.946 327 306.2366 -0.07638887 -0.2102967
Moved 1486.96 327 307.5 -0.07638887 -0.2070474
Moved 1486.976 337.5 310 -0.05208333 -0.2006174
Moved 1486.994 338.0835 314.8544 -0.05073264 -0.1881318
Moved 1487.008 344.2289 323.3204 -0.0365072 -0.166357
Moved 1487.023 354.5963 336.2454 -0.01250853 -0.1331139
Moved 1487.038 368.4268 350.0298 0.01950661 -0.09765993
Moved 1487.053 384.2165 367.0891 0.05605667 -0.05378322
Moved 1487.069 401.1388 386.4678 0.09522865 -0.003940951
Moved 1487.084 413.4097 396.9688 0.1236336 0.02306777
Moved 1487.101 425.5 408 0.1516204 0.05144025
Moved 1487.115 438.607 420.607 0.1819607 0.08386565
Moved 1487.13 451.0042 433.0042 0.210658 0.1157515
Moved 1487.145 463.7571 445.7571 0.2401786 0.1485522
Moved 1487.162 470.8645 453.4166 0.2566308 0.1682524
Moved 1487.178 478.9696 462.7979 0.2753927 0.1923812
Moved 1487.193 486.6407 471.7474 0.2931498 0.2153997
Moved 1487.208 496.9985 483.3734 0.3171262 0.2453017
Moved 1487.223 503 490.5 0.3310186 0.2636316
Moved 1487.24 506.5966 496.2458 0.3393441 0.2784099
Moved 1487.26 514.606 505.8079 0.3578841 0.3030038
Stationary 1487.271 514.606 505.8079 0.3578841 0.3030038
Moved 1487.284 518.4442 510.9257 0.366769 0.3161668
Moved 1487.3 521.5148 514.2722 0.3738769 0.3247742
Moved 1487.316 524.0613 516.0306 0.3797715 0.3292969
Moved 1487.331 525.3093 518.6187 0.3826604 0.3359533
Moved 1487.347 526.5 521 0.3854167 0.3420781
Moved 1487.362 527.403 521.403 0.3875069 0.3431145
Moved 1487.377 528.811 522.811 0.3907663 0.3467362
Moved 1487.393 529 524.0863 0.3912036 0.3500161
Moved 1487.408 529 525.3513 0.3912036 0.3532696
Moved 1487.423 529 527.2783 0.3912036 0.3582259
Moved 1487.439 529 529.8389 0.3912036 0.364812
Moved 1487.455 529 532.402 0.3912036 0.3714041
Moved 1487.47 529 534.9504 0.3912036 0.3779589
Moved 1487.486 513.9611 538.1015 0.3563914 0.3860634
Moved 1487.501 503.9252 539 0.3331602 0.3883744
Moved 1487.516 492.6543 540.0384 0.3070701 0.3910451
Moved 1487.53 474.5168 540 0.2650852 0.3909464
Moved 1487.551 459.1407 540 0.2294923 0.3909464
Moved 1487.563 441.6469 540 0.1889975 0.3909464
Moved 1487.578 426.0453 540 0.1528827 0.3909464
Moved 1487.594 410.6199 540 0.1171758 0.3909464
Moved 1487.608 404.1653 540 0.1022345 0.3909464
Moved 1487.623 390.6823 532.298 0.0710237 0.3711368
Moved 1487.643 381.1384 531.0198 0.04893144 0.3678491
Moved 1487.655 369.6717 529.7413 0.0223881 0.3645609
Moved 1487.67 361.5 528.5 0.003472269 0.3613682
Moved 1487.685 352.205 527.1721 -0.01804401 0.3579529
Moved 1487.701 345.4938 527 -0.03357922 0.3575102
Moved 1487.717 339.0104 525.6021 -0.04858697 0.3539148
Moved 1487.731 334.4378 526 -0.05917181 0.3549381
Moved 1487.749 328.9961 526 -0.07176831 0.3549381
Moved 1487.762 324.211 526 -0.0828449 0.3549381
Moved 1487.778 321.5421 526 -0.08902281 0.3549381
Moved 1487.793 319 526 -0.09490739 0.3549381
Moved 1487.808 316.4062 526 -0.1009116 0.3549381
Moved 1487.824 313.8417 526 -0.1068479 0.3549381
Moved 1487.84 312.6426 526 -0.1096235 0.3549381
Moved 1487.855 311.7354 526 -0.1117235 0.3549381
Moved 1487.87 309 526 -0.1180555 0.3549381
Stationary 1487.886 309 526 -0.1180555 0.3549381
Moved 1487.901 307.8147 526 -0.1207993 0.3549381
Stationary 1487.916 307.8147 526 -0.1207993 0.3549381
Stationary 1487.932 307.8147 526 -0.1207993 0.3549381
Moved 1487.947 306.778 526 -0.123199 0.3549381
Stationary 1487.963 307 526 -0.1226852 0.3549381
Stationary 1487.977 307 526 -0.1226852 0.3549381
Ended 1487.994 307 526 -0.1226852 0.3549381
Candidates 1488.131 12 court core vote for cope cooper copper copy got cow not short
Began 1488.992 355 364 -0.01157408 -0.06172839
Stationary 1489.027 355 364 -0.01157408 -0.06172839
Stationary 1489.041 355 364 -0.01157408 -0.06172839
Ended 1489.056 355 364 -0.01157408 -0.06172839
NextCandidatePanel 1489.108
Began 1489.67 361 336 0.002314846 -0.1337449
Stationary 1489.69 361 336 0.002314846 -0.1337449
Stationary 1489.705 361 336 0.002314846 -0.1337449
Stationary 1489.721 361 336 0.002314846 -0.1337449
Stationary 1489.737 361 336 0.002314846 -0.1337449
Stationary 1489.75 361 336 0.002314846 -0.1337449
Stationary 1489.764 361 336 0.002314846 -0.1337449
Ended 1489.78 361 336 0.002314846 -0.1337449
NextCandidatePanel 1489.842
Began 1490.072 360 344 0 -0.1131688
Stationary 1490.091 360 344 0 -0.1131688
Stationary 1490.104 360 344 0 -0.1131688
Stationary 1490.119 360 344 0 -0.1131688
Stationary 1490.134 360 344 0 -0.1131688
Stationary 1490.153 360 344 0 -0.1131688
Ended 1490.171 360 344 0 -0.1131688
NextCandidatePanel 1490.225
Began 1490.701 362 339 0.004629592 -0.1260288
Stationary 1490.721 362 339 0.004629592 -0.1260288
Stationary 1490.736 362 339 0.004629592 -0.1260288
Stationary 1490.751 362 339 0.004629592 -0.1260288
Moved 1490.767 362 329.2377 0.004629592 -0.1511375
Moved 1490.783 351.5 312 -0.01967594 -0.1954732
Moved 1490.799 351.3623 289.623 -0.01999468 -0.2530273
Moved 1490.814 349.8981 265.0632 -0.02338409 -0.3161955
Moved 1490.829 350 236.4191 -0.02314816 -0.3898687
Moved 1490.844 350 195.0248 -0.02314816 -0.4963354
Moved 1490.86 358.268 182.3917 -0.004009157 -0.5288278
Ended 1490.876 361 169 0.002314846 -0.5632716
Accept 1490.934 3 for
Began 1491.58 384 560 0.0555556 0.4423867
Stationary 1491.601 384 560 0.0555556 0.4423867
Stationary 1491.615 384 560 0.0555556 0.4423867
Stationary 1491.63 384 560 0.0555556 0.4423867
Stationary 1491.648 384 560 0.0555556 0.4423867
Stationary 1491.669 384 560 0.0555556 0.4423867
Stationary 1491.681 384 560 0.0555556 0.4423867
Stationary 1491.692 384 560 0.0555556 0.4423867
Stationary 1491.707 384 560 0.0555556 0.4423867
Stationary 1491.721 384 560 0.0555556 0.4423867
Stationary 1491.738 384 560 0.0555556 0.4423867
Stationary 1491.753 384 560 0.0555556 0.4423867
Stationary 1491.768 384 560 0.0555556 0.4423867
Stationary 1491.784 384 560 0.0555556 0.4423867
Stationary 1491.798 384 560 0.0555556 0.4423867
Moved 1491.814 403.0921 560 0.09975025 0.4423867
Stationary 1491.832 403.0921 560 0.09975025 0.4423867
Moved 1491.847 425.8291 560 0.1523823 0.4423867
Moved 1491.862 436.5 560 0.1770833 0.4423867
Moved 1491.876 446.9374 551.1518 0.201244 0.419629
Moved 1491.893 455.9697 549.8615 0.2221522 0.4163102
Moved 1491.908 464.7855 548.6021 0.242559 0.4130711
Moved 1491.923 472.4579 546.3084 0.2603191 0.4071718
Moved 1491.941 480.7731 545.0324 0.2795673 0.4038899
Moved 1491.954 487.5625 544.0625 0.2952835 0.4013952
Moved 1491.974 496.3467 541.6152 0.3156174 0.3951008
Moved 1491.987 506.7411 540.5323 0.3396784 0.3923156
Moved 1492.001 513.6957 540 0.3557771 0.3909464
Moved 1492.016 520.1171 540 0.3706413 0.3909464
Moved 1492.031 527.7706 538.7049 0.3883579 0.3876154
Moved 1492.047 532 539 0.3981481 0.3883744
Moved 1492.061 535.5393 539 0.406341 0.3883744
Moved 1492.077 537.7453 539 0.4114475 0.3883744
Moved 1492.093 540.2231 539 0.417183 0.3883744
Moved 1492.108 542.7667 539 0.4230711 0.3883744
Moved 1492.123 543.662 539 0.4251437 0.3883744
Moved 1492.139 544.9373 539 0.4280957 0.3883744
Moved 1492.155 546.2125 539 0.4310474 0.3883744
Stationary 1492.17 546 539 0.4305556 0.3883744
Stationary 1492.184 546 539 0.4305556 0.3883744
Stationary 1492.199 546 539 0.4305556 0.3883744
Stationary 1492.216 546 539 0.4305556 0.3883744
Moved 1492.231 535.7947 536.4487 0.4069321 0.3818123
Moved 1492.248 524.9423 533.3479 0.381811 0.3738371
Moved 1492.269 497.7947 527.7808 0.3189692 0.3595185
Stationary 1492.279 497.7947 527.7808 0.3189692 0.3595185
Moved 1492.294 481.0045 525.2314 0.280103 0.3529615
Moved 1492.308 466.9847 524.332 0.2476498 0.3506482
Moved 1492.323 455.456 524 0.2209629 0.3497942
Moved 1492.34 441.4759 523.0397 0.1886017 0.3473242
Moved 1492.355 427.3429 523 0.1558864 0.3472221
Moved 1492.37 416.5 523 0.130787 0.3472221
Moved 1492.386 406.3539 523 0.1073007 0.3472221
Moved 1492.403 397.3946 523 0.08656164 0.3472221
Moved 1492.416 388.3714 523 0.06567448 0.3472221
Moved 1492.432 380.1291 523 0.04659514 0.3472221
Moved 1492.451 372.9976 523 0.03008704 0.3472221
Moved 1492.463 364.6023 523 0.01065353 0.3472221
Moved 1492.479 356.9322 523 -0.007101397 0.3472221
Moved 1492.495 350.688 523 -0.02155552 0.3472221
Moved 1492.51 344.2794 523 -0.03639017 0.3472221
Moved 1492.525 339.9146 523 -0.04649411 0.3472221
Moved 1492.541 336.0696 523 -0.05539442 0.3472221
Moved 1492.563 331 523 -0.06712963 0.3472221
Stationary 1492.574 331 523 -0.06712963 0.3472221
Moved 1492.585 328.3391 523 -0.07328902 0.3472221
Moved 1492.602 325.7757 523 -0.07922293 0.3472221
Moved 1492.617 324.6061 523 -0.08193021 0.3472221
Moved 1492.632 323.3228 523 -0.08490096 0.3472221
Moved 1492.65 322.0427 523 -0.08786415 0.3472221
Moved 1492.663 320.7547 523 -0.09084568 0.3472221
Moved 1492.678 319.5 523 -0.09375001 0.3472221
Stationary 1492.695 319.5 523 -0.09375001 0.3472221
Moved 1492.709 318.1975 530 -0.09676501 0.3652262
Moved 1492.725 317.5 530 -0.09837966 0.3652262
Moved 1492.741 318 530 -0.09722222 0.3652262
Ended 1492.758 318 531.5 -0.09722222 0.3690843
Candidates 1492.914 12 your type tour rope route pipe upper out rupert put root hope
Began 1493.34 364 328 0.009259283 -0.1543211
Stationary 1493.357 364 328 0.009259283 -0.1543211
Stationary 1493.376 364 328 0.009259283 -0.1543211
Stationary 1493.387 364 328 0.009259283 -0.1543211
Stationary 1493.402 364 328 0.009259283 -0.1543211
Moved 1493.417 364 351.2573 0.009259283 -0.09450284
Moved 1493.434 364 372.3696 0.009259283 -0.04020165
Moved 1493.45 364 396.566 0.009259283 0.02203172
Moved 1493.465 379 434 0.04398147 0.1183127
Moved 1493.48 379.4985 450.242 0.04513552 0.1600874
Moved 1493.498 386.2878 485.4894 0.06085137 0.2507443
Moved 1493.51 390.1226 501.4494 0.06972809 0.2917936
Moved 1493.525 393.9285 512.7854 0.07853816 0.3209501
Ended 1493.545 398 527 0.08796295 0.3575102
Accept 1493.6 0 your
Began 1494.169 398 293 0.08796295 -0.2443416
Stationary 1494.189 398 293 0.08796295 -0.2443416
Stationary 1494.205 398 293 0.08796295 -0.2443416
Stationary 1494.22 398 293 0.08796295 -0.2443416
Stationary 1494.242 398 293 0.08796295 -0.2443416
Stationary 1494.252 398 293 0.08796295 -0.2443416
Stationary 1494.265 398 293 0.08796295 -0.2443416
Stationary 1494.281 398 293 0.08796295 -0.2443416
Stationary 1494.297 398 293 0.08796295 -0.2443416
Stationary 1494.313 398 293 0.08796295 -0.2443416
Stationary 1494.328 398 293 0.08796295 -0.2443416
Moved 1494.345 392.9607 298.6692 0.07629792 -0.2297604
Moved 1494.359 385.5102 307.3878 0.05905141 -0.207336
Moved 1494.374 376.7325 317.4486 0.03873259 -0.1814593
Moved 1494.393 370.6883 326.2364 0.02474139 -0.1588571
Moved 1494.405 360.5011 341.7484 0.001159907 -0.1189601
Moved 1494.419 354.3643 350.9535 -0.01304557 -0.09528431
Moved 1494.435 344.2018 365.7084 -0.03656978 -0.05733435
Moved 1494.453 335.1842 381.1127 -0.05744388 -0.01771417
Moved 1494.466 329.5 391.5 -0.07060184 0.009002057
Moved 1494.485 320.2249 405.0752 -0.09207208 0.0439176
Moved 1494.498 313.4774 416.9407 -0.1076913 0.07443596
Moved 1494.512 307.0688 431.2487 -0.1225259 0.1112363
Moved 1494.528 297.9922 445.0117 -0.1435365 0.1466349
Moved 1494.545 291.5717 454.6423 -0.1583987 0.1714051
Moved 1494.559 283.3875 467.3911 -0.1773436 0.204195
Moved 1494.574 274.4155 479.0372 -0.1981123 0.2341492
Moved 1494.59 265.5 490.5 -0.21875 0.2636316
Moved 1494.605 260.0756 501.4941 -0.2313064 0.2919087
Moved 1494.62 254.7552 509.3672 -0.2436223 0.3121585
Moved 1494.635 250.9808 517.0385 -0.2523593 0.331889
Moved 1494.651 248.7523 520.8716 -0.2575179 0.3417478
Moved 1494.667 246.6156 524.7688 -0.2624638 0.3517715
Moved 1494.682 246 528.6358 -0.2638889 0.3617175
Moved 1494.698 244.8367 531.3267 -0.2665818 0.3686385
Moved 1494.713 245 535.3339 -0.2662037 0.378945
Moved 1494.728 245 537.4481 -0.2662037 0.3843829
Moved 1494.748 245 539.003 -0.2662037 0.3883821
Moved 1494.76 245 540.2815 -0.2662037 0.3916704
Moved 1494.775 245 541.5 -0.2662037 0.3948044
Moved 1494.791 255.0453 543 -0.2429507 0.3986624
Moved 1494.805 273.8846 543 -0.1993411 0.3986624
Moved 1494.82 296.5477 529.3015 -0.1468803 0.3634298
Moved 1494.836 323.6838 511.2108 -0.08406534 0.3169002
Moved 1494.852 345.3336 494.7331 -0.03394991 0.2745192
Moved 1494.867 362.6413 479.3312 0.006114046 0.2349052
Moved 1494.882 376.7272 465.2728 0.03872047 0.1987467
Moved 1494.898 387.5 453 0.06365737 0.167181
Moved 1494.913 395 447.5 0.08101851 0.1530349
Moved 1494.93 405.813 437.7496 0.1060485 0.1279568
Moved 1494.947 417.5284 428.589 0.1331677 0.1043955
Moved 1494.959 427.6705 419.6633 0.1566447 0.08143849
Moved 1494.975 438.3025 411.9268 0.1812558 0.06153997
Moved 1494.995 445.4707 406.4235 0.1978488 0.04738541
Moved 1495.007 451.8483 402.491 0.2126117 0.03727112
Moved 1495.021 456.8089 400.0955 0.2240948 0.0311098
Moved 1495.036 459.5 398 0.2303241 0.02572008
Moved 1495.051 463.0239 397.3254 0.2384813 0.02398491
Moved 1495.067 465.924 396.038 0.2451945 0.02067381
Moved 1495.083 468.4569 396 0.2510577 0.02057605
Moved 1495.099 471 396 0.2569444 0.02057605
Moved 1495.113 471.7979 396 0.2587914 0.02057605
Moved 1495.128 473.0789 396 0.2617568 0.02057605
Moved 1495.144 474.3575 396 0.2647164 0.02057605
Moved 1495.159 475.5 396 0.2673611 0.02057605
Stationary 1495.175 475.5 396 0.2673611 0.02057605
Moved 1495.191 476 403.9042 0.2685185 0.04090592
Moved 1495.205 477.1797 404 0.2712494 0.04115226
Moved 1495.228 479.7296 404 0.2771518 0.04115226
Stationary 1495.239 479.7296 404 0.2771518 0.04115226
Moved 1495.251 482.0161 404 0.2824448 0.04115226
Moved 1495.268 485.8694 404 0.2913644 0.04115226
Moved 1495.283 488 392 0.2962963 0.01028803
Moved 1495.298 489.8193 394.5904 0.3005076 0.01695052
Moved 1495.315 493.4949 392.1684 0.3090159 0.01072107
Moved 1495.33 497.3355 390.8882 0.3179063 0.007428338
Moved 1495.346 499.7736 389.6132 0.32355 0.004149229
Moved 1495.36 503.3292 389 0.3317805 0.002572016
Moved 1495.376 505.8896 389 0.3377073 0.002572016
Moved 1495.392 507.2232 389 0.3407944 0.002572016
Moved 1495.406 508.5 389 0.34375 0.002572016
Moved 1495.422 510.7958 401.5812 0.3490644 0.03493109
Moved 1495.438 512.7872 411.7234 0.3536742 0.06101702
Moved 1495.457 514.0663 420.4641 0.3566349 0.08349814
Moved 1495.47 515.3347 426.6732 0.359571 0.09946803
Moved 1495.484 516.6258 435.1288 0.3625597 0.1212161
Moved 1495.5 517.9042 441.5211 0.365519 0.137657
Moved 1495.514 519.1797 450.2579 0.3684716 0.1601284
Moved 1495.53 521.9102 456.2753 0.374792 0.1756052
Moved 1495.546 522.3356 460.6781 0.3757769 0.1869292
Moved 1495.561 526.418 469.5451 0.3852269 0.2097353
Moved 1495.576 529.9634 477.9146 0.3934337 0.2312616
Moved 1495.591 532.539 484.3475 0.3993958 0.2478074
Moved 1495.606 535 489 0.4050927 0.2597736
Moved 1495.622 536.8359 494.5076 0.4093423 0.2739391
Moved 1495.638 539.2288 499.4575 0.4148814 0.2866705
Moved 1495.653 541.7647 504.5294 0.4207517 0.2997155
Moved 1495.675 543.5179 506.7769 0.42481 0.3054961
Moved 1495.686 545.2352 510.2352 0.4287851 0.3143908
Moved 1495.701 546 512.7838 0.4305556 0.3209458
Moved 1495.714 547.1555 515.3109 0.4332302 0.3274456
Moved 1495.73 548.4469 515 0.4362197 0.326646
Ended 1495.745 548.4469 515 0.4362197 0.326646
Candidates 1495.835 12 help hello feel gel fell hell bell neil neill cell del brill
Began 1496.409 410 353 0.1157407 -0.09002065
Stationary 1496.424 410 353 0.1157407 -0.09002065
Stationary 1496.44 410 353 0.1157407 -0.09002065
Moved 1496.454 410 364.0132 0.1157407 -0.06169456
Moved 1496.469 410 380.6189 0.1157407 -0.0189844
Moved 1496.485 410 398.5924 0.1157407 0.02724381
Moved 1496.5 410 424.8513 0.1157407 0.09478207
Moved 1496.522 410 448.9611 0.1157407 0.1567928
Moved 1496.533 410 472.0742 0.1157407 0.2162401
Moved 1496.548 410 490.311 0.1157407 0.2631454
Moved 1496.563 424.9421 510.9073 0.1503289 0.3161197
Ended 1496.578 426 522 0.1527777 0.3446501
Accept 1496.621 0 help
PhraseEnd 1497.794
