elections bring out the best
elections bring out the best
Basic
0.6 0.6
432 388.8
Began 833.7473 202 542 -0.3657407 0.3960905
Stationary 833.7653 202 542 -0.3657407 0.3960905
Stationary 833.78 202 542 -0.3657407 0.3960905
Moved 833.7954 226.784 521.3467 -0.3083704 0.3429697
Moved 833.8116 263.747 502.2784 -0.2228078 0.2939257
Moved 833.8281 318.3832 480.6218 -0.09633511 0.2382248
Moved 833.8433 374.4526 464.0532 0.03345519 0.1956099
Moved 833.858 419.7968 452.0778 0.1384186 0.164809
Moved 833.8741 474.9757 439.2364 0.2661474 0.1317807
Moved 833.8895 498.0508 434.7899 0.3195621 0.1203441
Moved 833.905 516.0003 430.4999 0.3611119 0.1093105
Moved 833.9207 530.0525 426.1843 0.39364 0.09821048
Moved 833.9356 540.2535 423.9578 0.4172534 0.09248383
Moved 833.951 547.3912 422.5218 0.4337759 0.08879049
Moved 833.9666 549.3725 421.3138 0.4383622 0.08568352
Moved 833.9813 551.0196 421 0.4421749 0.08487643
Stationary 833.9969 551 421 0.4421297 0.08487643
Moved 834.0125 544.7433 421 0.4276465 0.08487643
Moved 834.0269 527.994 421 0.388875 0.08487643
Moved 834.0424 506.3984 421 0.3388853 0.08487643
Moved 834.0597 481.4686 421 0.2811773 0.08487643
Moved 834.0738 455 436 0.2199073 0.1234567
Moved 834.0891 415.2136 453.7443 0.1278092 0.1690953
Moved 834.1048 376.7156 473.7136 0.03869355 0.2204567
Moved 834.1208 352.0648 489.9482 -0.01836861 0.2622124
Moved 834.1367 332.7101 506.0914 -0.06317094 0.303733
Moved 834.1511 320.1544 518.8455 -0.09223506 0.3365367
Moved 834.1666 305.1574 531.8712 -0.1269505 0.3700391
Moved 834.1821 293.5925 543.4075 -0.1537211 0.3997106
Moved 834.199 283.1909 555.8091 -0.1777988 0.4316077
Moved 834.2131 272.1501 566.8499 -0.2033563 0.4600048
Moved 834.2286 263.5113 575.4887 -0.2233535 0.4822239
Moved 834.245 254.0098 585.1345 -0.2453478 0.507033
Moved 834.2606 245.1777 593.8223 -0.2657923 0.5293781
Moved 834.2744 239.3001 598.9599 -0.2793978 0.5425922
Moved 834.2899 235.6487 601.1757 -0.2878501 0.5482912
Moved 834.3061 233.6105 603.3895 -0.2925681 0.5539852
Moved 834.3203 231.2963 604.7037 -0.2979253 0.5573655
Moved 834.3357 229.8626 606.1374 -0.301244 0.5610529
Moved 834.3524 228.4204 607.5796 -0.3045823 0.5647622
Moved 834.3682 227.5 608.5 -0.306713 0.5671295
Stationary 834.3819 227.5 608.5 -0.306713 0.5671295
Moved 834.3971 226.7518 609.2482 -0.308445 0.5690539
Stationary 834.4139 226.7518 609.2482 -0.308445 0.5690539
Stationary 834.4271 227 609 -0.3078704 0.5684156
Stationary 834.4441 227 609 -0.3078704 0.5684156
Moved 834.4592 227 599.5165 -0.3078704 0.5440238
Moved 834.4744 235.0233 566.7441 -0.289298 0.4597328
Moved 834.4905 246.8924 515.0109 -0.261823 0.326674
Moved 834.5068 262.8034 452.2037 -0.224992 0.165133
Moved 834.5206 280.4772 401.7801 -0.1840806 0.03544254
Moved 834.536 310.0776 334.6909 -0.1155612 -0.1371121
Moved 834.5514 333.6862 287.6321 -0.06091162 -0.258148
Moved 834.5688 345.5004 263.9277 -0.03356397 -0.319116
Moved 834.5836 355.5313 248.4437 -0.01034424 -0.3589411
Moved 834.5985 360.8392 238.3217 0.001942515 -0.3849752
Moved 834.6144 365.1553 229.6895 0.01193355 -0.4071774
Moved 834.6302 367 224.5 0.01620372 -0.4205247
Moved 834.644 368.7953 220.307 0.02035956 -0.4313092
Moved 834.6586 370.3291 218.6709 0.02390991 -0.4355173
Moved 834.6744 370 216.2318 0.02314816 -0.4417906
Moved 834.6901 370 215.5 0.02314816 -0.4436729
Moved 834.7136 370 235.5383 0.02314816 -0.392134
Stationary 834.7245 370 235.5383 0.02314816 -0.392134
Moved 834.7358 370 268.5 0.02314816 -0.307356
Moved 834.7521 358.0779 315.988 -0.004449437 -0.1852162
Moved 834.7675 354.8327 370.0949 -0.01196136 -0.04605226
Moved 834.782 354 412.8358 -0.01388888 0.06387793
Moved 834.7995 354 441.0852 -0.01388888 0.136536
Moved 834.8141 354 458.608 -0.01388888 0.1816049
Moved 834.8294 360.6252 474.7659 0.0014473 0.2231634
Moved 834.8453 365.7965 485.8585 0.0134178 0.2516935
Moved 834.8603 370.0373 492.8152 0.02323439 0.2695864
Moved 834.8754 373.3622 496.5748 0.03093113 0.2792562
Moved 834.8911 378.9021 501.9021 0.04375488 0.2929579
Moved 834.9061 390.3147 507.6573 0.07017285 0.3077606
Moved 834.9218 415.1805 513.4361 0.1277325 0.3226236
Moved 834.9372 441.5928 516.5475 0.1888722 0.3306262
Moved 834.9547 475.6031 517.9835 0.2675996 0.3343195
Moved 834.9688 501.1219 518 0.3266711 0.3343621
Moved 834.9824 530.4081 513.5157 0.3944631 0.3228284
Moved 834.9988 547.0051 508.9995 0.4328822 0.3112127
Moved 835.0143 556.1884 506.1246 0.4541398 0.3038185
Moved 835.03 561.6414 505 0.4667626 0.3009258
Moved 835.0465 565.9589 503.6804 0.4767568 0.2975317
Moved 835.0607 567.7562 503 0.4809171 0.2957818
Moved 835.076 568.5 503 0.4826389 0.2957818
Stationary 835.0908 568.5 503 0.4826389 0.2957818
Moved 835.1078 568 503 0.4814814 0.2957818
Stationary 835.1214 568 503 0.4814814 0.2957818
Stationary 835.1365 568 503 0.4814814 0.2957818
Moved 835.1547 568 501.9828 0.4814814 0.2931656
Stationary 835.1674 568 502 0.4814814 0.2932098
Stationary 835.1831 568 502 0.4814814 0.2932098
Moved 835.1999 559.0103 500.0051 0.460672 0.2880789
Moved 835.2152 557.5665 498.5665 0.4573297 0.2843787
Moved 835.2303 553.3747 496.2498 0.4476266 0.2784202
Moved 835.2462 549.0128 492.0128 0.4375297 0.2675226
Moved 835.2612 539.442 483.442 0.415375 0.2454783
Moved 835.2775 522.3939 462.7925 0.3759117 0.1923674
Moved 835.2951 502.5 437.5 0.3298611 0.1273147
Moved 835.307 471.7362 385.726 0.2586486 -0.00584881
Moved 835.3223 444.6202 339.2345 0.1958801 -0.1254258
Moved 835.3382 437.4536 318.9974 0.1792908 -0.1774758
Moved 835.3541 431.6904 302.0712 0.16595 -0.2210105
Moved 835.3683 427.4559 287.3383 0.1561479 -0.2589037
Moved 835.3845 425.0479 275.3353 0.1505738 -0.2897755
Moved 835.4003 422.2184 265.2644 0.1440241 -0.315678
Moved 835.4144 421.6452 259.871 0.1426972 -0.3295499
Moved 835.4308 420.0824 254.3296 0.1390796 -0.3438025
Moved 835.4459 417.2867 248.5732 0.132608 -0.358608
Moved 835.4613 417.2047 247.4093 0.1324182 -0.3616017
Moved 835.4768 415.7658 245.7659 0.1290876 -0.3658285
Moved 835.4919 413.6486 245 0.1241866 -0.3677984
Moved 835.5078 404.135 253.865 0.1021643 -0.3449975
Moved 835.5225 387.0539 274.5353 0.06262471 -0.291833
Moved 835.5383 351.2943 319.5554 -0.02015213 -0.1760407
Moved 835.5551 321.6226 357.0031 -0.08883665 -0.07972474
Moved 835.5695 306.1763 375.961 -0.124592 -0.03096451
Moved 835.5844 288.9252 396.0873 -0.164525 0.02080054
Moved 835.601 274.9816 412.4648 -0.1968018 0.06292386
Moved 835.6163 263.7966 424.2034 -0.222693 0.09311569
Moved 835.6299 256.0276 432.9685 -0.2406769 0.1156597
Moved 835.6469 244.5962 442.9783 -0.2671385 0.1414051
Moved 835.6627 235.8174 450.3188 -0.2874597 0.160285
Moved 835.6766 228.4877 456.2098 -0.3044267 0.1754368
Moved 835.6934 224.7591 459.2408 -0.3130576 0.1832325
Moved 835.7073 220.4021 460 -0.3231434 0.1851851
Ended 835.723 220.4021 460 -0.3231434 0.1851851
Candidates 835.8908 12 elections selective directions collections respective dimensions allegations questions survive collective alternative celebrations
Began 836.3301 357 321 -0.006944438 -0.1723252
Stationary 836.3422 357 321 -0.006944438 -0.1723252
Moved 836.356 357 334.3853 -0.006944438 -0.1378981
Moved 836.3713 357 377.8016 -0.006944438 -0.02623052
Moved 836.3872 347.776 434.1202 -0.02829636 0.1186218
Ended 836.4059 366 530 0.01388888 0.3652262
Accept 836.4467 0 elections
Began 836.9029 365 236 0.01157403 -0.3909465
Stationary 836.9139 365 236 0.01157403 -0.3909465
Stationary 836.9246 365 236 0.01157403 -0.3909465
Stationary 836.9409 365 236 0.01157403 -0.3909465
Moved 836.9557 356.3818 252.1592 -0.008375545 -0.3493848
Moved 836.9726 339.4332 283.8633 -0.04760842 -0.2678413
Moved 836.9882 322.8675 317.265 -0.08595486 -0.1819315
Moved 837.0034 306.8792 352.4659 -0.1229649 -0.09139434
Moved 837.0187 295.3157 377.9056 -0.1497322 -0.02596309
Moved 837.0336 280.6574 405.441 -0.1836633 0.04485844
Moved 837.049 269.601 427.931 -0.2092569 0.1027031
Moved 837.0656 260.9854 449.0365 -0.2292005 0.1569868
Moved 837.0803 249.3721 476.6163 -0.2560832 0.2279226
Moved 837.0959 244.4704 495.4712 -0.2674296 0.2764176
Moved 837.1112 238.729 511.4952 -0.2807199 0.3176317
Moved 837.1266 232.5 526 -0.2951389 0.3549381
Moved 837.141 230.241 531.2771 -0.3003681 0.368511
Moved 837.1574 227.3702 538.5744 -0.3070133 0.3872798
Moved 837.1725 225.2504 542.9982 -0.3119203 0.3986579
Moved 837.1881 223.8124 549.9378 -0.315249 0.4165067
Moved 837.2062 223 552.2527 -0.3171296 0.4224605
Moved 837.2191 223 555.1241 -0.3171296 0.4298459
Moved 837.2344 223 556.5 -0.3171296 0.4333847
Moved 837.2502 227.7373 561.3687 -0.3061636 0.4459069
Moved 837.2651 237.1854 567.1236 -0.284293 0.4607088
Moved 837.2811 254.6353 578.7568 -0.2438998 0.4906296
Moved 837.2957 277.5833 587.3802 -0.1907793 0.512809
Moved 837.3109 307.4303 596.1229 -0.1216891 0.5352955
Moved 837.3265 330.8305 599.7887 -0.06752198 0.5447239
Moved 837.3416 357.1908 600 -0.006502867 0.5452674
Moved 837.357 372.2143 600 0.02827386 0.5452674
Moved 837.3733 398.4753 587.1652 0.08906324 0.5122561
Moved 837.3882 418.3743 577.3129 0.1351257 0.4869157
Moved 837.4048 441.3514 559.7072 0.1883134 0.4416335
Moved 837.419 460.461 541.539 0.2325486 0.3949047
Moved 837.4344 476.9566 519.3477 0.2707328 0.3378284
Moved 837.4506 486.9771 503.0394 0.2939284 0.295883
Moved 837.4662 492.3943 488.9748 0.3064683 0.2597088
Moved 837.4812 494 464.6451 0.3101851 0.1971323
Moved 837.4962 482.2439 425.6299 0.2829719 0.09678483
Moved 837.5202 446.1143 346.0893 0.1993386 -0.1077951
Stationary 837.5314 446.1143 346.0893 0.1993386 -0.1077951
Moved 837.5419 435.9088 328.4151 0.1757148 -0.1532533
Moved 837.5574 423.567 304.8729 0.147146 -0.2138043
Moved 837.5744 416.8271 289.0678 0.1315443 -0.2544553
Moved 837.5889 404.7473 261.994 0.1035816 -0.3240897
Moved 837.6072 400.2255 249.0638 0.09311467 -0.3573461
Moved 837.6196 395.6177 239.2355 0.08244842 -0.382625
Moved 837.6339 392.8727 229.6179 0.07609407 -0.4073614
Moved 837.6513 389.9952 222.9905 0.06943346 -0.4244072
Moved 837.6667 388.5588 218.6764 0.06610831 -0.4355032
Moved 837.6819 386.6688 215.6687 0.06173322 -0.4432389
Moved 837.6971 380.0025 215 0.04630198 -0.4449589
Moved 837.7122 349.883 246.5511 -0.02341891 -0.3638088
Moved 837.7288 307.3873 305.2327 -0.1217887 -0.2128788
Moved 837.7443 277.9633 350.3569 -0.1898999 -0.09681858
Moved 837.7593 265.7279 373.0379 -0.2182224 -0.03848276
Moved 837.7742 256.8808 392.6115 -0.2387018 0.01186069
Moved 837.79 252 405 -0.25 0.04372424
Ended 837.8052 251 427 -0.2523148 0.1003086
Candidates 838.0024 12 beyond being beings nations brings betting versions begins neurons marina behind crying
Began 838.8043 338 443 -0.05092591 0.1414608
Stationary 838.8228 338 443 -0.05092591 0.1414608
Ended 838.8368 338 443 -0.05092591 0.1414608
NextCandidatePanel 838.8806
Began 839.4522 350 468 -0.02314816 0.2057612
Moved 839.4702 350 496.8881 -0.02314816 0.2800618
Moved 839.4859 357.5265 558.1165 -0.005725771 0.4375422
Ended 839.5027 384.9485 643.8454 0.05775104 0.6580384
Accept 839.5297 4 brings
Began 840.9303 395 443 0.08101851 0.1414608
Stationary 840.9517 395 443 0.08101851 0.1414608
Stationary 840.9639 395 443 0.08101851 0.1414608
Stationary 840.9794 395 443 0.08101851 0.1414608
Stationary 840.9957 395 443 0.08101851 0.1414608
Ended 841.0123 395 443 0.08101851 0.1414608
Candidates 841.0552 9 h g j y u t f i k
Began 841.0785 395 446 0.08101851 0.1491768
Stationary 841.0891 395 446 0.08101851 0.1491768
Stationary 841.1038 395 446 0.08101851 0.1491768
Stationary 841.1185 395 446 0.08101851 0.1491768
Ended 841.1337 395 446 0.08101851 0.1491768
Cancel 841.1932
Delete 841.1932 DoubleClick
Began 841.7625 381 426 0.04861106 0.09773654
Stationary 841.7821 381 426 0.04861106 0.09773654
Stationary 841.7975 381 426 0.04861106 0.09773654
Stationary 841.8132 381 426 0.04861106 0.09773654
Moved 841.8274 381 412.6551 0.04861106 0.06341325
Moved 841.8444 381 407.9475 0.04861106 0.0513052
Moved 841.8603 381 399.262 0.04861106 0.02896591
Moved 841.8749 381 396.2441 0.04861106 0.02120399
Moved 841.8895 381 391.878 0.04861106 0.009974138
Moved 841.9051 381 387.5502 0.04861106 -0.001157046
Moved 841.9216 381 386.1599 0.04861106 -0.004732815
Moved 841.9371 381 383.2966 0.04861106 -0.0120973
Moved 841.9522 381 382.2097 0.04861106 -0.01489286
Moved 841.9677 381 380.7715 0.04861106 -0.0185917
Stationary 841.9835 381 381 0.04861106 -0.01800419
Moved 841.9984 381 379.2274 0.04861106 -0.0225633
Moved 842.0132 381 377.7886 0.04861106 -0.02626388
Stationary 842.0279 381 377.7886 0.04861106 -0.02626388
Stationary 842.0426 381 377.7886 0.04861106 -0.02626388
Stationary 842.0599 381 377.7886 0.04861106 -0.02626388
Stationary 842.0745 381 378 0.04861106 -0.02572024
Stationary 842.0899 381 378 0.04861106 -0.02572024
Stationary 842.1068 381 378 0.04861106 -0.02572024
Moved 842.121 369.2379 398.2864 0.02138396 0.02645685
Moved 842.1359 364.9099 413.997 0.01136551 0.06686465
Moved 842.1528 360.6003 434.7986 0.001389484 0.1203667
Moved 842.1667 355.038 456.6076 -0.01148621 0.1764598
Moved 842.1835 349.2898 479.1632 -0.02479205 0.2344732
Moved 842.2069 340.2831 511.1507 -0.04564097 0.3167455
Moved 842.2203 334.6355 530.0747 -0.05871405 0.3654184
Stationary 842.2317 334.6355 530.0747 -0.05871405 0.3654184
Moved 842.2448 330.7957 542.8173 -0.0676026 0.3981924
Moved 842.2601 326.9107 552.2678 -0.0765955 0.4224995
Moved 842.2752 324.0331 560.9006 -0.08325661 0.444703
Moved 842.2897 322.5779 566.6885 -0.08662527 0.4595897
Moved 842.3083 321.1387 569.7227 -0.08995676 0.4673936
Moved 842.3206 321 571.9208 -0.09027779 0.4730471
Moved 842.3367 319.6109 574.7782 -0.09349326 0.4803966
Moved 842.3525 319 575.8271 -0.09490739 0.4830944
Moved 842.3674 317.7345 577.2655 -0.0978368 0.4867939
Moved 842.3835 318 578.7071 -0.09722222 0.4905017
Moved 842.3984 318 580.1491 -0.09722222 0.4942106
Moved 842.4142 316.5 580 -0.1006944 0.4938271
Stationary 842.4295 316.5 580 -0.1006944 0.4938271
Moved 842.4449 325.1671 580 -0.08063177 0.4938271
Moved 842.4606 346.1243 573.3316 -0.0321196 0.4766758
Moved 842.4758 378.1292 557.46 0.04196574 0.4358537
Moved 842.4906 423.511 538.6986 0.1470163 0.3875992
Moved 842.5094 468.5571 520.9456 0.2512896 0.3419383
Moved 842.5222 500.9949 507.7294 0.326377 0.3079458
Moved 842.5365 518.3175 500.3412 0.3664757 0.2889435
Moved 842.5519 533.0421 494.3483 0.4005605 0.2735296
Moved 842.5689 544.8071 489.9473 0.4277941 0.2622101
Moved 842.5844 550.1611 488.2097 0.4401877 0.257741
Moved 842.5991 554.6749 486.775 0.4506362 0.2540509
Moved 842.6132 556.6663 486.3337 0.455246 0.2529159
Moved 842.6292 559.225 484.8875 0.4611691 0.2491961
Stationary 842.644 559 485 0.4606481 0.2494856
Moved 842.6597 560.4485 483.5515 0.4640011 0.24576
Moved 842.6755 560 482.95 0.462963 0.2442129
Moved 842.6976 552.1559 468.1364 0.4448054 0.2061121
Stationary 842.708 552.1559 468.1364 0.4448054 0.2061121
Moved 842.7219 543.4597 453.7661 0.4246751 0.1691514
Moved 842.7375 532.2522 436.087 0.3987319 0.1236806
Moved 842.7531 520.6325 417.1528 0.3718345 0.07498148
Moved 842.7681 508.5889 400.0384 0.3439557 0.03096282
Moved 842.7836 486.4482 359.6067 0.2927041 -0.07302814
Moved 842.8003 477.236 342.7659 0.2713796 -0.1163428
Moved 842.8146 469.6039 322.4752 0.2537127 -0.168531
Moved 842.831 463.26 303.5952 0.2390278 -0.2170906
Moved 842.8463 459.1746 293.7407 0.2295708 -0.2424366
Moved 842.8605 455.9018 282.6071 0.2219948 -0.2710725
Moved 842.8766 453.8013 276.404 0.2171327 -0.2870268
Moved 842.8931 450.4264 267.7056 0.2093204 -0.3093992
Moved 842.9079 447.9821 261.9641 0.2036621 -0.3241664
Moved 842.9228 446.5481 256.1923 0.2003427 -0.3390117
Moved 842.9381 444.1081 253.2162 0.1946947 -0.3466662
Moved 842.9565 442.6728 250.3456 0.1913722 -0.3540495
Moved 842.9678 440.2331 250.2332 0.1857248 -0.3543386
Moved 842.9836 438.1439 250 0.1808887 -0.3549383
Moved 843.0004 432.6191 250 0.1680998 -0.3549383
Moved 843.015 426.0944 258.5923 0.1529963 -0.3328387
Moved 843.03 420.0923 268.3616 0.1391025 -0.307712
Moved 843.0459 410.3365 283.9944 0.1165198 -0.2675041
Moved 843.0609 400.3476 303.3047 0.0933973 -0.2178376
Moved 843.0766 387.5 329 0.06365737 -0.151749
Moved 843.0925 373.6942 351.1505 0.03169954 -0.09477772
Moved 843.1086 355.9188 381.8536 -0.009447286 -0.01580878
Moved 843.1235 337.5 414.5 -0.05208333 0.0681584
Ended 843.1444 326 442 -0.07870371 0.1388888
Candidates 843.3537 12 front strong throne getting grouping keeping ground dying wrong stone trying during
Began 844.1846 405 426 0.1041667 0.09773654
Stationary 844.2081 405 426 0.1041667 0.09773654
Stationary 844.2198 405 426 0.1041667 0.09773654
Stationary 844.2317 405 426 0.1041667 0.09773654
Moved 844.2477 392.2736 426 0.07470746 0.09773654
Moved 844.2645 381 439.5 0.04861106 0.1324588
Moved 844.2796 370.4972 439.8135 0.02429913 0.1332652
Moved 844.2948 360.3641 441.3765 0.0008428097 0.1372853
Moved 844.3099 355.0187 442.3302 -0.01153072 0.1397381
Moved 844.3257 345.5909 443.8818 -0.03335451 0.1437289
Moved 844.3411 338.364 444 -0.05008345 0.1440329
Moved 844.3582 333.923 445.5385 -0.06036341 0.1479899
Moved 844.3715 332.4785 446.2607 -0.06370728 0.1498476
Moved 844.3874 329.5697 446 -0.07044041 0.1491768
Moved 844.4045 328.8508 447.1492 -0.07210468 0.1521327
Moved 844.4177 327.8045 447 -0.07452662 0.1517489
Moved 844.4332 326.5 447 -0.07754628 0.1517489
Moved 844.4492 325.9209 448.0791 -0.07888675 0.1545244
Moved 844.4655 324.6771 448 -0.0817659 0.1543209
Stationary 844.4804 325 448 -0.08101851 0.1543209
Moved 844.4965 324 448 -0.08333336 0.1543209
Stationary 844.5107 324 448 -0.08333336 0.1543209
Stationary 844.5237 324 448 -0.08333336 0.1543209
Moved 844.54 322.5 449.5 -0.08680557 0.158179
Moved 844.5649 323 450.2853 -0.08564815 0.1601988
Stationary 844.5746 323 450.2853 -0.08564815 0.1601988
Moved 844.5875 332.414 453.1725 -0.0638565 0.1676246
Moved 844.603 347.6285 456.3257 -0.02863765 0.1757347
Moved 844.6182 365.2541 459.209 0.01216223 0.1831508
Moved 844.6337 377.2274 460 0.03987839 0.1851851
Moved 844.649 390.7943 460 0.07128308 0.1851851
Moved 844.6649 399.3687 460 0.09113133 0.1851851
Moved 844.6802 406.2518 460 0.1070644 0.1851851
Moved 844.6953 412 460 0.1203704 0.1851851
Moved 844.7102 414.8306 460 0.1269227 0.1851851
Moved 844.7272 417.7567 460 0.1336962 0.1851851
Moved 844.7421 418.6123 460 0.1356767 0.1851851
Moved 844.7571 419.9208 460 0.1387055 0.1851851
Moved 844.772 421.3595 460 0.1420358 0.1851851
Moved 844.788 422 460 0.1435185 0.1851851
Moved 844.804 423.2356 460 0.1463788 0.1851851
Ended 844.8184 423 453 0.1458333 0.167181
NextCandidatePanel 844.8621
Backspace 846.8527
Began 847.8087 262 613 -0.2268519 0.5787036
Stationary 847.8257 262 613 -0.2268519 0.5787036
Stationary 847.8397 262 613 -0.2268519 0.5787036
Stationary 847.8546 262 613 -0.2268519 0.5787036
Moved 847.8771 262 595.8022 -0.2268519 0.5344706
Stationary 847.8879 262 595.8022 -0.2268519 0.5344706
Moved 847.9019 281.3601 580.2999 -0.1820368 0.4945983
Moved 847.9186 301.6435 557.151 -0.1350844 0.4350591
Moved 847.9332 317.0186 543.1159 -0.09949386 0.3989606
Moved 847.9492 350.1758 515.5223 -0.02274131 0.3279893
Moved 847.9645 380.2779 494.1055 0.04693965 0.2729049
Moved 847.9807 402.8939 478.5729 0.0992913 0.2329549
Moved 847.9951 422.288 466.4747 0.1441851 0.2018381
Moved 848.0118 442.3112 453.5857 0.1905351 0.1686874
Moved 848.0265 457.2335 446.7066 0.2250775 0.1509943
Moved 848.0411 466.6243 442.1879 0.2468155 0.139372
Moved 848.0568 478.076 439.231 0.273324 0.131767
Moved 848.0714 484.8949 436.3683 0.2891085 0.1244041
Moved 848.0867 492.2705 434.7459 0.3061817 0.1202312
Moved 848.1042 497.721 433.3198 0.3187987 0.1165631
Moved 848.1177 503.5094 431.8727 0.3321976 0.1128412
Moved 848.1328 508.2471 430.4382 0.3431647 0.1091518
Moved 848.1508 512.9573 428.5214 0.3540678 0.1042215
Moved 848.1647 519.4146 425.8342 0.3690152 0.09731001
Moved 848.1793 525.0588 423.4853 0.3820807 0.09126871
Moved 848.195 529.8561 421.0959 0.3931855 0.08512308
Moved 848.2101 534.1726 419.6091 0.4031774 0.08129916
Moved 848.226 537.4886 417.1705 0.4108533 0.07502693
Moved 848.2478 540.5367 414.4633 0.4179091 0.06806388
Moved 848.2592 543.0905 413.4548 0.4238205 0.06547005
Moved 848.2726 544.8466 413 0.4278857 0.06430033
Moved 848.2878 546.2855 411.7145 0.4312164 0.06099414
Moved 848.3026 547.7213 410.2787 0.4345401 0.05730115
Moved 848.318 548.5 409.5 0.4363426 0.05529835
Stationary 848.3342 548.5 409.5 0.4363426 0.05529835
Moved 848.3492 548 408.9899 0.4351853 0.0539862
Stationary 848.3644 548 408.9899 0.4351853 0.0539862
Stationary 848.3781 548 408.9899 0.4351853 0.0539862
Moved 848.3943 540.7744 409 0.4184593 0.05401234
Moved 848.4108 532.276 409 0.3987871 0.05401234
Moved 848.4255 520.7252 418.0935 0.372049 0.07740087
Moved 848.441 505.3384 426.9973 0.3364314 0.1003015
Moved 848.4568 492.8316 434.0842 0.3074806 0.1185292
Moved 848.4718 480.0922 442.2719 0.2779913 0.139588
Moved 848.4874 473.5538 445.8264 0.262856 0.1487304
Moved 848.5051 460.9367 454.6166 0.2336498 0.171339
Moved 848.5192 449.7492 460.6254 0.2077527 0.1867937
Moved 848.535 440.8085 467.3951 0.1870568 0.2042055
Moved 848.5505 431.7922 473.1385 0.1661857 0.2189775
Moved 848.5668 426.0899 476.9101 0.1529858 0.2286781
Moved 848.5787 420.3171 480.8414 0.139623 0.2387896
Moved 848.6046 411.1178 487.4116 0.1183283 0.2556882
Stationary 848.615 411.1178 487.4116 0.1183283 0.2556882
Moved 848.6263 404.4533 491.6374 0.1029011 0.266557
Moved 848.641 399.9441 494.7039 0.09246329 0.2744441
Moved 848.6572 394.651 497.566 0.08021076 0.2818055
Moved 848.6725 387.8479 502.9216 0.06446282 0.2955803
Moved 848.6876 383.3123 505.3438 0.05396376 0.3018101
Moved 848.7062 378.7213 508.459 0.04333625 0.3098226
Moved 848.7184 370.8952 513.7365 0.02522041 0.3233963
Moved 848.7347 362.5963 518.1456 0.006009837 0.3347364
Moved 848.7504 353.5867 523.2067 -0.01484558 0.3477537
Moved 848.7667 342 530.5 -0.04166668 0.3665122
Moved 848.7804 335.3066 532.8467 -0.05716056 0.3725479
Moved 848.7965 328.0599 537.1641 -0.07393534 0.3836524
Moved 848.8116 321 539 -0.09027779 0.3883744
Moved 848.8271 313.2365 542.9211 -0.1082488 0.3984596
Moved 848.8421 304.5799 545.8067 -0.1282872 0.4058813
Moved 848.8583 298.4776 546.8806 -0.1424129 0.4086435
Moved 848.873 291.3835 548.3233 -0.1588345 0.4123541
Moved 848.8915 287.7278 549 -0.1672968 0.4140946
Moved 848.904 283.4202 549 -0.177268 0.4140946
Moved 848.92 281 549 -0.1828704 0.4140946
Moved 848.9391 277.0729 549 -0.1919608 0.4140946
Moved 848.951 270.1454 539.6326 -0.2079968 0.3900016
Moved 848.9667 260.5744 520.9361 -0.2301517 0.3419137
Moved 848.9816 253.7737 500.2757 -0.2458943 0.2887748
Moved 848.9977 251.0463 477.3704 -0.2522077 0.229862
Moved 849.0126 249 440.9771 -0.2569445 0.1362578
Moved 849.0278 249 406.5995 -0.2569445 0.04783818
Moved 849.0429 249 383.5922 -0.2569445 -0.01133695
Moved 849.0581 259.4269 345.722 -0.232808 -0.1087397
Moved 849.0745 265.1571 326.2394 -0.2195437 -0.1588492
Moved 849.0897 271.1611 306.7964 -0.2056457 -0.2088571
Moved 849.1055 275.4885 292.3716 -0.1956284 -0.2459578
Moved 849.1197 278.2014 282.795 -0.1893486 -0.2705891
Moved 849.1359 281.0732 272.7438 -0.1827009 -0.296441
Moved 849.1546 283.223 267.4426 -0.1777246 -0.3100756
Moved 849.1662 285.3172 260.3655 -0.1728768 -0.328278
Moved 849.1812 287.1005 254.5979 -0.1687488 -0.3431125
Moved 849.1981 288 251.9189 -0.1666667 -0.3500028
Moved 849.2125 288.975 250.025 -0.1644097 -0.354874
Moved 849.228 290.4096 248.5905 -0.1610889 -0.3585636
Stationary 849.2419 290.4096 248.5905 -0.1610889 -0.3585636
Moved 849.2628 291.9497 249 -0.1575238 -0.3575103
Moved 849.2744 294.7419 249 -0.1510605 -0.3575103
Moved 849.2892 300.4304 271.1013 -0.1378926 -0.3006654
Moved 849.3044 303.4827 291.6203 -0.1308271 -0.2478902
Moved 849.3203 306.6889 318.8441 -0.1234054 -0.1778702
Moved 849.3358 309.2647 356.5736 -0.1174428 -0.08082927
Moved 849.3508 310 381.0895 -0.1157407 -0.01777398
Moved 849.3663 310 399.8295 -0.1157407 0.03042566
Moved 849.3816 311.1426 417.8537 -0.1130959 0.07678416
Moved 849.3975 312.576 437.912 -0.1097778 0.1283744
Moved 849.4132 313 454.1617 -0.1087963 0.1701691
Moved 849.4283 315.8987 467.0441 -0.1020864 0.2033027
Moved 849.4432 316.8844 476.1906 -0.0998047 0.2268275
Moved 849.4587 318.3339 483.6693 -0.0964494 0.246063
Moved 849.4761 321 489.5 -0.09027779 0.2610596
Moved 849.4907 326.3616 498.1062 -0.07786672 0.2831948
Moved 849.5066 333.5742 506.889 -0.06117095 0.3057843
Moved 849.5207 348.2789 517.2684 -0.02713223 0.3324803
Moved 849.5361 368.8716 527.3401 0.02053609 0.3583849
Moved 849.552 389.9919 532.5246 0.0694258 0.3717195
Moved 849.5723 450.5 536 0.2094908 0.3806583
Stationary 849.584 450.5 536 0.2094908 0.3806583
Moved 849.5983 487.8382 536 0.2959219 0.3806583
Moved 849.6141 521.7178 536 0.3743469 0.3806583
Moved 849.6296 534.2864 536 0.4034407 0.3806583
Moved 849.6443 540.6354 536 0.4181374 0.3806583
Moved 849.6597 545.0098 536 0.4282633 0.3806583
Moved 849.6754 546.7789 536 0.4323585 0.3806583
Stationary 849.6905 547 536 0.4328704 0.3806583
Moved 849.7061 548.2499 527.2509 0.4357636 0.3581555
Moved 849.7216 534.0933 504.7755 0.4029937 0.3003484
Moved 849.7375 500.9289 460.0273 0.3262244 0.1852553
Moved 849.7532 469.2486 412.3481 0.2528904 0.06262363
Moved 849.7681 456.3784 390.8457 0.2230983 0.007319155
Moved 849.7833 446.2765 365.9572 0.1997141 -0.05669449
Moved 849.7993 438.1401 342.4482 0.1808798 -0.1171599
Moved 849.8147 434.8791 328.4762 0.1733313 -0.1530963
Moved 849.8299 429.077 299.3848 0.1599004 -0.2279198
Moved 849.845 427.1301 287.7808 0.1553938 -0.2577656
Moved 849.8668 421.3751 259.2508 0.142072 -0.3311451
Stationary 849.8784 421.3751 259.2508 0.142072 -0.3311451
Moved 849.8907 419.7343 250.6716 0.1382739 -0.3532109
Moved 849.9061 418.3066 244.2263 0.134969 -0.3697883
Moved 849.9221 417.1274 240.3822 0.1322394 -0.3796755
Moved 849.9376 415.726 236.1779 0.1289953 -0.3904891
Moved 849.9526 413.5786 232.5785 0.1240245 -0.3997467
Moved 849.968 411.8514 230.8513 0.1200264 -0.4041891
Moved 849.9838 408.4224 229.4224 0.1120888 -0.4078643
Moved 849.9985 404.9471 227.9824 0.1040443 -0.4115679
Moved 850.0143 399.1747 228 0.0906821 -0.4115227
Moved 850.0286 389.6179 235.4004 0.06855994 -0.3924888
Moved 850.0451 376.0571 246.9585 0.03716916 -0.3627611
Moved 850.0619 364.4655 258.5345 0.01033674 -0.3329875
Moved 850.0762 351.1015 270.8986 -0.02059847 -0.3011869
Moved 850.0911 339.4961 282.5038 -0.04746268 -0.2713379
Moved 850.1078 328.2261 294.7739 -0.07355069 -0.239779
Moved 850.1219 314.0518 310.1429 -0.1063615 -0.2002497
Moved 850.1371 301 324.5 -0.1365741 -0.163323
Moved 850.159 270.8301 359.4623 -0.2064118 -0.07339933
Stationary 850.1704 270.8301 359.4623 -0.2064118 -0.07339933
Moved 850.1838 260.9084 367.5071 -0.2293787 -0.05270813
Moved 850.1992 252.8691 374.1047 -0.2479883 -0.03573892
Moved 850.2152 247.1402 382.7897 -0.2612495 -0.01340105
Moved 850.2306 240.374 387.626 -0.2769121 -0.0009619159
Moved 850.2459 233.3306 394.6694 -0.2932162 0.0171537
Moved 850.2617 226.362 399.2737 -0.3093473 0.02899625
Ended 850.2766 214 408 -0.3379629 0.05144025
Candidates 850.4595 12 elections directions collections selective protections questions interactions relations quotations electronics projections objections
Began 850.9454 371 370 0.025463 -0.04629637
Stationary 850.9567 371 370 0.025463 -0.04629637
Stationary 850.9698 371 370 0.025463 -0.04629637
Moved 850.9843 371 384.9648 0.025463 -0.007806668
Moved 851.0009 359.6059 400.6669 -0.0009122987 0.0325794
Moved 851.0166 358.2799 427.0408 -0.003981789 0.1004136
Moved 851.0312 356.6958 448.563 -0.007648617 0.1557691
Moved 851.0488 356 469.1827 -0.009259283 0.2088031
Ended 851.0691 356 482 -0.009259283 0.2417695
Accept 851.121 0 elections
Began 851.6459 392 195 0.07407407 -0.4963993
Stationary 851.6669 392 195 0.07407407 -0.4963993
Stationary 851.6823 392 195 0.07407407 -0.4963993
Stationary 851.6959 392 195 0.07407407 -0.4963993
Stationary 851.7101 392 195 0.07407407 -0.4963993
Stationary 851.7244 392 195 0.07407407 -0.4963993
Stationary 851.7391 392 195 0.07407407 -0.4963993
Stationary 851.7562 392 195 0.07407407 -0.4963993
Moved 851.7709 384.4004 211.5996 0.05648235 -0.4537047
Moved 851.788 374.2029 227.4614 0.03287703 -0.4129078
Moved 851.8028 365.0127 246.5443 0.01160343 -0.3638264
Moved 851.8178 351.9283 270.1218 -0.01868447 -0.3031846
Moved 851.8345 339.0968 295.8064 -0.04838705 -0.2371235
Moved 851.8509 329.6901 311.6198 -0.07016182 -0.1964512
Moved 851.864 322.3832 324.9103 -0.08707598 -0.1622679
Moved 851.8847 317.3919 332.5729 -0.0986298 -0.1425594
Moved 851.8965 311.4218 346.1564 -0.1124495 -0.1076225
Moved 851.9114 307.0956 358.7133 -0.122464 -0.07532598
Moved 851.9249 301.7757 373.1559 -0.1347786 -0.03817923
Moved 851.9409 298.6516 386.5679 -0.1420102 -0.003683419
Moved 851.9567 297.3853 400.532 -0.1449413 0.03223243
Moved 851.9722 297 416.7027 -0.1458333 0.07382373
Moved 851.9882 297 429.1378 -0.1458333 0.105807
Moved 852.0036 297 448.7913 -0.1458333 0.1563562
Moved 852.0179 297 465.016 -0.1458333 0.1980863
Moved 852.0338 297 482.381 -0.1458333 0.2427493
Moved 852.0493 304 494.9359 -0.1296296 0.2750406
Moved 852.0642 305.3206 505.2441 -0.1265727 0.3015536
Moved 852.0793 305 513.7963 -0.1273148 0.32355
Moved 852.095 305 516.801 -0.1273148 0.3312781
Moved 852.111 305 523.5314 -0.1273148 0.348589
Moved 852.1256 305 526.4828 -0.1273148 0.3561801
Moved 852.1475 305 529.6197 -0.1273148 0.364248
Stationary 852.1581 305 529.6197 -0.1273148 0.364248
Moved 852.1717 305 530.5 -0.1273148 0.3665122
Moved 852.1882 306.2504 531.2504 -0.1244204 0.3684423
Moved 852.2032 317.2505 532.6945 -0.09895706 0.3721566
Moved 852.2183 339.4049 533 -0.04767373 0.3729423
Moved 852.2349 362.4959 533 0.005777677 0.3729423
Moved 852.2494 384.4825 524.8536 0.05667239 0.3519897
Moved 852.2643 407.4312 515.9633 0.1097944 0.3291237
Moved 852.2802 423.6342 509.8603 0.1473013 0.3134266
Moved 852.2957 437.0446 502.8641 0.1783439 0.2954324
Moved 852.3115 447 498 0.2013889 0.2829217
Moved 852.3269 458.244 493.7804 0.2274168 0.2720689
Moved 852.3415 467.3981 489.3009 0.2486068 0.2605475
Moved 852.3575 473.6953 483.9785 0.2631835 0.2468582
Moved 852.3727 478.3473 477.4213 0.273952 0.2299929
Moved 852.3885 481 463.3119 0.2800926 0.1937033
Moved 852.4094 458.1134 384.6572 0.2271145 -0.008597746
Stationary 852.4202 458.1134 384.6572 0.2271145 -0.008597746
Moved 852.435 450.82 352.6241 0.2102315 -0.09098735
Moved 852.45 448.0371 331.2786 0.2037897 -0.1458885
Moved 852.4651 445.1432 309.5744 0.1970909 -0.201712
Moved 852.4808 443.1446 291.1691 0.1924643 -0.2490507
Moved 852.4962 441.7117 269.6753 0.1891475 -0.3043332
Moved 852.5115 441.2635 255.8984 0.18811 -0.3397675
Moved 852.5263 441 244.7021 0.1875 -0.3685645
Moved 852.5427 441 237.7633 0.1875 -0.3864113
Moved 852.5589 439.3176 229.2705 0.1836056 -0.408255
Moved 852.5739 437.8789 222.3945 0.1802752 -0.4259401
Moved 852.5883 436.4386 217.8772 0.1769412 -0.4375587
Moved 852.6039 435.0014 216.0013 0.1736143 -0.4423833
Moved 852.6207 433.5667 213.1334 0.1702933 -0.4497597
Moved 852.6348 431.2378 212.1189 0.1649022 -0.4523691
Moved 852.6497 428.0097 212 0.1574299 -0.4526749
Moved 852.6718 386.4353 252.2942 0.06119271 -0.3490376
Stationary 852.6839 386.4353 252.2942 0.06119271 -0.3490376
Moved 852.6978 365.803 279.6959 0.013433 -0.2785601
Moved 852.7114 353.0796 297.8806 -0.01601944 -0.2317885
Moved 852.7279 342.7299 315.1774 -0.03997713 -0.187301
Moved 852.7433 333.9106 331.9431 -0.06039222 -0.1441792
Moved 852.7582 326.517 345.9661 -0.077507 -0.108112
Moved 852.7738 319.2661 359.321 -0.09429142 -0.07376298
Moved 852.7895 313.24 370.52 -0.1082407 -0.04495903
Moved 852.805 309.9515 377.097 -0.1158531 -0.02804258
Ended 852.82 308.537 381.3889 -0.1191272 -0.01700382
Candidates 852.9701 12 being beyond bring brings betting crying beings nations behind meeting meetings begins
Began 854.1573 354 353 -0.01388888 -0.09002065
Stationary 854.178 354 353 -0.01388888 -0.09002065
Moved 854.1916 369.8507 353 0.02280255 -0.09002065
Moved 854.2159 413.5 339.5 0.1238426 -0.1247429
Moved 854.2284 450.9477 341 0.2105272 -0.1208849
Ended 854.24 452 341 0.2129629 -0.1208849
Accept 854.269 2 bring
Began 854.8062 513 452 0.3541666 0.164609
Stationary 854.8234 513 452 0.3541666 0.164609
Stationary 854.8378 513 452 0.3541666 0.164609
Stationary 854.8533 513 452 0.3541666 0.164609
Stationary 854.8687 513 452 0.3541666 0.164609
Stationary 854.8841 513 452 0.3541666 0.164609
Stationary 854.9015 513 452 0.3541666 0.164609
Stationary 854.9183 513 452 0.3541666 0.164609
Moved 854.9313 500.4685 452 0.3251586 0.164609
Moved 854.9473 491.6423 452 0.3047276 0.164609
Moved 854.9634 477.9725 452 0.2730845 0.164609
Moved 854.9839 443.9994 452 0.1944431 0.164609
Stationary 854.9961 443.9994 452 0.1944431 0.164609
Moved 855.0097 427.307 452 0.1558033 0.164609
Moved 855.0242 410.5085 452 0.1169179 0.164609
Moved 855.0399 399.7669 452 0.09205301 0.164609
Moved 855.0569 382.3522 452 0.0517412 0.164609
Moved 855.0703 370.8439 452 0.0251016 0.164609
Moved 855.0857 357.4402 452 -0.005925546 0.164609
Moved 855.1013 349.0168 459 -0.02542411 0.1826131
Moved 855.118 339.0577 461.5549 -0.04847745 0.1891844
Moved 855.1325 329.7377 462.7104 -0.0700516 0.1921562
Moved 855.148 321.9467 463.8647 -0.08808637 0.1951253
Moved 855.1628 312.2033 465.2567 -0.1106406 0.1987053
Moved 855.1783 302.1108 466.6985 -0.1340027 0.2024138
Moved 855.1945 294.3113 468.1378 -0.1520572 0.2061155
Moved 855.2166 281.9457 471.0181 -0.1806811 0.2135237
Stationary 855.2266 281.9457 471.0181 -0.1806811 0.2135237
Moved 855.2397 276.1834 472.4542 -0.1940198 0.2172174
Moved 855.2559 272 472 -0.2037037 0.2160493
Moved 855.2711 269.0613 473 -0.2105062 0.2186213
Moved 855.2856 264.7408 474.4197 -0.2205074 0.2222729
Moved 855.3044 263.2801 475 -0.2238887 0.2237653
Moved 855.3172 260.4146 476.2927 -0.2305219 0.2270903
Moved 855.3329 259.2618 476 -0.2331901 0.2263374
Moved 855.3483 257.8224 476 -0.2365223 0.2263374
Moved 855.3638 256.5 476 -0.2395834 0.2263374
Moved 855.3785 255.2454 477 -0.2424874 0.2289094
Stationary 855.3943 255 477 -0.2430556 0.2289094
Moved 855.4113 254 477.6334 -0.2453704 0.2305386
Moved 855.4238 252.9263 478 -0.2478557 0.2314814
Stationary 855.4479 252.9263 478 -0.2478557 0.2314814
Moved 855.4633 253 479.2495 -0.2476852 0.234695
Ended 855.4747 253 479.2495 -0.2476852 0.234695
Candidates 855.6561 12 lee le life let offer pge less led jr liked lights is
Began 856.3772 330 459 -0.06944443 0.1826131
Stationary 856.3998 330 459 -0.06944443 0.1826131
Ended 856.4122 330 459 -0.06944443 0.1826131
NextCandidatePanel 856.4395
Began 857.1012 353 445 -0.01620372 0.1466049
Stationary 857.1208 353 445 -0.01620372 0.1466049
Ended 857.1359 353 445 -0.01620372 0.1466049
NextCandidatePanel 857.1948
Began 858.6459 357 468 -0.006944438 0.2057612
Stationary 858.6628 357 468 -0.006944438 0.2057612
Stationary 858.688 357 468 -0.006944438 0.2057612
Stationary 858.7003 357 468 -0.006944438 0.2057612
Ended 858.7115 357 468 -0.006944438 0.2057612
NextCandidatePanel 858.7542
Began 858.8172 361 470 0.002314846 0.2109053
Stationary 858.8329 361 470 0.002314846 0.2109053
Stationary 858.8471 361 470 0.002314846 0.2109053
Stationary 858.8627 361 470 0.002314846 0.2109053
Stationary 858.8765 361 470 0.002314846 0.2109053
Ended 858.8928 361 470 0.002314846 0.2109053
Cancel 858.9543
Began 859.5532 511 553 0.349537 0.4243826
Stationary 859.5717 511 553 0.349537 0.4243826
Stationary 859.5862 511 553 0.349537 0.4243826
Stationary 859.6137 511 553 0.349537 0.4243826
Stationary 859.626 511 553 0.349537 0.4243826
Stationary 859.6369 511 553 0.349537 0.4243826
Stationary 859.6489 511 553 0.349537 0.4243826
Stationary 859.6646 511 553 0.349537 0.4243826
Stationary 859.6789 511 553 0.349537 0.4243826
Stationary 859.6946 511 553 0.349537 0.4243826
Moved 859.7109 504.3759 553 0.3342035 0.4243826
Moved 859.7266 498.7933 553 0.3212807 0.4243826
Moved 859.7412 495.3745 553 0.3133669 0.4243826
Moved 859.757 490.0778 553 0.3011059 0.4243826
Moved 859.7728 485.7541 553 0.2910975 0.4243826
Moved 859.7886 482.8078 553 0.2842772 0.4243826
Moved 859.804 474.9269 553 0.2660346 0.4243826
Moved 859.8256 454.8439 543.1055 0.219546 0.3989337
Stationary 859.8365 454.8439 543.1055 0.219546 0.3989337
Moved 859.8503 445.997 540.3323 0.1990672 0.3918012
Moved 859.866 434.6119 536.4606 0.1727127 0.3818429
Moved 859.8796 422.0926 532.3642 0.1437328 0.371307
Moved 859.8965 415.4648 529.3421 0.1283909 0.3635342
Moved 859.9121 403.8367 525.5248 0.1014738 0.3537159
Moved 859.9265 393.7597 521.4684 0.07814745 0.3432829
Moved 859.9418 383.9173 518.7669 0.05536407 0.3363346
Moved 859.957 375.6911 515.897 0.03632208 0.3289531
Moved 859.9728 368.5477 513.019 0.01978626 0.3215509
Moved 859.9881 361.3917 511.0784 0.003221532 0.3165595
Moved 860.0028 355.7446 509.9489 -0.009850463 0.3136545
Moved 860.0182 347.0225 508.5037 -0.03004044 0.3099374
Moved 860.0385 342.2245 508.0561 -0.04114702 0.3087862
Moved 860.0543 337.8532 508 -0.05126571 0.3086419
Moved 860.0663 334.3708 507 -0.05932679 0.3060699
Moved 860.0806 331.4833 507 -0.06601085 0.3060699
Moved 860.0953 328.6029 507 -0.07267837 0.3060699
Moved 860.1115 326.3121 507 -0.07798126 0.3060699
Moved 860.1265 325 507 -0.08101851 0.3060699
Stationary 860.1411 325 507 -0.08101851 0.3060699
Ended 860.1581 325 507 -0.08101851 0.3060699
Candidates 860.3097 12 it or out our poor put pr port pot pour pitt pt
Began 861.2036 284 481 -0.1759259 0.2391974
Stationary 861.2224 284 481 -0.1759259 0.2391974
Moved 861.2366 295.6815 481 -0.1488853 0.2391974
Moved 861.2587 364.2934 469.8149 0.009938479 0.2104291
Stationary 861.2693 364.2934 469.8149 0.009938479 0.2104291
Moved 861.2823 420.0937 470 0.1391058 0.2109053
Ended 861.2988 453 470 0.2152778 0.2109053
Accept 861.3137 2 out
Began 861.8264 267 571 -0.2152778 0.4706789
Stationary 861.8381 267 571 -0.2152778 0.4706789
Stationary 861.855 267 571 -0.2152778 0.4706789
Stationary 861.8693 267 571 -0.2152778 0.4706789
Stationary 861.8849 267 571 -0.2152778 0.4706789
Moved 861.8999 275.7115 562.2885 -0.1951122 0.4482726
Moved 861.9164 290.3484 546.4168 -0.1612307 0.4074506
Moved 861.9294 307.6735 525.6578 -0.1211262 0.354058
Moved 861.9528 338.2896 480.3013 -0.05025546 0.2374005
Stationary 861.965 338.2896 480.3013 -0.05025546 0.2374005
Moved 861.9764 351.3158 462.8346 -0.02010231 0.1924757
Moved 861.9919 361.4027 446.3097 0.003246963 0.1499734
Moved 862.0089 368.4388 433.6102 0.01953413 0.1173102
Moved 862.0231 374.7608 419.598 0.03416856 0.08127051
Moved 862.0394 377.7278 413.5445 0.04103651 0.06570082
Moved 862.0555 378.6102 409.1694 0.04307916 0.05444805
Moved 862.069 379 407.0847 0.04398147 0.04908621
Moved 862.0843 380.3538 405.6462 0.04711519 0.04538638
Moved 862.1018 380 406 0.04629632 0.04629618
Stationary 862.1151 380 406 0.04629632 0.04629618
Stationary 862.1299 380 406 0.04629632 0.04629618
Moved 862.148 366.6602 406 0.01541704 0.04629618
Moved 862.1691 346.6523 424.0782 -0.03089756 0.09279357
Stationary 862.1804 346.6523 424.0782 -0.03089756 0.09279357
Moved 862.1918 333.3565 435.572 -0.06167476 0.1223559
Moved 862.2088 326.5 442.5 -0.07754628 0.1401748
Moved 862.2243 319.2132 447.8401 -0.09441381 0.1539096
Moved 862.2398 314.8209 450.7861 -0.1045812 0.1614867
Moved 862.2551 312.3616 453.6384 -0.1102742 0.168823
Moved 862.2708 308.2184 456.5211 -0.1198649 0.1762374
Moved 862.285 306.3909 458.6091 -0.1240951 0.1816076
Moved 862.3016 301.4942 464.3411 -0.1354301 0.1963506
Moved 862.315 295.9187 471.3516 -0.1483363 0.2143817
Moved 862.3304 291.3769 478.0723 -0.1588497 0.2316674
Ended 862.3468 287.5 483.5 -0.1678241 0.2456274
Candidates 862.5609 12 the urge egfr either where wife refuge trigger why other weighed edge
Began 863.0532 298 469 -0.1435185 0.2083333
Stationary 863.0737 298 469 -0.1435185 0.2083333
Moved 863.0865 304.1685 512.3607 -0.1292396 0.3198578
Moved 863.1019 318.0848 562.5052 -0.09702598 0.4488303
Ended 863.1179 338.5 619.5 -0.04976853 0.5954217
Accept 863.1613 0 the
Began 863.6087 370 255 0.02314816 -0.3420782
Stationary 863.6268 370 255 0.02314816 -0.3420782
Stationary 863.6411 370 255 0.02314816 -0.3420782
Stationary 863.6567 370 255 0.02314816 -0.3420782
Stationary 863.6721 370 255 0.02314816 -0.3420782
Moved 863.6871 365.114 275.6862 0.01183808 -0.2888731
Moved 863.7117 338.9742 330.0516 -0.04867087 -0.1490441
Stationary 863.7215 338.9742 330.0516 -0.04867087 -0.1490441
Moved 863.734 330.1238 348.7277 -0.06915793 -0.1010092
Moved 863.7495 317.5868 373.8997 -0.09817864 -0.03626639
Moved 863.7651 306.1094 396.7813 -0.1247468 0.02258544
Moved 863.7814 294.938 419.5115 -0.1506064 0.0810481
Moved 863.7959 283.092 441.5776 -0.1780279 0.1378023
Moved 863.8107 273.2026 461.9094 -0.2009198 0.1900961
Moved 863.8267 265.3866 478.3495 -0.2190126 0.2323804
Moved 863.8424 260.3252 489.4846 -0.2307287 0.2610199
Moved 863.8577 252.8812 505.2375 -0.2479601 0.3015367
Moved 863.8763 247.8009 517.5311 -0.2597202 0.3331559
Moved 863.8898 243.4856 528.0384 -0.2697093 0.360181
Moved 863.9098 239.1855 541.3816 -0.2796631 0.3944999
Moved 863.9211 237.6273 548.8633 -0.2832701 0.413743
Moved 863.9341 236.1847 555.2612 -0.2866095 0.4301985
Moved 863.9509 236 558.84 -0.287037 0.4394031
Moved 863.9658 236 563.1041 -0.287037 0.4503704
Moved 863.9811 235 565.6078 -0.2893518 0.4568102
Moved 863.9965 235 567.2426 -0.2893518 0.4610149
Moved 864.0112 234 568.6815 -0.2916667 0.4647156
Moved 864.0264 234 570.117 -0.2916667 0.4684078
Moved 864.0419 231.8783 570 -0.296578 0.4681069
Moved 864.0577 229.5172 570 -0.3020436 0.4681069
Moved 864.0745 221.3999 560.2284 -0.3208337 0.4429742
Moved 864.0892 213.3269 545.0797 -0.339521 0.4040113
Moved 864.1134 201.8052 503.0261 -0.3661917 0.295849
Stationary 864.124 201.8052 503.0261 -0.3661917 0.295849
Moved 864.1357 202 480.4288 -0.3657407 0.2377285
Moved 864.1503 202 461.4943 -0.3657407 0.1890286
Moved 864.1655 202 447 -0.3657407 0.1517489
Moved 864.1817 211.534 440.932 -0.3436713 0.1361419
Moved 864.1967 217.1448 434.8552 -0.3306832 0.1205122
Moved 864.2124 226.0405 433.2799 -0.3100914 0.1164606
Moved 864.2278 241.8862 433 -0.2734116 0.1157406
Moved 864.2438 266.3673 447.7813 -0.2167423 0.1537584
Moved 864.2599 289.542 463.3826 -0.1630972 0.1938851
Moved 864.2746 312.6641 479.269 -0.1095739 0.2347454
Moved 864.295 374.8096 540.66 0.03428141 0.392644
Moved 864.306 482.5601 636.3342 0.2837038 0.6387196
Ended 864.3199 482.5601 636.3342 0.2837038 0.6387196
Candidates 864.4639 12 best beat beatty beast bear breast newest neat betsy nest near create
Began 865.0731 326 411 -0.07870371 0.05915629
Stationary 865.0914 326 411 -0.07870371 0.05915629
Moved 865.1063 326 429.423 -0.07870371 0.1065406
Moved 865.1215 326 469.8339 -0.07870371 0.210478
Moved 865.137 326 531.2322 -0.07870371 0.3683954
Moved 865.1541 346.2915 612.1077 -0.03173262 0.5764087
Ended 865.1707 378.5 715 0.04282405 0.8410493
Accept 865.2106 0 best
PhraseEnd 866.7232
