the fourth edition was better
the fourth edition was better
Basic
0.6 0.6
432 388.8
Began 1494.943 317 519 -0.09953702 0.3369341
Stationary 1494.961 317 519 -0.09953702 0.3369341
Stationary 1494.976 317 519 -0.09953702 0.3369341
Moved 1494.99 337.4549 497.084 -0.05218769 0.2805657
Moved 1495.006 358.397 471.9036 -0.003710638 0.2158013
Moved 1495.023 386.6387 432.7058 0.06166369 0.114984
Moved 1495.037 413.5319 398.1618 0.1239164 0.02613629
Moved 1495.053 429.0467 379.544 0.1598303 -0.02174903
Moved 1495.068 441.3964 365.2042 0.1884176 -0.05863135
Moved 1495.084 446.1183 358.4695 0.1993479 -0.07595305
Moved 1495.099 449.284 353.574 0.2066758 -0.08854422
Moved 1495.114 450 351.4221 0.2083333 -0.09407899
Stationary 1495.13 450 351 0.2083333 -0.09516476
Moved 1495.145 422.5338 351 0.1447541 -0.09516476
Moved 1495.161 391.1833 377.9957 0.0721835 -0.02573123
Moved 1495.176 363.1701 395.8911 0.007338226 0.02029603
Moved 1495.191 327.4291 420.1882 -0.0753955 0.08278847
Moved 1495.207 313.6757 431.6036 -0.1072321 0.1121491
Moved 1495.222 295.2963 448.4188 -0.1497772 0.1553981
Moved 1495.238 281.4914 460.7854 -0.1817328 0.1872052
Moved 1495.253 270.8165 472.3525 -0.2064433 0.216956
Moved 1495.268 263.9966 481.8054 -0.22223 0.2412688
Moved 1495.284 257.4138 489.5862 -0.2374681 0.2612815
Moved 1495.299 250.45 497.66 -0.2535881 0.2820473
Moved 1495.314 246.1523 502.8477 -0.2635364 0.2953901
Moved 1495.331 241.845 507.155 -0.2735069 0.3064684
Moved 1495.345 239.0273 511.459 -0.2800294 0.3175386
Moved 1495.36 236.1472 512.9264 -0.2866963 0.3213127
Moved 1495.376 236 515.7305 -0.287037 0.3285248
Moved 1495.391 235 516.8589 -0.2893518 0.3314271
Ended 1495.406 235 518 -0.2893518 0.3343621
Candidates 1495.528 12 the there threw else tune rubber tube where time emmett hunger welfare
Began 1496.023 320 376 -0.09259259 -0.03086435
Stationary 1496.039 320 376 -0.09259259 -0.03086435
Moved 1496.053 320 406.4637 -0.09259259 0.04748898
Moved 1496.07 329.0956 465.686 -0.07153809 0.1998095
Ended 1496.086 353.464 533.7075 -0.01512975 0.3747619
Accept 1496.128 0 the
Began 1496.576 269 347 -0.2106481 -0.1054527
Stationary 1496.596 269 347 -0.2106481 -0.1054527
Stationary 1496.611 269 347 -0.2106481 -0.1054527
Stationary 1496.626 269 347 -0.2106481 -0.1054527
Stationary 1496.64 269 347 -0.2106481 -0.1054527
Stationary 1496.655 269 347 -0.2106481 -0.1054527
Stationary 1496.671 269 347 -0.2106481 -0.1054527
Stationary 1496.686 269 347 -0.2106481 -0.1054527
Moved 1496.701 287.4183 352.9601 -0.1680133 -0.09012324
Moved 1496.718 301.7774 362.8887 -0.1347744 -0.06458667
Moved 1496.735 321.8312 372.9156 -0.08835375 -0.03879743
Moved 1496.749 339.9783 382.8447 -0.04634653 -0.01325945
Moved 1496.765 358.822 391.764 -0.002726863 0.009681011
Moved 1496.79 388.2153 408.9589 0.06531308 0.05390665
Moved 1496.807 403.5758 416.1708 0.10087 0.07245582
Moved 1496.819 417.3752 423.6876 0.1328129 0.09178887
Stationary 1496.831 417.3752 423.6876 0.1328129 0.09178887
Moved 1496.84 430.0049 430.5583 0.1620483 0.1094605
Moved 1496.856 441.9393 437.744 0.1896742 0.1279424
Moved 1496.872 453.89 445.9175 0.2173378 0.1489646
Moved 1496.887 463.9746 451.6998 0.2406821 0.1638367
Moved 1496.902 468.5 456 0.2511574 0.174897
Moved 1496.918 476.8467 461.908 0.2704785 0.1900926
Moved 1496.933 485.4718 469.0598 0.2904439 0.2084871
Moved 1496.948 491.2474 474.3979 0.3038134 0.2222167
Moved 1496.963 497.1383 481.4229 0.3174497 0.2402852
Moved 1496.979 500.441 485.882 0.3250948 0.251754
Moved 1496.994 504.4803 491.6403 0.334445 0.2665645
Moved 1497.01 507 494 0.3402778 0.2726337
Moved 1497.028 507 496.3629 0.3402778 0.278711
Moved 1497.041 508.1107 498.1107 0.3428488 0.2832066
Moved 1497.057 508 499.5519 0.3425926 0.2869133
Moved 1497.073 508 500.9891 0.3425926 0.2906099
Stationary 1497.089 508 501 0.3425926 0.2906378
Moved 1497.102 508 502.8637 0.3425926 0.2954312
Moved 1497.118 508 503.5 0.3425926 0.2970678
Moved 1497.133 497.2827 504.1908 0.3177839 0.2988445
Moved 1497.149 489.6208 505 0.3000481 0.3009258
Moved 1497.164 482.4308 505 0.2834047 0.3009258
Moved 1497.181 476.2368 505 0.2690668 0.3009258
Moved 1497.195 470.2883 505 0.255297 0.3009258
Moved 1497.211 463.532 505 0.2396573 0.3009258
Moved 1497.228 456.742 505 0.2239398 0.3009258
Moved 1497.242 452.3661 505 0.2138103 0.3009258
Moved 1497.259 445.3997 505 0.1976846 0.3009258
Moved 1497.273 439.6448 505 0.1843629 0.3009258
Moved 1497.29 435.5 505 0.1747686 0.3009258
Moved 1497.304 430.1456 505 0.162374 0.3009258
Moved 1497.319 427.1956 495.1846 0.1555454 0.2756804
Moved 1497.333 423.3238 497 0.1465828 0.2803498
Moved 1497.349 421.1403 496.0701 0.1415284 0.2779581
Moved 1497.364 416.9845 496 0.1319086 0.2777777
Moved 1497.38 414.4491 495 0.1260396 0.2752057
Moved 1497.395 411.5786 493.7893 0.1193951 0.2720917
Moved 1497.411 408.7035 493.3517 0.1127395 0.2709663
Moved 1497.428 405.828 493 0.1060834 0.2700616
Moved 1497.442 404.5 493 0.1030092 0.2700616
Moved 1497.457 401.5498 493 0.09618014 0.2700616
Moved 1497.475 399.9285 491.9285 0.09242705 0.2673057
Moved 1497.489 398.5 492 0.08912037 0.2674896
Moved 1497.504 396.0536 492 0.08345743 0.2674896
Moved 1497.519 394.6189 492 0.08013636 0.2674896
Moved 1497.535 393.179 492 0.07680316 0.2674896
Moved 1497.551 391.7438 490.7438 0.073481 0.2642587
Moved 1497.566 390.5 491 0.0706019 0.2649176
Moved 1497.581 389.2245 491 0.06764938 0.2649176
Moved 1497.596 387.7893 491 0.06432712 0.2649176
Moved 1497.612 386.3517 491 0.06099939 0.2649176
Moved 1497.627 384.914 491 0.05767137 0.2649176
Moved 1497.642 383.5 489.5 0.05439818 0.2610596
Moved 1497.658 382.0449 490 0.05102972 0.2623456
Moved 1497.674 380.5943 490 0.04767209 0.2623456
Moved 1497.689 378.4654 490 0.04274408 0.2623456
Moved 1497.704 377.0252 490 0.0394102 0.2623456
Moved 1497.72 374.1808 490 0.03282587 0.2623456
Moved 1497.736 372.1533 489.1533 0.0281327 0.260168
Moved 1497.75 369.4438 489 0.0218606 0.2597736
Moved 1497.766 367.2795 488.2795 0.01685083 0.2579205
Moved 1497.782 364.6865 488 0.01084844 0.2572016
Moved 1497.796 363.8056 488 0.008809368 0.2572016
Moved 1497.812 361.3034 488 0.003017187 0.2572016
Moved 1497.828 359.872 486.872 -0.0002962848 0.2543004
Moved 1497.843 358.4313 487 -0.003631165 0.2546296
Moved 1497.867 354.5551 487 -0.01260395 0.2546296
Moved 1497.88 353.122 487 -0.01592134 0.2546296
Stationary 1497.891 353.122 487 -0.01592134 0.2546296
Moved 1497.907 352.0351 487 -0.01843721 0.2546296
Moved 1497.921 349.2342 487 -0.0249209 0.2546296
Moved 1497.936 348.1756 487 -0.02737125 0.2546296
Moved 1497.951 346.7374 487 -0.03070047 0.2546296
Moved 1497.966 345.3015 487 -0.03402427 0.2546296
Moved 1497.983 343.866 487 -0.03734728 0.2546296
Moved 1497.997 341.4268 487 -0.04299343 0.2546296
Moved 1498.013 340.2378 487 -0.04574587 0.2546296
Moved 1498.027 338.877 487 -0.04889588 0.2546296
Moved 1498.044 337.4395 487 -0.0522235 0.2546296
Moved 1498.058 336.0052 487 -0.05554364 0.2546296
Moved 1498.076 334.5665 487 -0.05887394 0.2546296
Moved 1498.09 333.1302 487 -0.06219859 0.2546296
Moved 1498.104 331.6917 487 -0.06552835 0.2546296
Moved 1498.12 330.5 487 -0.06828706 0.2546296
Moved 1498.136 329.17 487 -0.07136583 0.2546296
Moved 1498.151 327.7353 487 -0.0746869 0.2546296
Moved 1498.167 325.5956 487 -0.07963985 0.2546296
Moved 1498.182 323.8631 487 -0.08365025 0.2546296
Moved 1498.198 321.8366 487 -0.08834113 0.2546296
Moved 1498.213 318.959 487 -0.0950022 0.2546296
Moved 1498.229 317.5449 487 -0.09827569 0.2546296
Moved 1498.249 310.965 497.035 -0.1135069 0.2804397
Stationary 1498.26 310.965 497.035 -0.1135069 0.2804397
Moved 1498.275 308.0956 498.4522 -0.1201492 0.2840849
Moved 1498.289 305.2058 500.8971 -0.1268384 0.2903731
Moved 1498.305 302.3344 503.6656 -0.1334853 0.2974939
Moved 1498.321 299.4548 504.7726 -0.1401508 0.3003409
Moved 1498.337 295.3763 507.4158 -0.149592 0.3071394
Moved 1498.351 294.7672 509.4656 -0.1510018 0.3124114
Moved 1498.367 292.2524 510.7476 -0.1568232 0.3157088
Moved 1498.383 292 513.3715 -0.1574074 0.3224574
Moved 1498.398 290.3773 514.6227 -0.1611636 0.3256755
Moved 1498.412 290 516.0574 -0.162037 0.3293656
Moved 1498.428 289.5009 518.9982 -0.1631923 0.3369294
Moved 1498.443 289 520.9325 -0.1643519 0.3419045
Moved 1498.459 289 523.0091 -0.1643519 0.3472455
Moved 1498.475 289 524.4449 -0.1643519 0.3509384
Stationary 1498.49 289 524.4449 -0.1643519 0.3509384
Moved 1498.505 304.5606 525 -0.128332 0.3523662
Moved 1498.521 314.5804 525 -0.105138 0.3523662
Moved 1498.536 324.3952 513.0069 -0.08241857 0.3215197
Moved 1498.551 331.1544 506.8456 -0.0667721 0.3056727
Moved 1498.567 337.019 499.3734 -0.05319664 0.2864541
Moved 1498.583 343.9534 487.2839 -0.03714482 0.2553597
Moved 1498.599 347.868 471.7733 -0.02808333 0.2154663
Moved 1498.614 353.2055 454.332 -0.01572793 0.170607
Moved 1498.63 356.4887 435.0602 -0.008127988 0.1210395
Moved 1498.653 364.1244 394.3781 0.009547175 0.01640438
Stationary 1498.663 364.1244 394.3781 0.009547175 0.01640438
Moved 1498.676 367.5 377.5 0.01736114 -0.02700625
Moved 1498.69 370.6852 358.6789 0.02473424 -0.07541436
Moved 1498.706 373.6678 344.9949 0.03163834 -0.1106098
Moved 1498.723 378.3112 330.2959 0.04238705 -0.148416
Moved 1498.736 382.6359 318.3042 0.05239794 -0.1792588
Ended 1498.753 390 309 0.06944448 -0.2031893
Candidates 1498.857 12 form fourth forth corn shown gotten born down sperm firm fork horn
Began 1499.83 375 356 0.03472219 -0.0823046
Stationary 1499.847 375 356 0.03472219 -0.0823046
Moved 1499.862 353.4002 356 -0.01527722 -0.0823046
Moved 1499.879 332.1293 362.473 -0.06451552 -0.06565604
Moved 1499.894 307.9307 363 -0.1205309 -0.06430049
Moved 1499.909 272.5403 364 -0.2024529 -0.06172839
Moved 1499.925 228.2507 365.2422 -0.3049753 -0.05853346
Moved 1499.94 209 365 -0.349537 -0.05915646
Ended 1499.955 203 365 -0.3634259 -0.05915646
Accept 1499.997 1 fourth
Began 1500.602 249 514 -0.2569445 0.324074
Stationary 1500.617 249 514 -0.2569445 0.324074
Stationary 1500.633 249 514 -0.2569445 0.324074
Stationary 1500.647 249 514 -0.2569445 0.324074
Stationary 1500.662 249 514 -0.2569445 0.324074
Stationary 1500.679 249 514 -0.2569445 0.324074
Moved 1500.695 249 496.0891 -0.2569445 0.2780068
Moved 1500.709 249 483.7962 -0.2569445 0.2463893
Moved 1500.726 249 471.2076 -0.2569445 0.2140112
Moved 1500.74 249 448.3146 -0.2569445 0.1551301
Moved 1500.756 257.6534 426.7749 -0.2369135 0.0997296
Moved 1500.773 260 405.5 -0.2314815 0.04501017
Moved 1500.786 262.9309 389.4488 -0.2246969 0.003726198
Moved 1500.802 265.811 376.3505 -0.2180301 -0.0299628
Moved 1500.817 266.8376 367.1368 -0.2156537 -0.05366039
Moved 1500.834 267.9642 361.179 -0.2130458 -0.06898417
Moved 1500.849 269.3927 352.6437 -0.2097391 -0.09093697
Moved 1500.865 269.8329 348.3342 -0.2087201 -0.1020212
Moved 1500.88 271.273 344.1808 -0.2053865 -0.1127037
Moved 1500.895 272.7084 339.8748 -0.2020639 -0.1237789
Moved 1500.91 274.1477 337.8523 -0.1987322 -0.1289808
Moved 1500.937 275.7602 334.2398 -0.1949996 -0.1382722
Moved 1500.949 277.1117 332.8883 -0.191871 -0.1417483
Stationary 1500.959 277.1117 332.8883 -0.191871 -0.1417483
Moved 1500.973 280 331.5 -0.1851852 -0.145319
Moved 1500.988 280.9493 331.0507 -0.1829876 -0.1464748
Moved 1501.004 283.7919 331 -0.1764075 -0.146605
Moved 1501.019 286.6517 331 -0.1697876 -0.146605
Moved 1501.035 292.065 331 -0.157257 -0.146605
Moved 1501.049 298.5 331 -0.1423611 -0.146605
Moved 1501.065 308.735 342.2094 -0.118669 -0.1177743
Moved 1501.08 320.2374 351.9577 -0.09204308 -0.09270146
Moved 1501.096 330.2935 360.2935 -0.06876513 -0.07126168
Moved 1501.112 340.1034 368.9458 -0.04605696 -0.04900771
Moved 1501.128 349.1718 377.5758 -0.02506529 -0.02681128
Moved 1501.143 357.1589 386.1907 -0.006576627 -0.004653616
Moved 1501.157 365.7735 396.2357 0.01336455 0.0211824
Moved 1501.175 373.9723 402.9723 0.03234317 0.03850897
Moved 1501.188 383.0718 412.0718 0.05340705 0.06191308
Moved 1501.203 391.6544 420.6544 0.07327398 0.0839875
Moved 1501.218 400.319 430.2056 0.09333114 0.1085534
Moved 1501.233 407.6267 438.952 0.1102469 0.1310494
Moved 1501.249 414.584 444.82 0.1263519 0.1461419
Moved 1501.264 421.9629 451.9629 0.1434326 0.1645135
Moved 1501.28 426.9581 458.1497 0.1549956 0.1804262
Moved 1501.295 434.8055 464.8055 0.1731609 0.1975449
Moved 1501.319 447.3155 476.3155 0.2021191 0.2271488
Stationary 1501.33 447.3155 476.3155 0.2021191 0.2271488
Moved 1501.341 452.0527 480.0352 0.213085 0.2367159
Moved 1501.357 456.3441 485.7921 0.2230187 0.2515229
Moved 1501.373 460.7883 489.6825 0.2333063 0.261529
Moved 1501.391 464.0206 493.0206 0.2407885 0.2701145
Moved 1501.42 469.7724 499.7723 0.2541027 0.2874802
Moved 1501.434 471.3253 502.6506 0.2576975 0.2948832
Moved 1501.45 472.7626 503.7626 0.2610246 0.2977433
Moved 1501.464 474.1993 506.3987 0.2643504 0.3045233
Stationary 1501.479 474.1993 506.3987 0.2643504 0.3045233
Moved 1501.5 475 507.7941 0.2662037 0.3081123
Moved 1501.511 475 509.16 0.2662037 0.3116255
Moved 1501.527 475 509.5943 0.2662037 0.3127425
Moved 1501.542 475 510.5 0.2662037 0.3150719
Stationary 1501.557 475 510.5 0.2662037 0.3150719
Stationary 1501.573 475 510.5 0.2662037 0.3150719
Moved 1501.587 460.3686 510 0.2323347 0.3137859
Moved 1501.604 453.5 510 0.2164352 0.3137859
Moved 1501.621 437.113 501.8347 0.1785023 0.2927847
Moved 1501.635 415.8206 498.3094 0.1292144 0.2837175
Moved 1501.65 390.1348 492.0881 0.06975651 0.2677162
Moved 1501.665 364.1038 487.3506 0.009499491 0.2555314
Moved 1501.68 339.1058 483.6808 -0.04836614 0.2460925
Moved 1501.696 320.8697 479.7174 -0.09057944 0.2358986
Moved 1501.712 301 477 -0.1365741 0.2289094
Moved 1501.728 292.326 474.7391 -0.1566527 0.2230944
Moved 1501.742 282.6218 470.8109 -0.1791161 0.212991
Moved 1501.758 278.5 471 -0.1886574 0.2134772
Moved 1501.774 275.135 468.0675 -0.1964467 0.2059349
Moved 1501.789 274 467.5 -0.199074 0.2044752
Moved 1501.804 274 468 -0.199074 0.2057612
Moved 1501.819 272.7381 468 -0.2019952 0.2057612
Stationary 1501.834 273 468 -0.2013889 0.2057612
Moved 1501.852 279.8884 474.123 -0.1854435 0.2215098
Moved 1501.865 302.4471 483.2166 -0.1332243 0.2448987
Moved 1501.881 324.1347 487.5547 -0.08302142 0.2560563
Moved 1501.897 348.1898 492.2231 -0.02733837 0.2680634
Moved 1501.912 369.5 495 0.02199074 0.2752057
Moved 1501.93 392.1594 494 0.07444312 0.2726337
Moved 1501.943 406.5347 495.0411 0.1077193 0.2753114
Moved 1501.958 424 495 0.1481481 0.2752057
Moved 1501.973 438.3691 495 0.1814099 0.2752057
Moved 1501.989 452.7584 495 0.2147185 0.2752057
Moved 1502.009 463.3376 495 0.2392075 0.2752057
Moved 1502.021 473.7535 495 0.2633182 0.2752057
Moved 1502.034 482.3975 490.2435 0.2833275 0.2629718
Moved 1502.05 487.3094 486.3453 0.2946978 0.2529456
Moved 1502.065 492.8088 483.5956 0.3074277 0.2458735
Moved 1502.08 496.9447 481.0553 0.3170016 0.2393397
Moved 1502.096 500.1719 476.7421 0.324472 0.2282462
Moved 1502.111 504.0349 469.3778 0.3334142 0.209305
Moved 1502.128 505.9521 459.3356 0.3378519 0.1834761
Moved 1502.142 506 442.2153 0.337963 0.1394425
Moved 1502.158 501.5385 428.7144 0.3276354 0.1047179
Moved 1502.175 493.2192 404.7308 0.3083778 0.0430319
Moved 1502.192 485.9285 385.614 0.2915011 -0.006136835
Moved 1502.206 478.7624 366.8298 0.2749129 -0.05445025
Moved 1502.221 471.5912 348.3371 0.2583129 -0.1020137
Moved 1502.237 466.1003 334.0259 0.2456025 -0.1388224
Moved 1502.252 461.5114 322.86 0.2349802 -0.1675411
Moved 1502.267 457.5 312 0.2256945 -0.1954732
Moved 1502.282 454.9052 304.414 0.219688 -0.2149846
Moved 1502.297 452.8688 296.3439 0.214974 -0.2357411
Ended 1502.313 452 291 0.2129629 -0.2494857
Candidates 1502.402 12 decision expression edition revision tradition radiation deviation addition adoption exclusion evaluation aspirin
Began 1503.851 377 316 0.03935188 -0.1851853
Moved 1503.873 383.1483 316 0.05358388 -0.1851853
Moved 1503.886 397.516 316 0.08684257 -0.1851853
Moved 1503.901 425.4008 316 0.1513906 -0.1851853
Moved 1503.917 475.6172 316 0.2676325 -0.1851853
Ended 1503.935 542.5165 331.0996 0.422492 -0.1463487
Accept 1503.993 2 edition
Began 1504.501 256 468 -0.2407407 0.2057612
Stationary 1504.518 256 468 -0.2407407 0.2057612
Stationary 1504.533 256 468 -0.2407407 0.2057612
Stationary 1504.547 256 468 -0.2407407 0.2057612
Stationary 1504.563 256 468 -0.2407407 0.2057612
Stationary 1504.579 256 468 -0.2407407 0.2057612
Stationary 1504.595 256 468 -0.2407407 0.2057612
Stationary 1504.609 256 468 -0.2407407 0.2057612
Stationary 1504.626 256 468 -0.2407407 0.2057612
Moved 1504.641 256 455.6892 -0.2407407 0.1740977
Moved 1504.656 252.5762 451.0436 -0.2486661 0.1621491
Moved 1504.672 248.0734 446.2202 -0.2590894 0.1497432
Moved 1504.687 245.2774 440.5549 -0.2655616 0.1351719
Moved 1504.702 242.4048 433.8096 -0.2722112 0.1178229
Moved 1504.719 239.5118 424.2913 -0.2789079 0.09334167
Moved 1504.734 238.739 422.217 -0.2806968 0.08800656
Moved 1504.75 236.3371 412.8427 -0.2862568 0.06389583
Moved 1504.766 233.4797 406.9595 -0.292871 0.04876399
Moved 1504.78 231.2996 398.1983 -0.2979176 0.0262302
Moved 1504.795 228.7339 389.0688 -0.3038566 0.002748897
Moved 1504.811 226.4335 382.6009 -0.3091817 -0.0138866
Moved 1504.827 223.9895 374.9739 -0.3148389 -0.03350348
Moved 1504.842 222.935 369.6752 -0.3172801 -0.04713176
Moved 1504.859 218.5 358 -0.3275463 -0.07716057
Moved 1504.872 217.1032 351.3098 -0.3307796 -0.09436807
Moved 1504.89 214.2238 345.4476 -0.3374449 -0.1094455
Moved 1504.907 212.3532 339.7064 -0.3417751 -0.1242121
Moved 1504.919 210.7412 332.7061 -0.3455064 -0.1422169
Moved 1504.932 209.3073 327.9219 -0.3488258 -0.154522
Moved 1504.95 208.1338 324.4015 -0.3515421 -0.1635765
Moved 1504.964 208 321.4767 -0.3518518 -0.171099
Stationary 1504.98 208 321 -0.3518518 -0.1723252
Moved 1504.995 208 319.8694 -0.3518518 -0.1752331
Stationary 1505.011 208 320 -0.3518518 -0.1748972
Moved 1505.026 217.0109 320 -0.3309932 -0.1748972
Moved 1505.041 223 320 -0.3171296 -0.1748972
Moved 1505.057 228.5126 320 -0.3043689 -0.1748972
Moved 1505.074 236.2424 327.2828 -0.286476 -0.1561657
Moved 1505.089 241.9336 328.4834 -0.2733019 -0.1530778
Moved 1505.103 256.0804 331.8467 -0.2405547 -0.1444272
Ended 1505.12 263 333 -0.2245371 -0.141461
Candidates 1505.254 12 tax fax ex s wax as dad texas da gaza ad rad
Began 1506.255 353 379 -0.01620372 -0.02314815
Stationary 1506.278 353 379 -0.01620372 -0.02314815
Stationary 1506.289 353 379 -0.01620372 -0.02314815
Ended 1506.305 353 379 -0.01620372 -0.02314815
NextCandidatePanel 1506.334
Began 1507.459 391 377 0.07175922 -0.02829226
Stationary 1507.48 391 377 0.07175922 -0.02829226
Stationary 1507.492 391 377 0.07175922 -0.02829226
Ended 1507.507 391 377 0.07175922 -0.02829226
NextCandidatePanel 1507.569
Began 1508.479 389 358 0.06712963 -0.07716057
Stationary 1508.495 389 358 0.06712963 -0.07716057
Stationary 1508.51 389 358 0.06712963 -0.07716057
Ended 1508.53 389 358 0.06712963 -0.07716057
NextCandidatePanel 1508.554
Began 1508.77 382 352 0.05092591 -0.09259266
Stationary 1508.787 382 352 0.05092591 -0.09259266
Stationary 1508.803 382 352 0.05092591 -0.09259266
Ended 1508.818 382 352 0.05092591 -0.09259266
NextCandidatePanel 1508.861
Began 1508.908 374 362 0.03240744 -0.06687243
Stationary 1508.93 374 362 0.03240744 -0.06687243
Stationary 1508.941 374 362 0.03240744 -0.06687243
Stationary 1508.956 374 362 0.03240744 -0.06687243
Ended 1508.973 374 362 0.03240744 -0.06687243
Cancel 1509.035
Began 1509.466 246 475 -0.2638889 0.2237653
Stationary 1509.484 246 475 -0.2638889 0.2237653
Stationary 1509.496 246 475 -0.2638889 0.2237653
Stationary 1509.511 246 475 -0.2638889 0.2237653
Stationary 1509.53 246 475 -0.2638889 0.2237653
Stationary 1509.545 246 475 -0.2638889 0.2237653
Stationary 1509.566 246 475 -0.2638889 0.2237653
Stationary 1509.576 246 475 -0.2638889 0.2237653
Moved 1509.592 246 464.8929 -0.2638889 0.1977699
Moved 1509.605 246 457.335 -0.2638889 0.1783306
Moved 1509.623 246 447.6583 -0.2638889 0.153442
Moved 1509.637 246 434.5723 -0.2638889 0.1197845
Moved 1509.65 246 421.6583 -0.2638889 0.08656949
Moved 1509.666 246 407.3484 -0.2638889 0.04976445
Moved 1509.681 246 396.3887 -0.2638889 0.02157592
Moved 1509.697 246 386.5406 -0.2638889 -0.003753552
Moved 1509.713 246 373.7648 -0.2638889 -0.03661332
Moved 1509.731 238.2126 363.7008 -0.2819152 -0.062498
Moved 1509.744 236.7779 355.8897 -0.2852362 -0.08258827
Moved 1509.76 235.3357 349.3429 -0.2885747 -0.09942686
Moved 1509.776 233.8969 343.5876 -0.2919053 -0.1142294
Moved 1509.79 232.461 336.8441 -0.2952291 -0.1315739
Moved 1509.805 231.2775 332.8326 -0.2979687 -0.1418916
Moved 1509.821 229.9369 327.7475 -0.3010721 -0.1549705
Moved 1509.837 229.4981 325.498 -0.3020878 -0.1607561
Moved 1509.852 229 324.0594 -0.3032407 -0.1644564
Moved 1509.868 229 322.6245 -0.3032407 -0.1681469
Moved 1509.884 228 321.5 -0.3055556 -0.1710391
Stationary 1509.897 228 321.5 -0.3055556 -0.1710391
Stationary 1509.912 228 321.5 -0.3055556 -0.1710391
Moved 1509.933 228 322 -0.3055556 -0.1697531
Stationary 1509.945 228 322 -0.3055556 -0.1697531
Moved 1509.96 239.6936 322 -0.278487 -0.1697531
Moved 1509.975 245.4617 322 -0.265135 -0.1697531
Moved 1509.99 259 336 -0.2337963 -0.1337449
Ended 1510.005 259 336 -0.2337963 -0.1337449
Candidates 1510.129 12 ex s tax ec texas sex fax sd wax sds ads da
Began 1510.927 361 374 0.002314846 -0.03600823
Stationary 1510.946 361 374 0.002314846 -0.03600823
Stationary 1510.96 361 374 0.002314846 -0.03600823
Stationary 1510.977 361 374 0.002314846 -0.03600823
Ended 1510.992 361 374 0.002314846 -0.03600823
NextCandidatePanel 1511.051
Began 1511.083 362 378 0.004629592 -0.02572024
Stationary 1511.1 362 378 0.004629592 -0.02572024
Stationary 1511.114 362 378 0.004629592 -0.02572024
Stationary 1511.131 362 378 0.004629592 -0.02572024
Ended 1511.146 362 378 0.004629592 -0.02572024
Cancel 1511.208
Began 1511.609 216 508 -0.3333333 0.3086419
Stationary 1511.626 216 508 -0.3333333 0.3086419
Stationary 1511.648 216 508 -0.3333333 0.3086419
Stationary 1511.659 216 508 -0.3333333 0.3086419
Stationary 1511.671 216 508 -0.3333333 0.3086419
Stationary 1511.686 216 508 -0.3333333 0.3086419
Stationary 1511.701 216 508 -0.3333333 0.3086419
Moved 1511.717 216 497.1786 -0.3333333 0.2808092
Moved 1511.733 207.793 493.3102 -0.3523311 0.2708596
Moved 1511.749 201.9869 478.3029 -0.365771 0.2322603
Moved 1511.764 194.3343 463.7795 -0.3834855 0.1949061
Moved 1511.78 187.6831 452.0246 -0.3988817 0.1646723
Moved 1511.795 179.0823 436.1647 -0.4187908 0.1238802
Moved 1511.811 173.2833 425.9957 -0.4322146 0.09772551
Moved 1511.825 165.5431 411.9504 -0.4501318 0.06160069
Moved 1511.84 162.0488 403.1301 -0.4582203 0.03891481
Moved 1511.856 157.7596 394.5192 -0.4681491 0.01676732
Moved 1511.872 154.3072 387.6143 -0.4761408 -0.0009919782
Moved 1511.887 152.7086 380.5428 -0.4798413 -0.01918016
Moved 1511.902 151 376.8134 -0.4837963 -0.02877208
Moved 1511.917 149.8322 373.6644 -0.4864996 -0.03687156
Moved 1511.933 150 370.3907 -0.4861112 -0.04529136
Moved 1511.948 150 368.4459 -0.4861112 -0.05029364
Moved 1511.963 150 366.8658 -0.4861112 -0.05435747
Moved 1511.985 167.0886 361.9874 -0.4465542 -0.06690492
Stationary 1511.997 167.0886 361.9874 -0.4465542 -0.06690492
Moved 1512.009 179.9537 360.5607 -0.4167738 -0.0705744
Moved 1512.025 193.8739 361 -0.3845512 -0.06944452
Moved 1512.041 208.2298 361 -0.3513199 -0.06944452
Moved 1512.057 223 361 -0.3171296 -0.06944452
Ended 1512.072 263.5 379 -0.2233796 -0.02314815
Candidates 1512.192 12 was wax read reads a as rad sad dad ass s ras
Began 1512.963 357 339 -0.006944438 -0.1260288
Stationary 1512.982 357 339 -0.006944438 -0.1260288
Moved 1512.996 357 373.2454 -0.006944438 -0.03794901
Moved 1513.011 372.8018 420.074 0.02963374 0.08249491
Moved 1513.028 392.2504 487.5728 0.07465373 0.2561027
Ended 1513.042 412 534 0.1203704 0.3755144
Accept 1513.086 0 was
Began 1513.518 402 270 0.09722222 -0.303498
Stationary 1513.537 402 270 0.09722222 -0.303498
Stationary 1513.552 402 270 0.09722222 -0.303498
Stationary 1513.568 402 270 0.09722222 -0.303498
Stationary 1513.583 402 270 0.09722222 -0.303498
Moved 1513.604 402 258.9395 0.09722222 -0.3319458
Stationary 1513.615 402 258.9395 0.09722222 -0.3319458
Moved 1513.628 402 257 0.09722222 -0.3369342
Moved 1513.643 402 255.4871 0.09722222 -0.3408255
Moved 1513.658 402 253.8073 0.09722222 -0.3451459
Stationary 1513.674 402 253.8073 0.09722222 -0.3451459
Moved 1513.69 402 251.9286 0.09722222 -0.3499779
Moved 1513.705 402 250.5 0.09722222 -0.3536523
Stationary 1513.721 402 250.5 0.09722222 -0.3536523
Moved 1513.737 402 251 0.09722222 -0.3523664
Stationary 1513.752 402 251 0.09722222 -0.3523664
Moved 1513.768 383.2018 280.3612 0.05370786 -0.2768488
Moved 1513.783 366.0022 303.3304 0.01389394 -0.2177715
Moved 1513.798 348.03 328.0377 -0.02770831 -0.154224
Moved 1513.814 330.5451 352.4778 -0.06818265 -0.0913638
Moved 1513.83 317.8412 375.6729 -0.09758994 -0.03170571
Moved 1513.844 307.463 399.304 -0.1216133 0.02907404
Moved 1513.859 299.9378 412.9726 -0.1390329 0.06422988
Moved 1513.876 287.5612 440.8777 -0.1676825 0.1360022
Moved 1513.891 277.4955 462.0811 -0.1909827 0.1905378
Moved 1513.911 269.4305 480.1391 -0.2096517 0.2369832
Moved 1513.922 263.2101 494.4747 -0.2240507 0.2738546
Moved 1513.946 256.177 514.1149 -0.2403309 0.3243695
Moved 1513.958 254.1395 520.5815 -0.2450474 0.3410017
Stationary 1513.972 254.1395 520.5815 -0.2450474 0.3410017
Moved 1513.984 252.6556 527.7219 -0.2484823 0.359367
Moved 1513.998 253 532.3314 -0.2476852 0.3712226
Moved 1514.014 253 535.4335 -0.2476852 0.3792012
Moved 1514.03 253 540.3041 -0.2476852 0.3917287
Moved 1514.044 253 542.0922 -0.2476852 0.3963276
Moved 1514.06 253 544.5325 -0.2476852 0.4026042
Moved 1514.077 253 545.7456 -0.2476852 0.4057242
Moved 1514.091 253 547.1038 -0.2476852 0.4092175
Moved 1514.106 251.5 548.5 -0.2511574 0.4128085
Stationary 1514.122 251.5 548.5 -0.2511574 0.4128085
Moved 1514.138 252 550.4282 -0.25 0.4177678
Moved 1514.152 252 550.8654 -0.25 0.4188924
Moved 1514.169 252 551.5 -0.25 0.4205247
Moved 1514.183 268.5068 551 -0.2117897 0.4192385
Moved 1514.205 306.5086 539.1229 -0.1238226 0.3886904
Stationary 1514.217 306.5086 539.1229 -0.1238226 0.3886904
Moved 1514.229 322.3477 533.0609 -0.08715808 0.3730989
Moved 1514.244 337.8549 527.3255 -0.05126178 0.3583474
Moved 1514.259 347.6412 522.5725 -0.02860834 0.3461226
Moved 1514.275 356.2867 517.8567 -0.008595736 0.3339935
Moved 1514.291 364.8692 513.5654 0.01127134 0.3229563
Moved 1514.307 367.6622 512.8918 0.01773655 0.3212238
Moved 1514.324 372.1382 509.9078 0.02809773 0.3135489
Moved 1514.338 373.4806 508.5193 0.03120512 0.3099777
Moved 1514.353 375 508.0847 0.03472219 0.3088596
Moved 1514.369 375 506.6501 0.03472219 0.3051701
Stationary 1514.383 375 506.6501 0.03472219 0.3051701
Moved 1514.399 354.1395 503.7729 -0.01356607 0.2977697
Moved 1514.415 340.3813 504 -0.04541367 0.2983539
Moved 1514.43 306.0021 504 -0.1249952 0.2983539
Moved 1514.446 284.9619 504 -0.1736993 0.2983539
Moved 1514.461 273.1662 504 -0.2010041 0.2983539
Moved 1514.477 262.4198 504 -0.2258801 0.2983539
Moved 1514.497 255.5 504 -0.2418981 0.2983539
Moved 1514.508 255.0394 504 -0.2429644 0.2983539
Moved 1514.522 253.966 504 -0.2454492 0.2983539
Stationary 1514.538 253.966 504 -0.2454492 0.2983539
Stationary 1514.553 254 504 -0.2453704 0.2983539
Moved 1514.57 278.8593 504 -0.1878256 0.2983539
Moved 1514.584 315.6591 503.1978 -0.102641 0.2962906
Moved 1514.6 363.0342 503 0.007023712 0.2957818
Ended 1514.615 363.0342 503 0.007023712 0.2957818
Candidates 1514.751 12 better betsy beth berger very betty best bet brief newt merger ferry
Began 1515.243 369 391 0.02083332 0.007715971
Moved 1515.264 369 408.7196 0.02083332 0.05329105
Moved 1515.281 374.2239 461.3433 0.03292561 0.18864
Moved 1515.293 390.1541 532.1551 0.06980121 0.3707691
Ended 1515.31 454 669 0.2175926 0.7227365
Accept 1515.354 0 better
PhraseEnd 1516.772
