frequently asked questions
frequently asked questions
FixStart
0.6 0.6
432 388.8
Began 1964.127 453 408 0.2152778 0.05144025
Stationary 1964.147 453 408 0.2152778 0.05144025
Stationary 1964.16 453 408 0.2152778 0.05144025
Stationary 1964.176 453 408 0.2152778 0.05144025
Moved 1964.192 433.8819 408 0.1710229 0.05144025
Moved 1964.207 428.1121 408 0.1576669 0.05144025
Moved 1964.222 410.3925 416.2897 0.1166494 0.07276162
Moved 1964.238 404.1529 417.2639 0.1022057 0.07526707
Moved 1964.253 396.2499 419.1667 0.08391172 0.08016115
Moved 1964.27 383.5357 423.7322 0.05448073 0.09190366
Moved 1964.284 378.9514 425.3657 0.04386912 0.09610517
Moved 1964.301 373.4881 429.3839 0.0312224 0.1064401
Moved 1964.316 369.3106 432.2526 0.02155224 0.1138183
Moved 1964.33 364.9857 438.019 0.01154105 0.1286497
Moved 1964.347 363.9174 442.3305 0.009067952 0.1397389
Moved 1964.362 360.3493 452.4018 0.000808537 0.1656424
Moved 1964.376 358.1973 458.1406 -0.004172921 0.1804026
Moved 1964.392 355.1301 477.9146 -0.01127298 0.2312618
Moved 1964.409 354.8457 484.3888 -0.01193126 0.2479135
Moved 1964.423 352.6932 505.6815 -0.01691386 0.3026788
Moved 1964.439 351.9739 510.2089 -0.01857897 0.3143233
Moved 1964.455 349.0704 527.5778 -0.02530008 0.3589963
Moved 1964.476 347.7217 540.5049 -0.02842203 0.3922451
Moved 1964.488 346.2895 548.5524 -0.03173724 0.4129432
Moved 1964.502 346 555.734 -0.03240739 0.4314146
Moved 1964.516 344.5 562.5 -0.03587961 0.4488167
Moved 1964.53 344 569.1376 -0.03703703 0.4658887
Moved 1964.545 343 572.8538 -0.03935183 0.475447
Moved 1964.561 343 575.7315 -0.03935183 0.4828484
Moved 1964.577 341.961 578.039 -0.04175703 0.4887834
Moved 1964.592 342 579.4735 -0.04166668 0.4924729
Moved 1964.608 340.8057 580.1943 -0.04443119 0.4943268
Moved 1964.624 339.6448 582.3552 -0.04711856 0.4998848
Moved 1964.639 340 583.0745 -0.04629632 0.5017348
Moved 1964.655 339 584.2362 -0.04861111 0.5047227
Moved 1964.669 337.5 584 -0.05208333 0.5041152
Moved 1964.685 338 585.043 -0.05092591 0.5067979
Moved 1964.702 335.7845 586.2155 -0.05605449 0.5098135
Moved 1964.716 334.3457 586 -0.059385 0.5092591
Stationary 1964.73 333.6263 586 -0.06105021 0.5092591
Moved 1964.746 332.1429 586 -0.06448407 0.5092591
Moved 1964.761 330.707 586 -0.06780779 0.5092591
Moved 1964.776 328.5366 586 -0.07283206 0.5092591
Moved 1964.793 326.2923 586 -0.07802709 0.5092591
Moved 1964.807 324.764 586 -0.08156478 0.5092591
Moved 1964.824 321.6487 586 -0.08877625 0.5092591
Moved 1964.839 319.8893 586 -0.09284883 0.5092591
Moved 1964.854 317.924 586 -0.09739821 0.5092591
Moved 1964.869 316.0288 579.2017 -0.1017852 0.4917739
Moved 1964.884 313.17 576.17 -0.1084028 0.4839762
Moved 1964.903 311.7228 575.3615 -0.1117527 0.4818966
Moved 1964.916 310.0406 573.0811 -0.1156469 0.4760316
Moved 1964.93 308.6124 571.6124 -0.1189528 0.4722539
Moved 1964.947 307.1685 570.1685 -0.1222951 0.4685404
Moved 1964.962 307 568.7327 -0.1226852 0.4648473
Moved 1964.98 306 567.2915 -0.125 0.4611406
Moved 1964.993 304.8556 565.8556 -0.1276491 0.4574474
Stationary 1965.008 304.8556 565.8556 -0.1276491 0.4574474
Moved 1965.023 304 564.3309 -0.1296296 0.453526
Moved 1965.039 304 562.9014 -0.1296296 0.4498491
Moved 1965.055 303 561.3832 -0.1319445 0.4459443
Moved 1965.07 303 559.9399 -0.1319445 0.4422323
Moved 1965.085 303 558.5042 -0.1319445 0.4385395
Moved 1965.102 302 557.0651 -0.1342593 0.4348382
Moved 1965.117 302 556.5 -0.1342593 0.4333847
Moved 1965.131 301.4842 555.4842 -0.1354532 0.4307721
Moved 1965.148 301 554.0413 -0.1365741 0.4270609
Moved 1965.163 301 553.5 -0.1365741 0.4256686
Moved 1965.178 301 552.1642 -0.1365741 0.422233
Moved 1965.194 299.7272 552 -0.1395204 0.4218106
Moved 1965.21 300 550.5 -0.1388889 0.4179526
Moved 1965.223 300 549.9262 -0.1388889 0.4164768
Stationary 1965.241 300 549.9262 -0.1388889 0.4164768
Moved 1965.254 300 549 -0.1388889 0.4140946
Stationary 1965.27 300 549 -0.1388889 0.4140946
Moved 1965.285 299.4233 548 -0.1402239 0.4115225
Moved 1965.302 298.5 548 -0.1423611 0.4115225
Moved 1965.315 299 546.7755 -0.1412037 0.4083731
Stationary 1965.33 299 546.7755 -0.1412037 0.4083731
Moved 1965.349 299 545.6255 -0.1412037 0.4054154
Stationary 1965.364 299 545.6255 -0.1412037 0.4054154
Moved 1965.377 299 545.161 -0.1412037 0.4042206
Stationary 1965.393 299 545 -0.1412037 0.4038065
Stationary 1965.409 299 545 -0.1412037 0.4038065
Moved 1965.424 299 543.6266 -0.1412037 0.4002741
Moved 1965.448 298.2398 543 -0.1429635 0.3986624
Stationary 1965.459 298.2398 543 -0.1429635 0.3986624
Stationary 1965.471 298 543 -0.1435185 0.3986624
Moved 1965.486 298 541.5 -0.1435185 0.3948044
Stationary 1965.502 298 541.5 -0.1435185 0.3948044
Moved 1965.516 298 540.6276 -0.1435185 0.3925607
Stationary 1965.532 298 540.6276 -0.1435185 0.3925607
Moved 1965.547 298 539.9235 -0.1435185 0.3907496
Moved 1965.563 296.5 540 -0.1469907 0.3909464
Moved 1965.578 297 539.1718 -0.1458333 0.3888163
Stationary 1965.594 297 539 -0.1458333 0.3883744
Moved 1965.61 295.292 538 -0.1497871 0.3858024
Moved 1965.625 293.8565 536.8565 -0.1531099 0.3828613
Moved 1965.64 291.8267 537 -0.1578086 0.3832304
Moved 1965.665 286.2168 536 -0.1707944 0.3806583
Stationary 1965.675 286.2168 536 -0.1707944 0.3806583
Moved 1965.685 284.8005 536 -0.174073 0.3806583
Moved 1965.701 281.929 536 -0.1807199 0.3806583
Moved 1965.716 279.0596 534.5298 -0.187362 0.376877
Moved 1965.731 276.1789 535 -0.1940303 0.3780863
Moved 1965.747 273.302 535 -0.2006898 0.3780863
Moved 1965.763 272.2161 535 -0.2032036 0.3780863
Stationary 1965.778 272 535 -0.2037037 0.3780863
Moved 1965.793 270.7553 535 -0.2065849 0.3780863
Stationary 1965.809 271 535 -0.2060186 0.3780863
Stationary 1965.824 271 535 -0.2060186 0.3780863
Stationary 1965.84 271 535 -0.2060186 0.3780863
Stationary 1965.855 271 535 -0.2060186 0.3780863
Moved 1965.869 277.1883 539.1255 -0.1916938 0.3886971
Moved 1965.885 294.5344 546.8448 -0.1515407 0.4085513
Moved 1965.905 308.2566 549.0395 -0.1197765 0.4141961
Moved 1965.918 350.5082 553.3974 -0.02197166 0.4254047
Moved 1965.933 382.2305 552 0.05145937 0.4218106
Moved 1965.948 409.4334 552 0.1144293 0.4218106
Moved 1965.964 433.7219 552 0.1706526 0.4218106
Moved 1965.978 455.2083 552 0.2203896 0.4218106
Moved 1965.994 471.8804 552 0.2589824 0.4218106
Moved 1966.011 483.458 552 0.2857824 0.4218106
Moved 1966.025 495.8492 552 0.3144658 0.4218106
Moved 1966.041 503.2215 552 0.3315312 0.4218106
Moved 1966.057 510.405 552 0.3481597 0.4218106
Moved 1966.073 516 552 0.3611111 0.4218106
Moved 1966.088 517.9225 552 0.3655615 0.4218106
Moved 1966.11 521.5 545 0.3738426 0.4038065
Stationary 1966.12 521.5 545 0.3738426 0.4038065
Moved 1966.133 522 545 0.375 0.4038065
Moved 1966.15 522 543.6414 0.375 0.400312
Moved 1966.164 522 543 0.375 0.3986624
Stationary 1966.179 522 543 0.375 0.3986624
Moved 1966.196 522 541.3262 0.375 0.3943573
Moved 1966.211 522 539.8875 0.375 0.390657
Moved 1966.226 511.5 538.5 0.3506944 0.3870883
Moved 1966.241 509.259 536.6295 0.3455071 0.3822775
Moved 1966.257 503.5041 533.7521 0.3321854 0.3748766
Moved 1966.273 497.1579 531.8632 0.3174952 0.3700183
Moved 1966.288 490.9713 529.9929 0.3031745 0.3652079
Moved 1966.303 483.7909 528.5582 0.2865529 0.3615178
Moved 1966.318 475.7135 528 0.2678552 0.3600822
Moved 1966.334 463.149 526.6832 0.2387707 0.3566955
Moved 1966.35 455.4613 525.6827 0.2209752 0.354122
Moved 1966.364 440.2618 526 0.1857913 0.3549381
Moved 1966.38 427.3206 526 0.1558349 0.3549381
Moved 1966.397 416.3389 526 0.1304141 0.3549381
Moved 1966.411 405.7771 526 0.1059655 0.3549381
Moved 1966.427 395.6699 526 0.08256923 0.3549381
Moved 1966.442 385.6119 534.4435 0.05928686 0.376655
Moved 1966.457 379.4434 535.0928 0.04500787 0.378325
Moved 1966.473 370.5968 536.5672 0.0245296 0.3821172
Moved 1966.488 363.0071 537.9986 0.006960928 0.3857988
Moved 1966.504 352.8806 540.8913 -0.01648019 0.3932388
Moved 1966.518 347.4757 541.8811 -0.0289915 0.3957846
Moved 1966.534 340.4161 543.3168 -0.04533301 0.3994772
Moved 1966.552 335.7202 544.7599 -0.05620335 0.4031891
Moved 1966.565 332.2929 545 -0.06413679 0.4038065
Moved 1966.58 328.0499 546.3167 -0.07395858 0.4071931
Moved 1966.596 325.5127 546 -0.07983173 0.4063785
Moved 1966.611 322.6314 547.1843 -0.08650144 0.4094246
Moved 1966.628 320.3742 547.6257 -0.09172628 0.4105599
Moved 1966.642 318.9447 548 -0.09503534 0.4115225
Moved 1966.664 317.312 549 -0.09881491 0.4140946
Stationary 1966.675 317.312 549 -0.09881491 0.4140946
Moved 1966.688 316.5 549 -0.1006944 0.4140946
Moved 1966.704 317 550.2255 -0.09953702 0.4172465
Stationary 1966.719 317 550.2255 -0.09953702 0.4172465
Stationary 1966.734 317 550.2255 -0.09953702 0.4172465
Stationary 1966.75 317 550.2255 -0.09953702 0.4172465
Moved 1966.765 317 551 -0.09953702 0.4192385
Moved 1966.78 329 551 -0.07175927 0.4192385
Moved 1966.798 338.1256 542.291 -0.05063514 0.3968388
Moved 1966.812 352.2867 530.1707 -0.01785492 0.3656652
Moved 1966.827 364.3707 519.2993 0.01011739 0.3377039
Moved 1966.843 375.7019 509.3984 0.03634701 0.3122386
Moved 1966.857 386.3878 495.5153 0.06108294 0.2765309
Moved 1966.873 395.9062 484.1094 0.08311629 0.2471949
Moved 1966.891 408.8084 465.4989 0.1129825 0.1993284
Moved 1966.904 416.7658 453.057 0.1314023 0.1673276
Moved 1966.92 428.6489 434.5266 0.1589096 0.1196671
Moved 1966.934 436.0332 418.5269 0.1760029 0.07851546
Moved 1966.952 443.212 404.576 0.1926204 0.04263379
Moved 1966.966 449.1078 388.9534 0.2062681 0.002452199
Moved 1966.981 455.1583 373.2446 0.2202737 -0.03795113
Moved 1966.997 460.6727 355.8136 0.2330388 -0.08278403
Moved 1967.013 463.5147 349.799 0.2396174 -0.09825365
Moved 1967.026 468.3249 337.7006 0.250752 -0.1293709
Moved 1967.044 472.3037 326.1902 0.2599622 -0.1589759
Moved 1967.058 476.5 315 0.2696759 -0.1877573
Moved 1967.073 479.9574 306.1277 0.2776793 -0.210577
Moved 1967.089 482.8511 297.4468 0.2843775 -0.2329044
Moved 1967.111 485.971 287.087 0.2915995 -0.2595499
Stationary 1967.121 485.971 287.087 0.2915995 -0.2595499
Moved 1967.135 488.8086 282.787 0.2981681 -0.2706094
Moved 1967.152 489 280.1585 0.2986111 -0.2773702
Moved 1967.165 490.2771 277.4459 0.3015673 -0.2843471
Moved 1967.181 491 275.5612 0.3032407 -0.2891946
Moved 1967.196 491 274 0.3032407 -0.2932099
Stationary 1967.211 491 273.7016 0.3032407 -0.2939774
Stationary 1967.227 491 273.7016 0.3032407 -0.2939774
Moved 1967.242 462.644 322.34 0.2376018 -0.1688786
Moved 1967.259 444.771 360.0141 0.1962291 -0.07198028
Moved 1967.274 426.9821 395.0343 0.1550511 0.0180923
Moved 1967.289 409.8156 427.9368 0.1153138 0.102718
Moved 1967.305 399.0563 449.1515 0.09040803 0.1572826
Moved 1967.32 388.8036 466.7654 0.06667495 0.2025858
Moved 1967.336 379 484 0.04398147 0.2469135
Moved 1967.354 373.688 497.3947 0.03168513 0.2813647
Moved 1967.366 367.7064 508.2637 0.01783898 0.3093202
Moved 1967.382 365.2293 518.3948 0.01210491 0.3353774
Moved 1967.398 363.8008 524.7968 0.008798143 0.3518437
Moved 1967.413 363 532.2217 0.006944438 0.3709406
Moved 1967.428 363 539.4204 0.006944438 0.3894556
Moved 1967.443 363 545 0.006944438 0.4038065
Moved 1967.459 363 547.5129 0.006944438 0.4102697
Moved 1967.474 363 551.2225 0.006944438 0.4198109
Moved 1967.49 363 553.5488 0.006944438 0.4257941
Moved 1967.505 363 554.9863 0.006944438 0.4294913
Moved 1967.527 377.3473 556 0.04015585 0.4320986
Stationary 1967.538 377.3473 556 0.04015585 0.4320986
Moved 1967.551 387.1317 556 0.06280482 0.4320986
Moved 1967.567 401.5108 556 0.09608984 0.4320986
Moved 1967.583 426.3593 540.9431 0.1536094 0.3933721
Moved 1967.599 452.7741 531.2411 0.2147548 0.3684183
Moved 1967.614 476.759 522.1581 0.2702754 0.3450567
Moved 1967.63 500.0601 513.2275 0.3242132 0.322087
Moved 1967.644 519.9224 503.5388 0.3701909 0.2971675
Moved 1967.66 539.1657 493.9172 0.4147355 0.2724206
Moved 1967.675 551.0188 487.4443 0.4421732 0.2557722
Moved 1967.692 562.3877 480.7415 0.46849 0.2385326
Moved 1967.706 569.9741 476.0156 0.4860511 0.2263774
Moved 1967.721 574.3254 473.1164 0.4961237 0.2189206
Moved 1967.737 577.7559 469.2441 0.5040646 0.208961
Moved 1967.753 579.3205 467.6795 0.5076863 0.2049369
Moved 1967.766 581.7576 464.4847 0.5133278 0.1967198
Moved 1967.782 582 464 0.513889 0.1954732
Moved 1967.798 583.2825 461.435 0.5168577 0.188876
Stationary 1967.813 583.2825 461.435 0.5168577 0.188876
Moved 1967.829 583 460.626 0.5162038 0.1867952
Moved 1967.844 583 460 0.5162038 0.1851851
Stationary 1967.86 583 460 0.5162038 0.1851851
Moved 1967.875 566.9316 460 0.4790083 0.1851851
Moved 1967.891 551.875 479.0192 0.4441551 0.2341029
Moved 1967.913 515.6348 516.853 0.3602656 0.3314118
Stationary 1967.923 515.6348 516.853 0.3602656 0.3314118
Moved 1967.937 501.6382 532.1491 0.3278661 0.3707539
Moved 1967.953 489.9933 548.1342 0.3009105 0.4118676
Moved 1967.968 480.1801 560.2299 0.2781945 0.4429781
Moved 1967.984 472.7655 570.7283 0.2610312 0.4699802
Moved 1967.999 462 581 0.2361111 0.496399
Moved 1968.014 452.4762 591.5238 0.2140653 0.5234665
Moved 1968.03 444.8579 599.1422 0.1964303 0.543061
Moved 1968.045 439.3312 605.6688 0.1836371 0.5598475
Moved 1968.061 434.6729 610.3271 0.172854 0.5718288
Moved 1968.076 432 614.5 0.1666667 0.5825616
Moved 1968.093 429.0391 617.9609 0.1598127 0.5914632
Moved 1968.109 427.5806 619.4194 0.1564367 0.5952143
Ended 1968.122 428 621.7287 0.1574074 0.601154
Candidates 1968.244 12 frequently heterogeneity quantity friendly requirement quantify directly effector widely director frequency dependent
Began 1968.75 386 370 0.06018519 -0.04629637
Stationary 1968.77 386 370 0.06018519 -0.04629637
Moved 1968.784 386 384.537 0.06018519 -0.008906808
Moved 1968.803 376.2 410.2 0.03750006 0.05709859
Moved 1968.818 373.348 443.9978 0.03089816 0.1440272
Moved 1968.83 371.7071 477.7379 0.02709965 0.2308072
Moved 1968.854 385.9807 548.4567 0.06014059 0.412697
Stationary 1968.863 385.9807 548.4567 0.06014059 0.412697
Ended 1968.875 396 571 0.08333336 0.4706789
Accept 1968.935 0 frequently
Began 1969.165 417 463 0.1319444 0.1929011
Stationary 1969.184 417 463 0.1319444 0.1929011
Moved 1969.2 408.3448 463 0.1119094 0.1929011
Moved 1969.215 391.2936 463 0.07243881 0.1929011
Moved 1969.23 374.3886 463 0.03330697 0.1929011
Moved 1969.247 356.8719 471.7521 -0.00724107 0.2154117
Moved 1969.261 341.5 472.5 -0.04282405 0.2173353
Moved 1969.276 330.5167 472.7203 -0.06824841 0.217902
Moved 1969.294 319.5177 474.0603 -0.09370904 0.2213484
Moved 1969.308 308.007 474 -0.1203542 0.2211934
Moved 1969.323 295.4773 474 -0.1493582 0.2211934
Moved 1969.339 283.9649 474 -0.1760071 0.2211934
Moved 1969.354 275.0879 474 -0.1965558 0.2211934
Moved 1969.37 264.843 474 -0.2202709 0.2211934
Moved 1969.385 258 474 -0.2361111 0.2211934
Moved 1969.403 251.6024 474 -0.2509204 0.2211934
Moved 1969.415 244.4439 474 -0.2674909 0.2211934
Moved 1969.436 238.2272 474 -0.2818815 0.2211934
Moved 1969.447 233.4202 474 -0.2930088 0.2211934
Moved 1969.462 229.7323 474 -0.3015455 0.2211934
Moved 1969.479 226.8527 474 -0.3082114 0.2211934
Moved 1969.495 225.5 474 -0.3113426 0.2211934
Moved 1969.511 224.5388 474 -0.3135675 0.2211934
Stationary 1969.526 225 474 -0.3125 0.2211934
Stationary 1969.539 225 474 -0.3125 0.2211934
Moved 1969.555 225 475.9367 -0.3125 0.2261745
Moved 1969.57 225 477.3756 -0.3125 0.2298754
Moved 1969.586 246.7378 482.4344 -0.262181 0.2428869
Moved 1969.602 261.5381 484.2538 -0.227921 0.2475662
Moved 1969.616 277.4809 485.2321 -0.1910165 0.2500824
Moved 1969.632 304.3932 485 -0.1287194 0.2494856
Moved 1969.648 329.4588 485 -0.07069717 0.2494856
Moved 1969.662 357.0777 485 -0.00676468 0.2494856
Moved 1969.678 383.3219 485 0.05398581 0.2494856
Moved 1969.696 410.5 485 0.1168981 0.2494856
Moved 1969.708 430.3071 485 0.1627479 0.2494856
Moved 1969.724 447.7842 485 0.2032042 0.2494856
Moved 1969.745 474 474.5 0.2638889 0.2224794
Moved 1969.756 489.3808 476.0516 0.2994927 0.22647
Moved 1969.77 506.5033 474.6247 0.3391281 0.2228001
Moved 1969.786 519.2425 474 0.3686169 0.2211934
Moved 1969.801 532.3801 472.7355 0.3990281 0.217941
Moved 1969.816 545.3367 470.5919 0.4290202 0.2124275
Moved 1969.832 553.907 469.1561 0.4488589 0.2087348
Moved 1969.848 563.6168 466.5381 0.4713353 0.2020012
Moved 1969.862 571.3407 464.3318 0.4892146 0.1963267
Moved 1969.879 577.4312 461.7844 0.5033129 0.1897747
Moved 1969.896 581.0931 459.9069 0.5117896 0.1849457
Moved 1969.908 583.9706 458.0147 0.5184504 0.1800789
Moved 1969.924 585.42 456.58 0.5218057 0.1763887
Moved 1969.94 586.6627 456 0.5246821 0.174897
Stationary 1969.958 587 456 0.5254629 0.174897
Stationary 1969.972 587 456 0.5254629 0.174897
Moved 1969.986 579.9805 456 0.5092142 0.174897
Moved 1970.003 560.4734 465.2633 0.4640588 0.1987224
Moved 1970.019 533.1541 476.7911 0.4008197 0.228372
Moved 1970.034 506.3977 489.8011 0.3388836 0.2618341
Moved 1970.056 461.0715 517.7969 0.2339619 0.3338398
Stationary 1970.067 461.0715 517.7969 0.2339619 0.3338398
Moved 1970.08 438.4493 532.7005 0.1815956 0.372172
Moved 1970.095 423.6343 545.1381 0.1473017 0.4041616
Moved 1970.11 408.5225 556.3343 0.1123205 0.4329585
Moved 1970.126 395.6195 567.8938 0.08245249 0.4626897
Moved 1970.144 382.5956 579.4044 0.05230456 0.4922952
Moved 1970.16 372.4178 588.2133 0.02874494 0.5149519
Moved 1970.174 363.1214 597.8785 0.007225573 0.539811
Moved 1970.187 352.9004 605.4855 -0.01643434 0.5593761
Moved 1970.203 344.1395 612.5505 -0.03671417 0.5775474
Moved 1970.219 338.2628 616.2423 -0.05031749 0.5870428
Moved 1970.234 332.2745 619.3628 -0.06417945 0.5950688
Moved 1970.25 328.1209 622.879 -0.07379413 0.6041126
Moved 1970.265 324.888 624 -0.08127783 0.6069958
Moved 1970.281 323.8713 625.1287 -0.08363132 0.6098988
Moved 1970.296 321.3919 626 -0.08937065 0.6121398
Moved 1970.311 319.9579 626 -0.09268999 0.6121398
Moved 1970.333 317.0747 626 -0.09936412 0.6121398
Stationary 1970.344 317.0747 626 -0.09936412 0.6121398
Moved 1970.358 315.6435 626 -0.102677 0.6121398
Moved 1970.371 312.5893 626 -0.109747 0.6121398
Moved 1970.387 310.1649 615.9066 -0.1153591 0.5861794
Moved 1970.404 305.984 598.936 -0.125037 0.5425308
Moved 1970.419 303.4654 581.4907 -0.1308671 0.4976612
Moved 1970.434 301.7953 563.5441 -0.134733 0.4515022
Moved 1970.45 302 537.9381 -0.1342593 0.3856432
Moved 1970.466 302 518.9349 -0.1342593 0.3367667
Moved 1970.481 302 500.6488 -0.1342593 0.2897345
Moved 1970.511 312.198 474.1092 -0.1106528 0.2214742
Moved 1970.527 315.601 462.7307 -0.1027755 0.1922085
Moved 1970.543 317.9711 453.1736 -0.09728918 0.1676276
Moved 1970.558 320.8439 445.8901 -0.09063905 0.1488943
Ended 1970.573 324 443 -0.08333336 0.1414608
Candidates 1970.723 12 asked sales altered alex skewed failed athletes allowed allies alfred called allied
Began 1971.205 404 371 0.1018518 -0.04372435
Stationary 1971.22 404 371 0.1018518 -0.04372435
Stationary 1971.234 404 371 0.1018518 -0.04372435
Moved 1971.25 398.3377 392.4935 0.08874465 0.01155724
Moved 1971.266 392.5458 417.8768 0.07533749 0.07684357
Moved 1971.281 392 457.7703 0.07407407 0.1794502
Moved 1971.297 392 488.2586 0.07407407 0.2578667
Moved 1971.312 403.5873 511.1746 0.1008965 0.3168069
Ended 1971.329 423 555 0.1458333 0.4295266
Accept 1971.372 0 asked
Began 1971.557 406 438 0.1064815 0.1286007
Stationary 1971.575 406 438 0.1064815 0.1286007
Stationary 1971.59 406 438 0.1064815 0.1286007
Stationary 1971.605 406 438 0.1064815 0.1286007
Stationary 1971.621 406 438 0.1064815 0.1286007
Moved 1971.636 386.2844 445.0142 0.06084343 0.1466415
Moved 1971.653 369.4611 459.2824 0.02190063 0.1833395
Moved 1971.673 338.4295 482.8823 -0.04993175 0.2440388
Stationary 1971.684 338.4295 482.8823 -0.04993175 0.2440388
Moved 1971.698 325.9631 492.7776 -0.0787891 0.2694897
Moved 1971.713 315.521 501.3592 -0.1029606 0.2915616
Moved 1971.729 304.0111 508.993 -0.1296039 0.311196
Moved 1971.745 292.5336 516.1665 -0.1561722 0.3296463
Moved 1971.759 281.0866 524.2756 -0.1826698 0.350503
Moved 1971.776 270.7758 530.2709 -0.2065374 0.365923
Moved 1971.791 263.934 536.7709 -0.2223751 0.382641
Moved 1971.807 252.9656 543.1953 -0.2477647 0.3991648
Moved 1971.821 245.6474 546.5411 -0.2647052 0.4077702
Moved 1971.837 240.1254 550.4373 -0.2774874 0.4177912
Moved 1971.853 235.5356 552.1548 -0.2881121 0.4222087
Moved 1971.868 231.2127 554.5958 -0.2981188 0.428487
Moved 1971.884 226.902 556.0327 -0.3080972 0.4321826
Moved 1971.9 224.7445 557.1277 -0.3130913 0.4349993
Moved 1971.919 223.3945 557.6055 -0.3162163 0.436228
Moved 1971.93 221.9558 559.0442 -0.3195467 0.4399284
Moved 1971.948 222 560.4858 -0.3194444 0.4436361
Moved 1971.961 222 562.8438 -0.3194444 0.4497009
Moved 1971.975 222 565.7286 -0.3194444 0.4571209
Moved 1971.991 233.196 572.7983 -0.2935277 0.4753041
Moved 1972.007 248.9709 579.559 -0.2570119 0.4926926
Moved 1972.022 271.5706 586.7408 -0.2046975 0.5111646
Moved 1972.037 296.8476 589.5629 -0.1461862 0.518423
Moved 1972.054 320.478 591.2173 -0.09148603 0.5226783
Moved 1972.069 347.4587 591 -0.02903069 0.5221192
Moved 1972.084 371.5771 591 0.02679884 0.5221192
Moved 1972.099 392.5 591 0.07523149 0.5221192
Moved 1972.114 407.5733 585.9989 0.1101234 0.5092564
Moved 1972.129 427.7975 581.9003 0.1569387 0.4987147
Moved 1972.144 444.8127 577.5468 0.1963257 0.4875174
Moved 1972.164 459.0945 575.2264 0.2293855 0.4815492
Moved 1972.176 469.5427 573.6368 0.2535711 0.4774607
Moved 1972.193 478.7949 570.2009 0.2749882 0.4686235
Moved 1972.208 487.4278 567.524 0.2949718 0.4617387
Moved 1972.222 493.5 565 0.3090277 0.4552468
Moved 1972.238 498.1714 563.2072 0.3198413 0.4506356
Moved 1972.253 502.6862 560.5425 0.3302921 0.4437821
Moved 1972.269 505.6681 559.3318 0.3371947 0.4406682
Moved 1972.284 508.2137 557.8931 0.3430873 0.4369679
Moved 1972.301 509 557.4544 0.3449074 0.4358394
Moved 1972.315 509.9815 557 0.3471794 0.4346707
Moved 1972.33 510 555.5797 0.3472221 0.4310177
Stationary 1972.348 510 556 0.3472221 0.4320986
Moved 1972.361 499.7049 554.0641 0.3233908 0.4271195
Moved 1972.377 482.4566 554 0.2834644 0.4269547
Moved 1972.399 440.3501 554 0.1859955 0.4269547
Stationary 1972.41 440.3501 554 0.1859955 0.4269547
Moved 1972.422 420.7217 559.5189 0.1405596 0.4411492
Moved 1972.438 403.3623 563.1365 0.1003757 0.4504538
Moved 1972.454 390.5551 565.4075 0.07072926 0.4562949
Moved 1972.47 372.5722 569.1069 0.02910227 0.4658099
Moved 1972.484 356.4838 571.1378 -0.008139312 0.4710334
Moved 1972.501 345.5211 573.5798 -0.03351599 0.4773143
Moved 1972.515 335.8704 575.0185 -0.05585566 0.4810146
Moved 1972.531 331.6279 575 -0.06567608 0.480967
Moved 1972.548 326.3204 576.8932 -0.07796209 0.4858363
Moved 1972.561 324.0063 577 -0.08331864 0.4861111
Moved 1972.577 321.1311 578.4344 -0.0899743 0.4898005
Moved 1972.592 319.1267 578 -0.09461403 0.488683
Stationary 1972.607 319 578 -0.09490739 0.488683
Moved 1972.627 317.2542 578 -0.09894853 0.488683
Moved 1972.638 315.8195 578 -0.1022695 0.488683
Stationary 1972.653 315.8195 578 -0.1022695 0.488683
Moved 1972.67 314.2219 578 -0.1059679 0.488683
Stationary 1972.685 314 578 -0.1064815 0.488683
Moved 1972.703 311.8477 578 -0.1114638 0.488683
Moved 1972.716 309.9957 570.9702 -0.1157506 0.4706023
Moved 1972.731 307.0974 563.7436 -0.1224596 0.4520153
Moved 1972.748 302.3452 552.9204 -0.1334603 0.4241779
Moved 1972.762 298.0297 542.7359 -0.1434499 0.3979832
Moved 1972.778 291.5 528.5 -0.1585648 0.3613682
Moved 1972.794 285.6194 512.6104 -0.1721774 0.3204999
Moved 1972.808 279.7105 493.8092 -0.1858552 0.2721429
Moved 1972.824 274.7307 480.4357 -0.1973826 0.237746
Moved 1972.846 267.7506 461.252 -0.2135402 0.1884051
Stationary 1972.857 267.7506 461.252 -0.2135402 0.1884051
Moved 1972.869 265.9327 454.7307 -0.2177484 0.1716324
Moved 1972.885 264.5027 450.5082 -0.2210585 0.1607721
Moved 1972.902 264 448.8209 -0.2222222 0.1564323
Moved 1972.916 264 446.9787 -0.2222222 0.1516941
Stationary 1972.931 264 447 -0.2222222 0.1517489
Stationary 1972.948 264 447 -0.2222222 0.1517489
Moved 1972.961 279.2346 457.5471 -0.1869569 0.1788761
Moved 1972.977 292.6143 474.9636 -0.1559855 0.2236717
Moved 1972.993 307.1675 492.601 -0.1222974 0.2690354
Moved 1973.008 316.4272 506.5059 -0.100863 0.3047991
Moved 1973.024 330.5187 523.3071 -0.06824379 0.3480119
Moved 1973.039 340.6598 536.134 -0.04476895 0.3810031
Moved 1973.055 347.3546 544.6964 -0.02927179 0.4030257
Moved 1973.074 352.3207 550.3207 -0.01777619 0.4174913
Moved 1973.087 357.0881 555.0881 -0.006740441 0.4297533
Moved 1973.102 360.9445 558.9445 0.002186199 0.4396719
Moved 1973.116 365.2426 561.1213 0.0121357 0.4452708
Moved 1973.131 378.5 567 0.04282405 0.4603909
Moved 1973.149 399.3395 571.8762 0.09106378 0.4729324
Moved 1973.163 421.1429 574.819 0.1415346 0.4805015
Moved 1973.179 441.5923 575.8395 0.1888709 0.4831261
Moved 1973.198 463.2774 576 0.2390681 0.483539
Moved 1973.209 482.677 577 0.2839745 0.4861111
Moved 1973.225 498.6819 577 0.3210229 0.4861111
Moved 1973.24 520.6807 577 0.371946 0.4861111
Moved 1973.256 532.0388 577 0.3982379 0.4861111
Moved 1973.271 542.7903 577 0.4231256 0.4861111
Moved 1973.292 555.9615 577 0.4536147 0.4861111
Stationary 1973.303 555.9615 577 0.4536147 0.4861111
Moved 1973.317 558.852 577 0.4603055 0.4861111
Moved 1973.332 559.5 577 0.4618056 0.4861111
Moved 1973.348 560.9787 577 0.4652284 0.4861111
Moved 1973.363 561 567.106 0.4652777 0.4606633
Moved 1973.379 562.5 568.5 0.46875 0.4642488
Moved 1973.397 562 566.7076 0.4675925 0.4596387
Moved 1973.409 562 562.1014 0.4675925 0.4477917
Moved 1973.425 552.5775 551.5775 0.4457811 0.4207238
Moved 1973.44 543.5 538 0.4247685 0.3858024
Moved 1973.455 520.4453 504.168 0.3714013 0.2987859
Moved 1973.47 492.3567 459.7706 0.3063812 0.1845952
Moved 1973.491 472.4998 427.8844 0.2604163 0.1025833
Moved 1973.504 457.8584 401.7325 0.2265242 0.03532033
Moved 1973.517 449.2489 385.9563 0.2065947 -0.005256472
Moved 1973.532 441.5199 369.1437 0.1887034 -0.04849885
Moved 1973.548 435.6611 358.6569 0.1751414 -0.07547119
Moved 1973.563 432.9225 352.845 0.1688021 -0.09041923
Moved 1973.579 428.1738 344.4344 0.1578096 -0.1120515
Moved 1973.594 423.9445 338.5927 0.1480197 -0.1270763
Moved 1973.611 422.2094 333.4188 0.1440032 -0.1403838
Moved 1973.626 419.5482 330.5482 0.1378431 -0.147767
Moved 1973.641 418.3347 327.6694 0.135034 -0.1551712
Moved 1973.656 416.896 325.896 0.1317036 -0.1597326
Moved 1973.671 415.8429 324.8429 0.129266 -0.1624411
Moved 1973.687 414.3518 321.7037 0.1258145 -0.1705153
Moved 1973.709 412.5 318.5 0.1215278 -0.1787552
Stationary 1973.72 412.5 318.5 0.1215278 -0.1787552
Moved 1973.732 412.0356 317.0356 0.1204528 -0.1825216
Stationary 1973.75 412 317 0.1203704 -0.1826131
Moved 1973.764 411 316 0.1180555 -0.1851853
Moved 1973.779 411 315.0635 0.1180555 -0.1875938
Moved 1973.794 409.6443 315 0.1149173 -0.1877573
Moved 1973.811 410 314 0.1157407 -0.1903292
Stationary 1973.826 410 314 0.1157407 -0.1903292
Ended 1973.841 410 314 0.1157407 -0.1903292
Candidates 1973.915 12 question quotation equation saturation reputation restoration depression rotation repression repeating wisdom artistic
Began 1975.121 425 408 0.150463 0.05144025
Stationary 1975.141 425 408 0.150463 0.05144025
Stationary 1975.152 425 408 0.150463 0.05144025
Stationary 1975.167 425 408 0.150463 0.05144025
Ended 1975.181 425 408 0.150463 0.05144025
NextCandidatePanel 1975.241
Began 1976.165 401 417 0.09490739 0.0745884
Stationary 1976.185 401 417 0.09490739 0.0745884
Ended 1976.201 401 417 0.09490739 0.0745884
NextCandidatePanel 1976.227
Began 1976.876 403 441 0.09953707 0.1363167
Ended 1976.893 403 441 0.09953707 0.1363167
NextCandidatePanel 1976.937
Backspace 1977.924
Began 1980.453 456 477 0.2222222 0.2289094
Stationary 1980.471 456 477 0.2222222 0.2289094
Stationary 1980.486 456 477 0.2222222 0.2289094
Stationary 1980.501 456 477 0.2222222 0.2289094
Stationary 1980.515 456 477 0.2222222 0.2289094
Moved 1980.531 443.4298 477 0.1931245 0.2289094
Moved 1980.547 440.0819 477 0.1853748 0.2289094
Moved 1980.561 435.4901 477 0.1747455 0.2289094
Moved 1980.577 432.3579 477 0.1674952 0.2289094
Moved 1980.599 421.3937 477 0.1421152 0.2289094
Stationary 1980.61 421.3937 477 0.1421152 0.2289094
Moved 1980.623 415.0441 477 0.1274168 0.2289094
Moved 1980.639 409.9189 477 0.1155529 0.2289094
Moved 1980.655 404.1367 477 0.1021682 0.2289094
Moved 1980.67 400.2853 477 0.09325305 0.2289094
Moved 1980.686 397.0284 477 0.08571376 0.2289094
Moved 1980.701 394.1479 477 0.07904619 0.2289094
Moved 1980.716 390.2706 477 0.07007092 0.2289094
Moved 1980.731 387.4005 477 0.06342709 0.2289094
Moved 1980.747 385.2578 477 0.05846719 0.2289094
Moved 1980.762 383.819 477 0.05513658 0.2289094
Moved 1980.781 381.7607 477 0.05037189 0.2289094
Moved 1980.794 380.1888 477 0.04673342 0.2289094
Moved 1980.809 378.8077 477 0.04353632 0.2289094
Moved 1980.822 377.3689 477 0.04020581 0.2289094
Moved 1980.839 375.9332 477 0.03688236 0.2289094
Moved 1980.856 374.4943 477 0.03355155 0.2289094
Stationary 1980.87 374 477 0.03240744 0.2289094
Moved 1980.886 372.6089 486.7377 0.0291872 0.253955
Moved 1980.902 372 487.2389 0.02777775 0.2552439
Moved 1980.917 371.0698 489.8604 0.02562453 0.2619866
Moved 1980.932 371 495.4295 0.025463 0.2763104
Moved 1980.948 370.1991 501.0045 0.023609 0.2906494
Moved 1980.969 369.3253 513.6989 0.02158632 0.3232996
Stationary 1980.979 369.3253 513.6989 0.02158632 0.3232996
Moved 1980.993 369 521.7329 0.02083332 0.3439631
Moved 1981.009 367.5 531.5 0.01736114 0.3690843
Moved 1981.024 366.7542 540.606 0.0156348 0.3925049
Moved 1981.039 364.9415 549.2924 0.01143873 0.4148466
Moved 1981.056 363.5028 559.4802 0.008108318 0.4410498
Moved 1981.07 362.0665 565.6673 0.00478367 0.4569631
Moved 1981.085 360.6242 572.8788 0.001445015 0.4755113
Moved 1981.101 359.1829 579.0853 -0.001891404 0.4914745
Moved 1981.117 357.7493 585.003 -0.005210042 0.5066948
Moved 1981.132 358 587.829 -0.004629641 0.5139635
Moved 1981.152 356.19 592.6201 -0.008819501 0.5262861
Moved 1981.163 356 597.9832 -0.009259283 0.5400802
Moved 1981.179 355 601.0439 -0.01157408 0.5479524
Moved 1981.194 353.8849 604.2302 -0.01415526 0.5561475
Moved 1981.21 354 607.1197 -0.01388888 0.5635793
Moved 1981.225 353.0042 608 -0.01619394 0.5658435
Moved 1981.24 353 609.0623 -0.01620372 0.5685757
Moved 1981.255 352.4872 610.5128 -0.0173908 0.5723066
Moved 1981.271 351.5 611.5 -0.01967594 0.5748456
Moved 1981.286 350.8004 612.1996 -0.02129535 0.576645
Moved 1981.303 350.1704 612 -0.02275363 0.5761316
Moved 1981.317 348.7343 612 -0.02607802 0.5761316
Moved 1981.336 347.294 612 -0.02941196 0.5761316
Moved 1981.348 346.1214 612 -0.0321264 0.5761316
Moved 1981.364 343.4461 612 -0.03831918 0.5761316
Moved 1981.379 342.2827 612 -0.04101237 0.5761316
Moved 1981.394 339.6895 612 -0.0470151 0.5761316
Moved 1981.409 336.8096 612 -0.05368143 0.5761316
Moved 1981.425 333.9345 612 -0.06033679 0.5761316
Moved 1981.442 332.5284 612 -0.06359165 0.5761316
Moved 1981.457 330.3188 605 -0.06870657 0.5581275
Moved 1981.471 328.9871 603.9871 -0.07178907 0.5555223
Moved 1981.487 327.5484 604 -0.07511938 0.5555555
Moved 1981.503 326.1096 603 -0.07844994 0.5529835
Moved 1981.524 324 601.235 -0.08333336 0.548444
Stationary 1981.536 324 601.235 -0.08333336 0.548444
Moved 1981.548 322.7893 601 -0.08613587 0.5478393
Moved 1981.564 321.5 601 -0.08912037 0.5478393
Moved 1981.58 321 600 -0.09027779 0.5452674
Moved 1981.595 319.8476 600 -0.09294545 0.5452674
Moved 1981.61 319 599.4083 -0.09490739 0.5437455
Moved 1981.626 317.9731 599 -0.09728447 0.5426954
Moved 1981.642 316.5341 599 -0.1006155 0.5426954
Moved 1981.657 316.0923 599 -0.1016381 0.5426954
Stationary 1981.672 316 599 -0.1018519 0.5426954
Moved 1981.694 314.6591 599 -0.1049557 0.5426954
Stationary 1981.704 314.6591 599 -0.1049557 0.5426954
Moved 1981.718 313.6699 599 -0.1072456 0.5426954
Moved 1981.734 314 598 -0.1064815 0.5401233
Moved 1981.749 312.7836 598 -0.1092972 0.5401233
Stationary 1981.764 313 598 -0.1087963 0.5401233
Moved 1981.78 311.9105 598 -0.1113183 0.5401233
Stationary 1981.795 312 598 -0.1111111 0.5401233
Stationary 1981.81 312 598 -0.1111111 0.5401233
Moved 1981.825 310.9471 598 -0.1135483 0.5401233
Stationary 1981.843 311 598 -0.113426 0.5401233
Stationary 1981.863 311 598 -0.113426 0.5401233
Stationary 1981.873 311 598 -0.113426 0.5401233
Moved 1981.887 309.5 598 -0.1168982 0.5401233
Stationary 1981.903 309.5 598 -0.1168982 0.5401233
Stationary 1981.918 309.5 598 -0.1168982 0.5401233
Moved 1981.936 310 598 -0.1157407 0.5401233
Moved 1981.95 308.7493 598 -0.1186358 0.5401233
Stationary 1981.964 309 598 -0.1180555 0.5401233
Stationary 1981.98 309 598 -0.1180555 0.5401233
Stationary 1981.995 309 598 -0.1180555 0.5401233
Stationary 1982.01 309 598 -0.1180555 0.5401233
Stationary 1982.03 309 598 -0.1180555 0.5401233
Moved 1982.041 308.4528 598 -0.1193222 0.5401233
Moved 1982.056 307.5 598 -0.1215278 0.5401233
Stationary 1982.071 307.5 598 -0.1215278 0.5401233
Stationary 1982.086 307.5 598 -0.1215278 0.5401233
Stationary 1982.105 307.5 598 -0.1215278 0.5401233
Stationary 1982.118 307.5 598 -0.1215278 0.5401233
Moved 1982.133 308 598 -0.1203704 0.5401233
Stationary 1982.148 308 598 -0.1203704 0.5401233
Stationary 1982.164 308 598 -0.1203704 0.5401233
Stationary 1982.179 308 598 -0.1203704 0.5401233
Stationary 1982.201 308 598 -0.1203704 0.5401233
Stationary 1982.211 308 598 -0.1203704 0.5401233
Stationary 1982.226 308 598 -0.1203704 0.5401233
Stationary 1982.241 308 598 -0.1203704 0.5401233
Stationary 1982.257 308 598 -0.1203704 0.5401233
Stationary 1982.271 308 598 -0.1203704 0.5401233
Moved 1982.287 306.7508 598 -0.123262 0.5401233
Stationary 1982.304 307 598 -0.1226852 0.5401233
Moved 1982.319 305.2649 598 -0.1267017 0.5401233
Moved 1982.334 303.8242 598 -0.1300365 0.5401233
Moved 1982.355 295.9076 598 -0.148362 0.5401233
Stationary 1982.366 295.9076 598 -0.148362 0.5401233
Moved 1982.381 291.5938 598 -0.1583476 0.5401233
Moved 1982.396 287.2777 598 -0.1683386 0.5401233
Moved 1982.411 283.9801 598 -0.175972 0.5401233
Moved 1982.427 279.6539 598 -0.1859863 0.5401233
Moved 1982.442 277.2244 598 -0.1916102 0.5401233
Moved 1982.458 274.9627 598 -0.1968456 0.5401233
Moved 1982.473 273.537 598 -0.2001458 0.5401233
Moved 1982.488 271.0982 598 -0.2057911 0.5401233
Moved 1982.51 268.2293 598 -0.2124321 0.5401233
Stationary 1982.52 268.2293 598 -0.2124321 0.5401233
Stationary 1982.533 268 598 -0.212963 0.5401233
Moved 1982.549 267 598 -0.2152778 0.5401233
Stationary 1982.565 267 598 -0.2152778 0.5401233
Stationary 1982.58 267 598 -0.2152778 0.5401233
Stationary 1982.595 267 598 -0.2152778 0.5401233
Moved 1982.611 274.2451 606.2801 -0.1985068 0.5614198
Moved 1982.627 279.9999 608.9999 -0.1851854 0.5684153
Moved 1982.643 296.3878 609.9443 -0.1472503 0.5708444
Moved 1982.664 329.5 610 -0.07060184 0.5709876
Stationary 1982.675 329.5 610 -0.07060184 0.5709876
Moved 1982.688 355.6352 603.4154 -0.01010373 0.5540519
Moved 1982.705 379.1339 600.2333 0.04429132 0.5458674
Moved 1982.72 400.2724 597.1818 0.09322305 0.538019
Moved 1982.735 419.2935 593.2399 0.1372536 0.5278804
Moved 1982.753 438.2668 591.3111 0.1811733 0.5229194
Moved 1982.766 455.3953 589.8837 0.2208224 0.5192482
Moved 1982.781 472 585.5 0.2592593 0.5079731
Moved 1982.797 479.1596 585.3156 0.2758323 0.5074989
Moved 1982.816 490.9304 582.7674 0.3030796 0.5009449
Moved 1982.828 500.3533 582 0.3248919 0.4989711
Moved 1982.844 508.9861 582 0.3448752 0.4989711
Moved 1982.859 516.1214 582 0.3613921 0.4989711
Moved 1982.874 521.4964 582 0.3738343 0.4989711
Moved 1982.89 525.8972 580.7009 0.3840213 0.4956298
Moved 1982.906 530.1467 581 0.393858 0.496399
Moved 1982.921 532.8267 581 0.4000618 0.496399
Moved 1982.935 535.5309 581 0.4063215 0.496399
Moved 1982.953 536.7051 581 0.4090396 0.496399
Stationary 1982.97 537 581 0.4097222 0.496399
Stationary 1982.982 537 581 0.4097222 0.496399
Stationary 1982.996 537 581 0.4097222 0.496399
Stationary 1983.012 537 581 0.4097222 0.496399
Stationary 1983.029 537 581 0.4097222 0.496399
Moved 1983.044 537 578.9654 0.4097222 0.491166
Moved 1983.059 525.1116 577.5139 0.3822027 0.4874328
Moved 1983.074 524.272 575.1813 0.3802592 0.4814334
Moved 1983.09 518.577 572.2885 0.3670763 0.473993
Moved 1983.104 512.8455 571.2114 0.3538091 0.4712225
Moved 1983.124 508.3312 569.1656 0.3433593 0.4659607
Moved 1983.136 501.3404 567.6681 0.3271767 0.4621091
Moved 1983.152 495.9236 566 0.314638 0.4578188
Moved 1983.167 489.0086 563.6035 0.298631 0.4516549
Moved 1983.183 482.4217 562.3554 0.2833834 0.4484449
Moved 1983.198 474.5184 559.8395 0.2650889 0.4419738
Moved 1983.212 467.5 560 0.2488426 0.4423867
Moved 1983.233 460.8103 559.3017 0.2333571 0.4405906
Moved 1983.244 453.8545 559 0.2172556 0.4398148
Moved 1983.259 446.6613 559 0.200605 0.4398148
Moved 1983.278 439.4674 558 0.1839524 0.4372427
Moved 1983.29 433.6496 556.6624 0.1704851 0.4338024
Moved 1983.305 427.648 556.216 0.1565926 0.4326542
Moved 1983.32 422.0954 556 0.1437393 0.4320986
Moved 1983.336 420 554.5 0.1388889 0.4282407
Moved 1983.353 415.6823 555 0.1288943 0.4295266
Moved 1983.367 411.3764 555 0.1189269 0.4295266
Moved 1983.383 408.0499 554.35 0.1112265 0.4278547
Moved 1983.399 404.8223 554 0.1037553 0.4269547
Moved 1983.414 400.9476 554 0.09478609 0.4269547
Moved 1983.435 395.1908 552.5954 0.08146027 0.423342
Stationary 1983.448 395.1908 552.5954 0.08146027 0.423342
Moved 1983.461 393.2736 553 0.07702221 0.4243826
Moved 1983.476 390.1468 553 0.06978422 0.4243826
Moved 1983.49 387.2539 551.627 0.06308775 0.4208512
Moved 1983.506 385.3875 552 0.0587675 0.4218106
Moved 1983.521 383.758 550.758 0.05499532 0.4186161
Moved 1983.536 380.6333 551 0.04776219 0.4192385
Moved 1983.552 378.8834 551 0.04371146 0.4192385
Moved 1983.572 377.8152 551 0.04123886 0.4192385
Moved 1983.583 375.6087 551 0.03613114 0.4192385
Moved 1983.599 372.744 549.872 0.02950013 0.4163374
Moved 1983.614 371.4313 550 0.02646138 0.4166666
Moved 1983.629 369.9966 550 0.02314031 0.4166666
Moved 1983.644 367.1241 550 0.01649112 0.4166666
Moved 1983.659 366.1223 550 0.0141721 0.4166666
Moved 1983.675 364.0333 550 0.009336272 0.4166666
Moved 1983.691 362.5836 550 0.005980432 0.4166666
Moved 1983.71 360.2945 550 0.0006816784 0.4166666
Moved 1983.722 358.7052 550 -0.00299722 0.4166666
Moved 1983.738 357.2694 550 -0.006320824 0.4166666
Moved 1983.753 355.8314 550 -0.009649645 0.4166666
Stationary 1983.768 355.8314 550 -0.009649645 0.4166666
Moved 1983.783 354.6266 550 -0.01243845 0.4166666
Stationary 1983.8 354.6266 550 -0.01243845 0.4166666
Moved 1983.813 354 550 -0.01388888 0.4166666
Stationary 1983.83 354 550 -0.01388888 0.4166666
Moved 1983.852 354 557 -0.01388888 0.4346707
Stationary 1983.863 354 557 -0.01388888 0.4346707
Moved 1983.875 354 558.3187 -0.01388888 0.4380623
Stationary 1983.891 354 558 -0.01388888 0.4372427
Moved 1983.906 375.4884 538.7635 0.03585289 0.3877661
Moved 1983.922 394.0318 514.7277 0.07877727 0.3259456
Moved 1983.938 413.4973 485.0047 0.1238362 0.2494976
Moved 1983.954 427.6965 461.1724 0.156705 0.1882006
Moved 1983.969 440.3911 433.7086 0.1860906 0.1175631
Moved 1983.988 450.462 412.076 0.2094028 0.06192376
Moved 1984 459 392 0.2291666 0.01028803
Moved 1984.015 462.9371 381.3636 0.2382803 -0.01706889
Moved 1984.03 469.1161 365.7097 0.2525837 -0.05733121
Moved 1984.045 474.8712 351.3221 0.2659056 -0.0943362
Moved 1984.061 476.8084 344.5748 0.2703898 -0.1116903
Moved 1984.076 481.0271 334.6035 0.2801552 -0.1373367
Moved 1984.091 484.561 324.3169 0.2883357 -0.163794
Moved 1984.11 487.4329 314.4849 0.2949836 -0.1890821
Moved 1984.126 489.5434 312.1849 0.299869 -0.1949978
Moved 1984.14 490.7925 304.0374 0.3027605 -0.2159533
Moved 1984.153 492.2348 299.2955 0.3060992 -0.2281493
Moved 1984.168 493.6729 296.6543 0.3094279 -0.2349428
Moved 1984.184 494 294.8884 0.3101851 -0.2394847
Moved 1984.202 495.5488 293.4512 0.3137704 -0.2431812
Moved 1984.215 496 292.0109 0.3148148 -0.2468856
Moved 1984.231 497.0709 290.9291 0.3172937 -0.2496678
Moved 1984.247 498 290.4681 0.3194444 -0.2508538
Stationary 1984.265 498 290 0.3194444 -0.2520577
Moved 1984.276 499.4079 290 0.3227034 -0.2520577
Moved 1984.293 499.8471 290 0.3237202 -0.2520577
Stationary 1984.308 500 290 0.324074 -0.2520577
Moved 1984.322 501 306.5175 0.3263889 -0.2095743
Moved 1984.338 501 320.9301 0.3263889 -0.1725051
Moved 1984.355 501 339.0353 0.3263889 -0.1259381
Moved 1984.37 491.3123 364.7507 0.3039637 -0.05979749
Moved 1984.386 486.6747 387.735 0.2932284 -0.0006816612
Moved 1984.406 471.0652 445.7391 0.2570954 0.148506
Stationary 1984.417 471.0652 445.7391 0.2570954 0.148506
Moved 1984.431 463.8808 471.6292 0.2404647 0.2150957
Moved 1984.447 457 494 0.2245371 0.2726337
Moved 1984.462 444.2225 521.5328 0.1949594 0.3434485
Moved 1984.479 435.4774 540.4656 0.1747162 0.392144
Moved 1984.495 428.8612 554.1342 0.1594009 0.4272996
Moved 1984.509 422.8535 563.7198 0.1454941 0.4519541
Moved 1984.523 417.8018 574.3964 0.1338005 0.4794144
Moved 1984.547 406 593.5 0.1064815 0.5285493
Stationary 1984.557 406 593.5 0.1064815 0.5285493
Moved 1984.569 402.6086 599.087 0.09863108 0.5429193
Moved 1984.585 399.7377 603.3934 0.09198546 0.5539952
Moved 1984.604 398.4313 605.5687 0.08896133 0.5595902
Moved 1984.616 397.0135 606 0.0856794 0.5606995
Moved 1984.631 397 607.4415 0.0856481 0.564407
Stationary 1984.646 397 607.4415 0.0856481 0.564407
Stationary 1984.662 397 607 0.0856481 0.5632715
Stationary 1984.681 397 607 0.0856481 0.5632715
Moved 1984.694 412.1729 607 0.1207705 0.5632715
Moved 1984.709 432.8492 589.4971 0.1686325 0.5182539
Moved 1984.724 461.4521 574.1836 0.2348427 0.4788671
Moved 1984.739 484.1188 560.1287 0.2873121 0.4427178
Moved 1984.754 508.1546 544.1149 0.3429505 0.40153
Moved 1984.77 527.1921 532.2664 0.3870188 0.3710554
Moved 1984.785 542.5068 520.0303 0.4224696 0.3395841
Moved 1984.801 554.097 511.5858 0.4492987 0.3178646
Moved 1984.82 561.6491 503.2211 0.4667804 0.2963504
Moved 1984.832 566.6667 498.7777 0.4783951 0.284922
Moved 1984.847 568.9976 494.0071 0.4837908 0.2726519
Moved 1984.863 571.8619 488.2763 0.490421 0.2579122
Moved 1984.878 571 479.8965 0.4884259 0.2363591
Moved 1984.893 571 474.2217 0.4884259 0.2217635
Moved 1984.908 559.9558 461.5753 0.4628606 0.1892368
Moved 1984.925 526.6068 446.6584 0.3856639 0.1508704
Moved 1984.94 488.2378 443.7496 0.2968467 0.1433888
Moved 1984.959 454.9176 461.197 0.2197166 0.1882637
Moved 1984.971 433.1927 476.42 0.1694275 0.2274178
Moved 1984.986 420 491.5 0.1388889 0.2662036
Moved 1985.001 413.2455 501.2563 0.1232535 0.2912971
Moved 1985.017 404.2039 518.5922 0.1023238 0.3358853
Moved 1985.032 399.3404 530.4256 0.09106576 0.3663209
Moved 1985.048 395.0367 540.9142 0.08110355 0.3932978
Moved 1985.063 392.142 551.003 0.07440279 0.4192463
Moved 1985.078 391.1413 559.0107 0.07208645 0.4398423
Moved 1985.099 389.6958 566.5209 0.06874035 0.4591586
Moved 1985.11 390 569.5 0.06944448 0.4668209
Ended 1985.125 390 574 0.06944448 0.478395
Candidates 1985.353 12 frequently quantify requirement sequencing strengths retirement quantity requirements depending dependent whenever defending
Began 1985.922 386 414 0.06018519 0.06687239
Stationary 1985.944 386 414 0.06018519 0.06687239
Moved 1985.957 386 425.5966 0.06018519 0.09669904
Moved 1985.973 382.1362 441.9354 0.05124132 0.1387227
Moved 1985.994 378.0109 467.8039 0.04169186 0.2052568
Moved 1986.005 376.5843 494.8992 0.03838946 0.2749465
Moved 1986.018 377 521.5476 0.03935188 0.3434866
Moved 1986.034 377 543.0069 0.03935188 0.3986802
Moved 1986.05 401.6084 580.6364 0.09631584 0.4954639
Ended 1986.065 401.6084 580.6364 0.09631584 0.4954639
Accept 1986.094 0 frequently
Began 1986.357 406 459 0.1064815 0.1826131
Stationary 1986.379 406 459 0.1064815 0.1826131
Stationary 1986.39 406 459 0.1064815 0.1826131
Stationary 1986.404 406 459 0.1064815 0.1826131
Moved 1986.419 391.5783 459 0.07309805 0.1826131
Moved 1986.435 381.5765 459 0.04994571 0.1826131
Moved 1986.451 365.6267 459 0.01302481 0.1826131
Moved 1986.466 352.0207 459 -0.01847063 0.1826131
Moved 1986.481 340.4034 459 -0.04536241 0.1826131
Moved 1986.504 311.0865 466 -0.1132257 0.2006171
Stationary 1986.515 311.0865 466 -0.1132257 0.2006171
Moved 1986.527 297.6808 467 -0.1442573 0.2031892
Moved 1986.543 282.2108 468.0718 -0.1800676 0.2059459
Moved 1986.56 270.9236 469 -0.2061954 0.2083333
Moved 1986.574 260.3541 469.941 -0.2306618 0.2107535
Moved 1986.589 254.9461 470 -0.2431803 0.2109053
Moved 1986.604 246.7469 471 -0.2621599 0.2134772
Moved 1986.625 237.0157 472.3281 -0.284686 0.2168932
Stationary 1986.636 237.0157 472.3281 -0.284686 0.2168932
Moved 1986.653 236.236 473 -0.2864908 0.2186213
Moved 1986.665 234.8006 474.1993 -0.2898133 0.221706
Stationary 1986.68 234.8006 474.1993 -0.2898133 0.221706
Moved 1986.697 235 477.6266 -0.2893518 0.230521
Moved 1986.713 235 480.4033 -0.2893518 0.2376628
Moved 1986.728 248.9941 486.8149 -0.256958 0.2541536
Moved 1986.75 310.8449 496 -0.113785 0.2777777
Stationary 1986.761 310.8449 496 -0.113785 0.2777777
Moved 1986.774 357.3644 496 -0.006100982 0.2777777
Moved 1986.79 398.1671 482.0117 0.08834988 0.2417996
Moved 1986.806 415.5 481.5 0.1284723 0.2404835
Moved 1986.82 438.1609 473.613 0.180928 0.2201981
Moved 1986.835 464.4551 470.2828 0.2417942 0.2116326
Moved 1986.852 492.0584 469 0.3056909 0.2083333
Moved 1986.872 527.9872 467.3348 0.3888593 0.2040503
Stationary 1986.883 527.9872 467.3348 0.3888593 0.2040503
Moved 1986.898 542.0618 465.8938 0.4214394 0.200344
Moved 1986.913 551.5 466 0.443287 0.2006171
Moved 1986.928 555.7536 466 0.4531334 0.2006171
Moved 1986.944 559.2313 466 0.4611835 0.2006171
Moved 1986.959 563.121 466 0.4701875 0.2006171
Moved 1986.975 565.0005 466 0.4745382 0.2006171
Moved 1986.996 566 466 0.4768519 0.2006171
Stationary 1987.006 566 466 0.4768519 0.2006171
Stationary 1987.021 566 466 0.4768519 0.2006171
Moved 1987.035 566 476.4044 0.4768519 0.2273775
Moved 1987.051 556.6873 486.6195 0.4552945 0.2536509
Moved 1987.067 546.028 499.5355 0.4306203 0.2868711
Moved 1987.083 536.6799 508.3201 0.4089813 0.3094651
Moved 1987.099 525.7422 518.1006 0.3836625 0.3346208
Moved 1987.117 512.4633 528.9424 0.3529242 0.3625062
Moved 1987.129 500.7563 538.174 0.3258249 0.3862499
Moved 1987.145 491.3032 545.5419 0.3039426 0.4052003
Moved 1987.161 477 558.5 0.2708333 0.4385287
Moved 1987.175 463.2009 567.8438 0.2388909 0.462561
Moved 1987.19 444.4275 580.8578 0.1954341 0.4960335
Moved 1987.208 433.2558 588.1628 0.1695736 0.5148218
Moved 1987.227 405.1096 602.9453 0.1044203 0.5528426
Moved 1987.245 394.988 607.5609 0.0809908 0.564714
Moved 1987.258 379.8871 616.981 0.04603495 0.5889427
Stationary 1987.268 379.8871 616.981 0.04603495 0.5889427
Moved 1987.282 365.0746 621.882 0.01174688 0.6015481
Moved 1987.299 350.3663 628.8168 -0.02230014 0.6193848
Moved 1987.314 339.8123 632.1965 -0.04673083 0.6280772
Moved 1987.329 329.7156 636.1219 -0.07010271 0.6381735
Moved 1987.345 321.1502 638.95 -0.08992999 0.6454473
Moved 1987.365 313.007 641.9976 -0.10878 0.6532859
Stationary 1987.377 313.007 641.9976 -0.10878 0.6532859
Moved 1987.39 307.2545 643.4364 -0.1220962 0.6569866
Moved 1987.406 302.3821 644.8726 -0.1333747 0.6606804
Moved 1987.424 299.3778 645 -0.1403291 0.6610081
Moved 1987.436 297.2502 645.7498 -0.1452541 0.6629364
Moved 1987.453 295.8149 646 -0.1485766 0.6635801
Moved 1987.468 293 646 -0.1550926 0.6635801
Moved 1987.487 292.2416 646 -0.1568481 0.6635801
Moved 1987.5 289.5989 646 -0.1629654 0.6635801
Moved 1987.514 286.7154 641.5039 -0.1696403 0.6520161
Moved 1987.529 282.7506 633.5843 -0.1788181 0.6316468
Moved 1987.546 278.4557 624.3965 -0.1887601 0.6080155
Moved 1987.561 274.1352 606.676 -0.1987611 0.562438
Moved 1987.576 272.5984 594.787 -0.2023185 0.5318596
Moved 1987.593 271.6302 573.3442 -0.2045597 0.4767082
Moved 1987.61 272 552.9956 -0.2037037 0.4243713
Moved 1987.622 272 536.8574 -0.2037037 0.3828635
Moved 1987.637 277.6709 525.3291 -0.1905767 0.3532126
Moved 1987.654 281.5038 513.9848 -0.1817041 0.3240349
Moved 1987.667 283.6852 506.5742 -0.1766548 0.3049748
Moved 1987.683 286.2654 499.3365 -0.1706819 0.2863592
Moved 1987.7 287.1412 495.4354 -0.1686547 0.2763255
Ended 1987.714 292 492 -0.1574074 0.2674896
Candidates 1987.913 12 allies allowed allows altered sales allied skies shows showed asked slowed shoes
Began 1989.375 369 515 0.02083332 0.326646
Stationary 1989.396 369 515 0.02083332 0.326646
Stationary 1989.411 369 515 0.02083332 0.326646
Stationary 1989.424 369 515 0.02083332 0.326646
Ended 1989.439 369 515 0.02083332 0.326646
NextCandidatePanel 1989.501
Began 1990.611 377 469 0.03935188 0.2083333
Stationary 1990.628 377 469 0.03935188 0.2083333
Stationary 1990.643 377 469 0.03935188 0.2083333
Stationary 1990.658 377 469 0.03935188 0.2083333
Ended 1990.674 377 469 0.03935188 0.2083333
NextCandidatePanel 1990.732
Began 1991.905 394 457 0.07870366 0.1774691
Stationary 1991.923 394 457 0.07870366 0.1774691
Stationary 1991.937 394 457 0.07870366 0.1774691
Moved 1991.953 373.1469 457 0.03043264 0.1774691
Moved 1991.969 359.6539 457 -0.0008011361 0.1774691
Moved 1991.985 341.9231 457 -0.0418446 0.1774691
Moved 1992 321.7245 457 -0.08860067 0.1774691
Moved 1992.016 300.224 457 -0.1383704 0.1774691
Ended 1992.036 266 457 -0.2175926 0.1774691
Accept 1992.091 9 asked
Began 1992.399 413 410 0.1226852 0.05658428
Stationary 1992.417 413 410 0.1226852 0.05658428
Stationary 1992.431 413 410 0.1226852 0.05658428
Stationary 1992.45 413 410 0.1226852 0.05658428
Moved 1992.461 397.9851 418.0297 0.08792857 0.07723682
Moved 1992.477 388.3282 426.1942 0.06557454 0.09823594
Moved 1992.498 377.6245 434.0316 0.04079739 0.1183939
Moved 1992.51 365.0296 444.8626 0.01164258 0.1462514
Moved 1992.523 355.7554 451.968 -0.00982538 0.1645267
Moved 1992.539 340.6183 467.3818 -0.04486516 0.2041712
Moved 1992.555 329.5036 476.3723 -0.0705936 0.227295
Moved 1992.571 321.0366 486.4573 -0.090193 0.2532337
Moved 1992.585 312.4276 493.5724 -0.1101214 0.271534
Moved 1992.607 297.0249 506.3851 -0.1457756 0.3044883
Stationary 1992.618 297.0249 506.3851 -0.1457756 0.3044883
Moved 1992.631 290.3304 510.7797 -0.1612721 0.3157914
Moved 1992.646 283.1595 516.4724 -0.1778716 0.3304331
Moved 1992.662 276.7973 521.402 -0.1925988 0.3431122
Moved 1992.678 271.0558 525.7082 -0.2058894 0.3541876
Moved 1992.694 265.6308 530.0215 -0.2184473 0.3652816
Moved 1992.715 256.3689 537.0874 -0.2398867 0.3834552
Stationary 1992.726 256.3689 537.0874 -0.2398867 0.3834552
Moved 1992.74 252.6385 539.5743 -0.248522 0.3898516
Moved 1992.757 248.5327 541.1558 -0.2580262 0.3939191
Moved 1992.769 244.8136 544.1863 -0.2666351 0.4017137
Moved 1992.786 240.8907 548.1093 -0.275716 0.4118037
Moved 1992.802 238.518 549.482 -0.2812083 0.4153343
Moved 1992.821 235.2571 551.8286 -0.2887568 0.4213698
Moved 1992.833 233.6346 553.3654 -0.2925126 0.4253224
Moved 1992.847 231 554.5 -0.2986111 0.4282407
Moved 1992.863 229.2668 554.8666 -0.3026232 0.4291836
Moved 1992.879 227.6933 556.3068 -0.3062656 0.4328877
Moved 1992.894 226.2552 556.7448 -0.3095944 0.4340143
Moved 1992.909 224.8157 558.1843 -0.3129266 0.4377168
Moved 1992.929 224.3777 559.6223 -0.3139404 0.4414152
Moved 1992.941 224 561.0616 -0.3148148 0.4451171
Moved 1992.956 224 562.5 -0.3148148 0.4488167
Moved 1992.971 224 563.6208 -0.3148148 0.4516996
Moved 1992.986 224 565.0632 -0.3148148 0.4554095
Moved 1993.001 248.0867 568.0124 -0.2590586 0.4629947
Moved 1993.018 277.7128 569 -0.1904797 0.4655349
Moved 1993.037 317.8218 569 -0.09763479 0.4655349
Moved 1993.049 363.1885 560.761 0.007380843 0.4443441
Moved 1993.063 399.2494 553.9584 0.09085497 0.4268477
Moved 1993.079 416.9375 551.2204 0.1317999 0.4198055
Moved 1993.094 436.4864 548.4189 0.1770517 0.4126001
Moved 1993.11 450.0814 546.7687 0.2085217 0.4083557
Moved 1993.125 459.6801 545.3314 0.230741 0.4046589
Moved 1993.145 467.5281 543.8944 0.2489076 0.4009629
Moved 1993.157 473 544 0.2615741 0.4012345
Moved 1993.171 476.978 544 0.2707824 0.4012345
Moved 1993.186 480.279 544 0.2784235 0.4012345
Moved 1993.203 483 542.5 0.2847222 0.3973764
Moved 1993.218 483.9751 543 0.2869793 0.3986624
Moved 1993.233 485.4035 543 0.2902859 0.3986624
Moved 1993.253 486.5 541.5 0.2928241 0.3948044
Moved 1993.264 487.1453 542 0.2943178 0.3960905
Stationary 1993.278 487 542 0.2939814 0.3960905
Stationary 1993.297 487 542 0.2939814 0.3960905
Moved 1993.31 487 541 0.2939814 0.3935184
Moved 1993.326 487 539.291 0.2939814 0.3891229
Moved 1993.342 476.7459 537.8607 0.2702453 0.385444
Moved 1993.363 444.6464 536 0.1959406 0.3806583
Stationary 1993.375 444.6464 536 0.1959406 0.3806583
Moved 1993.387 428.8796 536 0.1594434 0.3806583
Moved 1993.405 414.0413 536 0.1250955 0.3806583
Moved 1993.418 398.2116 536 0.08845289 0.3806583
Moved 1993.433 383.8143 536 0.05512575 0.3806583
Moved 1993.45 369.2604 536 0.02143602 0.3806583
Moved 1993.468 352.3537 546.4308 -0.01769975 0.4074866
Moved 1993.479 341.0552 546.7431 -0.04385376 0.4082897
Moved 1993.495 329.5333 548.1833 -0.07052486 0.4119941
Moved 1993.51 322 548 -0.08796295 0.4115225
Moved 1993.526 311.4014 549.7332 -0.1124967 0.4159803
Moved 1993.541 300.8097 551.17 -0.1370147 0.4196759
Moved 1993.556 291.3086 552 -0.1590079 0.4218106
Moved 1993.576 281.604 552 -0.1814722 0.4218106
Moved 1993.588 275.0132 552 -0.1967287 0.4218106
Moved 1993.603 270.1974 552 -0.2078764 0.4218106
Moved 1993.618 264.5188 552 -0.2210214 0.4218106
Moved 1993.633 263.3283 552 -0.2237771 0.4218106
Moved 1993.649 261.1098 552 -0.2289124 0.4218106
Moved 1993.664 258.3475 553.3263 -0.2353068 0.4252219
Moved 1993.684 257.2348 553 -0.2378823 0.4243826
Moved 1993.698 255.8089 554.191 -0.241183 0.427446
Stationary 1993.71 255.8089 554.191 -0.241183 0.427446
Moved 1993.725 253.9596 555.0404 -0.2454639 0.4296306
Stationary 1993.745 253.9596 555.0404 -0.2454639 0.4296306
Moved 1993.764 251.9712 555 -0.2500667 0.4295266
Stationary 1993.774 251.9712 555 -0.2500667 0.4295266
Moved 1993.792 250.5038 555 -0.2534634 0.4295266
Moved 1993.804 249.0648 555 -0.2567944 0.4295266
Moved 1993.818 247.6223 555 -0.2601336 0.4295266
Moved 1993.832 244.3658 541.0972 -0.2676719 0.3937685
Moved 1993.853 242.1146 531.5156 -0.2728829 0.3691245
Moved 1993.868 239.2908 518.8085 -0.2794195 0.3364416
Moved 1993.881 238.2029 502.6382 -0.2819376 0.2948512
Moved 1993.9 236.7595 488.8354 -0.2852789 0.2593502
Moved 1993.91 237 472.953 -0.2847222 0.2185004
Moved 1993.925 237 458.9127 -0.2847222 0.1823886
Moved 1993.942 237 447.1163 -0.2847222 0.1520479
Moved 1993.957 237 437.4801 -0.2847222 0.1272635
Moved 1993.972 237 425.4297 -0.2847222 0.09626988
Moved 1993.987 237 417.0397 -0.2847222 0.07469055
Moved 1994.008 237 411.2601 -0.2847222 0.0598252
Moved 1994.019 237 406.879 -0.2847222 0.04855697
Moved 1994.033 244 401.5642 -0.2685185 0.03488733
Moved 1994.048 245.2477 398.5046 -0.2656303 0.02701806
Moved 1994.071 246.7988 394.2012 -0.2620399 0.01594959
Stationary 1994.081 246.7988 394.2012 -0.2620399 0.01594959
Moved 1994.097 247 392.7595 -0.2615741 0.01224149
Moved 1994.114 248.6729 392 -0.2577017 0.01028803
Moved 1994.127 251.2359 392 -0.2517686 0.01028803
Moved 1994.142 256.8593 395.8593 -0.2387517 0.02021409
Moved 1994.157 267.9126 406.9126 -0.2131653 0.04864351
Moved 1994.172 278.0519 419.9239 -0.1896947 0.08210873
Moved 1994.188 284.6851 429.8359 -0.1743401 0.1076025
Moved 1994.205 294.6955 446.5433 -0.1511678 0.1505742
Moved 1994.223 303.3037 462.2235 -0.1312413 0.190904
Moved 1994.234 309.9773 472.466 -0.1157932 0.2172479
Moved 1994.25 316.073 484.1461 -0.1016828 0.2472891
Moved 1994.265 323.5012 494.2014 -0.084488 0.2731518
Moved 1994.281 330.6699 502.8039 -0.06789376 0.2952774
Moved 1994.297 337.2336 509.2336 -0.05269999 0.3118148
Moved 1994.31 345.5251 519.2302 -0.03350665 0.3375261
Moved 1994.329 355.0009 529.0009 -0.01157209 0.3626564
Moved 1994.341 368.8572 541.6858 0.0205029 0.3952823
Moved 1994.359 382.2361 551.1574 0.05147249 0.4196435
Moved 1994.374 399.6631 563.8315 0.09181271 0.4522415
Moved 1994.39 412.9507 569.5803 0.122571 0.4670274
Moved 1994.405 421.9862 573.9931 0.1434867 0.4783773
Moved 1994.42 437.7548 576.8645 0.179988 0.4857626
Moved 1994.439 448.9612 580.7403 0.2059287 0.4957311
Moved 1994.452 461.7741 582.3082 0.2355882 0.4997639
Moved 1994.467 473.2137 582 0.2620688 0.4989711
Moved 1994.482 483.3514 582 0.2855355 0.4989711
Moved 1994.496 493.3857 582 0.3087632 0.4989711
Moved 1994.513 502.2195 582 0.329212 0.4989711
Moved 1994.528 514.2094 582 0.356966 0.4989711
Moved 1994.549 526.0238 582 0.3843144 0.4989711
Moved 1994.559 536.1033 582 0.4076466 0.4989711
Moved 1994.574 549.0446 582 0.4376033 0.4989711
Moved 1994.59 558.3213 575.7918 0.459077 0.4830035
Moved 1994.605 566.9516 575 0.4790546 0.480967
Moved 1994.62 572.5 575 0.4918982 0.480967
Moved 1994.635 576.6179 574 0.5014303 0.478395
Moved 1994.657 584.2689 573 0.5191409 0.4758229
Stationary 1994.667 584.2689 573 0.5191409 0.4758229
Moved 1994.682 587.3806 573 0.5263439 0.4758229
Moved 1994.698 589.2603 571.3699 0.5306952 0.4716302
Moved 1994.712 591.0628 568.8743 0.5348676 0.4652117
Moved 1994.728 592.5 567.5 0.5381944 0.4616768
Moved 1994.746 593 565.8195 0.5393519 0.4573546
Moved 1994.762 594.0173 562.9653 0.5417067 0.4500134
Moved 1994.774 594 557.129 0.5416667 0.4350026
Moved 1994.789 594 547.7478 0.5416667 0.4108739
Moved 1994.805 581.8929 533.5477 0.5136409 0.3743509
Moved 1994.82 570.1702 512.4724 0.4865051 0.3201448
Moved 1994.836 548.426 477.1921 0.4361712 0.2294036
Moved 1994.851 526.5334 440.9802 0.3854941 0.1362659
Moved 1994.87 497.995 389.7904 0.3194328 0.004604952
Moved 1994.882 492.2996 379.8326 0.306249 -0.02100682
Moved 1994.898 488.6581 368.9742 0.2978197 -0.04893463
Moved 1994.913 485.7633 362.5266 0.2911187 -0.06551797
Moved 1994.929 483.4468 353.2339 0.2857564 -0.08941917
Moved 1994.944 481.0217 345.0651 0.2801427 -0.1104294
Moved 1994.96 479.9404 339.7021 0.2776399 -0.1242229
Moved 1994.981 477 327.1581 0.2708333 -0.1564864
Stationary 1994.994 477 327.1581 0.2708333 -0.1564864
Moved 1995.006 475.6046 321.4185 0.2676033 -0.1712487
Moved 1995.021 474.1671 315.8357 0.2642758 -0.1856079
Moved 1995.036 472.7288 311.1864 0.2609462 -0.1975658
Moved 1995.053 472 308.2901 0.2592593 -0.2050152
Moved 1995.067 471.1618 305.4855 0.257319 -0.2122288
Moved 1995.086 469.7795 302.559 0.2541192 -0.2197557
Moved 1995.098 469.3433 300.6865 0.2531094 -0.2245717
Moved 1995.113 467.9055 298.9055 0.2497811 -0.2291527
Moved 1995.13 465 299 0.2430555 -0.2289095
Moved 1995.144 451.2154 306.8434 0.2111468 -0.2087362
Moved 1995.16 432.7054 321.0728 0.1682995 -0.172138
Moved 1995.176 404.2731 345.4542 0.1024839 -0.1094285
Moved 1995.197 342.9443 406.4393 -0.03948073 0.0474261
Stationary 1995.208 342.9443 406.4393 -0.03948073 0.0474261
Moved 1995.221 326.1416 424.6937 -0.07837594 0.09437667
Moved 1995.237 311.3325 442.201 -0.1126563 0.1394058
Moved 1995.253 296.2223 457.7777 -0.1476336 0.1794693
Moved 1995.267 282.629 473.6756 -0.1790995 0.220359
Moved 1995.282 273.5 484 -0.2002315 0.2469135
Moved 1995.305 258.5763 502.6355 -0.234777 0.2948443
Stationary 1995.315 258.5763 502.6355 -0.234777 0.2948443
Moved 1995.329 253.366 508.1787 -0.246838 0.3091015
Moved 1995.346 248.0663 513.9337 -0.2591057 0.3239033
Ended 1995.36 246 516 -0.2638889 0.329218
Candidates 1995.535 12 questions equations quotations stations situations retains strains details suggestions operations attractions tyrosine
Began 1996.147 401 411 0.09490739 0.05915629
Stationary 1996.162 401 411 0.09490739 0.05915629
Moved 1996.177 401 427.0112 0.09490739 0.1003373
Moved 1996.193 384.9962 453.3461 0.05786151 0.1680713
Moved 1996.208 377.496 491.923 0.04050006 0.2672917
Moved 1996.224 376.5 541.5 0.03819446 0.3948044
Ended 1996.244 390.5 591.5 0.0706019 0.5234053
Accept 1996.267 0 questions
PhraseEnd 1997.701
