we run the risk of failure
we run the risk of failure
FixStart
0.6 0.6
432 388.8
Began 1862.825 425 364 0.150463 -0.06172839
Stationary 1862.846 425 364 0.150463 -0.06172839
Stationary 1862.859 425 364 0.150463 -0.06172839
Moved 1862.873 404.3448 378.1035 0.1026499 -0.02545392
Moved 1862.891 387.0247 390.7314 0.06255727 0.007025243
Moved 1862.907 365.5 405 0.01273145 0.04372424
Moved 1862.921 345.5743 416.6411 -0.03339281 0.07366513
Moved 1862.936 330.9069 425.0532 -0.06734515 0.09530137
Moved 1862.953 309.2839 439.4774 -0.1173984 0.1324007
Moved 1862.968 295.0609 444.5756 -0.1503219 0.1455133
Moved 1862.984 282.0978 452.9348 -0.1803291 0.1670133
Moved 1863 273.4418 459.0388 -0.2003663 0.1827129
Moved 1863.015 267.1703 463.6223 -0.2148834 0.1945016
Moved 1863.029 262.7132 467.9302 -0.2252008 0.2055817
Moved 1863.045 260.3362 471.4957 -0.2307032 0.2147521
Moved 1863.061 256.3507 476.8657 -0.2399289 0.2285638
Moved 1863.074 254.6902 484.9294 -0.2437727 0.2493039
Moved 1863.091 254 493.6065 -0.2453704 0.2716215
Moved 1863.106 254 502.7529 -0.2453704 0.2951462
Moved 1863.121 254 510.8741 -0.2453704 0.3160342
Moved 1863.137 254 520.8671 -0.2453704 0.3417363
Moved 1863.153 254 524.1856 -0.2453704 0.3502715
Moved 1863.168 254 530.7747 -0.2453704 0.3672188
Moved 1863.183 265.1492 536.5746 -0.2195619 0.3821363
Moved 1863.205 266.2682 542.2682 -0.2169716 0.3967804
Stationary 1863.218 266.2682 542.2682 -0.2169716 0.3967804
Moved 1863.234 267.7079 545.4158 -0.2136392 0.4048759
Moved 1863.247 268 548.2915 -0.212963 0.4122723
Moved 1863.268 273.3211 552.6605 -0.2006456 0.4235095
Stationary 1863.277 273.3211 552.6605 -0.2006456 0.4235095
Moved 1863.29 278.4273 555.2136 -0.1888257 0.4300761
Moved 1863.306 285.5 555 -0.1724537 0.4295266
Moved 1863.321 292.9033 556 -0.1553164 0.4320986
Moved 1863.336 300.1165 556 -0.1386193 0.4320986
Moved 1863.353 313.634 556 -0.1073288 0.4320986
Ended 1863.368 320 556 -0.09259259 0.4320986
Candidates 1863.474 12 we were wee fewer q wet wt w few www sweet ew
Began 1863.898 383 372 0.05324075 -0.04115226
Stationary 1863.91 383 372 0.05324075 -0.04115226
Stationary 1863.922 383 372 0.05324075 -0.04115226
Moved 1863.938 383 415.1461 0.05324075 0.06982002
Moved 1863.954 374.1019 462.2193 0.03264328 0.1908932
Moved 1863.969 383.0538 511.6883 0.05336533 0.3181283
Ended 1863.994 420 603 0.1388889 0.5529835
Accept 1864.044 0 we
Began 1864.491 390 390 0.06944448 0.005143954
Stationary 1864.507 390 390 0.06944448 0.005143954
Stationary 1864.522 390 390 0.06944448 0.005143954
Stationary 1864.537 390 390 0.06944448 0.005143954
Stationary 1864.556 390 390 0.06944448 0.005143954
Stationary 1864.57 390 390 0.06944448 0.005143954
Moved 1864.585 383.204 415.0436 0.05371292 0.06955642
Moved 1864.602 378.1241 436.3794 0.04195393 0.1244325
Moved 1864.616 376.3485 447.9088 0.03784388 0.1540864
Moved 1864.632 373.2831 465.4426 0.03074805 0.1991836
Moved 1864.648 371.6957 478.7385 0.02707342 0.2333808
Moved 1864.662 372 489.6968 0.02777775 0.2615657
Moved 1864.68 372 497.8806 0.02777775 0.2826145
Moved 1864.695 372 505.0794 0.02777775 0.3011301
Moved 1864.713 372 510.1819 0.02777775 0.314254
Moved 1864.724 372 514.4875 0.02777775 0.3253278
Moved 1864.742 372 519.8135 0.02777775 0.3390263
Moved 1864.755 372 525.173 0.02777775 0.352811
Moved 1864.77 382.3736 527.9639 0.05179077 0.3599893
Moved 1864.785 380.9207 531.7622 0.04842768 0.3697587
Moved 1864.802 381 534.7267 0.04861106 0.3773835
Moved 1864.817 382 535.7965 0.05092591 0.3801349
Moved 1864.833 382 536.5 0.05092591 0.3819444
Moved 1864.848 382 537.1317 0.05092591 0.383569
Moved 1864.864 382 538 0.05092591 0.3858024
Moved 1864.879 382 539.1885 0.05092591 0.3888591
Stationary 1864.893 382 539.1885 0.05092591 0.3888591
Moved 1864.908 382 540.0201 0.05092591 0.390998
Stationary 1864.924 382 540 0.05092591 0.3909464
Stationary 1864.94 382 540 0.05092591 0.3909464
Moved 1864.957 382 541.0223 0.05092591 0.3935757
Stationary 1864.971 382 541.0223 0.05092591 0.3935757
Stationary 1864.986 382 541.0223 0.05092591 0.3935757
Stationary 1865.001 382 541 0.05092591 0.3935184
Stationary 1865.017 382 541 0.05092591 0.3935184
Stationary 1865.032 382 541 0.05092591 0.3935184
Stationary 1865.047 382 541 0.05092591 0.3935184
Moved 1865.062 392.987 541 0.07635891 0.3935184
Moved 1865.079 407.2049 541 0.1092706 0.3935184
Moved 1865.095 424.5248 541 0.149363 0.3935184
Moved 1865.109 442.1716 541 0.190212 0.3935184
Moved 1865.125 459 530.5 0.2291666 0.3665122
Moved 1865.141 471.8244 532.0195 0.2588528 0.3704205
Moved 1865.156 479.0962 530.5807 0.2756857 0.3667199
Moved 1865.172 483.2306 529.4423 0.2852561 0.3637919
Moved 1865.187 487.9929 528.0024 0.2962799 0.3600883
Moved 1865.203 490.8727 528 0.302946 0.3600822
Moved 1865.218 492.8726 527 0.3075755 0.3575102
Moved 1865.233 495.6371 525.6814 0.3139749 0.3541187
Moved 1865.248 496 524.2502 0.3148148 0.3504378
Moved 1865.27 497 520.7795 0.3171296 0.3415111
Stationary 1865.282 497 520.7795 0.3171296 0.3415111
Moved 1865.294 497 511.8513 0.3171296 0.3185475
Moved 1865.309 497 501.7802 0.3171296 0.2926444
Moved 1865.324 491.406 481.2982 0.3041806 0.2399645
Moved 1865.34 483.7586 460.0947 0.2864782 0.1854286
Moved 1865.357 479.5028 441.5123 0.2766269 0.1376345
Moved 1865.37 473.2054 418.6676 0.2620495 0.07887749
Moved 1865.387 470.9952 405.9712 0.2569334 0.04622212
Moved 1865.403 463.7479 376.9916 0.2401571 -0.02831369
Moved 1865.418 460.2065 361.136 0.2319596 -0.06909476
Moved 1865.433 457.3642 344.1851 0.2253801 -0.1126927
Moved 1865.449 455.2388 329.1493 0.2204602 -0.1513651
Moved 1865.465 453.7966 314.9661 0.2171217 -0.1878446
Moved 1865.48 452.3489 303.4425 0.2137707 -0.2174833
Moved 1865.496 452 296.8993 0.2129629 -0.2343125
Moved 1865.511 452 288.8005 0.2129629 -0.2551429
Ended 1865.526 452 287 0.2129629 -0.2597736
Candidates 1865.647 12 run tin tim ruin trim in rob ton from ron grim trying
Began 1866.093 396 359 0.08333336 -0.07458848
Moved 1866.112 396 371.2952 0.08333336 -0.04296495
Moved 1866.127 396 400.0916 0.08333336 0.03109963
Moved 1866.143 413.8195 450.9737 0.1245822 0.1619693
Moved 1866.158 423.3653 496.9547 0.1466789 0.2802333
Moved 1866.173 436.3475 533.2987 0.1767303 0.3737106
Moved 1866.188 450.1475 557.8507 0.2086747 0.4368588
Ended 1866.206 457 569.5 0.2245371 0.4668209
Accept 1866.249 0 run
Began 1866.524 400 399 0.09259263 0.02829214
Stationary 1866.543 400 399 0.09259263 0.02829214
Stationary 1866.56 400 399 0.09259263 0.02829214
Moved 1866.573 400 411.801 0.09259263 0.06121659
Moved 1866.59 395.3863 425.4973 0.08191268 0.09644367
Moved 1866.606 388.9846 444.0668 0.06709397 0.1442046
Moved 1866.62 384.6093 457.1721 0.05696604 0.1779118
Moved 1866.636 379.9154 474.3383 0.04610052 0.2220634
Moved 1866.651 376.9097 488.4514 0.03914287 0.2583624
Moved 1866.667 374.0435 501.3044 0.03250798 0.2914208
Moved 1866.681 371.1379 511.5862 0.02578229 0.3178656
Moved 1866.696 369.6312 521.5817 0.02229442 0.3435743
Moved 1866.713 369.1857 527.443 0.02126316 0.3586496
Moved 1866.733 369 532.8751 0.02083332 0.3726211
Moved 1866.745 369 536.5 0.02083332 0.3819444
Moved 1866.759 369 539.5176 0.02083332 0.3897057
Moved 1866.774 369 543.5971 0.02083332 0.4001982
Moved 1866.791 369 545.2783 0.02083332 0.4045222
Moved 1866.807 369 547.0793 0.02083332 0.4091546
Moved 1866.82 369 548 0.02083332 0.4115225
Stationary 1866.835 369 548 0.02083332 0.4115225
Moved 1866.851 369 549.2031 0.02083332 0.4146168
Stationary 1866.867 369 549.2031 0.02083332 0.4146168
Moved 1866.881 384.412 549 0.05650938 0.4140946
Moved 1866.899 398.6324 524.4617 0.08942694 0.3509816
Moved 1866.912 416.0672 496.2521 0.1297851 0.2784262
Moved 1866.928 426.8075 466.8358 0.1546469 0.2027668
Moved 1866.943 432.0602 445.6992 0.1668059 0.1484033
Moved 1866.958 436.3833 427.467 0.1768131 0.1015096
Moved 1866.974 437.1912 417.0877 0.1786834 0.07481402
Moved 1866.991 437.6881 408.5594 0.1798336 0.0528792
Moved 1867.008 438 402.4443 0.1805556 0.03715083
Moved 1867.021 438 397.2943 0.1805556 0.02390488
Moved 1867.037 438 393.9693 0.1805556 0.01535306
Moved 1867.056 420.6834 389.6708 0.1404708 0.004297382
Moved 1867.067 406.3556 391 0.1073046 0.007715971
Moved 1867.082 386.2875 406.7579 0.06085068 0.04824552
Moved 1867.098 350.6057 436.7312 -0.02174596 0.1253373
Moved 1867.114 330.9203 456.9426 -0.06731416 0.1773213
Moved 1867.129 316.0078 474.5906 -0.1018337 0.2227123
Moved 1867.147 292.4928 502.384 -0.1562667 0.2941975
Moved 1867.16 287.9615 506.0385 -0.1667558 0.3035968
Moved 1867.176 273.0568 526.9149 -0.2012575 0.3572912
Moved 1867.192 266.8241 536.2638 -0.2156849 0.3813369
Moved 1867.216 257.5 556 -0.2372685 0.4320986
Moved 1867.228 251.7371 577.2269 -0.2506086 0.4866947
Ended 1867.242 251.7371 577.2269 -0.2506086 0.4866947
Candidates 1867.312 12 the there threw tiger trigger huge rude these ride rubber tide further
Began 1867.79 361 395 0.002314846 0.01800408
Stationary 1867.808 361 395 0.002314846 0.01800408
Moved 1867.823 361 420.1613 0.002314846 0.08271915
Moved 1867.838 361 462.1887 0.002314846 0.1908145
Moved 1867.854 361 519.8948 0.002314846 0.3392355
Moved 1867.868 361 574.4714 0.002314846 0.4796075
Moved 1867.884 383.0631 631.2737 0.05338689 0.6257038
Ended 1867.899 395.5 662 0.08217593 0.7047324
Accept 1867.96 0 the
Began 1868.25 373 430 0.0300926 0.1080246
Stationary 1868.269 373 430 0.0300926 0.1080246
Stationary 1868.285 373 430 0.0300926 0.1080246
Moved 1868.302 360.3946 443.866 0.0009133419 0.1436881
Moved 1868.316 351.1567 456.5352 -0.02047067 0.1762737
Moved 1868.331 339.8696 469.2717 -0.04659816 0.2090322
Moved 1868.346 329.92 481.2457 -0.06962955 0.2398293
Moved 1868.363 323.2845 491.688 -0.08498967 0.2666872
Moved 1868.377 315.4278 503.8583 -0.1031763 0.2979892
Moved 1868.392 308.8676 514.7318 -0.1183621 0.3259561
Moved 1868.409 304.0841 523.8318 -0.129435 0.3493615
Moved 1868.423 301.1785 531.0537 -0.1361608 0.3679364
Moved 1868.438 299.1481 538.4077 -0.1408609 0.3868509
Moved 1868.455 297.7088 542.8735 -0.1441925 0.398337
Moved 1868.47 296.5 548 -0.1469907 0.4115225
Moved 1868.485 295.1509 552.5474 -0.1501137 0.4232185
Moved 1868.5 295 558.1238 -0.150463 0.4375613
Moved 1868.522 295 565.3257 -0.150463 0.4560845
Stationary 1868.533 295 565.3257 -0.150463 0.4560845
Moved 1868.546 295 569.1976 -0.150463 0.4660432
Moved 1868.562 295 573.1305 -0.150463 0.4761586
Moved 1868.578 295 575.9556 -0.150463 0.4834249
Moved 1868.594 295 577.5643 -0.150463 0.4875623
Moved 1868.609 295 580.0125 -0.150463 0.4938591
Moved 1868.624 295 581.4491 -0.150463 0.4975542
Moved 1868.64 295 582.8805 -0.150463 0.5012357
Moved 1868.655 295 583.5 -0.150463 0.5028291
Moved 1868.669 295 584 -0.150463 0.5041152
Stationary 1868.686 295 584 -0.150463 0.5041152
Stationary 1868.701 295 584 -0.150463 0.5041152
Moved 1868.716 308.448 584 -0.1193333 0.5041152
Moved 1868.732 322.2052 584 -0.08748789 0.5041152
Moved 1868.748 342.5837 578.7081 -0.04031549 0.4905043
Moved 1868.763 365.654 572.6899 0.01308799 0.4750254
Moved 1868.778 394 567 0.07870366 0.4603909
Moved 1868.793 424.5327 557.1558 0.1493812 0.4350713
Moved 1868.809 442.0344 552.7414 0.1898943 0.4237175
Moved 1868.825 469.517 545.8707 0.2535115 0.406046
Moved 1868.84 488.6002 541.1 0.2976857 0.3937756
Moved 1868.862 515.9434 536.1509 0.3609802 0.3810466
Stationary 1868.872 515.9434 536.1509 0.3609802 0.3810466
Moved 1868.884 524.6641 534.7227 0.3811668 0.377373
Moved 1868.901 530.8936 533.2766 0.3955868 0.3736537
Moved 1868.915 535.3945 532.1514 0.4060057 0.3707596
Moved 1868.934 538.4697 532 0.4131243 0.3703703
Moved 1868.946 539.6719 530.3281 0.4159073 0.36607
Stationary 1868.961 540 530 0.4166667 0.3652262
Moved 1868.977 540 528.4493 0.4166667 0.3612379
Moved 1868.992 540 526.0161 0.4166667 0.3549796
Moved 1869.009 520.0267 517.44 0.3704322 0.3329217
Moved 1869.025 499.8029 510.7211 0.3236178 0.3156407
Moved 1869.039 467.3559 499.1232 0.248509 0.2858105
Moved 1869.055 434.2256 489.0251 0.1718185 0.2598383
Moved 1869.07 402.717 480.6793 0.09888192 0.2383724
Moved 1869.086 373.8014 472.1404 0.03194759 0.2164104
Moved 1869.103 348.9575 465.9894 -0.02556135 0.2005899
Moved 1869.116 329.6 459.0769 -0.07037029 0.1828109
Moved 1869.131 308 452.5 -0.1203704 0.165895
Moved 1869.147 293.5955 449.1489 -0.1537141 0.1572758
Moved 1869.163 273.9883 444.5358 -0.1991011 0.1454108
Moved 1869.178 256.8621 440.8104 -0.2387452 0.135829
Moved 1869.194 240.6183 436.8959 -0.2763465 0.1257609
Moved 1869.209 228.6766 435.0504 -0.3039894 0.1210144
Moved 1869.224 220.425 434 -0.3230903 0.1183127
Moved 1869.24 214.5695 434 -0.3366447 0.1183127
Moved 1869.256 211.5155 433 -0.3437141 0.1157406
Moved 1869.27 209.065 433 -0.3493865 0.1157406
Moved 1869.285 207.6301 433 -0.352708 0.1157406
Stationary 1869.303 208 433 -0.3518518 0.1157406
Stationary 1869.321 208 433 -0.3518518 0.1157406
Moved 1869.331 221.9696 444.1909 -0.3195148 0.1445238
Moved 1869.347 246.1966 449.4119 -0.2634338 0.1579522
Moved 1869.362 271.1869 453.7281 -0.2055859 0.1690538
Moved 1869.378 320.7609 453 -0.09083132 0.167181
Moved 1869.395 358.0028 440.6788 -0.004623184 0.1354906
Moved 1869.41 393.0802 434.7252 0.07657449 0.120178
Moved 1869.425 422.1732 428.9635 0.1439195 0.1053587
Moved 1869.44 445.0978 424.6691 0.1969857 0.09431348
Moved 1869.459 466.3408 425.1106 0.2461593 0.09544898
Moved 1869.472 482.5684 425 0.2837231 0.09516452
Moved 1869.488 495.5942 425 0.3138755 0.09516452
Moved 1869.503 506.0143 425 0.3379961 0.09516452
Moved 1869.518 513.352 425 0.3549814 0.09516452
Moved 1869.533 518.8156 425 0.3676286 0.09516452
Ended 1869.55 522 425 0.375 0.09516452
Candidates 1869.609 12 risk trial royal total tidal serial ritual rush rural tropical disk typical
Began 1870.07 409 327 0.113426 -0.1568931
Stationary 1870.089 409 327 0.113426 -0.1568931
Stationary 1870.104 409 327 0.113426 -0.1568931
Moved 1870.119 409 348.1486 0.113426 -0.1024985
Moved 1870.135 409 396.3397 0.113426 0.02144963
Moved 1870.157 439.2465 525.0901 0.1834408 0.352598
Stationary 1870.167 439.2465 525.0901 0.1834408 0.352598
Ended 1870.181 456 572 0.2222222 0.4732509
Accept 1870.209 0 risk
Began 1870.487 332 453 -0.06481484 0.167181
Stationary 1870.504 332 453 -0.06481484 0.167181
Stationary 1870.519 332 453 -0.06481484 0.167181
Stationary 1870.534 332 453 -0.06481484 0.167181
Moved 1870.551 343.6273 463.5703 -0.03789981 0.1943678
Moved 1870.565 360.8098 478.1321 0.001874566 0.2318213
Moved 1870.581 377.325 493.2045 0.04010409 0.2705877
Moved 1870.599 395.5 510 0.08217593 0.3137859
Moved 1870.612 408.2862 518.7366 0.1117735 0.3362565
Moved 1870.628 423.8645 530.6916 0.1478345 0.3670051
Moved 1870.643 438 542 0.1805556 0.3960905
Moved 1870.659 450.7323 550.8327 0.2100285 0.4188083
Moved 1870.674 462.2404 558.0253 0.2366676 0.4373077
Moved 1870.692 471.2137 566.371 0.2574391 0.458773
Moved 1870.707 479.6565 570.8282 0.2769826 0.4702372
Moved 1870.721 481.9703 572.6469 0.2823386 0.4749147
Moved 1870.735 487.5976 576.7318 0.2953647 0.4854211
Moved 1870.758 494.4726 581.4726 0.3112791 0.4976146
Stationary 1870.769 494.4726 581.4726 0.3112791 0.4976146
Moved 1870.781 497.3688 583.1844 0.3179834 0.5020174
Moved 1870.798 498.6216 584.6216 0.3208834 0.5057139
Moved 1870.813 500.0603 586.0604 0.3242137 0.5094144
Moved 1870.827 501.1243 587.1243 0.3266767 0.5121509
Moved 1870.842 501 587.5971 0.3263889 0.513367
Stationary 1870.858 501 588 0.3263889 0.5144032
Stationary 1870.872 501 588 0.3263889 0.5144032
Stationary 1870.888 501 588 0.3263889 0.5144032
Stationary 1870.903 501 588 0.3263889 0.5144032
Stationary 1870.919 501 588 0.3263889 0.5144032
Moved 1870.936 491.1959 588 0.3036942 0.5144032
Moved 1870.952 488.3893 588 0.2971976 0.5144032
Moved 1870.968 482.7825 588 0.2842188 0.5144032
Moved 1870.983 477.3046 588 0.2715385 0.5144032
Moved 1870.998 469.2899 582.4349 0.252986 0.5000896
Moved 1871.013 459.5562 576.8732 0.2304541 0.4857848
Moved 1871.029 448.0527 569.5329 0.2038256 0.4669055
Moved 1871.044 436.9209 562.7526 0.1780577 0.4494664
Moved 1871.065 394.5859 533.5594 0.08005996 0.3743812
Stationary 1871.077 394.5859 533.5594 0.08005996 0.3743812
Moved 1871.09 374.95 518.7465 0.03460655 0.336282
Moved 1871.105 357.5499 504.2916 -0.00567163 0.2991038
Moved 1871.12 344.8467 494.4774 -0.03507714 0.2738614
Moved 1871.135 331.7452 484.2463 -0.06540462 0.247547
Moved 1871.151 319 477 -0.09490739 0.2289094
Moved 1871.166 308.9075 469.2717 -0.1182697 0.2090319
Moved 1871.183 298.421 463.0977 -0.142544 0.1931525
Moved 1871.201 290.0311 458.0156 -0.161965 0.1800811
Moved 1871.213 282.5145 453.7087 -0.1793647 0.1690038
Moved 1871.228 277.3784 452.4595 -0.1912537 0.1657908
Moved 1871.246 273.0583 452 -0.2012539 0.164609
Moved 1871.26 268.7422 450.5807 -0.2112449 0.1609587
Moved 1871.274 266.3261 451 -0.2168377 0.162037
Moved 1871.29 263.9995 451 -0.2222233 0.162037
Ended 1871.306 259.7065 449.5688 -0.2321608 0.158356
Candidates 1871.457 12 of good off if god odd goods odds gods food is hood
Began 1871.843 369 390 0.02083332 0.005143954
Stationary 1871.867 369 390 0.02083332 0.005143954
Stationary 1871.877 369 390 0.02083332 0.005143954
Moved 1871.891 369 411.7316 0.02083332 0.0610381
Moved 1871.908 369 433.1857 0.02083332 0.1162184
Moved 1871.922 369 482.5457 0.02083332 0.243173
Ended 1871.939 391.1878 544.9227 0.07219404 0.4036076
Accept 1871.967 0 of
Began 1872.581 406 439 0.1064815 0.1311728
Stationary 1872.602 406 439 0.1064815 0.1311728
Stationary 1872.615 406 439 0.1064815 0.1311728
Stationary 1872.631 406 439 0.1064815 0.1311728
Moved 1872.647 400.1792 439 0.09300729 0.1311728
Moved 1872.661 390.8877 439 0.07149924 0.1311728
Moved 1872.678 380.7685 450.6932 0.04807522 0.1612478
Moved 1872.696 369.0709 450.3176 0.02099742 0.1602817
Moved 1872.709 358.2188 451.9727 -0.004123201 0.1645386
Moved 1872.724 348.1172 454.8237 -0.0275065 0.1718715
Moved 1872.745 331.5013 455 -0.06596912 0.172325
Stationary 1872.757 331.5013 455 -0.06596912 0.172325
Moved 1872.77 325.0509 455 -0.08090074 0.172325
Moved 1872.785 320.4581 455 -0.09153216 0.172325
Moved 1872.801 315 455 -0.1041667 0.172325
Moved 1872.817 313.5381 455 -0.1075507 0.172325
Moved 1872.831 310.6597 455 -0.1142137 0.172325
Moved 1872.85 309.3895 455 -0.117154 0.172325
Moved 1872.863 307.9514 455 -0.1204829 0.172325
Stationary 1872.877 308 455 -0.1203704 0.172325
Moved 1872.893 306.0701 456 -0.1248377 0.174897
Moved 1872.91 305.5 456 -0.1261574 0.174897
Stationary 1872.923 305.5 456 -0.1261574 0.174897
Moved 1872.938 304.1029 456 -0.1293915 0.174897
Moved 1872.954 302.6637 456 -0.1327229 0.174897
Moved 1872.97 301.2216 456 -0.1360612 0.174897
Moved 1872.985 298.5717 456 -0.142195 0.174897
Moved 1873.003 290.7288 456 -0.16035 0.174897
Moved 1873.021 281.3654 456 -0.1820246 0.174897
Moved 1873.032 271.2863 456 -0.2053557 0.174897
Moved 1873.047 255.8596 456 -0.2410658 0.174897
Moved 1873.063 242.0031 457.1108 -0.273141 0.177754
Moved 1873.079 230.139 457 -0.3006042 0.1774691
Moved 1873.097 218.1128 457 -0.3284427 0.1774691
Moved 1873.109 210.8264 457 -0.3453091 0.1774691
Moved 1873.124 201.6425 457 -0.3665682 0.1774691
Moved 1873.141 198.0508 457 -0.3748823 0.1774691
Moved 1873.156 192.3336 457 -0.3881165 0.1774691
Moved 1873.17 189.2843 457 -0.3951752 0.1774691
Moved 1873.184 186.4116 457 -0.401825 0.1774691
Moved 1873.201 185.2657 457 -0.4044775 0.1774691
Moved 1873.217 184.5 457 -0.40625 0.1774691
Moved 1873.232 184 457.6155 -0.4074074 0.1790523
Moved 1873.249 184 458.5 -0.4074074 0.181327
Moved 1873.263 184 459.0547 -0.4074074 0.1827537
Moved 1873.285 184 461.1404 -0.4074074 0.1881181
Moved 1873.296 184 464.0098 -0.4074074 0.1954983
Moved 1873.308 194.138 469.7932 -0.3839398 0.2103733
Moved 1873.324 204.2569 475.5754 -0.3605164 0.2252452
Moved 1873.34 219.6732 484.0036 -0.3248305 0.2469228
Moved 1873.356 231 488 -0.2986111 0.2572016
Moved 1873.371 252.458 496.3392 -0.2489398 0.2786501
Moved 1873.387 267.2967 500.989 -0.2145909 0.2906095
Moved 1873.404 282.6605 505.2982 -0.1790266 0.3016927
Moved 1873.418 299.4223 508.4037 -0.1402261 0.3096803
Moved 1873.432 310.4736 511.2947 -0.1146445 0.317116
Moved 1873.45 321.5847 513.0836 -0.08892427 0.3217169
Moved 1873.465 333 516 -0.06249999 0.329218
Moved 1873.48 338.2345 517.6049 -0.05038311 0.3333459
Moved 1873.494 347.2715 520.0905 -0.02946417 0.3397389
Moved 1873.509 354.3808 521.4761 -0.01300747 0.3433027
Moved 1873.529 360.7072 522.9268 0.001637042 0.3470339
Moved 1873.546 366.4631 524.3658 0.01496087 0.3507349
Moved 1873.557 371.4202 525.8068 0.02643565 0.3544412
Moved 1873.572 375.7414 527.2471 0.03643841 0.3581458
Moved 1873.587 378.8854 528.2952 0.04371633 0.3608414
Moved 1873.603 382.6517 529 0.0524345 0.3626543
Moved 1873.617 384.262 530.262 0.05616198 0.3659002
Moved 1873.633 387.412 531.706 0.06345371 0.3696141
Moved 1873.649 389.1469 532 0.06746968 0.3703703
Moved 1873.664 391.5877 533 0.0731198 0.3729423
Moved 1873.679 393.0282 534.0282 0.07645428 0.3755868
Moved 1873.697 394.1005 534 0.07893642 0.3755144
Moved 1873.709 396.1441 535 0.08366694 0.3780863
Moved 1873.726 398.0067 536.0067 0.08797854 0.3806756
Moved 1873.743 399.4541 536 0.09132882 0.3806583
Moved 1873.759 400 536.8894 0.09259263 0.3829459
Moved 1873.776 401.3349 537 0.09568263 0.3832304
Moved 1873.786 402.7679 538 0.09899975 0.3858024
Moved 1873.802 404.7561 538.8781 0.103602 0.3880608
Moved 1873.818 407.5582 540.2791 0.1100884 0.3916643
Moved 1873.833 410.4375 541 0.1167534 0.3935184
Moved 1873.849 413.3175 542.1588 0.1234201 0.3964987
Moved 1873.864 417.7905 543.5969 0.1337743 0.4001976
Moved 1873.88 422.1115 545.0372 0.1437767 0.4039021
Moved 1873.895 427.906 546.4765 0.1571898 0.4076041
Moved 1873.911 431.7707 548.3853 0.1661358 0.4125136
Moved 1873.926 436.0812 550.0271 0.1761139 0.4167363
Moved 1873.941 440.4373 551.4791 0.1861975 0.4204709
Moved 1873.957 444.7428 552.9142 0.1961638 0.424162
Moved 1873.972 449.0486 554.3495 0.206131 0.4278537
Moved 1873.988 452.5796 555.7898 0.2143047 0.431558
Moved 1874.009 458 558.5 0.2268519 0.4385287
Stationary 1874.021 458 558.5 0.2268519 0.4385287
Moved 1874.034 460.5198 560.5198 0.2326847 0.4437236
Moved 1874.05 463.3983 562.1992 0.239348 0.448043
Moved 1874.066 466.2767 563.6383 0.2460108 0.4517445
Moved 1874.081 468.0806 564 0.2501866 0.4526748
Moved 1874.097 470.5196 565.5197 0.2558325 0.4565833
Moved 1874.111 471.9507 566 0.2591451 0.4578188
Moved 1874.126 473.4015 567.4015 0.2625034 0.4614236
Moved 1874.142 475.5338 567.5338 0.2674394 0.4617638
Moved 1874.157 476.9744 568 0.2707741 0.4629629
Moved 1874.172 479.8355 569.4178 0.277397 0.4666095
Moved 1874.188 481.7164 569.8582 0.2817509 0.4677422
Moved 1874.203 483.2979 571.2979 0.2854119 0.4714451
Moved 1874.219 488.1312 572.7104 0.2966 0.4750781
Moved 1874.238 492.4515 574.1505 0.3066008 0.4787821
Moved 1874.251 494.3861 575.1931 0.3110789 0.4814635
Moved 1874.265 499.0866 576 0.3219599 0.483539
Moved 1874.28 502.2762 576 0.3293432 0.483539
Moved 1874.297 506.7275 576 0.339647 0.483539
Moved 1874.311 510.0423 576 0.3473201 0.483539
Moved 1874.327 514.3706 576 0.3573394 0.483539
Moved 1874.343 517.6953 576 0.3650353 0.483539
Moved 1874.357 519.9577 576 0.3702725 0.483539
Moved 1874.373 525.6608 576 0.3834741 0.483539
Moved 1874.388 531.4513 558.9603 0.396878 0.4397125
Moved 1874.403 538.4966 546.3062 0.4131866 0.4071659
Moved 1874.42 544.001 526.2468 0.4259282 0.3555729
Moved 1874.435 548.5355 505.3227 0.4364247 0.3017558
Moved 1874.458 551.8024 465.9631 0.4439872 0.2005224
Stationary 1874.469 551.8024 465.9631 0.4439872 0.2005224
Moved 1874.48 553.1757 446.5401 0.4471661 0.1505661
Moved 1874.495 553 433.4174 0.4467593 0.1168143
Moved 1874.511 553 422.4991 0.4467593 0.08873233
Moved 1874.528 553 414.0616 0.4467593 0.06703094
Moved 1874.543 553 408.2297 0.4467593 0.05203098
Moved 1874.558 553 405.2346 0.4467593 0.04432753
Moved 1874.573 553 401.5 0.4467593 0.03472222
Moved 1874.589 553 400.0876 0.4467593 0.03108962
Moved 1874.605 553 398.6472 0.4467593 0.02738458
Moved 1874.619 553 397.2076 0.4467593 0.02368217
Moved 1874.635 553 395.7668 0.4467593 0.01997622
Moved 1874.651 548.2466 395 0.435756 0.01800408
Moved 1874.671 542.6423 395 0.4227832 0.01800408
Moved 1874.682 529.5 407 0.3923611 0.04886827
Moved 1874.697 513.4958 423.1988 0.3553145 0.09053174
Moved 1874.712 493.7309 447.6595 0.3095623 0.1534452
Moved 1874.728 478.5 467 0.2743055 0.2031892
Moved 1874.745 468.1761 486.698 0.2504078 0.2538528
Moved 1874.759 459.5902 502.4179 0.2305329 0.2942847
Moved 1874.774 456.2953 512.8187 0.2229059 0.3210356
Moved 1874.79 452.1157 523.0635 0.2132306 0.3473854
Moved 1874.805 450.412 531.3521 0.209287 0.3687037
Moved 1874.821 448.17 540.1502 0.2040971 0.3913328
Moved 1874.836 446.7281 547.3597 0.2007594 0.4098758
Moved 1874.852 446 553.5311 0.199074 0.4257486
Moved 1874.867 444.8574 560.7128 0.1964292 0.4442201
Moved 1874.885 443.4183 565.745 0.193098 0.457163
Moved 1874.896 443 571.1052 0.1921296 0.4709495
Moved 1874.912 441.9288 573.1423 0.18965 0.476189
Moved 1874.928 441 577.081 0.1875 0.4863193
Moved 1874.943 439.0444 581.9111 0.1829732 0.4987425
Moved 1874.959 437.5836 584.8328 0.1795917 0.5062572
Moved 1874.975 436.1534 586.8466 0.1762809 0.5114367
Moved 1874.991 434.7145 589.5709 0.1729503 0.5184436
Moved 1875.005 431.5444 590.7278 0.1656121 0.521419
Moved 1875.02 429.2438 591.8781 0.1602866 0.5243778
Moved 1875.036 426.4537 594.5463 0.153828 0.5312405
Moved 1875.052 421.8593 595.7136 0.1431929 0.5342426
Moved 1875.073 404.8366 596 0.1037885 0.5349793
Stationary 1875.083 404.8366 596 0.1037885 0.5349793
Moved 1875.097 392.6612 596 0.07560452 0.5349793
Moved 1875.113 379.7509 596 0.04571974 0.5349793
Moved 1875.13 370.2664 596 0.02376477 0.5349793
Moved 1875.144 354.9592 596 -0.0116686 0.5349793
Moved 1875.159 342.0212 596 -0.0416175 0.5349793
Moved 1875.174 331.953 589 -0.06492352 0.5169753
Moved 1875.19 323.0825 587.6804 -0.08545712 0.5135813
Moved 1875.205 314.2082 587 -0.1059995 0.5118312
Moved 1875.221 307.0146 584.6058 -0.1226514 0.5056733
Moved 1875.236 300.5 585 -0.1377315 0.5066872
Moved 1875.252 294.1259 583.2252 -0.1524864 0.5021222
Moved 1875.267 288.1433 583 -0.1663349 0.5015431
Moved 1875.287 285.03 582 -0.1735418 0.4989711
Moved 1875.3 281.8053 582 -0.1810063 0.4989711
Moved 1875.313 278.9331 582 -0.1876549 0.4989711
Ended 1875.329 274 582 -0.199074 0.4989711
Candidates 1875.433 12 failure fault style stroke strike stole adult apple fatigue sterile sole spike
Began 1875.868 374 405 0.03240744 0.04372424
Stationary 1875.883 374 405 0.03240744 0.04372424
Stationary 1875.899 374 405 0.03240744 0.04372424
Moved 1875.913 374 434.6573 0.03240744 0.1200034
Moved 1875.929 374 473.3004 0.03240744 0.2193939
Moved 1875.945 374 525.1215 0.03240744 0.3526787
Ended 1875.96 384 556 0.0555556 0.4320986
Accept 1876.019 0 failure
PhraseEnd 1876.855
