not quite so smart as you think
not quite so smart as you think
FixStart
0.6 0.6
432 388.8
Began 1211.902 379 426 0.04398147 0.09773654
Stationary 1211.921 379 426 0.04398147 0.09773654
Stationary 1211.935 379 426 0.04398147 0.09773654
Moved 1211.949 396.9893 409.0081 0.08562335 0.05403303
Moved 1211.967 420.7467 389.5444 0.1406173 0.003972269
Moved 1211.981 440.2574 377.0099 0.185781 -0.02826683
Moved 1211.998 462.7926 362.1383 0.2379458 -0.06651678
Moved 1212.019 489.6339 343.9108 0.3000784 -0.1133984
Stationary 1212.029 489.6339 343.9108 0.3000784 -0.1133984
Moved 1212.041 498.7816 338.131 0.3212536 -0.1282638
Moved 1212.057 504.5433 332.4567 0.3345911 -0.1428584
Moved 1212.073 506.6412 330.3588 0.3394473 -0.1482541
Moved 1212.088 507 327.4717 0.3402778 -0.1556799
Moved 1212.104 508 326.3038 0.3425926 -0.1586837
Stationary 1212.122 508 326 0.3425926 -0.1594652
Stationary 1212.134 508 326 0.3425926 -0.1594652
Moved 1212.151 508 364.7181 0.3425926 -0.0598814
Moved 1212.165 508 411.9208 0.3425926 0.06152455
Moved 1212.182 513.6671 466.1686 0.3557108 0.2010508
Moved 1212.197 524.1125 516.5468 0.3798902 0.3306243
Moved 1212.211 534.2037 549.5264 0.4032492 0.4154484
Moved 1212.228 537.6734 564.9113 0.411281 0.4550186
Moved 1212.243 541.9845 574.9651 0.4212604 0.4808772
Moved 1212.258 543.4321 585.0247 0.4246114 0.5067508
Moved 1212.275 544 591.6095 0.4259259 0.5236869
Moved 1212.289 544 597.2422 0.4259259 0.5381743
Moved 1212.304 536.4948 602.0021 0.4085528 0.5504168
Moved 1212.32 524.5032 605.3742 0.3807945 0.55909
Moved 1212.334 510.7737 607 0.3490132 0.5632715
Moved 1212.35 500.0167 607 0.3241128 0.5632715
Moved 1212.366 481.1222 607 0.2803755 0.5632715
Moved 1212.381 465.8837 607 0.2451012 0.5632715
Moved 1212.396 450.3446 597.4101 0.2091309 0.5386061
Moved 1212.412 436.9713 593.9943 0.1781744 0.5298205
Moved 1212.43 420.683 590.1708 0.1404699 0.5199865
Moved 1212.444 407.5511 585.8503 0.1100719 0.5088742
Moved 1212.459 400.5 585.5 0.09374996 0.5079731
Moved 1212.474 381.7995 580.1999 0.05046178 0.4943412
Moved 1212.489 357.2295 568.8139 -0.006413162 0.4650562
Ended 1212.505 357.2295 568.8139 -0.006413162 0.4650562
Candidates 1212.641 12 more not moore nor note npr lot nope blot mit lott kit
Began 1213.349 399 451 0.09027779 0.162037
Moved 1213.371 392.3945 451 0.07498731 0.162037
Moved 1213.384 378.6898 451 0.04326343 0.162037
Moved 1213.398 344.9153 451 -0.03491824 0.162037
Moved 1213.413 301.7929 441.8215 -0.1347386 0.1384296
Moved 1213.429 254.3586 434.2361 -0.2445402 0.11892
Moved 1213.444 216.5 436 -0.3321759 0.1234567
Ended 1213.46 216.5 436 -0.3321759 0.1234567
Accept 1213.491 1 not
Began 1214.153 435 389 0.1736111 0.002572016
Stationary 1214.171 435 389 0.1736111 0.002572016
Stationary 1214.185 435 389 0.1736111 0.002572016
Stationary 1214.2 435 389 0.1736111 0.002572016
Stationary 1214.215 435 389 0.1736111 0.002572016
Moved 1214.23 400.553 389 0.09387275 0.002572016
Moved 1214.246 371.3835 408.0466 0.02635062 0.05156026
Moved 1214.262 343.8562 420.9102 -0.03736998 0.08464558
Moved 1214.277 328.3563 428.8218 -0.07324924 0.1049943
Moved 1214.292 302.5046 441.2477 -0.1330913 0.1369538
Moved 1214.308 287.5754 448.7123 -0.1676496 0.1561529
Moved 1214.326 272.8037 455.0981 -0.2018433 0.1725774
Moved 1214.339 255.2528 460.8453 -0.2424703 0.1873591
Moved 1214.355 242.1771 465.6077 -0.2727383 0.1996081
Moved 1214.371 230.3142 469.1959 -0.3001987 0.2088372
Moved 1214.385 222.9525 471.2993 -0.3172396 0.214247
Moved 1214.399 217.0841 474.2773 -0.3308239 0.2219065
Moved 1214.416 212.7677 476.0775 -0.3408156 0.2265366
Moved 1214.432 210 477.5 -0.3472222 0.2301954
Moved 1214.447 209.0451 478 -0.3494327 0.2314814
Moved 1214.462 207.6102 479.3898 -0.3527541 0.2350558
Moved 1214.479 208 481.6735 -0.3518518 0.2409296
Moved 1214.492 215.4694 488.5358 -0.3345615 0.2585796
Moved 1214.508 242.9626 505.1776 -0.2709198 0.3013825
Moved 1214.525 288.9626 518.6734 -0.1644383 0.336094
Moved 1214.539 342.9743 528.4553 -0.03941134 0.3612532
Moved 1214.554 397.3584 533.3533 0.08647779 0.3738509
Moved 1214.577 452.8455 535 0.2149201 0.3780863
Moved 1214.594 462.739 535 0.2378216 0.3780863
Stationary 1214.604 462.739 535 0.2378216 0.3780863
Moved 1214.616 479.2149 527.3458 0.2759604 0.3583996
Moved 1214.632 491.5 525 0.3043981 0.3523662
Moved 1214.648 504.8489 522.0336 0.3352984 0.3447365
Moved 1214.662 517.6548 520.5939 0.3649417 0.3410338
Moved 1214.679 534.5561 518.1444 0.404065 0.3347335
Moved 1214.693 547.679 518 0.434442 0.3343621
Moved 1214.709 555.5 518 0.4525463 0.3343621
Moved 1214.724 560.2954 518 0.4636467 0.3343621
Moved 1214.74 564.788 518 0.4740463 0.3343621
Moved 1214.755 566 518 0.4768519 0.3343621
Moved 1214.77 566 527.0206 0.4768519 0.3575631
Moved 1214.785 559.7892 531.8231 0.4624749 0.3699151
Moved 1214.801 541.994 538.0018 0.4212823 0.3858071
Moved 1214.816 520.4105 540.8786 0.3713205 0.3932062
Moved 1214.832 502.6616 541 0.3302351 0.3935184
Moved 1214.848 475.7187 541 0.2678674 0.3935184
Moved 1214.87 432.2893 532.2149 0.1673363 0.370923
Stationary 1214.881 432.2893 532.2149 0.1673363 0.370923
Moved 1214.893 415.0731 528.0182 0.1274839 0.3601292
Moved 1214.909 401.9926 526.4428 0.09720495 0.356077
Moved 1214.925 390.2965 523.5741 0.07013072 0.3486987
Moved 1214.94 383.3409 522.763 0.05402992 0.3466126
Moved 1214.956 371.6671 519.4763 0.02700706 0.3381591
Moved 1214.971 363.9832 517.7966 0.009220342 0.333839
Moved 1214.986 357.4338 516.3585 -0.005940199 0.33014
Moved 1215.002 352.7592 514.9197 -0.01676112 0.3264396
Moved 1215.017 348.9592 514.4796 -0.02555748 0.3253075
Moved 1215.032 347.0476 514 -0.02998233 0.324074
Moved 1215.047 345.9766 514 -0.03246168 0.324074
Ended 1215.063 346 514 -0.03240739 0.324074
Candidates 1215.199 12 quite quote wrote quiet write quot quit writer wore wire require swept
Began 1215.637 373 417 0.0300926 0.0745884
Stationary 1215.65 373 417 0.0300926 0.0745884
Moved 1215.664 373 427.1524 0.0300926 0.1007006
Moved 1215.679 373 463.2751 0.0300926 0.1936086
Moved 1215.695 373 510.5545 0.0300926 0.3152121
Moved 1215.711 373 551.7845 0.0300926 0.4212565
Moved 1215.726 373 590.0893 0.0300926 0.5197769
Ended 1215.741 389 613 0.06712963 0.5787036
Accept 1215.77 0 quite
Began 1216.13 392 437 0.07407407 0.1260288
Moved 1216.149 387.2007 437 0.06296466 0.1260288
Stationary 1216.16 387.2007 437 0.06296466 0.1260288
Moved 1216.173 374.2769 437 0.03304829 0.1260288
Moved 1216.189 357.1057 437 -0.006699661 0.1260288
Moved 1216.204 339.7719 446.7047 -0.04682437 0.1509894
Moved 1216.22 323.8382 447 -0.08370797 0.1517489
Moved 1216.233 311.4939 448.7229 -0.1122826 0.1561802
Moved 1216.25 302.9615 449 -0.1320337 0.156893
Moved 1216.266 293.2709 450.247 -0.1544655 0.1601002
Moved 1216.28 283.1304 451 -0.1779389 0.162037
Moved 1216.297 273.1042 451 -0.2011476 0.162037
Moved 1216.312 266.1281 451 -0.217296 0.162037
Moved 1216.328 258.9406 451 -0.2339338 0.162037
Moved 1216.342 251.726 451 -0.2506342 0.162037
Moved 1216.358 247.2529 451 -0.2609886 0.162037
Moved 1216.375 242.9044 451 -0.2710547 0.162037
Moved 1216.39 240.0588 451 -0.2776416 0.162037
Moved 1216.404 239 452.9045 -0.2800926 0.1669353
Moved 1216.419 237.6615 454.3385 -0.283191 0.1706236
Moved 1216.435 238 457.5623 -0.2824074 0.1789154
Moved 1216.451 238 464.1343 -0.2824074 0.1958187
Moved 1216.466 238 470.5 -0.2824074 0.2121912
Moved 1216.482 265.351 486.2633 -0.2190948 0.2527348
Moved 1216.497 284.7469 501.113 -0.174197 0.2909285
Moved 1216.513 306.3874 512.8711 -0.1241033 0.3211704
Moved 1216.528 323.9945 520.4144 -0.08334611 0.3405718
Moved 1216.544 338 526 -0.05092591 0.3549381
Moved 1216.558 357.6629 531.8876 -0.005409867 0.3700813
Moved 1216.573 380.5732 536.2325 0.04762322 0.3812563
Moved 1216.59 391.5457 540.3987 0.07302234 0.3919718
Moved 1216.604 420.8146 548.7629 0.1407745 0.4134848
Moved 1216.621 441.0876 558.5438 0.1877028 0.4386414
Moved 1216.635 452.3674 561.5919 0.2138135 0.4464811
Moved 1216.651 463.9011 565.713 0.2405119 0.4570806
Moved 1216.666 472.4026 568.361 0.2601911 0.4638914
Moved 1216.688 484.6983 573.1746 0.2886535 0.4762719
Stationary 1216.699 484.6983 573.1746 0.2886535 0.4762719
Moved 1216.713 492.7184 576.6796 0.3072185 0.485287
Moved 1216.729 497.3605 578.1202 0.317964 0.4889922
Moved 1216.744 501.0925 580.0925 0.3266031 0.4940651
Moved 1216.759 503.9725 581 0.3332697 0.496399
Moved 1216.774 508.2749 582.425 0.343229 0.5000642
Moved 1216.789 510.7474 583.8737 0.3489524 0.5037904
Moved 1216.805 512.9256 584.9628 0.3539945 0.5065914
Moved 1216.819 515.7758 585 0.3605922 0.5066872
Moved 1216.835 517.8239 586.8239 0.3653331 0.5113783
Moved 1216.851 520.5691 587 0.3716877 0.5118312
Moved 1216.868 524.1432 588 0.3799612 0.5144032
Moved 1216.882 529.5894 589.1473 0.3925679 0.5173542
Moved 1216.897 541.3578 592.7859 0.4198098 0.5267127
Ended 1216.913 549.5 595.5 0.4386574 0.5336933
Candidates 1216.971 12 stop atp gao so atop ai strip auto deep drop sweep gap
Began 1217.85 398 522 0.08796295 0.3446501
Stationary 1217.869 398 522 0.08796295 0.3446501
Moved 1217.884 390.1356 490.3947 0.0697583 0.2633607
Moved 1217.899 376.9766 448.8995 0.03929764 0.1566345
Moved 1217.918 363.9461 395.3339 0.009134413 0.01886277
Moved 1217.931 361.1141 361.0541 0.002578994 -0.0693052
Moved 1217.944 361 339.0638 0.002314846 -0.1258648
Moved 1217.96 361 320 0.002314846 -0.1748972
Ended 1217.977 361 320 0.002314846 -0.1748972
Accept 1218.036 3 so
Began 1218.804 422 385 0.1435185 -0.007716127
Moved 1218.833 411.0255 385 0.1181145 -0.007716127
Moved 1218.846 396.5121 385 0.08451879 -0.007716127
Stationary 1218.856 396.5121 385 0.08451879 -0.007716127
Moved 1218.869 378.5448 385 0.04292776 -0.007716127
Moved 1218.885 357.2069 385 -0.006465465 -0.007716127
Moved 1218.9 336.3335 385 -0.05478362 -0.007716127
Moved 1218.917 319.8383 385 -0.0929668 -0.007716127
Moved 1218.931 300.1529 385 -0.1385349 -0.007716127
Moved 1218.947 288.6036 385 -0.1652694 -0.007716127
Moved 1218.963 280.2565 385 -0.1845915 -0.007716127
Moved 1218.979 274.2327 385 -0.1985354 -0.007716127
Moved 1218.993 269.913 385 -0.2085346 -0.007716127
Moved 1219.008 268.5364 385 -0.2117213 -0.007716127
Moved 1219.023 267.3187 385 -0.2145401 -0.007716127
Stationary 1219.039 267 385 -0.2152778 -0.007716127
Moved 1219.055 281.6601 385 -0.1813423 -0.007716127
Moved 1219.071 325.048 354.5269 -0.08090745 -0.0860934
Moved 1219.086 373.9727 331.3658 0.03234436 -0.1456642
Moved 1219.101 415.9173 316.3896 0.1294381 -0.184183
Moved 1219.116 449.7286 300.7385 0.2077052 -0.2244382
Moved 1219.132 469 297 0.2523148 -0.2340535
Moved 1219.147 487.886 296 0.2960325 -0.2366256
Moved 1219.162 495.9188 296 0.3146268 -0.2366256
Moved 1219.178 498.6597 296 0.3209714 -0.2366256
Moved 1219.193 500.0914 296 0.3242857 -0.2366256
Stationary 1219.21 500 296 0.324074 -0.2366256
Stationary 1219.225 500 296 0.324074 -0.2366256
Moved 1219.239 476.1144 307.2403 0.2687833 -0.2077154
Moved 1219.261 391.4027 318.9565 0.07269154 -0.1775811
Stationary 1219.272 391.4027 318.9565 0.07269154 -0.1775811
Moved 1219.285 342.4507 330.4233 -0.04062334 -0.1480881
Moved 1219.302 315.5884 335.4551 -0.1028047 -0.1351465
Moved 1219.317 297.3702 338.605 -0.1449764 -0.1270449
Moved 1219.334 278.1216 338 -0.1895333 -0.1286009
Moved 1219.349 259.7406 338 -0.232082 -0.1286009
Moved 1219.363 247.4519 338 -0.2605281 -0.1286009
Moved 1219.379 221.1803 338 -0.3213419 -0.1286009
Moved 1219.394 206.5599 338 -0.3551855 -0.1286009
Moved 1219.41 193.8165 338 -0.3846841 -0.1286009
Moved 1219.426 185.7827 338 -0.4032807 -0.1286009
Moved 1219.44 180.1223 340.9388 -0.4163835 -0.1210421
Moved 1219.456 177.17 348.5751 -0.4232176 -0.1014016
Moved 1219.472 176.0141 358.8586 -0.4258932 -0.07495228
Moved 1219.487 176 380.351 -0.4259259 -0.0196734
Moved 1219.502 185.4783 399.925 -0.4039854 0.03067122
Moved 1219.518 196.15 421.6072 -0.3792823 0.08643813
Moved 1219.534 208.2137 435.9585 -0.3513573 0.1233499
Moved 1219.548 220.646 448.6459 -0.3225788 0.1559823
Moved 1219.563 232.1587 458.3111 -0.2959289 0.1808412
Moved 1219.58 249.5623 470.5734 -0.2556428 0.2123801
Moved 1219.594 272.9715 488.2723 -0.2014548 0.257902
Moved 1219.609 294.1794 498.5076 -0.1523624 0.2842273
Moved 1219.625 314.6416 511.4125 -0.1049962 0.3174188
Moved 1219.641 331.8693 521.4237 -0.06511743 0.3431679
Moved 1219.661 348.1192 531.4862 -0.02750178 0.3690488
Moved 1219.674 369.5358 541.5834 0.02207369 0.3950188
Moved 1219.688 391.5522 553.3732 0.07303764 0.4253425
Moved 1219.703 406.9224 560.569 0.1086165 0.4438501
Moved 1219.719 421.3094 566.3237 0.1419199 0.4586515
Moved 1219.733 427.6184 568.3092 0.1565241 0.4637582
Moved 1219.748 436.2506 571.4169 0.1765061 0.4717511
Ended 1219.763 440 572 0.1851852 0.4732509
Candidates 1219.87 12 smart amateur scary answer bar barry mary car bat vary chart marry
Began 1220.331 369 427 0.02083332 0.1003086
Moved 1220.351 369 447.092 0.02083332 0.1519857
Moved 1220.366 359.3611 477.1696 -0.00147904 0.2293456
Moved 1220.381 354.7693 506.2043 -0.01210799 0.3040234
Moved 1220.396 352.1586 541.3528 -0.01815145 0.3944257
Moved 1220.412 352 574.3505 -0.01851852 0.4792965
Ended 1220.426 362 596 0.004629592 0.5349793
Accept 1220.455 0 smart
Began 1220.875 427 453 0.1550926 0.167181
Stationary 1220.889 427 453 0.1550926 0.167181
Stationary 1220.904 427 453 0.1550926 0.167181
Stationary 1220.923 427 453 0.1550926 0.167181
Moved 1220.935 416.9317 453 0.1317865 0.167181
Moved 1220.958 391.5083 453 0.07293592 0.167181
Stationary 1220.969 391.5083 453 0.07293592 0.167181
Moved 1220.981 377.4657 453 0.04042983 0.167181
Moved 1220.997 368.2233 453 0.01903544 0.167181
Moved 1221.012 354.0704 453 -0.01372591 0.167181
Moved 1221.029 343.9995 453 -0.03703818 0.167181
Moved 1221.043 333.9397 453 -0.06032477 0.167181
Moved 1221.059 324.8942 453 -0.08126339 0.167181
Moved 1221.075 314.7761 453 -0.1046849 0.167181
Moved 1221.089 302.944 453 -0.1320741 0.167181
Moved 1221.105 295.2147 453 -0.149966 0.167181
Moved 1221.124 282.2867 453 -0.1798919 0.167181
Moved 1221.138 273.92 453 -0.1992593 0.167181
Moved 1221.151 264.0274 453 -0.2221588 0.167181
Moved 1221.168 257.3831 453 -0.2375392 0.167181
Moved 1221.183 251.3615 453 -0.2514781 0.167181
Moved 1221.198 245.2003 453 -0.2657401 0.167181
Moved 1221.214 240.8672 453 -0.2757704 0.167181
Moved 1221.229 237.697 453 -0.2831088 0.167181
Moved 1221.245 233.8138 453 -0.2920977 0.167181
Moved 1221.26 230.9422 453 -0.298745 0.167181
Moved 1221.278 228.0646 453 -0.3054061 0.167181
Moved 1221.294 227.091 453 -0.3076598 0.167181
Moved 1221.306 225.6633 453 -0.3109645 0.167181
Stationary 1221.324 225.6633 453 -0.3109645 0.167181
Moved 1221.335 225 453 -0.3125 0.167181
Moved 1221.351 223.6938 453 -0.3155237 0.167181
Stationary 1221.367 223.6938 453 -0.3155237 0.167181
Stationary 1221.382 224 453 -0.3148148 0.167181
Stationary 1221.397 224 453 -0.3148148 0.167181
Stationary 1221.413 224 453 -0.3148148 0.167181
Moved 1221.428 239 453 -0.2800926 0.167181
Moved 1221.445 242.8319 453 -0.2712224 0.167181
Moved 1221.46 252.5204 453 -0.2487953 0.167181
Moved 1221.475 261 453 -0.2291666 0.167181
Moved 1221.49 269.7465 453 -0.2089202 0.167181
Moved 1221.506 276.9829 453 -0.1921692 0.167181
Moved 1221.522 283.3316 453 -0.1774731 0.167181
Moved 1221.537 289.0704 453 -0.1641889 0.167181
Moved 1221.552 291.8327 453 -0.1577946 0.167181
Moved 1221.568 297.4445 453 -0.1448044 0.167181
Moved 1221.583 300.5009 453 -0.1377293 0.167181
Moved 1221.604 304.3799 453 -0.1287501 0.167181
Moved 1221.615 308.4054 453 -0.1194319 0.167181
Ended 1221.63 312.5 453 -0.1099537 0.167181
Candidates 1221.765 12 as ad add sad dad a gas ass ads adds fas had
Began 1222.242 354 413 -0.01388888 0.06430033
Stationary 1222.262 354 413 -0.01388888 0.06430033
Moved 1222.278 354 446.1938 -0.01388888 0.1496753
Moved 1222.291 354 472.0543 -0.01388888 0.216189
Moved 1222.308 354 506.1868 -0.01388888 0.3039784
Moved 1222.323 354 537.6038 -0.01388888 0.3847834
Moved 1222.337 362.4587 564.8027 0.005691449 0.4547395
Moved 1222.354 377.8085 594.617 0.04122337 0.5314222
Ended 1222.369 387 613 0.06250004 0.5787036
Accept 1222.428 0 as
Began 1222.704 349 404 -0.02546296 0.04115226
Stationary 1222.726 349 404 -0.02546296 0.04115226
Stationary 1222.738 349 404 -0.02546296 0.04115226
Stationary 1222.753 349 404 -0.02546296 0.04115226
Stationary 1222.768 349 404 -0.02546296 0.04115226
Moved 1222.789 349 425.295 -0.02546296 0.09592339
Moved 1222.801 349 444.7853 -0.02546296 0.1460526
Moved 1222.816 349 461.6827 -0.02546296 0.1895131
Moved 1222.831 349 482.78 -0.02546296 0.2437757
Moved 1222.847 349 492.2735 -0.02546296 0.2681931
Moved 1222.862 349 502.3638 -0.02546296 0.2941454
Moved 1222.878 349 507.8968 -0.02546296 0.3083765
Moved 1222.893 349 513.2878 -0.02546296 0.3222423
Moved 1222.908 349 517.0475 -0.02546296 0.3319122
Moved 1222.926 349 520.4058 -0.02546296 0.3405498
Moved 1222.939 349 523.0576 -0.02546296 0.3473701
Moved 1222.956 357.9499 527.4248 -0.004745672 0.3586029
Moved 1222.97 362.6488 531.7366 0.00613153 0.3696927
Moved 1222.986 369.7545 538.7545 0.02257993 0.387743
Moved 1223.001 380.5516 544.7585 0.04757305 0.4031853
Moved 1223.017 391.8782 549.7043 0.07379224 0.4159062
Moved 1223.032 409.5 556.5 0.1145834 0.4333847
Moved 1223.048 436.0016 564.8576 0.1759297 0.4548806
Moved 1223.07 485.2452 570 0.2899194 0.4681069
Stationary 1223.08 485.2452 570 0.2899194 0.4681069
Moved 1223.093 502.5109 570 0.3298863 0.4681069
Moved 1223.109 522.8234 564.8824 0.3769059 0.4549444
Moved 1223.124 541.1921 556.9409 0.4194263 0.4345186
Moved 1223.14 551.145 557 0.4424653 0.4346707
Moved 1223.155 557.2053 556 0.4564938 0.4320986
Moved 1223.169 560.9952 556 0.4652666 0.4320986
Moved 1223.185 562.4203 556 0.4685655 0.4320986
Stationary 1223.201 562 556 0.4675925 0.4320986
Moved 1223.217 562 565.1179 0.4675925 0.45555
Moved 1223.233 541.3641 566.4824 0.4198244 0.4590596
Moved 1223.248 520.2498 570.55 0.3709485 0.4695216
Moved 1223.263 501.6555 571.1858 0.3279061 0.4711567
Moved 1223.279 469.5454 571 0.2535774 0.4706789
Moved 1223.294 450.4209 572.1316 0.2093077 0.4735894
Moved 1223.309 431.0553 572 0.1644798 0.4732509
Moved 1223.327 414.9951 572 0.1273036 0.4732509
Moved 1223.346 392.8363 563.1194 0.07600993 0.45041
Stationary 1223.358 392.8363 563.1194 0.07600993 0.45041
Moved 1223.371 385.0274 560.0118 0.05793393 0.442417
Moved 1223.386 377.8325 557.133 0.0412788 0.4350127
Ended 1223.402 374 555 0.03240744 0.4295266
Candidates 1223.538 12 you your toy tour report root out put foot got roy for
Began 1223.923 339 427 -0.04861111 0.1003086
Stationary 1223.941 339 427 -0.04861111 0.1003086
Moved 1223.956 339 438.4314 -0.04861111 0.1297103
Moved 1223.972 339 469.7903 -0.04861111 0.2103658
Moved 1223.986 344.147 517.0734 -0.03669674 0.3319787
Moved 1224.002 357.5688 575.0356 -0.005627821 0.4810585
Moved 1224.018 380.1267 633.6997 0.04658958 0.6319436
Moved 1224.033 405.5 681 0.1053241 0.7536006
Ended 1224.049 440 727.5 0.1851852 0.8731995
Accept 1224.08 0 you
Began 1224.478 384 480 0.0555556 0.2366254
Stationary 1224.495 384 480 0.0555556 0.2366254
Stationary 1224.51 384 480 0.0555556 0.2366254
Moved 1224.526 379.8472 498.7483 0.04594257 0.2848463
Moved 1224.541 370.2529 524.1572 0.02373348 0.3501984
Moved 1224.557 363.0373 551.4583 0.007030766 0.4204172
Moved 1224.573 359.4971 567.0115 -0.001164029 0.4604205
Moved 1224.588 357.7332 580.4016 -0.005247345 0.49486
Moved 1224.604 356.6831 591.1685 -0.007677922 0.5225527
Moved 1224.62 357 602.8533 -0.006944438 0.552606
Moved 1224.635 357 610.3882 -0.006944438 0.5719861
Moved 1224.65 357 616.8705 -0.006944438 0.5886586
Moved 1224.665 357 621.4617 -0.006944438 0.6004673
Moved 1224.68 357 624.7843 -0.006944438 0.6090131
Moved 1224.696 357 628.0635 -0.006944438 0.6174471
Moved 1224.712 357 629.103 -0.006944438 0.6201207
Moved 1224.727 361.0634 630.5805 0.002461672 0.623921
Moved 1224.749 369.1315 631 0.02113779 0.6249998
Moved 1224.76 383.2323 623.4759 0.05377859 0.6056477
Moved 1224.774 397.0474 603.2384 0.08575787 0.5535966
Moved 1224.789 410.0475 581.9209 0.1158506 0.4987677
Moved 1224.804 415.3574 564.3563 0.128142 0.4535913
Moved 1224.82 419.5765 545.0117 0.1379086 0.4038366
Moved 1224.835 422.6027 526.0828 0.1449136 0.355151
Moved 1224.851 423 513.8167 0.1458333 0.3236024
Moved 1224.866 424.18 506.0999 0.1485649 0.3037549
Moved 1224.881 425.2432 504.3784 0.151026 0.2993272
Moved 1224.897 429.1541 504 0.160079 0.2983539
Moved 1224.913 439.4933 517.4914 0.1840124 0.3330539
Moved 1224.928 457.7901 543.9859 0.226366 0.4011982
Moved 1224.944 482.7486 585.2726 0.2841403 0.5073884
Moved 1224.959 498.4739 613.9526 0.3205415 0.5811536
Moved 1224.974 508.2991 626.0363 0.343285 0.6122332
Moved 1224.995 516.7943 642.1769 0.3629497 0.6537473
Stationary 1225.005 516.7943 642.1769 0.3629497 0.6537473
Moved 1225.019 518.2376 645.4752 0.3662908 0.6622303
Moved 1225.035 519.5 648 0.3692129 0.6687242
Moved 1225.051 520 648.7577 0.3703704 0.670673
Moved 1225.067 520 650.1936 0.3703704 0.6743662
Stationary 1225.081 520 650 0.3703704 0.6738682
Moved 1225.097 503.8781 633.8782 0.3330513 0.6324026
Moved 1225.112 484 609.5 0.287037 0.5697016
Moved 1225.128 408.1722 506.8963 0.1115099 0.3058031
Moved 1225.145 372.5511 451.0392 0.02905349 0.1621379
Moved 1225.158 370.3106 434.6287 0.02386709 0.1199296
Moved 1225.175 366.0332 408.2656 0.01396577 0.05212336
Moved 1225.189 366 387.0856 0.01388888 -0.002352004
Moved 1225.205 371.9297 370.2936 0.02761493 -0.04554105
Moved 1225.226 376.8673 355.109 0.03904462 -0.08459616
Moved 1225.237 380.4665 341.6674 0.04737626 -0.1191682
Moved 1225.252 384.5228 328.4317 0.05676568 -0.1532107
Moved 1225.267 387.6139 323.9769 0.06392101 -0.1646686
Moved 1225.282 391.41 318.8849 0.07270843 -0.177765
Moved 1225.298 392 318 0.07407407 -0.1800412
Moved 1225.314 396.7726 318 0.08512169 -0.1800412
Moved 1225.329 408.2322 334.3716 0.1116487 -0.1379333
Moved 1225.344 419.6959 348.6199 0.138185 -0.1012863
Moved 1225.359 437.9661 370.8799 0.180477 -0.0440333
Moved 1225.375 454.6764 389.6359 0.2191582 0.004207391
Moved 1225.39 483.3766 422.6331 0.285594 0.08907694
Moved 1225.406 507.3311 457.4966 0.3410442 0.1787464
Moved 1225.421 521.8134 476.6574 0.3745679 0.2280282
Moved 1225.437 534.5363 493.4413 0.4040192 0.2711966
Moved 1225.457 547.5816 508.7573 0.4342166 0.3105897
Moved 1225.468 557.0394 525.863 0.4561096 0.3545857
Moved 1225.481 562.1636 539.2816 0.4679713 0.3890985
Moved 1225.498 564.1531 558.143 0.4725765 0.4376105
Moved 1225.514 559.2687 585.4626 0.4612701 0.5078771
Moved 1225.529 551.8605 605.4532 0.4441215 0.5592933
Ended 1225.543 551.8605 605.4532 0.4441215 0.5592933
Candidates 1225.586 12 tivo rico trump dunno dump jump vivo pump imo ocp ethical disco
Began 1226.452 392 484 0.07407407 0.2469135
Stationary 1226.471 392 484 0.07407407 0.2469135
Ended 1226.486 392 484 0.07407407 0.2469135
NextCandidatePanel 1226.528
Began 1227.239 375 445 0.03472219 0.1466049
Stationary 1227.255 375 445 0.03472219 0.1466049
Ended 1227.281 375 445 0.03472219 0.1466049
NextCandidatePanel 1227.313
Began 1228.237 357 431 -0.006944438 0.1105966
Stationary 1228.256 357 431 -0.006944438 0.1105966
Stationary 1228.272 357 431 -0.006944438 0.1105966
Stationary 1228.286 357 431 -0.006944438 0.1105966
Ended 1228.302 357 431 -0.006944438 0.1105966
NextCandidatePanel 1228.346
Began 1229.177 366 458 0.01388888 0.180041
Stationary 1229.197 366 458 0.01388888 0.180041
Ended 1229.212 366 458 0.01388888 0.180041
NextCandidatePanel 1229.24
Began 1229.305 369 458 0.02083332 0.180041
Stationary 1229.326 369 458 0.02083332 0.180041
Ended 1229.336 369 458 0.02083332 0.180041
Cancel 1229.394
Began 1229.749 378 411 0.04166663 0.05915629
Stationary 1229.768 378 411 0.04166663 0.05915629
Stationary 1229.785 378 411 0.04166663 0.05915629
Stationary 1229.798 378 411 0.04166663 0.05915629
Moved 1229.813 378 425.2617 0.04166663 0.09583751
Moved 1229.829 378 431.1364 0.04166663 0.1109474
Moved 1229.845 378 440.4409 0.04166663 0.1348788
Moved 1229.86 367.5163 447.4884 0.01739879 0.1530051
Moved 1229.875 367.2364 455.1151 0.01675089 0.1726211
Moved 1229.89 361.8958 465.1823 0.004388491 0.198514
Moved 1229.906 354.6964 476.6859 -0.01227697 0.2281014
Moved 1229.929 341.2884 492.7116 -0.04331385 0.2693199
Stationary 1229.94 341.2884 492.7116 -0.04331385 0.2693199
Moved 1229.953 337.6567 498.1245 -0.05172064 0.2832419
Moved 1229.967 334.5742 502.6387 -0.05885606 0.2948527
Moved 1229.983 331.2079 505.7921 -0.06664827 0.302963
Moved 1229.998 330.2104 508.7896 -0.06895746 0.3106728
Moved 1230.014 328.7716 511.4568 -0.07228801 0.317533
Moved 1230.029 328.3347 513.6653 -0.07329921 0.3232131
Moved 1230.045 328 515.1062 -0.07407407 0.3269191
Moved 1230.06 328 516.5507 -0.07407407 0.3306344
Moved 1230.077 343.7806 517.9863 -0.03754487 0.3343267
Moved 1230.09 355.8315 518 -0.009649397 0.3343621
Moved 1230.106 375.5014 504.2075 0.03588289 0.2988876
Moved 1230.122 390.7218 492.2504 0.0711152 0.2681336
Moved 1230.144 412.1631 467.2554 0.1207479 0.203846
Stationary 1230.155 412.1631 467.2554 0.1207479 0.203846
Moved 1230.167 420.6667 455.7776 0.1404323 0.1743252
Moved 1230.183 429.8302 443.7122 0.161644 0.1432927
Moved 1230.2 436.2562 435.0413 0.176519 0.120991
Moved 1230.214 443.2417 427.7583 0.1926891 0.1022589
Moved 1230.23 444.6843 427 0.1960284 0.1003086
Moved 1230.245 447.246 427 0.2019582 0.1003086
Moved 1230.261 451.2583 433.2104 0.2112461 0.1162817
Moved 1230.276 455.001 447.0043 0.2199097 0.15176
Moved 1230.29 457.8541 465.5518 0.2265141 0.1994645
Moved 1230.307 459 485.9175 0.2291666 0.2518452
Moved 1230.323 460.9615 504.7111 0.2337071 0.3001827
Moved 1230.343 462 531.7184 0.2361111 0.3696461
Stationary 1230.355 462 531.7184 0.2361111 0.3696461
Moved 1230.367 462 536.8793 0.2361111 0.3829198
Moved 1230.383 462 541.2004 0.2361111 0.3940338
Moved 1230.399 462 545.5241 0.2361111 0.4051545
Moved 1230.414 462 546.5 0.2361111 0.4076646
Moved 1230.429 462 547 0.2361111 0.4089505
Stationary 1230.446 462 547 0.2361111 0.4089505
Moved 1230.46 462 539.4908 0.2361111 0.3896367
Moved 1230.476 454.8154 519.6308 0.2194801 0.3385565
Moved 1230.491 443.4132 495.3781 0.1930861 0.276178
Moved 1230.507 427.9366 445.1219 0.1572605 0.1469184
Moved 1230.523 418.9281 409.7126 0.1364077 0.05584513
Moved 1230.542 416.905 396.16 0.1317246 0.02098774
Moved 1230.554 416.0909 384.6364 0.1298401 -0.008651239
Moved 1230.568 416 370.404 0.1296297 -0.0452573
Moved 1230.584 416 357.1085 0.1296297 -0.07945362
Moved 1230.599 416 344.0017 0.1296297 -0.1131644
Moved 1230.615 420.6703 334.9969 0.1404404 -0.1363248
Moved 1230.633 424.1087 328.5651 0.1483999 -0.1528677
Moved 1230.646 425.1923 325.4232 0.150908 -0.1609487
Moved 1230.66 426 325.3072 0.1527777 -0.1612469
Moved 1230.676 427.1316 325 0.1553972 -0.1620371
Moved 1230.692 431.299 325 0.1650441 -0.1620371
Moved 1230.708 443.2348 338.3052 0.1926731 -0.1278158
Moved 1230.725 458.8568 358.1813 0.2288351 -0.07669417
Moved 1230.744 475.6583 388.5229 0.2677275 0.001344955
Moved 1230.755 490.6841 417.3908 0.3025096 0.0755936
Moved 1230.769 512.1197 472.9112 0.3521289 0.2183929
Ended 1230.785 516 525 0.3611111 0.3523662
Candidates 1230.872 12 think dunno thick tivo trump terribly roughly tiny junk dump rico rick
Began 1231.427 405 454 0.1041667 0.169753
Stationary 1231.447 405 454 0.1041667 0.169753
Moved 1231.462 405 487.8665 0.1041667 0.2568582
Moved 1231.477 405 518.7098 0.1041667 0.3361876
Moved 1231.494 409.2354 565.5469 0.1139709 0.4566534
Moved 1231.509 417.2306 610.4756 0.1324782 0.5722107
Moved 1231.526 434.8694 665.5865 0.1733089 0.7139571
Ended 1231.545 434.8694 665.5865 0.1733089 0.7139571
Accept 1231.567 0 think
PhraseEnd 1233.11
