longer than a football field
longer than a football field
Basic
0.6 0.6
432 388.8
Began 1337.199 568 293 0.4814814 -0.2443416
Stationary 1337.215 568 293 0.4814814 -0.2443416
Stationary 1337.234 568 293 0.4814814 -0.2443416
Stationary 1337.247 568 293 0.4814814 -0.2443416
Stationary 1337.262 568 293 0.4814814 -0.2443416
Stationary 1337.277 568 293 0.4814814 -0.2443416
Stationary 1337.292 568 293 0.4814814 -0.2443416
Stationary 1337.308 568 293 0.4814814 -0.2443416
Stationary 1337.324 568 293 0.4814814 -0.2443416
Moved 1337.338 556.0176 306.4801 0.4537445 -0.2096705
Moved 1337.354 557.1232 313.1378 0.4563037 -0.192547
Moved 1337.371 554.4645 322.8743 0.4501493 -0.1675043
Moved 1337.384 554 331.2897 0.4490741 -0.1458597
Moved 1337.401 552.9471 340.3705 0.4466367 -0.122504
Moved 1337.416 553 349.9985 0.4467593 -0.09774062
Moved 1337.432 551.5 356 0.443287 -0.0823046
Moved 1337.448 552 370.2537 0.4444444 -0.04564387
Moved 1337.463 552 380.6959 0.4444444 -0.01878629
Moved 1337.479 551 392.3924 0.4421297 0.01129723
Moved 1337.495 551 402.0225 0.4421297 0.03606604
Moved 1337.51 551 414.5497 0.4421297 0.06828634
Moved 1337.524 550 423.71 0.4398148 0.09184672
Moved 1337.54 548.8264 434.3886 0.4370981 0.1193122
Moved 1337.556 549 439.0446 0.4375 0.1312874
Moved 1337.571 547.3445 449.5881 0.4336679 0.1584055
Moved 1337.586 544.922 457.1951 0.4280602 0.1779708
Moved 1337.602 543.5815 466.9297 0.4249572 0.2030085
Moved 1337.616 542.189 475.6766 0.4217339 0.2255057
Moved 1337.633 540.7951 485.4341 0.4185071 0.250602
Moved 1337.646 539.4089 491.9556 0.4152983 0.2673753
Moved 1337.662 538.258 497.7101 0.4126342 0.282176
Moved 1337.679 536.9557 504.2215 0.4096196 0.2989236
Moved 1337.694 535.5682 511.1592 0.4064078 0.3167673
Moved 1337.709 534.1781 515.4656 0.4031901 0.3278436
Moved 1337.725 532.7907 519.6278 0.3999785 0.3385488
Moved 1337.74 532 523.1966 0.3981481 0.3477278
Moved 1337.756 531.0133 525.9734 0.3958642 0.3548698
Moved 1337.772 529.6259 528.7482 0.3926525 0.3620067
Moved 1337.786 528.6915 529.3085 0.3904897 0.3634476
Moved 1337.801 527.2045 530.7955 0.3870473 0.3672723
Moved 1337.817 525.8182 532.1818 0.3838384 0.3708379
Moved 1337.832 524.4249 532 0.3806132 0.3703703
Moved 1337.848 522.0759 532 0.3751756 0.3703703
Moved 1337.863 519.3012 532 0.3687528 0.3703703
Moved 1337.882 511.5301 532 0.350764 0.3703703
Moved 1337.894 504.8264 522.5151 0.3352464 0.3459749
Moved 1337.91 494.3478 510.1412 0.3109902 0.3141491
Moved 1337.925 487.0142 498.6255 0.2940142 0.2845305
Moved 1337.941 479.1118 483.2236 0.2757218 0.2449167
Moved 1337.956 472.1381 467.9038 0.2595789 0.2055138
Moved 1337.971 465.4725 445.1539 0.2441494 0.1470007
Moved 1337.987 458.2336 421.5474 0.2273925 0.08628448
Moved 1338.003 451.5 395.5 0.2118056 0.01929004
Moved 1338.018 446.717 368.585 0.2007338 -0.04993572
Moved 1338.034 444.0433 348.5202 0.1945448 -0.1015428
Moved 1338.049 441.3048 335.8718 0.1882056 -0.1340747
Moved 1338.064 441 323.9005 0.1875 -0.1648649
Moved 1338.08 441 311.9298 0.1875 -0.1956538
Moved 1338.095 439.5 305.5 0.1840278 -0.2121914
Moved 1338.116 440 290.0301 0.1851852 -0.2519802
Stationary 1338.127 440 290.0301 0.1851852 -0.2519802
Moved 1338.14 438.6427 283.2137 0.1820433 -0.269512
Moved 1338.156 438.2447 278.7341 0.181122 -0.2810337
Moved 1338.172 436.8535 274.5606 0.1779017 -0.291768
Moved 1338.186 437 269 0.1782407 -0.30607
Moved 1338.202 435.0875 264.2624 0.1738136 -0.3182552
Moved 1338.217 433.7001 258.8003 0.170602 -0.3323039
Moved 1338.233 432.5 254 0.167824 -0.3446502
Moved 1338.249 432 250.7424 0.1666667 -0.3530288
Moved 1338.264 429.7126 247.7126 0.1613718 -0.3608215
Moved 1338.28 428.4679 247 0.1584904 -0.3626543
Moved 1338.295 426.1584 247 0.1531443 -0.3626543
Moved 1338.309 422.0757 247 0.1436937 -0.3626543
Moved 1338.327 414.1593 253.2238 0.1253688 -0.3466468
Moved 1338.341 406.6415 262.4302 0.1079665 -0.3229676
Moved 1338.356 397.3031 270.6195 0.08634975 -0.3019046
Moved 1338.374 387.5257 281.9707 0.06371677 -0.2727091
Moved 1338.387 379.6653 291.0686 0.04552146 -0.2493092
Moved 1338.402 374.0282 299.4578 0.03247261 -0.2277321
Moved 1338.421 368.1081 308.1531 0.01876881 -0.2053674
Moved 1338.433 363.949 316.1021 0.009141167 -0.1849227
Moved 1338.449 359.7871 324.4257 -0.0004927317 -0.1635141
Moved 1338.465 355 332.5 -0.01157408 -0.142747
Moved 1338.48 351.4237 340.1525 -0.01985247 -0.1230646
Moved 1338.495 347.265 348.47 -0.02947912 -0.101672
Moved 1338.51 344.0782 354.8436 -0.03685604 -0.08527873
Moved 1338.525 339.9246 361.1006 -0.04647091 -0.06918581
Moved 1338.541 337.1826 366.6348 -0.05281811 -0.05495157
Moved 1338.558 334.4057 371.3915 -0.05924612 -0.04271739
Moved 1338.571 331.6375 375.5438 -0.06565407 -0.03203757
Moved 1338.587 330.8295 379.6819 -0.06752421 -0.02139433
Moved 1338.602 330 384.2262 -0.06944443 -0.009706403
Moved 1338.618 330 387.9931 -0.06944443 -1.785686E-05
Moved 1338.633 330 392.1437 -0.06944443 0.01065772
Moved 1338.648 330 397.0789 -0.06944443 0.02335109
Moved 1338.664 330 400.3015 -0.06944443 0.03163946
Moved 1338.68 330 404.5 -0.06944443 0.04243823
Moved 1338.696 335.0583 407.4452 -0.0577355 0.05001327
Moved 1338.71 338.0307 410.0613 -0.05085493 0.05674209
Moved 1338.729 339.4181 411.4181 -0.04764329 0.06023163
Moved 1338.742 340 412.8032 -0.04629632 0.06379426
Moved 1338.757 341.1835 414.1835 -0.04355669 0.06734443
Stationary 1338.772 341.1835 414.1835 -0.04355669 0.06734443
Moved 1338.786 341 415.9594 -0.04398147 0.07191195
Moved 1338.803 341 416.5 -0.04398147 0.07330243
Moved 1338.82 341 417.1763 -0.04398147 0.07504192
Stationary 1338.835 341 417.1763 -0.04398147 0.07504192
Moved 1338.849 341 419.1827 -0.04398147 0.08020248
Moved 1338.864 341 420.5774 -0.04398147 0.08378955
Moved 1338.882 333.2608 422.9348 -0.0618962 0.0898528
Moved 1338.897 328.9575 425.695 -0.07185757 0.0969521
Moved 1338.91 325.5156 428.2266 -0.07982508 0.1034635
Moved 1338.928 322.4929 431.5071 -0.08682197 0.1119008
Moved 1338.941 318.5328 435.4672 -0.09598896 0.1220864
Moved 1338.958 314.9331 440.6004 -0.1043216 0.135289
Moved 1338.973 312.1584 444.7624 -0.1107444 0.1459937
Moved 1338.988 308.0648 450.2469 -0.1202204 0.1601002
Moved 1339.003 304.6145 456.0782 -0.1282072 0.1750983
Moved 1339.023 300.7505 460.2495 -0.1371516 0.1858269
Moved 1339.034 298.0596 464.4106 -0.1433806 0.1965293
Moved 1339.049 295.9107 466.634 -0.1483549 0.2022478
Moved 1339.065 293.1308 470.8037 -0.1547897 0.2129725
Moved 1339.08 291.6781 473.6437 -0.1581525 0.220277
Moved 1339.096 288.5753 478.1371 -0.165335 0.231834
Moved 1339.111 286.8979 481.2043 -0.1692179 0.2397229
Moved 1339.129 285.5146 483.9708 -0.1724198 0.2468383
Moved 1339.141 284.1256 486.7488 -0.1756352 0.2539836
Moved 1339.157 283.0572 488.8857 -0.1781084 0.2594796
Moved 1339.174 281.6891 491.6219 -0.1812753 0.2665171
Moved 1339.187 281.3034 493.6966 -0.1821681 0.2718533
Moved 1339.203 281 496.1535 -0.1828704 0.2781725
Moved 1339.219 279.5312 498.9376 -0.1862703 0.2853332
Moved 1339.234 280 500.8584 -0.1851852 0.2902735
Moved 1339.25 280 504.7125 -0.1851852 0.3001863
Moved 1339.265 280 505.5 -0.1851852 0.3022119
Moved 1339.283 280 508.4474 -0.1851852 0.3097927
Moved 1339.296 280 511.2269 -0.1851852 0.3169416
Moved 1339.312 280 513.9928 -0.1851852 0.3240555
Moved 1339.328 287 514.8745 -0.1689815 0.3263231
Moved 1339.343 288.2614 515 -0.1660615 0.326646
Moved 1339.357 289.6487 516.6487 -0.1628503 0.3308864
Moved 1339.373 290.5 517.5 -0.1608796 0.3330761
Moved 1339.389 291.0452 518.0452 -0.1596176 0.3344782
Moved 1339.405 292.495 519 -0.1562617 0.3369341
Moved 1339.42 293.8823 519.8823 -0.1530502 0.3392034
Moved 1339.435 296.5464 521.2732 -0.1468834 0.3427807
Moved 1339.451 297.6626 522 -0.1442996 0.3446501
Moved 1339.466 300.0998 523.0499 -0.138658 0.3473504
Moved 1339.482 301.4373 523 -0.1355618 0.3472221
Moved 1339.496 304 524.5 -0.1296296 0.3510802
Moved 1339.511 308.4416 524.8604 -0.1193483 0.3520072
Moved 1339.527 312.7431 525 -0.109391 0.3523662
Moved 1339.542 318.5403 526 -0.09597158 0.3549381
Moved 1339.558 323.0674 526 -0.08549222 0.3549381
Moved 1339.573 328.6547 526 -0.07255851 0.3549381
Moved 1339.589 332.3849 526 -0.0639239 0.3549381
Moved 1339.604 335.3766 526 -0.05699848 0.3549381
Moved 1339.62 338.5974 526 -0.04954303 0.3549381
Moved 1339.635 342.9547 526 -0.03945674 0.3549381
Moved 1339.651 346.0779 526 -0.03222714 0.3549381
Moved 1339.666 347.4262 526 -0.02910594 0.3549381
Moved 1339.688 351.2038 526 -0.02036159 0.3549381
Stationary 1339.699 351.2038 526 -0.02036159 0.3549381
Moved 1339.712 352.5 526 -0.0173611 0.3549381
Stationary 1339.728 352.5 526 -0.0173611 0.3549381
Moved 1339.742 353 526 -0.01620372 0.3549381
Moved 1339.758 354.4286 526 -0.01289671 0.3549381
Ended 1339.774 354 526 -0.01388888 0.3549381
Candidates 1339.925 12 longer line money lone liberty lounge love lobby mine lover none honey
Began 1340.326 382 384 0.05092591 -0.01028807
Stationary 1340.344 382 384 0.05092591 -0.01028807
Stationary 1340.358 382 384 0.05092591 -0.01028807
Stationary 1340.375 382 384 0.05092591 -0.01028807
Stationary 1340.391 382 384 0.05092591 -0.01028807
Stationary 1340.404 382 384 0.05092591 -0.01028807
Stationary 1340.422 382 384 0.05092591 -0.01028807
Moved 1340.437 382 400.7341 0.05092591 0.03275216
Moved 1340.451 382 412.553 0.05092591 0.0631507
Moved 1340.467 382 425.0041 0.05092591 0.09517504
Moved 1340.483 382 440.3079 0.05092591 0.1345365
Moved 1340.508 382 455.7855 0.05092591 0.1743454
Moved 1340.52 382 461 0.05092591 0.1877571
Stationary 1340.531 382 461 0.05092591 0.1877571
Moved 1340.543 382 465.7155 0.05092591 0.1998853
Moved 1340.56 382 467.9924 0.05092591 0.2057418
Moved 1340.578 382 470.7571 0.05092591 0.2128525
Moved 1340.59 382 472.7607 0.05092591 0.2180059
Moved 1340.606 382 473.5 0.05092591 0.2199073
Moved 1340.622 382 474.2755 0.05092591 0.221902
Ended 1340.636 382 474 0.05092591 0.2211934
Accept 1340.694 0 longer
Began 1341.128 487 508 0.2939814 0.3086419
Stationary 1341.148 487 508 0.2939814 0.3086419
Stationary 1341.16 487 508 0.2939814 0.3086419
Stationary 1341.176 487 508 0.2939814 0.3086419
Stationary 1341.192 487 508 0.2939814 0.3086419
Stationary 1341.214 487 508 0.2939814 0.3086419
Stationary 1341.223 487 508 0.2939814 0.3086419
Moved 1341.238 475.8663 508 0.2682091 0.3086419
Moved 1341.253 471.7198 508 0.2586106 0.3086419
Moved 1341.269 465.5938 508 0.24443 0.3086419
Moved 1341.285 458.645 508 0.2283448 0.3086419
Moved 1341.299 449.1886 508 0.2064551 0.3086419
Moved 1341.315 442.7646 508 0.1915847 0.3086419
Moved 1341.333 435.8185 508 0.1755058 0.3086419
Moved 1341.346 430.6249 508 0.1634836 0.3086419
Moved 1341.361 420.5636 508 0.1401934 0.3086419
Moved 1341.377 410.7534 508 0.1174847 0.3086419
Moved 1341.392 401.0966 508 0.0951311 0.3086419
Moved 1341.407 392.6964 508 0.07568599 0.3086419
Moved 1341.428 383.6506 499.6007 0.05474687 0.2870388
Moved 1341.44 375.4001 497.1334 0.03564825 0.2806928
Moved 1341.453 370.5 496.5 0.02430558 0.2790637
Moved 1341.469 362.772 493.2573 0.006416738 0.2707235
Moved 1341.484 353.1889 490.4825 -0.01576642 0.2635868
Moved 1341.5 346.7606 487.7042 -0.03064687 0.2564409
Moved 1341.516 338.7487 484.9163 -0.0491928 0.2492702
Moved 1341.53 334.7243 483.5748 -0.05850846 0.2458197
Moved 1341.546 328.774 481.1935 -0.07228231 0.2396952
Moved 1341.561 322.0197 478.6079 -0.08791725 0.2330449
Moved 1341.577 318.1066 477.7767 -0.09697546 0.230907
Moved 1341.591 312.9957 474.6638 -0.1088062 0.2229007
Moved 1341.607 307.7661 472.9415 -0.1209117 0.2184709
Moved 1341.623 303.6633 470.1089 -0.130409 0.2111853
Moved 1341.638 299.5109 468.1703 -0.1400211 0.2061992
Moved 1341.653 296.5516 465.5516 -0.1468714 0.1994638
Moved 1341.669 293.7815 464.3907 -0.1532836 0.1964782
Moved 1341.685 293 463.2465 -0.1550926 0.1935352
Moved 1341.704 291.939 461.939 -0.1575485 0.1901723
Stationary 1341.717 291.939 461.939 -0.1575485 0.1901723
Moved 1341.731 292 460.1593 -0.1574074 0.1855948
Moved 1341.746 292 458.7816 -0.1574074 0.1820512
Moved 1341.762 292 455.1638 -0.1574074 0.1727462
Moved 1341.78 301.0041 449.9982 -0.1365645 0.1594602
Moved 1341.792 306.5212 444.4788 -0.1237936 0.1452644
Moved 1341.808 311.5464 439.4536 -0.1121611 0.1323395
Moved 1341.824 320.0683 431.7453 -0.09243444 0.1125136
Moved 1341.84 327.0054 423.7935 -0.07637639 0.09206147
Moved 1341.854 332.3492 418.0635 -0.0640066 0.07732383
Moved 1341.87 337.8924 412.1076 -0.05117501 0.06200515
Moved 1341.886 342.0699 407.9301 -0.04150475 0.05126043
Moved 1341.901 347.2289 402.7711 -0.02956261 0.0379914
Moved 1341.916 351.4408 398.5592 -0.01981303 0.02715837
Moved 1341.932 356.7757 394.4183 -0.007463743 0.01650783
Moved 1341.947 361.338 390.2465 0.003097355 0.005777932
Moved 1341.962 366.9137 387.0432 0.01600395 -0.002461107
Moved 1341.978 371.0975 382.9025 0.02568861 -0.01311086
Moved 1341.993 376.2515 381.2495 0.03761917 -0.01736244
Moved 1342.009 380.4042 378.7305 0.04723191 -0.02384131
Moved 1342.026 384.5 376 0.05671293 -0.03086435
Moved 1342.041 387.2799 375.5734 0.06314794 -0.03196159
Moved 1342.054 391.8779 373.0814 0.07379144 -0.03837083
Moved 1342.07 394.7007 371.6497 0.08032571 -0.04205335
Moved 1342.086 397.4681 369.266 0.08673171 -0.04818425
Moved 1342.101 400.2367 367.8817 0.0931404 -0.05174471
Moved 1342.115 403 365 0.09953707 -0.05915646
Moved 1342.134 404.8909 364.1091 0.1039141 -0.06144794
Moved 1342.154 407.3761 361.6238 0.109667 -0.06783991
Stationary 1342.165 407.3761 361.6238 0.109667 -0.06783991
Moved 1342.178 408.7636 361.2365 0.1128787 -0.06883629
Moved 1342.193 409.5 360.5 0.1145834 -0.07073053
Moved 1342.209 409 359.7288 0.113426 -0.07271417
Stationary 1342.225 409 360 0.113426 -0.07201654
Moved 1342.239 409 358.6891 0.113426 -0.07538807
Stationary 1342.254 409 358.6891 0.113426 -0.07538807
Stationary 1342.271 409 358.6891 0.113426 -0.07538807
Stationary 1342.286 409 359 0.113426 -0.07458848
Moved 1342.302 404.7646 359 0.1036219 -0.07458848
Moved 1342.317 397.3378 359 0.08643011 -0.07458848
Moved 1342.333 390.5219 359 0.07065266 -0.07458848
Moved 1342.348 383.5594 359 0.05453557 -0.07458848
Moved 1342.363 376.6416 359 0.03852218 -0.07458848
Moved 1342.379 372.6903 367.6194 0.02937575 -0.05241928
Moved 1342.393 364.0221 369.9926 0.009310444 -0.04631545
Moved 1342.409 353.9632 373.6388 -0.01397401 -0.03693726
Moved 1342.426 345.3351 376.5549 -0.03394644 -0.0294369
Moved 1342.439 337.6734 379.3306 -0.05168189 -0.02229777
Moved 1342.455 330.7221 381.0556 -0.06777291 -0.01786118
Moved 1342.471 323.8451 383.862 -0.08369197 -0.01064301
Moved 1342.487 317 386 -0.09953702 -0.005144111
Moved 1342.501 308.7852 388.6635 -0.1185526 0.001706292
Moved 1342.517 300.3699 391.5433 -0.1380325 0.009113477
Moved 1342.533 293.0245 394.3251 -0.1550358 0.01626835
Moved 1342.548 286.7888 397.1056 -0.1694704 0.02341969
Moved 1342.568 281.2079 398.448 -0.1823891 0.02687234
Moved 1342.58 275.5462 399.8179 -0.1954948 0.03039588
Moved 1342.594 269.0303 402.3879 -0.2105779 0.03700586
Moved 1342.61 264.1326 403.1735 -0.2219153 0.03902631
Moved 1342.626 256.3211 404.6132 -0.2399975 0.04272924
Moved 1342.64 249.025 405.995 -0.2568866 0.04628334
Moved 1342.655 239.2971 407.3861 -0.279405 0.04986131
Moved 1342.672 233.1725 407.7655 -0.2935823 0.05083716
Moved 1342.687 226.2891 408 -0.3095159 0.05144025
Moved 1342.701 219.3732 408 -0.325525 0.05144025
Moved 1342.716 214.1765 408 -0.3375543 0.05144025
Moved 1342.735 209.0198 408 -0.3494912 0.05144025
Moved 1342.748 206.2505 408 -0.3559015 0.05144025
Moved 1342.763 203.2275 408 -0.3628992 0.05144025
Moved 1342.779 201.8465 408 -0.3660961 0.05144025
Moved 1342.794 201 408.543 -0.3680556 0.05283677
Moved 1342.81 201 409.5 -0.3680556 0.05529835
Moved 1342.825 201 409 -0.3680556 0.05401234
Stationary 1342.84 201 409 -0.3680556 0.05401234
Stationary 1342.855 201 409 -0.3680556 0.05401234
Moved 1342.871 213.7785 409 -0.3384756 0.05401234
Moved 1342.887 222.2865 409 -0.3187811 0.05401234
Moved 1342.902 233.3444 402.5737 -0.2931842 0.03748368
Moved 1342.917 249.7079 395.4551 -0.2553058 0.01917458
Moved 1342.94 270.9834 384.0083 -0.2060569 -0.01026675
Stationary 1342.951 270.9834 384.0083 -0.2060569 -0.01026675
Moved 1342.963 282.8824 375.3137 -0.1785128 -0.03262955
Moved 1342.98 295.3801 368.5666 -0.1495831 -0.04998305
Moved 1342.996 308.7136 358.7719 -0.1187186 -0.07517535
Moved 1343.01 318.8113 351.7062 -0.09534428 -0.09334823
Moved 1343.027 326.8506 345.4329 -0.07673477 -0.1094832
Moved 1343.041 335.1176 339.9216 -0.05759805 -0.1236586
Moved 1343.057 344.7429 334.4326 -0.03531739 -0.1377763
Moved 1343.072 350.1485 330.5676 -0.02280434 -0.147717
Moved 1343.088 361.8424 323.5788 0.004264713 -0.1656925
Moved 1343.103 372.8833 318.0583 0.02982239 -0.1798911
Moved 1343.118 382.788 313.106 0.05275001 -0.1926286
Moved 1343.134 391.0682 308.9659 0.07191707 -0.2032771
Moved 1343.149 402.1909 304.8034 0.0976642 -0.2139831
Moved 1343.164 413.2505 299.6561 0.123265 -0.2272221
Moved 1343.18 421.1114 296.3808 0.1414616 -0.2356461
Moved 1343.195 429.2649 293.5784 0.1603354 -0.2428541
Moved 1343.211 433.8147 292.3951 0.1708672 -0.2458974
Moved 1343.226 437.9686 291.0104 0.180483 -0.2494588
Moved 1343.241 439.3768 289.6232 0.1837426 -0.2530268
Moved 1343.257 441.7643 289 0.1892691 -0.2546296
Moved 1343.273 443.1516 287.8484 0.1924805 -0.2575916
Moved 1343.294 445 288 0.1967593 -0.2572017
Stationary 1343.305 445 288 0.1967593 -0.2572017
Moved 1343.319 446.0309 286.9691 0.1991457 -0.2598532
Ended 1343.334 446 287 0.199074 -0.2597736
Candidates 1343.424 12 organ urban isn islam than pfam ian pan outbreak graham kitchen program
Began 1344.163 384 330 0.0555556 -0.149177
Stationary 1344.183 384 330 0.0555556 -0.149177
Stationary 1344.197 384 330 0.0555556 -0.149177
Stationary 1344.211 384 330 0.0555556 -0.149177
Stationary 1344.227 384 330 0.0555556 -0.149177
Stationary 1344.242 384 330 0.0555556 -0.149177
Stationary 1344.259 384 330 0.0555556 -0.149177
Stationary 1344.276 384 330 0.0555556 -0.149177
Stationary 1344.289 384 330 0.0555556 -0.149177
Ended 1344.304 384 330 0.0555556 -0.149177
NextCandidatePanel 1344.365
Began 1345.056 385 330 0.05787035 -0.149177
Stationary 1345.078 385 330 0.05787035 -0.149177
Stationary 1345.092 385 330 0.05787035 -0.149177
Stationary 1345.106 385 330 0.05787035 -0.149177
Stationary 1345.121 385 330 0.05787035 -0.149177
Moved 1345.143 385 353.0697 0.05787035 -0.08984137
Stationary 1345.154 385 353.0697 0.05787035 -0.08984137
Moved 1345.168 385 361.5 0.05787035 -0.06815843
Moved 1345.183 385 376.0718 0.05787035 -0.03067966
Moved 1345.198 385 387.0037 0.05787035 -0.002562519
Moved 1345.213 381.3031 395.6406 0.04931281 0.01965181
Moved 1345.23 377.082 402.5902 0.03954162 0.03752622
Moved 1345.245 374.3964 408.2073 0.03332496 0.05197336
Moved 1345.26 373.3089 414.0732 0.03080775 0.06706076
Moved 1345.275 373 418.2315 0.0300926 0.07775585
Moved 1345.291 371.8869 420.2262 0.02751599 0.08288626
Moved 1345.306 372 423 0.02777775 0.09002049
Moved 1345.324 371 424.9211 0.025463 0.09496155
Moved 1345.338 371 426.3082 0.025463 0.09852919
Moved 1345.353 371 427.6937 0.025463 0.1020927
Stationary 1345.367 371 428 0.025463 0.1028806
Stationary 1345.384 371 428 0.025463 0.1028806
Ended 1345.398 371 428 0.025463 0.1028806
Accept 1345.456 4 than
Began 1345.875 180 355 -0.4166667 -0.08487654
Stationary 1345.892 180 355 -0.4166667 -0.08487654
Stationary 1345.914 180 355 -0.4166667 -0.08487654
Stationary 1345.926 180 355 -0.4166667 -0.08487654
Stationary 1345.939 180 355 -0.4166667 -0.08487654
Stationary 1345.954 180 355 -0.4166667 -0.08487654
Stationary 1345.97 180 355 -0.4166667 -0.08487654
Stationary 1345.985 180 355 -0.4166667 -0.08487654
Stationary 1345.999 180 355 -0.4166667 -0.08487654
Stationary 1346.014 180 355 -0.4166667 -0.08487654
Ended 1346.032 180 355 -0.4166667 -0.08487654
Candidates 1346.092 5 a s d z x
Began 1346.597 361 361 0.002314846 -0.06944452
Stationary 1346.616 361 361 0.002314846 -0.06944452
Stationary 1346.63 361 361 0.002314846 -0.06944452
Stationary 1346.646 361 361 0.002314846 -0.06944452
Stationary 1346.662 361 361 0.002314846 -0.06944452
Moved 1346.678 361 372.815 0.002314846 -0.03905606
Moved 1346.694 361 379.3503 0.002314846 -0.0222473
Moved 1346.709 361 387.5 0.002314846 -0.001286047
Moved 1346.724 368 397.4281 0.01851857 0.02424911
Moved 1346.738 369.3018 409.7167 0.02153208 0.05585564
Moved 1346.759 370 418.7978 0.02314816 0.07921238
Moved 1346.771 371.0689 427.4137 0.02562254 0.1013727
Moved 1346.786 372.4525 437.1675 0.0288253 0.1264596
Moved 1346.801 372 442.3371 0.02777775 0.1397559
Moved 1346.817 373.2304 447.9216 0.03062586 0.1541191
Moved 1346.832 373 450.5718 0.0300926 0.1609357
Moved 1346.848 373 454.2793 0.0300926 0.1704714
Moved 1346.863 373 457.0558 0.0300926 0.1776127
Moved 1346.88 373 459.8307 0.0300926 0.1847497
Moved 1346.895 373 460.8049 0.0300926 0.1872554
Moved 1346.909 373 462.2027 0.0300926 0.1908504
Moved 1346.924 373 463.5 0.0300926 0.1941872
Stationary 1346.94 373 463.5 0.0300926 0.1941872
Ended 1346.956 374.0587 464 0.03254324 0.1954732
Accept 1347.012 0 a
Began 1347.584 296 318 -0.1481481 -0.1800412
Stationary 1347.604 296 318 -0.1481481 -0.1800412
Stationary 1347.619 296 318 -0.1481481 -0.1800412
Stationary 1347.634 296 318 -0.1481481 -0.1800412
Stationary 1347.656 296 318 -0.1481481 -0.1800412
Stationary 1347.67 296 318 -0.1481481 -0.1800412
Stationary 1347.682 296 318 -0.1481481 -0.1800412
Stationary 1347.693 296 318 -0.1481481 -0.1800412
Stationary 1347.709 296 318 -0.1481481 -0.1800412
Stationary 1347.725 296 318 -0.1481481 -0.1800412
Stationary 1347.741 296 318 -0.1481481 -0.1800412
Stationary 1347.757 296 318 -0.1481481 -0.1800412
Moved 1347.773 306.1087 332.1087 -0.1247483 -0.1437534
Moved 1347.789 310.2591 336.2591 -0.1151411 -0.1330785
Moved 1347.803 317.0383 343.2307 -0.09944831 -0.1151475
Moved 1347.819 321.7037 347.7037 -0.08864875 -0.1036427
Moved 1347.834 327.1247 353.1247 -0.07610033 -0.08969986
Moved 1347.848 332.7162 357.0371 -0.06315704 -0.07963714
Moved 1347.865 337.1818 360.1212 -0.05281994 -0.07170469
Moved 1347.882 341.3568 365.8091 -0.04315555 -0.0570754
Moved 1347.895 346.5248 369.3664 -0.03119255 -0.04792602
Moved 1347.911 351.9006 373.6755 -0.01874859 -0.03684299
Moved 1347.933 367.7212 386.3723 0.01787305 -0.004186591
Stationary 1347.944 367.7212 386.3723 0.01787305 -0.004186591
Moved 1347.957 377.4267 393.3047 0.04033953 0.01364386
Moved 1347.972 388.6183 401.7137 0.06624609 0.03527194
Moved 1347.988 398.8174 409.9863 0.08985499 0.05654915
Moved 1348.002 409.7402 418.3051 0.1151393 0.07794521
Moved 1348.019 423.684 428.2534 0.1474166 0.1035323
Moved 1348.033 436.9797 437.9842 0.1781936 0.1285601
Moved 1348.049 445.1485 444.1113 0.1971029 0.1443192
Moved 1348.065 460.5812 455.3318 0.232827 0.1731784
Moved 1348.08 471.391 461.9943 0.2578495 0.1903146
Moved 1348.095 482.4982 468.9364 0.2835608 0.2081696
Moved 1348.11 492.4836 474.3224 0.3066749 0.2220225
Moved 1348.128 499.8381 478.9028 0.3236992 0.2338035
Moved 1348.141 508.0628 483.0314 0.342738 0.2444223
Moved 1348.157 513.5 485 0.3553241 0.2494856
Moved 1348.173 518.2437 487.6218 0.3663047 0.256229
Moved 1348.188 523.8062 490.4031 0.379181 0.2633823
Moved 1348.208 528.7653 493.1768 0.3906604 0.2705164
Moved 1348.219 532.9354 495.957 0.4003134 0.277667
Moved 1348.234 535.7316 497.3658 0.4067862 0.2812907
Moved 1348.251 538.5119 498.756 0.413222 0.2848662
Moved 1348.267 540.1465 500.1465 0.4170057 0.2884425
Moved 1348.281 541.1439 501.1439 0.4193145 0.2910078
Moved 1348.295 542 502.5817 0.4212962 0.294706
Moved 1348.311 542 503.9729 0.4212962 0.2982841
Moved 1348.326 542 504.5 0.4212962 0.2996398
Moved 1348.341 542 505.7449 0.4212962 0.3028418
Moved 1348.357 532.9191 507.1351 0.4002756 0.3064174
Moved 1348.373 526.5 508.5 0.3854167 0.3099279
Moved 1348.389 515.645 509 0.3602892 0.3112139
Moved 1348.404 501.9039 509 0.3284813 0.3112139
Moved 1348.419 488.0007 509 0.296298 0.3112139
Moved 1348.437 470.5657 509 0.2559392 0.3112139
Moved 1348.45 453.8393 509 0.2172205 0.3112139
Moved 1348.472 424.5462 509 0.1494125 0.3112139
Stationary 1348.484 424.5462 509 0.1494125 0.3112139
Moved 1348.496 408.0921 509 0.1113243 0.3112139
Moved 1348.512 400.297 509 0.09327997 0.3112139
Moved 1348.527 386.928 509 0.06233345 0.3112139
Moved 1348.542 374.4332 509 0.03341009 0.3112139
Moved 1348.557 364 509 0.009259283 0.3112139
Moved 1348.574 353.3622 509 -0.01536523 0.3112139
Moved 1348.589 343.6504 509 -0.03784636 0.3112139
Moved 1348.604 337.3473 503.8862 -0.05243683 0.2980612
Moved 1348.62 332.703 502 -0.06318743 0.2932098
Moved 1348.635 326.287 502 -0.07803931 0.2932098
Moved 1348.65 322.4123 501.4708 -0.08700852 0.2918485
Moved 1348.666 318.2766 501 -0.09658198 0.2906378
Moved 1348.681 315.3968 501 -0.1032481 0.2906378
Moved 1348.697 311.6272 501 -0.1119741 0.2906378
Moved 1348.712 309.9253 501 -0.1159136 0.2906378
Moved 1348.732 307.0761 501 -0.1225091 0.2906378
Moved 1348.743 306.4638 501 -0.1239264 0.2906378
Moved 1348.758 305.0764 501 -0.1271378 0.2906378
Moved 1348.774 303.6891 501 -0.1303494 0.2906378
Stationary 1348.789 303.6891 501 -0.1303494 0.2906378
Moved 1348.803 302.9143 501 -0.1321428 0.2906378
Stationary 1348.82 303 501 -0.1319445 0.2906378
Stationary 1348.835 303 501 -0.1319445 0.2906378
Stationary 1348.85 303 501 -0.1319445 0.2906378
Stationary 1348.865 303 501 -0.1319445 0.2906378
Stationary 1348.883 303 501 -0.1319445 0.2906378
Stationary 1348.898 303 501 -0.1319445 0.2906378
Stationary 1348.911 303 501 -0.1319445 0.2906378
Stationary 1348.929 303 501 -0.1319445 0.2906378
Stationary 1348.944 303 501 -0.1319445 0.2906378
Stationary 1348.959 303 501 -0.1319445 0.2906378
Stationary 1348.979 303 501 -0.1319445 0.2906378
Moved 1348.99 303 499.8322 -0.1319445 0.287634
Moved 1349.005 303 498.7491 -0.1319445 0.2848484
Moved 1349.021 303 497.1094 -0.1319445 0.2806311
Moved 1349.037 303 495.7255 -0.1319445 0.2770717
Moved 1349.05 303 491.6639 -0.1319445 0.2666252
Moved 1349.067 303 487.8254 -0.1319445 0.2567526
Moved 1349.083 310.6574 485.8122 -0.1142189 0.2515745
Moved 1349.098 311.5 481.5 -0.1122685 0.2404835
Moved 1349.113 312.8888 476.4449 -0.1090537 0.2274817
Moved 1349.13 314.2858 472.1426 -0.1058199 0.216416
Moved 1349.143 314.6699 465.6505 -0.1049308 0.1997183
Moved 1349.159 316.0612 457.6326 -0.1017102 0.1790962
Moved 1349.175 318.9045 449.2866 -0.09512851 0.15763
Moved 1349.19 319.5 441.5 -0.09375001 0.1376028
Moved 1349.205 324.4853 424.544 -0.08220991 0.09399167
Moved 1349.225 327.5107 411.7019 -0.07520675 0.06096156
Moved 1349.236 331.5882 396.5885 -0.06576812 0.02208976
Moved 1349.251 336.1088 381.6373 -0.05530372 -0.01636497
Moved 1349.267 341.7097 363.4434 -0.04233857 -0.06316008
Moved 1349.282 346.2151 349.3546 -0.0319094 -0.0993968
Moved 1349.298 350.58 335.0665 -0.02180547 -0.1361458
Moved 1349.313 354.7732 321.4872 -0.01209915 -0.171072
Moved 1349.332 359.9576 307.4746 -9.809931E-05 -0.2071127
Moved 1349.343 365.0995 293.7513 0.0118043 -0.2424092
Moved 1349.36 369.2493 282.6685 0.02141049 -0.2709145
Moved 1349.376 375.3867 267.431 0.03561745 -0.3101056
Moved 1349.39 379.5552 256.5195 0.04526665 -0.3381701
Moved 1349.405 382.1447 247.1383 0.05126079 -0.3622986
Moved 1349.421 383.7161 242.1355 0.05489846 -0.3751659
Moved 1349.437 385.0005 238.999 0.05787144 -0.383233
Moved 1349.458 385 236.262 0.05787035 -0.3902727
Moved 1349.469 386 235.2365 0.06018519 -0.3929104
Moved 1349.482 386 233.8516 0.06018519 -0.3964724
Stationary 1349.498 386 233.8516 0.06018519 -0.3964724
Stationary 1349.513 386 234 0.06018519 -0.3960905
Moved 1349.529 376.8178 234 0.03893008 -0.3960905
Moved 1349.544 371.1084 245.8374 0.02571384 -0.3656446
Moved 1349.559 360.6617 254.546 0.00153174 -0.3432459
Moved 1349.575 344.8518 270.1482 -0.03506522 -0.3031168
Moved 1349.591 335.4753 281.0903 -0.05677009 -0.2749736
Moved 1349.606 323.5305 293.4695 -0.08442009 -0.2431341
Moved 1349.622 313.7334 304.5904 -0.1070986 -0.214531
Moved 1349.638 301.5603 317.4397 -0.135277 -0.1814823
Moved 1349.652 293.1619 325.8381 -0.1547179 -0.1598814
Moved 1349.668 282.6293 335.1994 -0.1790989 -0.1358041
Moved 1349.69 265.4587 350.6177 -0.2188456 -0.09614787
Stationary 1349.701 265.4587 350.6177 -0.2188456 -0.09614787
Moved 1349.714 258.4635 358.8438 -0.2350383 -0.07499027
Moved 1349.731 248.1427 367.1633 -0.2589288 -0.05359234
Moved 1349.744 238.4198 374.4144 -0.2814357 -0.03494231
Moved 1349.76 228.6228 381.4123 -0.3041138 -0.01694385
Moved 1349.779 223.7675 385.8604 -0.3153529 -0.005503211
Moved 1349.791 213.7002 391.5332 -0.3386569 0.009087416
Moved 1349.807 206.6859 395.7885 -0.3548936 0.02003203
Moved 1349.823 200.806 399.9164 -0.3685047 0.03064929
Moved 1349.838 194.9106 402.0223 -0.3821515 0.03606557
Moved 1349.853 190.7587 406.2413 -0.3917624 0.04691697
Moved 1349.868 187.4099 407.795 -0.399514 0.0509131
Moved 1349.884 185.2076 408.8962 -0.404612 0.05374528
Moved 1349.899 185 410.2505 -0.4050926 0.05722854
Moved 1349.919 184.3604 410.6396 -0.4065733 0.05822951
Moved 1349.931 184 412.0308 -0.4074074 0.06180763
Stationary 1349.946 184 412 -0.4074074 0.06172835
Moved 1349.961 184 414.612 -0.4074074 0.06844642
Moved 1349.976 184 416.1961 -0.4074074 0.07252077
Moved 1349.992 202 420.5 -0.3657407 0.08359041
Moved 1350.007 211.3509 422.2702 -0.3440951 0.08814344
Moved 1350.023 224.152 424.0169 -0.314463 0.09263603
Moved 1350.038 240.9458 425.4122 -0.2755885 0.09622464
Moved 1350.053 257.4741 425 -0.2373284 0.09516452
Moved 1350.069 275.4187 425 -0.1957901 0.09516452
Moved 1350.085 289.5 425 -0.1631944 0.09516452
Moved 1350.1 311.4293 415.3805 -0.1124323 0.07042296
Moved 1350.117 325.4708 411.8914 -0.07992878 0.06144888
Moved 1350.135 352.181 404.8471 -0.01809945 0.04333096
Moved 1350.146 373.3212 399.7144 0.03083607 0.03012947
Moved 1350.161 395.2433 392.9865 0.08158157 0.01282535
Moved 1350.176 415.3837 387.6047 0.128203 -0.00101686
Moved 1350.192 433.7937 383.0476 0.1708188 -0.01273771
Moved 1350.207 449.0023 378.9084 0.2060238 -0.02338362
Moved 1350.222 460 378.5 0.2314815 -0.02443423
Moved 1350.238 471.2144 376.1984 0.2574406 -0.03035392
Moved 1350.254 482.4725 376 0.2835011 -0.03086435
Moved 1350.268 490.9432 374.4367 0.3031092 -0.03488509
Moved 1350.285 500.5838 374 0.3254253 -0.03600823
Moved 1350.3 508.9212 372.6798 0.3447251 -0.03940378
Moved 1350.315 514.7803 371.3049 0.3582877 -0.04294007
Moved 1350.331 519.2323 369.9225 0.3685933 -0.04649551
Moved 1350.349 522.2643 370 0.3756118 -0.04629637
Moved 1350.361 526.4567 368.5145 0.3853163 -0.05011711
Moved 1350.378 527.8845 368 0.3886214 -0.05144041
Ended 1350.391 530.5662 366.7169 0.3948292 -0.05474051
Candidates 1350.482 12 football formal journal normal signal fiscal focal cortical final vietnam counsel vocal
Began 1350.898 460 366 0.2314815 -0.05658444
Stationary 1350.915 460 366 0.2314815 -0.05658444
Stationary 1350.933 460 366 0.2314815 -0.05658444
Stationary 1350.949 460 366 0.2314815 -0.05658444
Stationary 1350.962 460 366 0.2314815 -0.05658444
Moved 1350.978 460 384.4788 0.2314815 -0.009056531
Moved 1350.994 460 396.6191 0.2314815 0.02216853
Moved 1351.009 460 409.0919 0.2314815 0.0542486
Moved 1351.03 460 427.1077 0.2314815 0.1005855
Stationary 1351.04 460 427.1077 0.2314815 0.1005855
Moved 1351.053 460 436.7925 0.2314815 0.1254951
Moved 1351.069 460 443.7696 0.2314815 0.1434403
Moved 1351.085 460 449.2146 0.2314815 0.1574449
Moved 1351.1 460 453.3816 0.2314815 0.1681624
Moved 1351.116 460 457.5 0.2314815 0.1787551
Moved 1351.132 460 459.345 0.2314815 0.1835005
Moved 1351.147 460 460.9381 0.2314815 0.1875979
Moved 1351.163 460 462.332 0.2314815 0.1911829
Moved 1351.178 460 463.7081 0.2314815 0.1947224
Stationary 1351.194 460 464 0.2314815 0.1954732
Ended 1351.209 460 465.4717 0.2314815 0.1992585
Accept 1351.25 0 football
Began 1352.145 365 311 0.01157403 -0.1980453
Stationary 1352.165 365 311 0.01157403 -0.1980453
Stationary 1352.181 365 311 0.01157403 -0.1980453
Stationary 1352.194 365 311 0.01157403 -0.1980453
Stationary 1352.208 365 311 0.01157403 -0.1980453
Stationary 1352.226 365 311 0.01157403 -0.1980453
Stationary 1352.24 365 311 0.01157403 -0.1980453
Stationary 1352.256 365 311 0.01157403 -0.1980453
Moved 1352.273 365 325.5628 0.01157403 -0.1605896
Moved 1352.288 375.3429 332.4644 0.03551602 -0.1428387
Moved 1352.303 378.4512 340.1415 0.0427111 -0.1230929
Moved 1352.319 384.2621 347.3276 0.05616218 -0.1046102
Moved 1352.341 393.6722 361.1806 0.077945 -0.06897993
Stationary 1352.351 393.6722 361.1806 0.077945 -0.06897993
Moved 1352.364 397.6391 366.8521 0.08712748 -0.05439279
Moved 1352.381 400.6373 370.8497 0.09406785 -0.04411085
Moved 1352.396 405.6871 380.0306 0.1057571 -0.02049756
Moved 1352.411 410.1829 387.3047 0.116164 -0.001788198
Moved 1352.427 415.7773 395.666 0.1291142 0.01971708
Moved 1352.442 422.1647 402.1647 0.1438997 0.03643173
Moved 1352.457 429.0158 409.0158 0.1597589 0.05405292
Moved 1352.472 435.9832 415.9832 0.175887 0.07197317
Moved 1352.488 441.6253 420.9002 0.1889474 0.08461975
Moved 1352.503 450.1584 430.181 0.2087 0.1084903
Moved 1352.518 458.4356 439.8416 0.2278601 0.1333372
Moved 1352.538 468.5196 450.5197 0.2512028 0.1608015
Moved 1352.55 477.0998 459.0998 0.2710643 0.1828698
Moved 1352.565 486.415 467.415 0.2926272 0.2042565
Moved 1352.58 493.7827 475.7392 0.3096821 0.2256666
Moved 1352.596 500.7197 481.3758 0.3257401 0.240164
Moved 1352.611 504.2955 486.6194 0.3340174 0.2536505
Moved 1352.627 511.2238 494.0297 0.350055 0.2727099
Moved 1352.642 515.5784 499.7712 0.3601352 0.2874774
Moved 1352.658 518.1595 504.7392 0.3661099 0.300255
Moved 1352.673 520.9243 509.8486 0.37251 0.3133966
Moved 1352.689 521 512.6987 0.3726852 0.320727
Moved 1352.703 522 516.4899 0.375 0.3304782
Moved 1352.724 522 518.6969 0.375 0.3361545
Moved 1352.735 522 522.5536 0.375 0.346074
Moved 1352.75 516.8281 525.724 0.363028 0.3542283
Moved 1352.765 508.1901 529.886 0.3430326 0.364933
Moved 1352.781 501.3084 531.3383 0.3271028 0.3686684
Moved 1352.796 490.8619 534.734 0.302921 0.3774022
Moved 1352.811 478.8798 536.1245 0.2751847 0.3809784
Moved 1352.828 466.5 537.5 0.2465278 0.3845164
Moved 1352.842 455.4763 537 0.22101 0.3832304
Moved 1352.858 443.0202 537.9977 0.1921763 0.3857966
Moved 1352.873 430.4998 538 0.163194 0.3858024
Moved 1352.889 415.6715 538 0.1288693 0.3858024
Moved 1352.908 402.5125 538 0.09840855 0.3858024
Moved 1352.92 389.9982 538 0.0694402 0.3858024
Moved 1352.935 379.3991 538 0.04490545 0.3858024
Moved 1352.951 371.9536 538 0.02767046 0.3858024
Moved 1352.965 359.4005 538 -0.001387795 0.3858024
Moved 1352.985 348.9045 532.4813 -0.02568399 0.3716081
Moved 1352.998 338.7205 529.8172 -0.04925807 0.3647561
Moved 1353.011 330.1758 528.4352 -0.06903747 0.3612015
Moved 1353.027 323.2581 527.0516 -0.08505081 0.3576429
Moved 1353.043 316.3582 525.6716 -0.1010227 0.3540936
Moved 1353.058 310.5 524.5 -0.1145833 0.3510802
Moved 1353.074 304.4804 523.4935 -0.1285176 0.3484913
Moved 1353.093 297.2971 521.8594 -0.1451455 0.3442886
Moved 1353.104 290.5 520.5 -0.1608796 0.3407921
Moved 1353.121 284.3306 520.0826 -0.1751606 0.3397186
Moved 1353.135 278.7636 518.6909 -0.1880471 0.3361391
Moved 1353.15 273.2431 516.3108 -0.2008261 0.3300174
Moved 1353.166 268.7766 514.9255 -0.2111653 0.3264545
Moved 1353.182 264.5089 512.7545 -0.2210442 0.3208704
Moved 1353.197 260.5 511.5 -0.2303241 0.317644
Moved 1353.212 256.2269 509.0756 -0.2402156 0.3114084
Moved 1353.228 252.0454 506.3636 -0.2498948 0.3044332
Moved 1353.242 250.2942 505.2943 -0.2539485 0.3016827
Moved 1353.259 247.8123 505 -0.2596938 0.3009258
Moved 1353.282 245.5 502.5 -0.2650463 0.2944958
Stationary 1353.295 245.5 502.5 -0.2650463 0.2944958
Stationary 1353.306 245.5 502.5 -0.2650463 0.2944958
Moved 1353.32 245 500.6937 -0.2662037 0.2898499
Moved 1353.336 245 499.3053 -0.2662037 0.286279
Stationary 1353.35 245 499 -0.2662037 0.2854938
Moved 1353.366 245 497.534 -0.2662037 0.2817231
Moved 1353.382 245 495.2911 -0.2662037 0.2759543
Moved 1353.397 258.627 491.2836 -0.2346597 0.265647
Moved 1353.413 263.5761 485.6866 -0.2232035 0.2512514
Moved 1353.432 274.0962 479.3599 -0.1988514 0.234979
Moved 1353.445 285.8826 471.4116 -0.1715681 0.214536
Moved 1353.465 310.8211 456.655 -0.1138401 0.1765816
Stationary 1353.476 310.8211 456.655 -0.1138401 0.1765816
Moved 1353.489 322.0477 449.7202 -0.08785263 0.1587454
Moved 1353.505 334.7723 442.1518 -0.05839751 0.1392793
Moved 1353.521 346.5797 435.3202 -0.03106555 0.1217083
Moved 1353.536 365.4039 425.2512 0.01250913 0.09581071
Moved 1353.551 383.2046 415.6591 0.05371441 0.07113951
Moved 1353.568 401.3574 405.8214 0.0957346 0.04583672
Moved 1353.582 420.4584 396.2708 0.1399501 0.02127247
Moved 1353.596 435.9198 389.1772 0.1757402 0.003027857
Moved 1353.612 449.0471 381.9706 0.2061275 -0.01550776
Moved 1353.628 468.5603 373.617 0.2512971 -0.0369933
Moved 1353.65 494.3683 358.9065 0.3110378 -0.07482906
Stationary 1353.66 494.3683 358.9065 0.3110378 -0.07482906
Moved 1353.673 503.2195 351.9838 0.3315266 -0.09263442
Moved 1353.691 511.986 346.6112 0.3518195 -0.1064527
Moved 1353.706 517.9254 342.056 0.3655681 -0.1181688
Moved 1353.722 523.4297 339.2852 0.3783095 -0.1252954
Moved 1353.736 525.4819 337.2591 0.3830599 -0.1305064
Moved 1353.752 527.7056 336.1472 0.3882073 -0.1333662
Moved 1353.767 529.183 334.817 0.3916274 -0.1367877
Moved 1353.783 530.5 333.5 0.3946759 -0.140175
Moved 1353.797 531.9487 333.0513 0.3980295 -0.1413291
Moved 1353.82 533 332.2966 0.4004629 -0.1432702
Stationary 1353.831 533 332.2966 0.4004629 -0.1432702
Moved 1353.843 534.0708 332 0.4029417 -0.144033
Stationary 1353.859 534.0708 332 0.4029417 -0.144033
Moved 1353.877 535.2176 332 0.4055963 -0.144033
Moved 1353.89 535.897 332 0.407169 -0.144033
Moved 1353.905 536 341.0837 0.4074074 -0.1206694
Moved 1353.921 537 348.6764 0.4097222 -0.101141
Moved 1353.937 537 360.4756 0.4097222 -0.07079332
Moved 1353.951 537 367.1805 0.4097222 -0.05354822
Moved 1353.966 531.2498 374.9288 0.3964116 -0.03361941
Moved 1353.99 524.0837 387.5272 0.3798234 -0.001216033
Stationary 1354.001 524.0837 387.5272 0.3798234 -0.001216033
Moved 1354.013 520.2288 392.464 0.3709 0.01148141
Moved 1354.03 514.6676 399.4155 0.3580268 0.02936085
Moved 1354.044 509.1188 403.4109 0.3451825 0.03963694
Moved 1354.059 500.71 409.574 0.3257175 0.05548877
Moved 1354.075 493.7922 413.7247 0.3097041 0.06616423
Moved 1354.091 487.5 417.5 0.2951388 0.0758744
Moved 1354.106 480.1962 421.7451 0.2782319 0.08679283
Moved 1354.121 470.4763 425.1497 0.255732 0.09554945
Moved 1354.137 460.2278 428.462 0.2320088 0.1040689
Moved 1354.157 451.0216 430.7081 0.210698 0.1098459
Moved 1354.169 441.2806 432.2456 0.1881496 0.1138003
Moved 1354.182 432.4136 433 0.1676241 0.1157406
Moved 1354.197 421.9388 434.0087 0.143377 0.1183351
Moved 1354.214 412.7038 434 0.1219995 0.1183127
Moved 1354.23 395.7239 434 0.08269419 0.1183127
Moved 1354.245 382.0136 434 0.05095749 0.1183127
Moved 1354.26 369.1361 434 0.02114833 0.1183127
Moved 1354.278 356.0395 434 -0.009167789 0.1183127
Moved 1354.29 343.192 427.1494 -0.03890738 0.1006927
Moved 1354.307 333.3859 425.6266 -0.06160671 0.09677616
Moved 1354.329 312.7352 422.1735 -0.1094093 0.08789482
Stationary 1354.34 312.7352 422.1735 -0.1094093 0.08789482
Moved 1354.353 303.7312 419.5771 -0.1302518 0.08121675
Moved 1354.368 294.9865 418.3973 -0.1504941 0.07818234
Moved 1354.384 287.0302 417.005 -0.1689116 0.07460126
Moved 1354.398 280.1258 415.6252 -0.1848941 0.07105234
Moved 1354.415 274.0007 413.5004 -0.1990725 0.06558732
Moved 1354.432 268.472 411.868 -0.2118704 0.06138876
Moved 1354.445 264.4934 409.7467 -0.2210801 0.0559328
Moved 1354.46 259 408.5 -0.2337963 0.05272626
Moved 1354.477 256.2029 407.0676 -0.2402711 0.04904221
Moved 1354.496 253.3832 405.6916 -0.2467981 0.04550306
Moved 1354.508 250.622 405 -0.2531899 0.04372424
Moved 1354.523 248.9341 405 -0.2570969 0.04372424
Moved 1354.538 247.5581 403.5581 -0.2602821 0.04001566
Stationary 1354.553 247.5581 403.5581 -0.2602821 0.04001566
Moved 1354.569 248 404 -0.2592593 0.04115226
Ended 1354.583 248 404 -0.2592593 0.04115226
Candidates 1354.768 12 hotels field fields girls cordelia shields bottle shield spelled household download goals
Began 1355.122 388 328 0.06481478 -0.1543211
Stationary 1355.14 388 328 0.06481478 -0.1543211
Stationary 1355.154 388 328 0.06481478 -0.1543211
Stationary 1355.174 388 328 0.06481478 -0.1543211
Stationary 1355.187 388 328 0.06481478 -0.1543211
Stationary 1355.201 388 328 0.06481478 -0.1543211
Stationary 1355.215 388 328 0.06481478 -0.1543211
Stationary 1355.231 388 328 0.06481478 -0.1543211
Stationary 1355.246 388 328 0.06481478 -0.1543211
Stationary 1355.262 388 328 0.06481478 -0.1543211
Stationary 1355.277 388 328 0.06481478 -0.1543211
Stationary 1355.292 388 328 0.06481478 -0.1543211
Stationary 1355.307 388 328 0.06481478 -0.1543211
Stationary 1355.323 388 328 0.06481478 -0.1543211
Stationary 1355.344 388 328 0.06481478 -0.1543211
Stationary 1355.354 388 328 0.06481478 -0.1543211
Stationary 1355.367 388 328 0.06481478 -0.1543211
Stationary 1355.384 388 328 0.06481478 -0.1543211
Moved 1355.4 379 335 0.04398147 -0.1363169
Moved 1355.417 377.8766 335 0.04138092 -0.1363169
Moved 1355.432 376.8514 336.1486 0.03900786 -0.1333628
Moved 1355.447 374.8287 336 0.03432562 -0.1337449
Moved 1355.462 373.0296 336.9704 0.03016114 -0.131249
Moved 1355.479 370.2921 337 0.02382437 -0.1311728
Moved 1355.493 364.3091 338.7382 0.009974838 -0.1267023
Moved 1355.515 341 345.5 -0.04398147 -0.1093108
Stationary 1355.526 341 345.5 -0.04398147 -0.1093108
Moved 1355.541 334 348.5 -0.06018519 -0.1015947
Moved 1355.555 318.7371 353.7052 -0.09551605 -0.08820678
Moved 1355.569 304.8274 359.269 -0.1277143 -0.07389657
Moved 1355.585 292.0461 363.4154 -0.1573007 -0.06323198
Moved 1355.602 282.3444 367.281 -0.1797584 -0.05328967
Moved 1355.617 272.6316 371.4436 -0.2022417 -0.0425834
Moved 1355.632 266.6707 372.7318 -0.2160402 -0.03927026
Moved 1355.647 262.2401 374.2533 -0.226296 -0.03535675
Moved 1355.669 257.2592 376 -0.2378259 -0.03086435
Stationary 1355.68 257.2592 376 -0.2378259 -0.03086435
Moved 1355.692 255.8796 377.1204 -0.2410195 -0.02798245
Moved 1355.708 256 377.506 -0.2407407 -0.02699079
Ended 1355.725 256 378.5 -0.2407407 -0.02443423
Accept 1355.782 1 field
PhraseEnd 1356.788
