reading week is just about here
reading week is just about here
Basic
0.6 0.6
432 388.8
Began 4592.986 321 473 -0.09027779 0.2186213
Stationary 4593.007 321 473 -0.09027779 0.2186213
Stationary 4593.021 321 473 -0.09027779 0.2186213
Stationary 4593.035 321 473 -0.09027779 0.2186213
Stationary 4593.051 321 473 -0.09027779 0.2186213
Stationary 4593.068 321 473 -0.09027779 0.2186213
Stationary 4593.085 321 473 -0.09027779 0.2186213
Stationary 4593.1 321 473 -0.09027779 0.2186213
Stationary 4593.114 321 473 -0.09027779 0.2186213
Stationary 4593.131 321 473 -0.09027779 0.2186213
Stationary 4593.145 321 473 -0.09027779 0.2186213
Stationary 4593.159 321 473 -0.09027779 0.2186213
Moved 4593.175 310.1528 463.3057 -0.1153869 0.1936873
Moved 4593.191 306.1341 459.1341 -0.1246896 0.182958
Moved 4593.206 304 457 -0.1296296 0.1774691
Moved 4593.222 300.337 454.337 -0.1381087 0.1706199
Moved 4593.242 294.9377 450.2032 -0.1506073 0.1599877
Moved 4593.253 291.8767 446.8767 -0.1576928 0.1514318
Moved 4593.268 287.5596 443.7064 -0.1676862 0.1432776
Moved 4593.284 284.2392 441.8262 -0.1753722 0.1384417
Moved 4593.298 279.9183 438.9456 -0.1853742 0.1310327
Moved 4593.314 275.6068 437.5356 -0.1953547 0.1274063
Moved 4593.332 274.2129 436.6064 -0.1985813 0.1250165
Moved 4593.345 269.0598 436 -0.2105097 0.1234567
Moved 4593.36 266.1325 436 -0.2172858 0.1234567
Moved 4593.375 263.27 436 -0.223912 0.1234567
Moved 4593.392 260.4004 436 -0.2305546 0.1234567
Moved 4593.407 258.2599 436 -0.2355094 0.1234567
Moved 4593.422 256.8219 436 -0.2388382 0.1234567
Moved 4593.438 255.778 436 -0.2412547 0.1234567
Moved 4593.453 253.265 441.1451 -0.2470718 0.13669
Moved 4593.469 250.6523 445.3477 -0.2531196 0.1474991
Moved 4593.483 249.386 447.614 -0.2560509 0.1533282
Moved 4593.499 247.9457 450.1086 -0.259385 0.1597444
Moved 4593.514 246.5042 451.4958 -0.2627217 0.1633121
Moved 4593.531 245.0657 452.9343 -0.2660517 0.1670121
Moved 4593.545 243.9863 454.0137 -0.2685502 0.1697882
Moved 4593.56 241.0717 456.9283 -0.275297 0.1772846
Moved 4593.577 240.0982 457.9018 -0.2775504 0.1797885
Moved 4593.591 237.3219 458 -0.2839771 0.180041
Moved 4593.608 236.1595 459.8405 -0.2866679 0.1847749
Moved 4593.629 232.2863 461.7137 -0.2956336 0.1895927
Stationary 4593.642 232.2863 461.7137 -0.2956336 0.1895927
Moved 4593.653 230.2242 462 -0.3004071 0.1903292
Moved 4593.67 228.7079 463.2921 -0.303917 0.1936525
Moved 4593.684 226.5355 463 -0.3089455 0.1929011
Moved 4593.699 224.8271 463 -0.3129003 0.1929011
Moved 4593.715 223.3857 464 -0.3162368 0.1954732
Moved 4593.73 221.9443 464 -0.3195734 0.1954732
Moved 4593.745 220.5 464 -0.3229167 0.1954732
Moved 4593.76 219.5 464 -0.3252315 0.1954732
Moved 4593.777 218.9805 465.0195 -0.3264341 0.1980954
Moved 4593.791 217.5171 465 -0.3298215 0.1980452
Stationary 4593.807 217.5171 465 -0.3298215 0.1980452
Moved 4593.823 215.6501 465 -0.3341432 0.1980452
Stationary 4593.837 215.6501 465 -0.3341432 0.1980452
Moved 4593.854 214.6261 465 -0.3365138 0.1980452
Moved 4593.871 213.6628 465 -0.3387434 0.1980452
Stationary 4593.886 213.6628 465 -0.3387434 0.1980452
Stationary 4593.9 213.6628 465 -0.3387434 0.1980452
Moved 4593.915 212.8558 465 -0.3406116 0.1980452
Stationary 4593.931 212.8558 465 -0.3406116 0.1980452
Moved 4593.946 211.8324 465 -0.3429806 0.1980452
Stationary 4593.961 212 465 -0.3425926 0.1980452
Stationary 4593.978 212 465 -0.3425926 0.1980452
Moved 4593.991 210.8527 466.1473 -0.3452483 0.200996
Stationary 4594.007 211 466 -0.3449074 0.2006171
Stationary 4594.023 211 466 -0.3449074 0.2006171
Stationary 4594.04 211 466 -0.3449074 0.2006171
Moved 4594.053 209.9172 466 -0.3474138 0.2006171
Stationary 4594.069 209.9172 466 -0.3474138 0.2006171
Stationary 4594.084 210 466 -0.3472222 0.2006171
Moved 4594.1 210 467.1593 -0.3472222 0.203599
Stationary 4594.115 210 467 -0.3472222 0.2031892
Stationary 4594.131 210 467 -0.3472222 0.2031892
Stationary 4594.146 210 467 -0.3472222 0.2031892
Stationary 4594.16 210 467 -0.3472222 0.2031892
Moved 4594.177 210 468.1496 -0.3472222 0.206146
Stationary 4594.192 210 468.1496 -0.3472222 0.206146
Stationary 4594.208 210 468.1496 -0.3472222 0.206146
Stationary 4594.223 210 468.1496 -0.3472222 0.206146
Stationary 4594.239 210 468.1496 -0.3472222 0.206146
Moved 4594.253 210 469 -0.3472222 0.2083333
Stationary 4594.269 210 469 -0.3472222 0.2083333
Stationary 4594.285 210 469 -0.3472222 0.2083333
Moved 4594.299 210 470.5 -0.3472222 0.2121912
Stationary 4594.315 210 470.5 -0.3472222 0.2121912
Moved 4594.329 210 471.0565 -0.3472222 0.2136227
Stationary 4594.346 210 471.0565 -0.3472222 0.2136227
Moved 4594.361 210 472 -0.3472222 0.2160493
Moved 4594.38 210 473.5143 -0.3472222 0.2199442
Moved 4594.393 217.6572 474 -0.3294971 0.2211934
Moved 4594.408 219.3946 475.3945 -0.3254755 0.2247801
Moved 4594.424 220.5 475 -0.3229167 0.2237653
Moved 4594.439 223.9191 476 -0.3150022 0.2263374
Moved 4594.455 225.3996 477.3995 -0.3115751 0.229937
Moved 4594.47 228.6592 477 -0.3040296 0.2289094
Moved 4594.485 230.2682 477 -0.3003051 0.2289094
Moved 4594.501 233.4065 477 -0.2930406 0.2289094
Moved 4594.516 235.1392 477 -0.2890296 0.2289094
Moved 4594.532 236.5 477 -0.2858796 0.2289094
Moved 4594.546 240.067 477 -0.2776226 0.2289094
Moved 4594.562 244.3844 466.8468 -0.2676287 0.2027952
Moved 4594.579 249.266 459.601 -0.2563286 0.1841587
Moved 4594.593 256.0118 450.9858 -0.2407134 0.1620005
Moved 4594.608 263.1917 439.4932 -0.2240932 0.1324413
Moved 4594.625 270.3586 429.0262 -0.2075033 0.1055201
Moved 4594.64 277.5927 418.7703 -0.1907576 0.07914154
Moved 4594.653 281.1995 411.9009 -0.1824086 0.06147337
Moved 4594.67 286.5201 404.7999 -0.1700924 0.04320949
Moved 4594.685 292.1179 396.3231 -0.1571344 0.02140716
Moved 4594.7 297.1489 391.1348 -0.1454887 0.008062786
Moved 4594.715 301.4295 386.5705 -0.1355798 -0.003676748
Moved 4594.731 303.5955 382.809 -0.1305659 -0.01335152
Moved 4594.747 306.0676 380.9662 -0.1248436 -0.01809116
Moved 4594.763 307.1288 379.8713 -0.1223872 -0.02090721
Moved 4594.78 310.2163 379 -0.1152401 -0.02314815
Moved 4594.793 313.0903 379 -0.1085873 -0.02314815
Moved 4594.808 319.1507 379 -0.0945586 -0.02314815
Moved 4594.824 327.8632 387.8242 -0.07439067 -0.0004522692
Moved 4594.848 355.2985 411.5602 -0.01088311 0.06059725
Stationary 4594.859 355.2985 411.5602 -0.01088311 0.06059725
Moved 4594.87 368.6989 424.699 0.02013644 0.09439033
Moved 4594.886 390.5627 447.1479 0.07074694 0.1521293
Moved 4594.902 404.6969 460.6969 0.103465 0.1869776
Moved 4594.917 417.6453 471.0575 0.1334382 0.2136252
Moved 4594.932 428.089 482.089 0.1576134 0.2419984
Moved 4594.947 438.2541 493.4333 0.1811437 0.2711761
Moved 4594.962 445.4749 500.4749 0.1978584 0.2892871
Moved 4594.98 450.0931 505.0931 0.2085489 0.3011655
Moved 4594.994 456.6434 511.6434 0.2237116 0.3180127
Moved 4595.01 460.7158 516.2877 0.2331384 0.3299581
Moved 4595.025 463.0119 520.0237 0.2384535 0.3395671
Moved 4595.041 464.4425 521.4425 0.2417651 0.3432162
Moved 4595.056 465.8922 522.8923 0.2451209 0.346945
Moved 4595.07 466 524.3348 0.2453704 0.3506553
Stationary 4595.086 466 524.3348 0.2453704 0.3506553
Stationary 4595.101 466 524.3348 0.2453704 0.3506553
Stationary 4595.117 466 524 0.2453704 0.3497942
Stationary 4595.132 466 524 0.2453704 0.3497942
Moved 4595.147 458.6349 511.3741 0.2283215 0.3173201
Moved 4595.163 448.688 488.3888 0.2052964 0.2582015
Moved 4595.179 441.4847 466.3511 0.1886221 0.2015203
Moved 4595.194 436 448.5 0.1759259 0.1556069
Moved 4595.209 432.4609 426.9393 0.1677336 0.1001524
Moved 4595.225 431 400.875 0.1643519 0.03311471
Moved 4595.24 430 375.4705 0.162037 -0.03222619
Moved 4595.255 430 349.0752 0.162037 -0.1001152
Moved 4595.274 430 327.1632 0.162037 -0.1564733
Moved 4595.287 430 308.5215 0.162037 -0.20442
Moved 4595.302 430 290.7455 0.162037 -0.2501403
Moved 4595.318 439.193 282.1805 0.1833171 -0.2721695
Moved 4595.333 438 268.736 0.1805556 -0.306749
Moved 4595.348 439.2911 261.5446 0.1835442 -0.3252454
Moved 4595.365 440 258.5244 0.1851852 -0.3330134
Moved 4595.38 440 255.6515 0.1851852 -0.3404026
Moved 4595.396 440 254.5 0.1851852 -0.3433642
Moved 4595.408 440 255 0.1851852 -0.3420782
Stationary 4595.425 440 255 0.1851852 -0.3420782
Moved 4595.439 420.1175 276.7134 0.1391608 -0.2862309
Moved 4595.456 406.4542 296.8187 0.1075327 -0.2345197
Moved 4595.471 395.1544 322.6527 0.08137583 -0.1680744
Moved 4595.487 386.3107 341.3165 0.06090442 -0.1200709
Moved 4595.502 377.7874 361.1628 0.04117439 -0.06902569
Moved 4595.517 369.8908 382.3275 0.02289544 -0.01458988
Moved 4595.533 366.2474 396.0105 0.01446148 0.02060313
Moved 4595.547 360.6687 419.6581 0.001547933 0.08142503
Moved 4595.564 356.439 435.3658 -0.008242975 0.1218255
Ended 4595.579 352.3299 460.0204 -0.01775478 0.1852377
Candidates 4595.746 12 feeding trading reading wedding define using assessing arguing dressing saint adding testing
Began 4596.776 375 440 0.03472219 0.1337448
Stationary 4596.796 375 440 0.03472219 0.1337448
Stationary 4596.811 375 440 0.03472219 0.1337448
Stationary 4596.827 375 440 0.03472219 0.1337448
Stationary 4596.843 375 440 0.03472219 0.1337448
Stationary 4596.859 375 440 0.03472219 0.1337448
Stationary 4596.873 375 440 0.03472219 0.1337448
Stationary 4596.888 375 440 0.03472219 0.1337448
Stationary 4596.904 375 440 0.03472219 0.1337448
Stationary 4596.918 375 440 0.03472219 0.1337448
Stationary 4596.935 375 440 0.03472219 0.1337448
Stationary 4596.951 375 440 0.03472219 0.1337448
Stationary 4596.973 375 440 0.03472219 0.1337448
Stationary 4596.984 375 440 0.03472219 0.1337448
Stationary 4596.997 375 440 0.03472219 0.1337448
Stationary 4597.012 375 440 0.03472219 0.1337448
Stationary 4597.026 375 440 0.03472219 0.1337448
Stationary 4597.041 375 440 0.03472219 0.1337448
Stationary 4597.057 375 440 0.03472219 0.1337448
Stationary 4597.073 375 440 0.03472219 0.1337448
Moved 4597.088 426.734 440 0.1544768 0.1337448
Moved 4597.104 460 440 0.2314815 0.1337448
Moved 4597.121 477.3759 440 0.2717034 0.1337448
Moved 4597.136 499.0914 440 0.3219709 0.1337448
Ended 4597.15 525 431 0.3819444 0.1105966
Accept 4597.194 2 reading
Began 4598.041 282 495 -0.1805555 0.2752057
Stationary 4598.06 282 495 -0.1805555 0.2752057
Stationary 4598.073 282 495 -0.1805555 0.2752057
Stationary 4598.09 282 495 -0.1805555 0.2752057
Stationary 4598.105 282 495 -0.1805555 0.2752057
Stationary 4598.123 282 495 -0.1805555 0.2752057
Stationary 4598.137 282 495 -0.1805555 0.2752057
Stationary 4598.153 282 495 -0.1805555 0.2752057
Stationary 4598.167 282 495 -0.1805555 0.2752057
Stationary 4598.183 282 495 -0.1805555 0.2752057
Stationary 4598.197 282 495 -0.1805555 0.2752057
Stationary 4598.212 282 495 -0.1805555 0.2752057
Stationary 4598.228 282 495 -0.1805555 0.2752057
Stationary 4598.243 282 495 -0.1805555 0.2752057
Stationary 4598.258 282 495 -0.1805555 0.2752057
Stationary 4598.275 282 495 -0.1805555 0.2752057
Stationary 4598.29 282 495 -0.1805555 0.2752057
Stationary 4598.305 282 495 -0.1805555 0.2752057
Stationary 4598.319 282 495 -0.1805555 0.2752057
Stationary 4598.335 282 495 -0.1805555 0.2752057
Moved 4598.351 292.1862 495 -0.1569763 0.2752057
Moved 4598.367 295 495 -0.150463 0.2752057
Moved 4598.384 296.4768 495 -0.1470444 0.2752057
Moved 4598.399 300.5516 503.287 -0.1376121 0.2965199
Moved 4598.414 307.122 503.6244 -0.1224027 0.2973877
Moved 4598.43 315.3972 505.0662 -0.1032473 0.301096
Moved 4598.445 322.5 505 -0.08680557 0.3009258
Moved 4598.46 326.8476 506 -0.07674173 0.3034978
Moved 4598.475 332.5677 507.3919 -0.0635007 0.3070779
Moved 4598.491 337.3745 507 -0.05237375 0.3060699
Moved 4598.506 343.6486 507.9122 -0.03785054 0.308416
Moved 4598.522 348.0643 509.3547 -0.02762894 0.3121263
Moved 4598.538 354.1906 509.7977 -0.0134477 0.3132655
Moved 4598.553 361.1847 510 0.00274231 0.3137859
Moved 4598.569 367.722 511.6805 0.01787494 0.3181082
Moved 4598.584 373.4935 512 0.03123492 0.31893
Moved 4598.599 376.6064 512 0.03844082 0.31893
Moved 4598.622 385.4387 513 0.05888581 0.321502
Stationary 4598.633 385.4387 513 0.05888581 0.321502
Moved 4598.645 388.1748 513 0.0652195 0.321502
Moved 4598.66 391.0582 513 0.07189392 0.321502
Moved 4598.68 393.4706 513.4706 0.07747819 0.3227123
Moved 4598.69 394.9119 514 0.08081466 0.324074
Moved 4598.706 396.0154 514 0.08336882 0.324074
Moved 4598.723 397.4633 514 0.08672068 0.324074
Moved 4598.738 398.5 514 0.08912037 0.324074
Moved 4598.753 399.1729 514 0.09067794 0.324074
Moved 4598.768 400.7868 514 0.09441386 0.324074
Moved 4598.784 402.2291 514 0.09775252 0.324074
Stationary 4598.798 402.2291 514 0.09775252 0.324074
Moved 4598.813 403.374 514 0.1004027 0.324074
Moved 4598.832 404.0773 514 0.1020308 0.324074
Stationary 4598.847 404.0773 514 0.1020308 0.324074
Moved 4598.859 405.023 514 0.1042199 0.324074
Stationary 4598.875 405.023 514 0.1042199 0.324074
Stationary 4598.893 405.023 514 0.1042199 0.324074
Moved 4598.906 406.0994 514 0.1067116 0.324074
Stationary 4598.922 406.0994 514 0.1067116 0.324074
Stationary 4598.936 406.0994 514 0.1067116 0.324074
Moved 4598.953 407.2246 514 0.1093163 0.324074
Moved 4598.97 409.6763 508.1331 0.1149914 0.3089842
Moved 4598.986 413.8416 503.1583 0.1246334 0.2961891
Moved 4599 420.5986 497.1212 0.1402745 0.2806613
Moved 4599.016 427.817 489.0196 0.1569838 0.2598239
Moved 4599.031 434.5 482.5 0.1724537 0.2430555
Moved 4599.046 444.8923 468.8192 0.19651 0.2078682
Moved 4599.063 457.7966 450.9047 0.226381 0.1617917
Moved 4599.077 472 426.5 0.2592593 0.09902258
Moved 4599.092 479.8571 414.2449 0.277447 0.06750228
Moved 4599.108 489.929 396.9789 0.3007615 0.02309395
Moved 4599.123 494.5713 388.2863 0.3115076 0.0007361737
Moved 4599.139 498.8877 380.5204 0.3214994 -0.01923761
Moved 4599.153 500.6704 377.9944 0.325626 -0.02573468
Moved 4599.169 501 375.1258 0.3263889 -0.03311267
Moved 4599.185 502.3167 372.3666 0.3294367 -0.04020934
Ended 4599.199 502 372 0.3287037 -0.04115226
Candidates 4599.304 12 will rlk el erk tk well trim from full roll till tell
Began 4599.969 440 425 0.1851852 0.09516452
Stationary 4599.987 440 425 0.1851852 0.09516452
Stationary 4600.001 440 425 0.1851852 0.09516452
Stationary 4600.022 440 425 0.1851852 0.09516452
Stationary 4600.032 440 425 0.1851852 0.09516452
Ended 4600.046 440 425 0.1851852 0.09516452
NextCandidatePanel 4600.09
Began 4600.767 393 471 0.07638891 0.2134772
Stationary 4600.791 393 471 0.07638891 0.2134772
Stationary 4600.804 393 471 0.07638891 0.2134772
Stationary 4600.816 393 471 0.07638891 0.2134772
Ended 4600.833 393 471 0.07638891 0.2134772
NextCandidatePanel 4600.86
Began 4600.923 388 471 0.06481478 0.2134772
Stationary 4600.941 388 471 0.06481478 0.2134772
Stationary 4600.954 388 471 0.06481478 0.2134772
Stationary 4600.971 388 471 0.06481478 0.2134772
Ended 4600.986 388 471 0.06481478 0.2134772
Cancel 4601.047
Began 4601.554 203 462 -0.3634259 0.1903292
Stationary 4601.575 203 462 -0.3634259 0.1903292
Stationary 4601.589 203 462 -0.3634259 0.1903292
Stationary 4601.603 203 462 -0.3634259 0.1903292
Stationary 4601.618 203 462 -0.3634259 0.1903292
Moved 4601.634 210.2526 462 -0.3466375 0.1903292
Moved 4601.65 217.6706 462 -0.3294662 0.1903292
Moved 4601.665 223 462 -0.3171296 0.1903292
Moved 4601.68 228.5114 467.6183 -0.3043717 0.2047795
Moved 4601.695 234.5715 471.1429 -0.2903438 0.2138448
Moved 4601.712 242.9644 472.5929 -0.2709158 0.2175742
Moved 4601.726 250.1569 475.0628 -0.2542664 0.2239268
Moved 4601.742 257.3646 476.4729 -0.2375819 0.2275537
Moved 4601.757 264.5714 477 -0.2208995 0.2289094
Moved 4601.773 270.4077 478.3519 -0.2073895 0.2323866
Moved 4601.79 274.2444 478 -0.1985083 0.2314814
Moved 4601.803 279.4393 478.8598 -0.1864832 0.2336928
Moved 4601.819 283.9002 479 -0.176157 0.2340534
Moved 4601.835 287.4943 480 -0.1678373 0.2366254
Moved 4601.85 291.5455 480 -0.1584595 0.2366254
Moved 4601.865 294.8698 481 -0.1507645 0.2391974
Moved 4601.89 299.188 481 -0.1407685 0.2391974
Moved 4601.901 305.8514 481 -0.1253439 0.2391974
Stationary 4601.911 305.8514 481 -0.1253439 0.2391974
Moved 4601.925 310.1669 481 -0.1153545 0.2391974
Moved 4601.939 315.4914 481 -0.1030292 0.2391974
Moved 4601.955 320.7543 481 -0.09084647 0.2391974
Moved 4601.972 326.4888 481 -0.07757232 0.2391974
Moved 4601.988 333.2651 481 -0.06188626 0.2391974
Moved 4602.003 336.7791 481 -0.05375221 0.2391974
Moved 4602.026 345.5613 481 -0.03342281 0.2391974
Stationary 4602.037 345.5613 481 -0.03342281 0.2391974
Moved 4602.049 347.2711 482.2711 -0.02946501 0.2424668
Moved 4602.064 349.7148 482 -0.02380838 0.2417695
Moved 4602.08 352.3153 482 -0.01778856 0.2417695
Moved 4602.095 353.5 482 -0.0150463 0.2417695
Stationary 4602.111 353.5 482 -0.0150463 0.2417695
Moved 4602.125 355.1738 482 -0.0111717 0.2417695
Moved 4602.141 356.5 482 -0.008101861 0.2417695
Stationary 4602.158 356.5 482 -0.008101861 0.2417695
Moved 4602.172 357.1678 482 -0.006556064 0.2417695
Moved 4602.188 358.9409 482 -0.002451738 0.2417695
Stationary 4602.204 359 482 -0.002314796 0.2417695
Moved 4602.218 360.5 482 0.001157423 0.2417695
Moved 4602.235 364.7793 482 0.01106312 0.2417695
Moved 4602.25 370.4918 482 0.02428651 0.2417695
Moved 4602.265 378.0625 471.5625 0.04181127 0.214924
Moved 4602.282 387.7831 465.9811 0.06431272 0.2005685
Moved 4602.295 398.1504 456.5413 0.08831114 0.1762893
Moved 4602.311 408.9785 447.1437 0.1133763 0.1521186
Moved 4602.327 418.5 436 0.1354167 0.1234567
Moved 4602.341 425.5247 428.8289 0.1516775 0.1050126
Moved 4602.357 432.3448 422.7413 0.1674649 0.08935516
Moved 4602.373 439.6394 415.3606 0.1843505 0.07037187
Moved 4602.389 444.9243 410.0757 0.1965842 0.05677898
Moved 4602.404 449.253 404.3293 0.2066041 0.04199927
Moved 4602.424 452.7219 400.4172 0.2146339 0.03193733
Moved 4602.436 456.9099 397.3934 0.2243284 0.02415998
Moved 4602.449 458.6343 395.3657 0.2283203 0.01894456
Moved 4602.465 463.3936 389.4548 0.239337 0.003741817
Moved 4602.481 466.5707 386.4293 0.2466915 -0.004040047
Ended 4602.496 469 384 0.2523148 -0.01028807
Candidates 4602.586 12 week well sell seek wk erk del feel tell fell el trek
Began 4603.165 412 383 0.1203704 -0.01286016
Stationary 4603.176 412 383 0.1203704 -0.01286016
Stationary 4603.189 412 383 0.1203704 -0.01286016
Stationary 4603.205 412 383 0.1203704 -0.01286016
Moved 4603.222 412 404.4926 0.1203704 0.0424192
Moved 4603.237 418.2184 431.7687 0.1347648 0.1125738
Moved 4603.251 422.4265 469.9716 0.1445059 0.2108321
Moved 4603.267 430.3169 505.9213 0.1627706 0.3032953
Moved 4603.285 436.8434 533.3735 0.1778782 0.3739029
Ended 4603.299 441 550 0.1875 0.4166666
Accept 4603.341 0 week
Began 4603.851 454 510 0.2175926 0.3137859
Stationary 4603.868 454 510 0.2175926 0.3137859
Stationary 4603.884 454 510 0.2175926 0.3137859
Stationary 4603.898 454 510 0.2175926 0.3137859
Stationary 4603.913 454 510 0.2175926 0.3137859
Moved 4603.929 443.4352 510 0.1931371 0.3137859
Moved 4603.946 440.5492 505.0984 0.1864564 0.3011789
Moved 4603.96 433.7457 499.8983 0.1707076 0.2878041
Moved 4603.977 428.278 496.5668 0.1580509 0.2792354
Moved 4603.991 420.1945 493.5973 0.1393393 0.2715979
Moved 4604.006 413.3794 490.7518 0.1235635 0.2642792
Moved 4604.023 406.1118 487.8447 0.1067403 0.2568022
Moved 4604.039 398.9122 483.9473 0.09007443 0.246778
Moved 4604.053 393.158 481.079 0.07675469 0.2394007
Moved 4604.073 387.3981 477.199 0.06342153 0.2294213
Moved 4604.084 381.9768 472.9814 0.05087227 0.2185736
Moved 4604.099 376.2205 470.1102 0.03754735 0.2111888
Moved 4604.114 372.3241 467.2161 0.02852808 0.203745
Moved 4604.13 366.6761 464.3381 0.01545399 0.1963427
Moved 4604.145 363.446 461.446 0.00797689 0.1889042
Moved 4604.161 359.3488 458.5659 -0.001507501 0.1814965
Moved 4604.176 355.0156 455.6771 -0.01153792 0.1740665
Moved 4604.191 351.5864 453.3909 -0.01947592 0.1681865
Moved 4604.207 347.4755 451.8252 -0.02899185 0.1641593
Moved 4604.223 340.5363 447.7682 -0.04505475 0.1537247
Moved 4604.238 334.7816 444.8907 -0.05837604 0.1463239
Moved 4604.254 327.5 440.5 -0.07523149 0.1350308
Moved 4604.269 319.3568 436.1784 -0.09408136 0.1239155
Moved 4604.287 312.0432 433.2173 -0.111011 0.1162995
Moved 4604.298 305 429.5 -0.1273148 0.1067386
Moved 4604.314 295.3566 425.1528 -0.1496376 0.09555758
Moved 4604.33 286.6958 420.8479 -0.1696856 0.08448522
Moved 4604.346 276.1963 414.6836 -0.1939901 0.0686306
Moved 4604.361 268.6407 410.1844 -0.2114799 0.05705861
Moved 4604.376 260.4362 406.8617 -0.2304718 0.04851251
Moved 4604.392 253.2425 403.697 -0.2471237 0.04037292
Moved 4604.408 248 402.5 -0.2592593 0.03729416
Moved 4604.423 241.5547 399.6219 -0.2741789 0.02989164
Moved 4604.438 235.485 396.7426 -0.288229 0.02248595
Moved 4604.453 230.3002 395.4334 -0.300231 0.01911885
Moved 4604.469 224.9868 393.9967 -0.3125307 0.01542358
Ended 4604.486 222 394 -0.3194444 0.01543206
Candidates 4604.637 12 is us usa its id oa odds pass pa if ita psa
Began 4605.082 366 419 0.01388888 0.07973251
Stationary 4605.108 366 419 0.01388888 0.07973251
Stationary 4605.118 366 419 0.01388888 0.07973251
Stationary 4605.13 366 419 0.01388888 0.07973251
Stationary 4605.147 366 419 0.01388888 0.07973251
Moved 4605.162 366 438.5608 0.01388888 0.1300431
Moved 4605.178 366 459.7549 0.01388888 0.1845546
Moved 4605.193 372.9875 473.9786 0.03006369 0.2211383
Moved 4605.208 375.8727 496.9815 0.03674229 0.2803021
Moved 4605.225 382.3546 531.1601 0.05174667 0.36821
Ended 4605.24 385.5 545 0.05902777 0.4038065
Accept 4605.283 0 is
Began 4605.869 409 389 0.113426 0.002572016
Stationary 4605.886 409 389 0.113426 0.002572016
Stationary 4605.902 409 389 0.113426 0.002572016
Stationary 4605.917 409 389 0.113426 0.002572016
Stationary 4605.933 409 389 0.113426 0.002572016
Stationary 4605.947 409 389 0.113426 0.002572016
Stationary 4605.963 409 389 0.113426 0.002572016
Stationary 4605.979 409 389 0.113426 0.002572016
Moved 4605.993 409 404.8993 0.113426 0.04346522
Moved 4606.009 409 412.0997 0.113426 0.06198471
Moved 4606.025 409 422.5634 0.113426 0.08889755
Moved 4606.04 409 432.7301 0.113426 0.1150465
Moved 4606.057 409 442.8233 0.113426 0.1410064
Moved 4606.074 409 451.9178 0.113426 0.1643976
Moved 4606.088 409 459.145 0.113426 0.1829861
Moved 4606.103 409 462.7246 0.113426 0.1921928
Moved 4606.118 409 468.9563 0.113426 0.2082209
Moved 4606.138 409 473.2474 0.113426 0.2192576
Moved 4606.151 409 479.3167 0.113426 0.2348678
Moved 4606.165 409 485.2101 0.113426 0.250026
Moved 4606.18 409 490.0107 0.113426 0.2623731
Moved 4606.195 409 496.971 0.113426 0.2802752
Moved 4606.21 409 500.7666 0.113426 0.2900375
Moved 4606.226 409 510.7132 0.113426 0.3156203
Moved 4606.241 409 514.7692 0.113426 0.3260523
Moved 4606.256 409 524.5632 0.113426 0.3512427
Moved 4606.271 409 527.1464 0.113426 0.3578867
Moved 4606.29 409 535.6287 0.113426 0.3797034
Moved 4606.302 409 541 0.113426 0.3935184
Moved 4606.318 409 543.2334 0.113426 0.3992628
Moved 4606.334 409 549.5092 0.113426 0.4154041
Moved 4606.349 409 552.3906 0.113426 0.4228151
Stationary 4606.363 409 552.3906 0.113426 0.4228151
Moved 4606.38 409 554.7881 0.113426 0.4289816
Moved 4606.393 409 556.2246 0.113426 0.4326763
Stationary 4606.408 409 556.2246 0.113426 0.4326763
Stationary 4606.426 409 556 0.113426 0.4320986
Moved 4606.441 398.0332 556 0.08803983 0.4320986
Moved 4606.457 389.4354 545.0875 0.06813744 0.4040315
Moved 4606.472 378.3196 535.4046 0.04240642 0.379127
Moved 4606.487 361.7155 518.244 0.003971159 0.3349897
Moved 4606.502 348.3102 505.3102 -0.02705976 0.3017236
Moved 4606.518 329.7828 482.5788 -0.06994719 0.2432582
Moved 4606.534 323 475.5 -0.08564815 0.2250513
Moved 4606.553 310.626 458.7825 -0.1142916 0.1820538
Moved 4606.565 300.5707 447.2236 -0.1375679 0.1523241
Moved 4606.58 291.0647 433.7035 -0.1595725 0.1175501
Moved 4606.595 281.4233 420.9728 -0.1818906 0.08480649
Moved 4606.611 274.688 412.0256 -0.1974814 0.06179425
Moved 4606.626 268.6028 403.4042 -0.2115676 0.03961991
Moved 4606.642 261.5 396.5 -0.2280093 0.02186214
Moved 4606.656 255.7401 390.3921 -0.2413423 0.006152377
Moved 4606.673 249.6109 384.6108 -0.2555304 -0.008717055
Moved 4606.689 245.5 379 -0.2650463 -0.02314815
Moved 4606.703 241.0955 375.0955 -0.2752418 -0.03319061
Moved 4606.72 238.1918 372.1918 -0.2819634 -0.0406591
Moved 4606.733 234.3371 369.3371 -0.2908863 -0.04800137
Moved 4606.749 231.4434 366.4434 -0.2975847 -0.05544403
Moved 4606.765 229.4702 365.7351 -0.3021524 -0.05726575
Moved 4606.78 226.3986 363.1993 -0.3092625 -0.06378794
Moved 4606.794 224.764 363 -0.3130463 -0.06430049
Stationary 4606.81 224.764 363 -0.3130463 -0.06430049
Moved 4606.825 223.6276 363 -0.3156768 -0.06430049
Stationary 4606.842 223.6276 363 -0.3156768 -0.06430049
Moved 4606.857 224 370.5501 -0.3148148 -0.04488148
Moved 4606.873 224 378.1541 -0.3148148 -0.02532394
Moved 4606.889 239.9635 394.6059 -0.2778621 0.01699047
Moved 4606.903 250.812 411.218 -0.2527501 0.05971693
Moved 4606.918 260.5 428 -0.2303241 0.1028806
Moved 4606.934 270.9404 442.9106 -0.2061566 0.1412308
Moved 4606.954 278.2407 451.6888 -0.1892576 0.1638087
Moved 4606.966 283.5614 460.3422 -0.1769411 0.1860652
Moved 4606.98 287.9704 465.963 -0.1667352 0.2005219
Moved 4606.996 297.9933 475.9933 -0.143534 0.2263201
Moved 4607.012 307.7672 485.9432 -0.1209094 0.2519115
Moved 4607.03 319.1006 495.8381 -0.09467448 0.2773612
Moved 4607.042 329.2938 505.2938 -0.07107918 0.3016814
Moved 4607.057 339.1268 512.8049 -0.04831761 0.3210001
Moved 4607.072 350.1838 520.3907 -0.02272268 0.3405111
Moved 4607.088 358.3109 525.0348 -0.003909916 0.3524556
Moved 4607.104 370.0074 532.6716 0.02316535 0.3720977
Ended 4607.118 374 535 0.03240744 0.3780863
Candidates 4607.254 12 just first guest thursday trust hyde tuesday judy dust goat guitar list
Began 4607.717 405 403 0.1041667 0.03858017
Stationary 4607.735 405 403 0.1041667 0.03858017
Stationary 4607.75 405 403 0.1041667 0.03858017
Moved 4607.764 405 419.5564 0.1041667 0.08116349
Moved 4607.78 416.5941 435.3762 0.1310048 0.1218523
Moved 4607.797 421.9619 451.8857 0.1434303 0.1643152
Moved 4607.813 426.75 474.9999 0.1545138 0.2237651
Moved 4607.83 436.9506 513.5646 0.1781263 0.3229541
Ended 4607.843 436.9506 513.5646 0.1781263 0.3229541
Accept 4607.886 0 just
Began 4608.842 157 421 -0.4699074 0.08487643
Stationary 4608.86 157 421 -0.4699074 0.08487643
Stationary 4608.875 157 421 -0.4699074 0.08487643
Stationary 4608.891 157 421 -0.4699074 0.08487643
Stationary 4608.906 157 421 -0.4699074 0.08487643
Stationary 4608.921 157 421 -0.4699074 0.08487643
Stationary 4608.936 157 421 -0.4699074 0.08487643
Stationary 4608.951 157 421 -0.4699074 0.08487643
Moved 4608.966 172.1117 421 -0.4349266 0.08487643
Moved 4608.984 177.691 421 -0.4220116 0.08487643
Moved 4608.999 186.2594 421 -0.4021774 0.08487643
Moved 4609.014 194.9888 421 -0.3819705 0.08487643
Moved 4609.03 204.898 421 -0.3590325 0.08487643
Moved 4609.045 211.5412 421 -0.3436546 0.08487643
Moved 4609.062 218.7432 421 -0.3269834 0.08487643
Moved 4609.076 224.0962 421 -0.3145921 0.08487643
Moved 4609.09 234.3202 421 -0.2909254 0.08487643
Moved 4609.106 244.1235 421 -0.2682326 0.08487643
Moved 4609.122 251.0137 413.3973 -0.252283 0.06532218
Moved 4609.137 258.232 411.9536 -0.2355741 0.06160904
Moved 4609.154 263.9222 409.0389 -0.2224024 0.05411242
Moved 4609.167 269.6829 407.1586 -0.2090673 0.04927615
Moved 4609.184 276.0786 403.9607 -0.1942626 0.04105112
Moved 4609.199 284.8391 401.0536 -0.1739835 0.03357416
Moved 4609.218 290.1019 399.3593 -0.1618012 0.02921611
Moved 4609.23 297.0506 396.5798 -0.1457161 0.02206728
Moved 4609.246 305.2606 394.0273 -0.1267115 0.01550219
Moved 4609.26 315.7238 389.6898 -0.1024912 0.004346007
Moved 4609.278 326.2603 385.3699 -0.0781012 -0.006764769
Moved 4609.291 333.3238 381.8381 -0.06175046 -0.01584865
Moved 4609.306 344.437 375.7572 -0.03602535 -0.03148868
Moved 4609.325 352.9511 370.0326 -0.01631687 -0.04621254
Moved 4609.338 359.6608 365.2036 -0.0007851918 -0.05863283
Moved 4609.353 365.4989 360.8759 0.01272887 -0.06976382
Moved 4609.368 372.2477 355.5643 0.02835115 -0.08342531
Moved 4609.384 379.3285 349.9372 0.04474183 -0.09789823
Moved 4609.398 385.5 345 0.05902777 -0.1105968
Moved 4609.415 390.2934 338.7066 0.07012357 -0.1267835
Moved 4609.431 394.7877 332.9498 0.08052707 -0.1415902
Moved 4609.445 400.1186 324.1752 0.09286722 -0.1641585
Moved 4609.46 403.2982 319.5527 0.1002272 -0.1760476
Moved 4609.476 406.1839 313.6321 0.1069073 -0.1912754
Moved 4609.491 409.0637 307.8726 0.1135734 -0.206089
Moved 4609.506 410.4748 302.1008 0.1168399 -0.2209343
Moved 4609.522 412.5633 300.3101 0.1216743 -0.22554
Moved 4609.538 414.0005 296.999 0.1250012 -0.2340561
Moved 4609.552 415.4434 295.5566 0.1283411 -0.2377659
Moved 4609.576 417.3262 291.6738 0.1326996 -0.2477527
Stationary 4609.587 417.3262 291.6738 0.1326996 -0.2477527
Moved 4609.599 418.7662 291 0.1360329 -0.2494857
Moved 4609.614 419.5 291 0.1377314 -0.2494857
Moved 4609.63 421.3032 291 0.1419054 -0.2494857
Moved 4609.646 427.9483 298.1069 0.1572877 -0.2312066
Moved 4609.661 435.1424 311.0563 0.1739407 -0.1979004
Moved 4609.676 444.6902 324.3702 0.1960421 -0.1636569
Moved 4609.692 452.5438 337.9788 0.2142218 -0.1286553
Moved 4609.708 459.6559 352.8636 0.2306849 -0.09037136
Moved 4609.723 466.9517 367.9034 0.2475733 -0.05168891
Moved 4609.738 470.2259 376.6024 0.2551525 -0.02931493
Moved 4609.753 476.0753 391.2258 0.2686928 0.008296809
Moved 4609.77 480.9221 403.8051 0.2799121 0.04065093
Moved 4609.785 483.8225 413.8787 0.2866261 0.06656031
Moved 4609.799 485.8572 424.0007 0.2913362 0.09259424
Moved 4609.814 487.2932 440.5178 0.29466 0.1350765
Moved 4609.832 488 448.1686 0.2962963 0.1547544
Moved 4609.846 488 454.2861 0.2962963 0.1704888
Moved 4609.861 488 462.5638 0.2962963 0.1917794
Moved 4609.878 488 466.786 0.2962963 0.2026388
Moved 4609.892 488 473.7375 0.2962963 0.2205182
Moved 4609.915 488 482.0701 0.2962963 0.2419498
Stationary 4609.926 488 482.0701 0.2962963 0.2419498
Moved 4609.938 477.766 486.386 0.2726064 0.2530504
Moved 4609.954 477.6372 491.0442 0.2723083 0.2650313
Moved 4609.968 474.9531 495.0704 0.2660951 0.2753867
Moved 4609.984 472.0847 497.9153 0.2594554 0.2827038
Moved 4609.999 469.1989 500.801 0.2527753 0.290126
Moved 4610.015 466.321 502.3395 0.2461134 0.2940831
Moved 4610.032 462.432 504.784 0.2371112 0.3003703
Moved 4610.046 458.3319 507.4454 0.2276201 0.3072156
Moved 4610.061 453 508.5 0.2152778 0.3099279
Moved 4610.079 447.1943 508.7612 0.2018386 0.3105997
Moved 4610.092 441.2002 509 0.1879634 0.3112139
Moved 4610.108 431.14 509 0.1646759 0.3112139
Moved 4610.124 422.5012 509 0.1446787 0.3112139
Moved 4610.138 411.2504 509 0.1186352 0.3112139
Moved 4610.154 399.247 502.2161 0.0908496 0.2937657
Moved 4610.17 386.2928 499.1761 0.0608629 0.2859468
Moved 4610.185 375.0609 497.4512 0.03486326 0.2815103
Moved 4610.2 362.0471 495.0105 0.004738668 0.2752327
Moved 4610.215 349.0984 493.5665 -0.02523522 0.2715186
Ended 4610.236 340 493 -0.04629632 0.2700616
Candidates 4610.381 12 admit about enjoy admire senior dammit sky enough ally salt sadly shit
Began 4611.228 431 404 0.1643519 0.04115226
Stationary 4611.248 431 404 0.1643519 0.04115226
Stationary 4611.263 431 404 0.1643519 0.04115226
Stationary 4611.279 431 404 0.1643519 0.04115226
Stationary 4611.296 431 404 0.1643519 0.04115226
Moved 4611.31 418.317 404 0.1349932 0.04115226
Moved 4611.328 408.4563 404 0.1121674 0.04115226
Moved 4611.341 393.7391 409.4457 0.07809976 0.0551586
Moved 4611.355 374.2373 417.6133 0.0329568 0.07616592
Moved 4611.371 349.7745 426.1972 -0.02367005 0.0982438
Ended 4611.385 335 431 -0.05787035 0.1105966
Accept 4611.429 1 about
Began 4612.046 435 376 0.1736111 -0.03086435
Stationary 4612.065 435 376 0.1736111 -0.03086435
Stationary 4612.08 435 376 0.1736111 -0.03086435
Stationary 4612.094 435 376 0.1736111 -0.03086435
Stationary 4612.109 435 376 0.1736111 -0.03086435
Stationary 4612.126 435 376 0.1736111 -0.03086435
Stationary 4612.147 435 376 0.1736111 -0.03086435
Stationary 4612.158 435 376 0.1736111 -0.03086435
Stationary 4612.171 435 376 0.1736111 -0.03086435
Stationary 4612.187 435 376 0.1736111 -0.03086435
Moved 4612.203 424.5973 376 0.1495307 -0.03086435
Moved 4612.222 420.6086 376 0.1402976 -0.03086435
Moved 4612.234 415.2842 376 0.1279727 -0.03086435
Moved 4612.253 409.9408 376 0.1156036 -0.03086435
Moved 4612.266 405.6518 376 0.1056754 -0.03086435
Moved 4612.28 400.1485 387.2812 0.09293646 -0.001848872
Moved 4612.295 393.9523 391.0239 0.07859329 0.007777351
Moved 4612.311 389.6356 395.3644 0.06860087 0.01894127
Moved 4612.327 385.307 398.7953 0.05858094 0.02776578
Moved 4612.341 380.9438 401.7042 0.04848103 0.03524729
Moved 4612.356 376.6296 406.3704 0.03849437 0.04724903
Moved 4612.372 371.075 409.4625 0.02563655 0.05520184
Moved 4612.388 368.3055 411.463 0.01922578 0.06034702
Moved 4612.404 361.9784 416.2662 0.004579723 0.07270098
Moved 4612.419 353.8314 421.7791 -0.01427924 0.08688032
Moved 4612.434 347.1802 424.9099 -0.02967536 0.09493278
Moved 4612.454 338.5168 429.2416 -0.04972954 0.1060739
Moved 4612.465 330 435 -0.06944443 0.1208847
Moved 4612.482 316.2712 441.8304 -0.101224 0.1384527
Moved 4612.496 306.351 446.2885 -0.1241874 0.1499188
Moved 4612.511 295.7384 453.1744 -0.1487538 0.1676296
Moved 4612.527 287.0823 457.9588 -0.1687909 0.1799351
Moved 4612.542 278.474 462.263 -0.1887176 0.1910056
Moved 4612.557 274.4014 463.8662 -0.1981449 0.1951291
Moved 4612.573 268.7935 466.6033 -0.2111262 0.2021688
Moved 4612.588 265.018 469.491 -0.2198656 0.2095961
Moved 4612.604 262.2214 470.8893 -0.2263394 0.2131925
Moved 4612.619 259.4324 473.5676 -0.2327953 0.2200812
Moved 4612.634 257.546 474.727 -0.2371621 0.2230632
Moved 4612.65 255.8309 477.3382 -0.2411321 0.2297792
Moved 4612.665 255 478.6102 -0.2430556 0.2330507
Moved 4612.68 253.9511 481.0978 -0.2454835 0.239449
Moved 4612.696 253.5095 482.4905 -0.2465059 0.2430311
Moved 4612.711 253 484.3619 -0.2476852 0.2478444
Moved 4612.727 253 486.0063 -0.2476852 0.2520737
Moved 4612.748 253 492.5604 -0.2476852 0.2689309
Stationary 4612.759 253 492.5604 -0.2476852 0.2689309
Moved 4612.773 264.6779 495.5951 -0.220653 0.2767363
Moved 4612.792 273.8481 500.1931 -0.1994256 0.2885623
Moved 4612.803 285.3947 503.3487 -0.1726975 0.2966787
Moved 4612.82 294.5 506 -0.1516204 0.3034978
Moved 4612.835 305.0456 506 -0.1272093 0.3034978
Moved 4612.85 312.7789 506 -0.109308 0.3034978
Moved 4612.867 318.3799 506 -0.09634286 0.3034978
Moved 4612.881 322.0676 506 -0.08780643 0.3034978
Moved 4612.896 324.9477 506 -0.08113965 0.3034978
Moved 4612.912 325.9084 506 -0.07891576 0.3034978
Moved 4612.927 327.3482 506 -0.07558291 0.3034978
Stationary 4612.942 327.3482 506 -0.07558291 0.3034978
Stationary 4612.957 327 506 -0.07638887 0.3034978
Stationary 4612.973 327 506 -0.07638887 0.3034978
Stationary 4612.988 327 506 -0.07638887 0.3034978
Stationary 4613.003 327 506 -0.07638887 0.3034978
Stationary 4613.019 327 506 -0.07638887 0.3034978
Moved 4613.041 308.2358 506 -0.1198246 0.3034978
Stationary 4613.051 308.2358 506 -0.1198246 0.3034978
Moved 4613.065 296.1456 506 -0.1478111 0.3034978
Moved 4613.081 286.445 506 -0.1702663 0.3034978
Moved 4613.097 276.5 507.5 -0.193287 0.3073559
Moved 4613.112 270.1881 508 -0.2078978 0.3086419
Moved 4613.127 264.4062 509.3984 -0.2212821 0.3122387
Moved 4613.143 260.1862 509 -0.2310505 0.3112139
Moved 4613.159 256.9678 509 -0.2385004 0.3112139
Moved 4613.174 254.0912 510.4544 -0.2451594 0.3149547
Ended 4613.189 250.5 511.5 -0.2534722 0.317644
Candidates 4613.356 12 he here her get hee jet better free hr grew jew hers
Began 4614.31 318 437 -0.09722222 0.1260288
Moved 4614.335 305.4294 437 -0.1263209 0.1260288
Stationary 4614.346 305.4294 437 -0.1263209 0.1260288
Moved 4614.359 284.1746 437 -0.1755217 0.1260288
Moved 4614.376 253.3591 437 -0.2468538 0.1260288
Moved 4614.392 204.8512 437 -0.3591407 0.1260288
Ended 4614.412 204.8512 437 -0.3591407 0.1260288
Accept 4614.464 1 here
PhraseEnd 4615.173
