the food at this restaurant
the food at this restaurant
Basic
0.6 0.6
432 388.8
Began 53.89503 405 433 0.1041667 0.1157406
Stationary 53.91188 405 433 0.1041667 0.1157406
Stationary 53.92491 405 433 0.1041667 0.1157406
Stationary 53.9416 405 433 0.1041667 0.1157406
Stationary 53.95738 405 433 0.1041667 0.1157406
Stationary 53.97087 405 433 0.1041667 0.1157406
Stationary 53.99391 405 433 0.1041667 0.1157406
Stationary 54.00447 405 433 0.1041667 0.1157406
Stationary 54.01728 405 433 0.1041667 0.1157406
Stationary 54.03382 405 433 0.1041667 0.1157406
Stationary 54.04982 405 433 0.1041667 0.1157406
Stationary 54.06419 405 433 0.1041667 0.1157406
Stationary 54.07811 405 433 0.1041667 0.1157406
Stationary 54.09422 405 433 0.1041667 0.1157406
Stationary 54.11012 405 433 0.1041667 0.1157406
Moved 54.12523 394.7072 433 0.0803408 0.1157406
Moved 54.14344 393.4274 438.5042 0.07737815 0.1298974
Moved 54.15715 391.8278 442.3445 0.07367541 0.1397748
Moved 54.17225 390.4365 445.1271 0.07045477 0.1469317
Moved 54.18837 389.0513 447.8974 0.06724834 0.1540571
Moved 54.20338 387.6805 449.3195 0.06407519 0.1577148
Moved 54.21721 386.2826 451.7175 0.06083925 0.1638823
Moved 54.2357 384.91 454.1801 0.05766193 0.1702161
Moved 54.25105 385 456.1981 0.05787035 0.1754064
Moved 54.26609 383.5 459 0.05439818 0.1826131
Moved 54.28178 381.0934 461.8131 0.04882743 0.1898485
Moved 54.29652 378.409 465.8865 0.04261345 0.2003252
Moved 54.3115 376.6671 469.9993 0.03858129 0.2109035
Moved 54.32698 374.9595 474.1215 0.03462851 0.2215059
Moved 54.34236 372.1554 476.8447 0.02813747 0.2285099
Moved 54.3578 370.7774 480.8339 0.02494772 0.2387701
Moved 54.37208 369.1319 483.7361 0.02113869 0.2462349
Moved 54.38948 367.7542 486.4917 0.01794944 0.2533222
Moved 54.40367 365.7525 489.8712 0.01331608 0.2620144
Moved 54.41932 363.9957 492.0043 0.009249249 0.2675007
Moved 54.43391 362.6179 494.7642 0.006060004 0.2745991
Moved 54.44874 362.2401 496.5198 0.005185405 0.2791148
Moved 54.46486 360.8622 498.1378 0.001995862 0.283276
Moved 54.48014 359.8656 500.2688 -0.0003110866 0.2887571
Moved 54.49586 357 504.5 -0.006944438 0.2996398
Moved 54.51185 354.1629 508.8372 -0.01351188 0.3107951
Moved 54.52699 350.0064 512.9936 -0.02313326 0.3214855
Moved 54.54411 346.8442 516.4372 -0.0304533 0.3303425
Moved 54.55732 342.6948 521.407 -0.04005839 0.3431249
Moved 54.57255 339.017 523.983 -0.04857177 0.3497505
Moved 54.59108 336.6366 526.3634 -0.05408198 0.3558729
Moved 54.60307 335.0247 527 -0.05781308 0.3575102
Moved 54.61888 332.2786 528.3607 -0.06416991 0.36101
Moved 54.636 331.2491 529.7509 -0.06655296 0.3645854
Moved 54.64982 329.8599 530 -0.06976867 0.3652262
Stationary 54.66505 330 530 -0.06944443 0.3652262
Moved 54.67985 329 530 -0.07175927 0.3652262
Stationary 54.696 329 530 -0.07175927 0.3652262
Moved 54.71183 329 515.1147 -0.07175927 0.326941
Moved 54.72728 349.0824 504.6437 -0.02527232 0.3000094
Moved 54.74275 359.8918 494.1082 -0.0002504388 0.2729119
Moved 54.75788 369.4203 483.0911 0.02180626 0.2445756
Moved 54.7736 379.118 471.134 0.04425466 0.2138219
Moved 54.78941 387.5567 461.1838 0.06378869 0.18823
Moved 54.80375 394.2103 452.1476 0.07919043 0.1649887
Moved 54.81962 399.0407 446.1992 0.09037197 0.1496891
Moved 54.83558 406.3671 436.5105 0.1073313 0.1247698
Moved 54.85038 413.2131 426.9017 0.1231785 0.1000557
Moved 54.86631 418.4562 418.9063 0.1353153 0.0794915
Moved 54.88014 422.5814 412.0311 0.1448643 0.06180822
Moved 54.89564 426.1515 403.5454 0.1531285 0.03998301
Moved 54.91264 428.9061 396.2348 0.1595048 0.02118005
Moved 54.92714 431.7131 387.8608 0.1660025 -0.0003580792
Moved 54.942 433.6456 383.386 0.1704759 -0.0118674
Moved 54.95701 435.7999 376.0005 0.1754627 -0.03086302
Moved 54.97386 437.1767 370.2932 0.1786497 -0.0455423
Moved 54.99034 437 366.3022 0.1782407 -0.05580713
Moved 55.00343 437 363.1177 0.1782407 -0.06399775
Moved 55.01902 437 360.3693 0.1782407 -0.07106678
Moved 55.03428 437 359.2912 0.1782407 -0.07383959
Moved 55.05104 437 358.1855 0.1782407 -0.07668342
Stationary 55.06584 437 358 0.1782407 -0.07716057
Stationary 55.08076 437 358 0.1782407 -0.07716057
Moved 55.09587 416.068 358 0.129787 -0.07716057
Moved 55.11241 403.4922 369.5078 0.1006764 -0.04756245
Moved 55.12574 388.7054 375.3157 0.06644756 -0.03262414
Moved 55.14399 372.5087 384.2866 0.02895534 -0.009551028
Moved 55.16462 347.9576 401.8297 -0.0278759 0.03557001
Stationary 55.17451 347.9576 401.8297 -0.0278759 0.03557001
Moved 55.18962 331.002 412.3624 -0.06712492 0.06266032
Moved 55.20378 314.511 420.7444 -0.1052985 0.08421917
Moved 55.21977 301.9402 432.3865 -0.1343976 0.1141627
Moved 55.23564 291.6423 443.4088 -0.1582354 0.1425123
Moved 55.2523 284.8358 450.1642 -0.1739912 0.1598873
Moved 55.26445 277.8775 457.947 -0.1900983 0.1799047
Moved 55.28187 273.3361 462.6639 -0.2006109 0.1920366
Moved 55.29741 265.3748 473.1669 -0.2190397 0.2190505
Moved 55.31211 257.0962 485.5064 -0.2382033 0.250788
Moved 55.32689 247.721 498.3586 -0.259905 0.2838442
Moved 55.34297 240.8746 507.9756 -0.2757533 0.3085791
Moved 55.35862 233.7383 518.0771 -0.2922725 0.3345605
Moved 55.3737 228.2211 524.9736 -0.3050437 0.3522982
Moved 55.38884 224.5 528.5 -0.3136574 0.3613682
Ended 55.40373 224 530 -0.3148148 0.3652262
Candidates 55.59327 12 the other huge urge higher june urine turner hunger further trigger threw
Began 56.26228 390 250 0.06944448 -0.3549383
Stationary 56.28297 390 250 0.06944448 -0.3549383
Moved 56.30015 376.2856 300.0422 0.03769825 -0.226229
Moved 56.31303 364.6244 364.4329 0.0107045 -0.06061514
Moved 56.32701 363 448.8088 0.006944438 0.1564011
Moved 56.34437 393.886 565.7972 0.07843982 0.4572974
Ended 56.35914 411 615 0.1180555 0.5838476
Accept 56.41774 0 the
Began 56.89369 306 332 -0.125 -0.144033
Stationary 56.9138 306 332 -0.125 -0.144033
Stationary 56.92894 306 332 -0.125 -0.144033
Stationary 56.94511 306 332 -0.125 -0.144033
Stationary 56.95768 306 332 -0.125 -0.144033
Moved 56.97349 306 321.678 -0.125 -0.1705812
Moved 56.9929 297.5954 317.5953 -0.1444552 -0.181082
Moved 57.00608 296.1788 315.3575 -0.1477343 -0.1868377
Moved 57.02162 292.5236 311.5236 -0.1561953 -0.1966985
Moved 57.03697 288.9264 308.9265 -0.1645222 -0.2033784
Moved 57.05177 287.0734 307.0734 -0.1688115 -0.2081445
Moved 57.06633 284.3672 305.6837 -0.1750758 -0.2117191
Moved 57.08308 283.2879 304.2879 -0.1775742 -0.2153089
Moved 57.09721 280.8097 302.9048 -0.183311 -0.2188662
Moved 57.12013 278.4757 301.4757 -0.1887136 -0.2225419
Stationary 57.1306 278.4757 301.4757 -0.1887136 -0.2225419
Moved 57.14247 277.0923 301 -0.1919161 -0.2237656
Moved 57.15846 275.71 301 -0.1951158 -0.2237656
Stationary 57.17518 275.71 301 -0.1951158 -0.2237656
Moved 57.19047 275 301 -0.1967592 -0.2237656
Moved 57.20533 273.5634 301 -0.2000846 -0.2237656
Moved 57.22056 273.1712 301 -0.2009925 -0.2237656
Moved 57.23646 272.5 301 -0.2025463 -0.2237656
Moved 57.25114 271.862 301 -0.2040232 -0.2237656
Moved 57.26631 272 310.0906 -0.2037037 -0.2003844
Moved 57.28233 272 313.1521 -0.2037037 -0.1925102
Moved 57.29817 272 320.3126 -0.2037037 -0.1740932
Moved 57.31239 272 328.0302 -0.2037037 -0.1542435
Moved 57.3285 272 337.6119 -0.2037037 -0.1295991
Moved 57.34477 287 346.5 -0.1689815 -0.1067387
Moved 57.35887 292.4432 359.4844 -0.1563815 -0.07334258
Moved 57.37403 301.3578 373.5963 -0.1357459 -0.0370466
Moved 57.39222 311.122 386.014 -0.1131434 -0.005108044
Moved 57.40635 321.696 398.696 -0.08866657 0.0275104
Moved 57.42012 335.268 413.4948 -0.05725006 0.06557288
Moved 57.43742 347.8539 428.6741 -0.02811611 0.1046144
Moved 57.45045 357.9301 440.92 -0.004791518 0.1361111
Moved 57.46641 365.1111 449.127 0.01183132 0.1572195
Moved 57.48207 377.6678 461.6678 0.04089782 0.1894749
Moved 57.49748 389.6809 472.1025 0.06870577 0.216313
Moved 57.5124 401.341 482.1733 0.09569665 0.2422153
Moved 57.52864 415.4084 493.8574 0.1282602 0.2722668
Moved 57.54362 428.4323 502.6594 0.1584081 0.2949058
Moved 57.56843 450 516.5 0.2083333 0.3305041
Stationary 57.58091 450 516.5 0.2083333 0.3305041
Moved 57.59312 459.0728 520.9293 0.2293351 0.3418964
Moved 57.60579 469.1763 525.5042 0.252723 0.3536628
Moved 57.62068 478.2865 529.6432 0.2738113 0.3643087
Moved 57.63581 486.61 532.87 0.2930788 0.3726079
Moved 57.65135 494.9042 535.6348 0.3122784 0.379719
Moved 57.67128 501.5251 537.705 0.3276045 0.3850437
Moved 57.68336 507.361 539.0903 0.3411134 0.3886066
Moved 57.6977 510.2966 540.0989 0.3479088 0.3912007
Moved 57.71336 514.0402 541.5201 0.3565745 0.3948563
Moved 57.72908 515.9047 542 0.3608905 0.3960905
Moved 57.74394 517.2908 542 0.3640991 0.3960905
Moved 57.75914 518.6768 542.6768 0.3673072 0.3978311
Stationary 57.77427 519 543 0.3680556 0.3986624
Moved 57.79194 520 543 0.3703704 0.3986624
Stationary 57.80705 520 543 0.3703704 0.3986624
Stationary 57.81929 520 543 0.3703704 0.3986624
Stationary 57.83567 520 543 0.3703704 0.3986624
Stationary 57.85469 520 543 0.3703704 0.3986624
Stationary 57.86512 520 543 0.3703704 0.3986624
Stationary 57.88121 520 543 0.3703704 0.3986624
Stationary 57.89735 520 543 0.3703704 0.3986624
Stationary 57.91304 520 543 0.3703704 0.3986624
Moved 57.92778 512.6334 543 0.3533182 0.3986624
Moved 57.94316 501.6375 527.3078 0.3278646 0.3583019
Moved 57.95918 488.4842 516.5873 0.2974171 0.3307287
Moved 57.97474 475.0013 505.801 0.2662068 0.3029861
Moved 57.99281 455.0056 493.9322 0.2199204 0.2724592
Moved 58.00599 433.4123 482.7062 0.1699359 0.2435858
Moved 58.02241 406 467.5 0.1064815 0.2044752
Moved 58.03749 390.5 456.5 0.0706019 0.1761831
Moved 58.05268 371.4731 448.2366 0.02655804 0.1549294
Moved 58.06816 360.1791 442.5895 0.0004145503 0.1404051
Moved 58.08348 349.8156 438.7781 -0.02357503 0.1306022
Moved 58.09825 341.2732 435.7578 -0.04334907 0.1228336
Moved 58.11543 333.9284 432.4642 -0.0603509 0.1143625
Moved 58.13676 316.6357 424.1815 -0.1003802 0.09305918
Stationary 58.14778 316.6357 424.1815 -0.1003802 0.09305918
Moved 58.16014 310.4298 421.2149 -0.1147459 0.0854292
Moved 58.17604 299.6553 413.3795 -0.1396867 0.0652763
Moved 58.19184 292.461 407.5688 -0.1563403 0.05033116
Moved 58.2075 285.53 402.024 -0.1723843 0.03606992
Moved 58.22798 277.1832 395.4554 -0.1917056 0.01917548
Moved 58.24525 274.0245 393.3415 -0.1990173 0.01373832
Moved 58.25972 271.4368 391.4368 -0.2050073 0.008839579
Stationary 58.27052 271.4368 391.4368 -0.2050073 0.008839579
Moved 58.2827 268.8053 389.9026 -0.2110988 0.004893566
Moved 58.31022 264.2461 386.123 -0.2216525 -0.004827633
Moved 58.32353 261.4734 384.7367 -0.2280709 -0.008393276
Moved 58.33641 258.0521 381.7014 -0.2359904 -0.01620014
Moved 58.3516 253.9111 378.9407 -0.2455762 -0.02330066
Stationary 58.36299 253.9111 378.9407 -0.2455762 -0.02330066
Moved 58.37452 248.3524 374.7643 -0.2584436 -0.03404256
Moved 58.39112 243.0484 370.4387 -0.2707212 -0.04516798
Moved 58.40654 236.4746 365.356 -0.2859384 -0.05824093
Moved 58.42241 232.1915 359.922 -0.2958531 -0.07221717
Ended 58.4369 231 359 -0.2986111 -0.07458848
Candidates 58.55662 12 did cross cups dos dod food sosa crops soda aids said dogs
Began 59.60569 382 386 0.05092591 -0.005144111
Stationary 59.62318 382 386 0.05092591 -0.005144111
Stationary 59.63636 382 386 0.05092591 -0.005144111
Stationary 59.65193 382 386 0.05092591 -0.005144111
Stationary 59.67237 382 386 0.05092591 -0.005144111
Ended 59.6833 382 386 0.05092591 -0.005144111
NextCandidatePanel 59.72636
Began 60.52806 352 378 -0.01851852 -0.02572024
Stationary 60.54615 352 378 -0.01851852 -0.02572024
Moved 60.56129 332.125 378 -0.0645254 -0.02572024
Moved 60.57719 293.6911 378 -0.1534929 -0.02572024
Moved 60.59336 229.7931 400.3042 -0.3014049 0.03164648
Ended 60.6078 178.5016 409.347 -0.4201352 0.05490476
Accept 60.66542 5 food
Began 61.78892 195 334 -0.3819444 -0.1388889
Stationary 61.80699 195 334 -0.3819444 -0.1388889
Stationary 61.82286 195 334 -0.3819444 -0.1388889
Stationary 61.84047 195 334 -0.3819444 -0.1388889
Stationary 61.85371 195 334 -0.3819444 -0.1388889
Stationary 61.86857 195 334 -0.3819444 -0.1388889
Stationary 61.88508 195 334 -0.3819444 -0.1388889
Stationary 61.90269 195 334 -0.3819444 -0.1388889
Stationary 61.9163 195 334 -0.3819444 -0.1388889
Stationary 61.92903 195 334 -0.3819444 -0.1388889
Moved 61.94621 185.7838 342.1922 -0.4032783 -0.1178185
Moved 61.96196 183.1397 344.8604 -0.4093989 -0.110956
Moved 61.97718 179.3443 348.6556 -0.4181844 -0.1011944
Moved 62.00096 174.7928 354.2072 -0.4287204 -0.0869156
Stationary 62.011 174.7928 354.2072 -0.4287204 -0.0869156
Moved 62.02559 173.2647 356.4705 -0.4322575 -0.08109441
Moved 62.04087 170.9422 359.0578 -0.4376339 -0.07443982
Moved 62.05397 166.7436 363.2563 -0.4473527 -0.06364116
Moved 62.07023 165.1958 365.6083 -0.4509356 -0.05759188
Moved 62.0861 162.6273 368.3727 -0.4568812 -0.05048186
Moved 62.10115 161.4303 370.1394 -0.4596522 -0.04593782
Moved 62.11689 159.0881 371.9559 -0.4650738 -0.0412656
Moved 62.13218 157.6617 374.6767 -0.4683758 -0.03426775
Moved 62.14677 156.6862 375.3138 -0.4706339 -0.03262908
Moved 62.16191 154.2046 377.7954 -0.4763782 -0.02624645
Moved 62.17775 152.8219 380.3563 -0.4795789 -0.0196599
Moved 62.19377 151.5 381.5 -0.4826389 -0.01671818
Moved 62.20826 150.0548 384.8904 -0.4859842 -0.00799807
Moved 62.22303 150 386.3311 -0.4861112 -0.004292555
Moved 62.23982 149 387.7151 -0.4884259 -0.0007326809
Moved 62.25383 148.1793 388.8207 -0.4903257 0.002110878
Moved 62.26887 148 390.1456 -0.4907407 0.005518556
Moved 62.28715 148 393 -0.4907407 0.01285996
Moved 62.3 148 393.9177 -0.4907407 0.01522025
Moved 62.31614 148 396.6001 -0.4907407 0.02211955
Moved 62.33833 148 401.0467 -0.4907407 0.03355623
Moved 62.34907 156.5622 405.2108 -0.4709208 0.04426642
Moved 62.36253 161.7073 410.7073 -0.4590109 0.05840344
Moved 62.37742 167.0048 414.6038 -0.4467483 0.06842534
Moved 62.39302 177.3991 422.5994 -0.4226873 0.08899009
Moved 62.40809 185.6906 429.4088 -0.4034941 0.1065041
Moved 62.42381 194.6476 437.9836 -0.3827602 0.1285586
Moved 62.4394 202.2306 445.2306 -0.365207 0.147198
Moved 62.45372 210.617 453.617 -0.345794 0.168768
Moved 62.46913 221.586 461.9395 -0.3204027 0.1901736
Moved 62.48674 228.5044 467.587 -0.304388 0.2046992
Moved 62.5001 237.9149 476.9149 -0.2826043 0.2286905
Moved 62.51509 246.2787 484.2787 -0.2632437 0.2476305
Moved 62.53083 254.2103 493.2453 -0.2448836 0.2706926
Moved 62.54679 259.6389 500.0486 -0.2323173 0.2881908
Moved 62.56248 264.412 506.216 -0.2212685 0.3040535
Moved 62.57734 269.7618 512.9523 -0.2088846 0.3213792
Moved 62.59254 273.5 519.5 -0.2002315 0.3382201
Moved 62.60759 280.2373 526.8427 -0.1846358 0.3571055
Moved 62.62336 288.9152 536.9011 -0.1645481 0.3829759
Moved 62.6392 298.5769 547.9451 -0.142183 0.4113812
Moved 62.65477 313.4958 559.9967 -0.1076485 0.4423783
Moved 62.67628 343 579.5 -0.03935183 0.4925411
Stationary 62.68672 343 579.5 -0.03935183 0.4925411
Moved 62.69993 351.1355 584.4597 -0.02051959 0.5052975
Moved 62.71586 357.8716 587.9358 -0.004926771 0.5142381
Moved 62.73137 364.7168 592.0301 0.01091858 0.5247687
Moved 62.7476 367.465 594.465 0.01728018 0.5310313
Moved 62.76249 369.1194 596.1194 0.02110958 0.5352864
Ended 62.77754 369.1194 596.1194 0.02110958 0.5352864
Candidates 62.96043 12 are art asset at ar set sat dare sweet ser att date
Began 63.66642 405 516 0.1041667 0.329218
Stationary 63.68522 405 516 0.1041667 0.329218
Moved 63.7451 384 367 0.0555556 -0.05401234
Moved 63.7628 383 309.2958 0.05324075 -0.2024286
Moved 63.77732 383 252.2421 0.05324075 -0.3491718
Moved 63.7942 383 217.2426 0.05324075 -0.439191
Moved 63.81242 387.7827 173.2605 0.06431182 -0.5523135
Moved 63.82475 391.9931 143.1306 0.07405818 -0.6298081
Ended 63.83924 397.5273 120.8907 0.0868688 -0.6870095
Accept 63.86625 3 at
Began 64.37614 377 531 0.03935188 0.3677982
Stationary 64.3946 377 531 0.03935188 0.3677982
Stationary 64.40873 377 531 0.03935188 0.3677982
Stationary 64.42274 377 531 0.03935188 0.3677982
Stationary 64.43882 377 531 0.03935188 0.3677982
Stationary 64.45414 377 531 0.03935188 0.3677982
Stationary 64.47065 377 531 0.03935188 0.3677982
Stationary 64.48493 377 531 0.03935188 0.3677982
Stationary 64.50468 377 531 0.03935188 0.3677982
Stationary 64.51514 377 531 0.03935188 0.3677982
Stationary 64.53056 377 531 0.03935188 0.3677982
Stationary 64.54569 377 531 0.03935188 0.3677982
Moved 64.56153 367.887 531 0.018257 0.3677982
Moved 64.57786 366.5817 540.928 0.01523544 0.3933333
Moved 64.59275 365.2063 540.5873 0.01205166 0.3924571
Moved 64.60917 364.1119 541.8881 0.009518267 0.3958026
Moved 64.62489 361.5398 545.6902 0.003564457 0.4055818
Moved 64.64176 359.3878 548.2244 -0.0014171 0.4120996
Moved 64.65583 357.0289 549.9855 -0.006877532 0.4166294
Moved 64.67753 354.2508 553.7492 -0.01330833 0.4263096
Stationary 64.6898 354.2508 553.7492 -0.01330833 0.4263096
Moved 64.70167 352.8731 556.2537 -0.01649738 0.4327513
Moved 64.71735 351.5 559 -0.01967594 0.4398148
Moved 64.73167 349.2163 560.7837 -0.02496223 0.4444024
Moved 64.7476 347.1588 563.8412 -0.02972514 0.4522665
Moved 64.76142 345.6866 565.3134 -0.03313293 0.4560529
Moved 64.77897 343.6115 567.3885 -0.03793632 0.46139
Moved 64.79554 340.841 569.0795 -0.04434953 0.4657393
Moved 64.80915 339.5511 570.4489 -0.04733552 0.4692615
Moved 64.82423 338.1495 570.8505 -0.0505799 0.4702944
Moved 64.83884 337.0592 571.9408 -0.05310371 0.4730987
Moved 64.85538 335.6996 572 -0.05625084 0.4732509
Moved 64.86939 333.3091 572 -0.06178458 0.4732509
Moved 64.88557 330.8493 572 -0.06747847 0.4732509
Moved 64.90055 329.5473 572 -0.07049243 0.4732509
Moved 64.91663 327.1718 566.2025 -0.07599124 0.4583396
Moved 64.93171 325.7846 562.5692 -0.07920235 0.4489946
Moved 64.952 324.5 558.5 -0.08217593 0.4385287
Moved 64.96384 324 554.0517 -0.08333336 0.4270876
Moved 64.97907 324 548.8801 -0.08333336 0.4137861
Moved 64.99351 324 543.3541 -0.08333336 0.3995731
Moved 65.00928 324 534.4641 -0.08333336 0.3767078
Moved 65.02479 334.546 525.9693 -0.05892123 0.3548593
Moved 65.04166 341.2473 516.0672 -0.04340897 0.3293909
Moved 65.05463 348.6743 506.3799 -0.0262168 0.304475
Moved 65.07053 353.1406 500.8243 -0.01587833 0.2901858
Moved 65.08625 360.1721 489.5247 0.0003982584 0.2611232
Moved 65.10151 368.865 476.7025 0.02052089 0.2281441
Moved 65.11802 378.3689 464.2401 0.04252056 0.1960906
Moved 65.13337 388.5017 451.3311 0.06597628 0.1628885
Moved 65.14759 396.8138 441.2172 0.08521726 0.1368753
Moved 65.16233 403.734 432.9191 0.1012362 0.1155326
Moved 65.17863 408 426 0.1111111 0.09773654
Moved 65.19367 414.1546 420.0568 0.1253578 0.08245044
Moved 65.20893 419.7017 411.9474 0.1381983 0.06159311
Moved 65.22871 423.5 405.5 0.1469907 0.04501017
Moved 65.23994 431.4308 396.7115 0.1653491 0.02240616
Moved 65.25526 436.9717 387.2994 0.1781754 -0.001801934
Moved 65.26994 439.8797 381.4938 0.1849066 -0.0167342
Moved 65.28611 443.0272 373.9183 0.1921926 -0.03621827
Moved 65.30149 445.0657 370.9014 0.1969114 -0.04397788
Moved 65.31654 446.4181 369.5819 0.2000418 -0.04737171
Moved 65.33225 446.8139 367.1862 0.200958 -0.05353354
Moved 65.34699 447 365.7924 0.2013889 -0.05711834
Stationary 65.36198 447 365.7924 0.2013889 -0.05711834
Moved 65.37684 448 364.0261 0.2037037 -0.06166136
Moved 65.39356 448 363.5 0.2037037 -0.06301456
Moved 65.40879 448 362.6379 0.2037037 -0.06523171
Stationary 65.42503 448 362.6379 0.2037037 -0.06523171
Stationary 65.4405 448 363 0.2037037 -0.06430049
Moved 65.45554 449.8024 372.0118 0.2078759 -0.04112196
Moved 65.47507 453.9503 389.8013 0.2174777 0.004633012
Moved 65.48646 459.4745 411.8981 0.2302651 0.06146619
Moved 65.5012 465.0158 433.0631 0.2430921 0.115903
Moved 65.51652 471.6805 454.0416 0.2585197 0.1698599
Moved 65.53199 475.5221 468.9577 0.2674122 0.2082245
Moved 65.54667 481.7242 487.7473 0.2817689 0.2565515
Moved 65.56278 485.8566 499.6176 0.2913347 0.2870821
Moved 65.57816 490.0111 510.6962 0.3009516 0.3155766
Moved 65.59397 493.5183 520.314 0.3090701 0.3403136
Moved 65.60871 498.6007 532.3515 0.3208349 0.3712744
Moved 65.6244 501 540 0.3263889 0.3909464
Moved 65.6421 503.4373 544.8747 0.3320308 0.4034842
Moved 65.65534 506.0542 551.1355 0.3380885 0.419587
Moved 65.67027 507.4288 555.2863 0.3412703 0.4302629
Moved 65.68668 508 559.4068 0.3425926 0.440861
Moved 65.70152 509.1877 561.1877 0.345342 0.4454416
Moved 65.72016 509 564.1444 0.3449074 0.4530462
Moved 65.73185 509 565.957 0.3449074 0.4577081
Moved 65.74729 509 567.3392 0.3449074 0.4612634
Moved 65.76331 509 568.3063 0.3449074 0.4637506
Moved 65.77793 509 569.793 0.3449074 0.4675744
Moved 65.79325 497.3015 570 0.3178276 0.4681069
Moved 65.80845 484.9875 570 0.289323 0.4681069
Moved 65.82444 468.8408 563.4528 0.2519464 0.4512673
Moved 65.84568 446.9209 553.7779 0.2012058 0.4263834
Moved 65.85929 422.2741 541.2864 0.1441531 0.3942551
Moved 65.87104 400.7205 529.9581 0.09426037 0.3651185
Moved 65.88792 362.2243 505.5641 0.005148947 0.3023767
Moved 65.90067 337.5 491.5 -0.05208333 0.2662036
Moved 65.91752 314.0652 473.5217 -0.1063306 0.2199632
Moved 65.93232 295.4891 460.5694 -0.1493307 0.1866495
Moved 65.9521 276.0688 447.3792 -0.1942851 0.1527243
Moved 65.97242 241.8271 423.1204 -0.2735483 0.09033003
Moved 65.98521 231.7689 415.9228 -0.2968313 0.07181776
Stationary 65.99555 231.7689 415.9228 -0.2968313 0.07181776
Moved 66.00892 218.8475 403.7416 -0.3267419 0.04048752
Moved 66.02699 209.0171 396.5836 -0.3494975 0.02207721
Moved 66.03953 201.6298 390.3038 -0.3665977 0.005925457
Moved 66.05631 193.6749 383.7291 -0.3850119 -0.01098499
Moved 66.07105 188.2223 379.6667 -0.3976337 -0.02143357
Moved 66.08921 183.5191 374.6921 -0.4085206 -0.03422803
Ended 66.10273 180 371 -0.4166667 -0.04372435
Candidates 66.25169 12 this third thus relies tumors elisa relied whoa roots ellis efforts rumors
Began 66.67396 397 335 0.0856481 -0.1363169
Stationary 66.68946 397 335 0.0856481 -0.1363169
Moved 66.70335 397 345.5137 0.0856481 -0.1092756
Moved 66.71778 376.7611 375.3584 0.03879875 -0.03251448
Moved 66.73951 363.5905 442.6943 0.008311272 0.1406746
Moved 66.75034 356.0006 512.1938 -0.009257844 0.3194284
Moved 66.76286 357 581.5 -0.006944438 0.4976851
Ended 66.77818 357 581.5 -0.006944438 0.4976851
Accept 66.82392 0 this
Began 67.58942 365 480 0.01157403 0.2366254
Stationary 67.60203 365 480 0.01157403 0.2366254
Stationary 67.6114 365 480 0.01157403 0.2366254
Stationary 67.62656 365 480 0.01157403 0.2366254
Stationary 67.65174 365 480 0.01157403 0.2366254
Stationary 67.66309 365 480 0.01157403 0.2366254
Stationary 67.67286 365 480 0.01157403 0.2366254
Stationary 67.68687 365 480 0.01157403 0.2366254
Stationary 67.70261 365 480 0.01157403 0.2366254
Stationary 67.72294 365 480 0.01157403 0.2366254
Stationary 67.73396 365 480 0.01157403 0.2366254
Stationary 67.74891 365 480 0.01157403 0.2366254
Stationary 67.76429 365 480 0.01157403 0.2366254
Stationary 67.7793 365 480 0.01157403 0.2366254
Moved 67.79484 355.1787 480 -0.01116047 0.2366254
Stationary 67.8104 355.1787 480 -0.01116047 0.2366254
Moved 67.82578 353.2892 480 -0.01553436 0.2366254
Moved 67.84418 352.0005 486.9969 -0.01851747 0.2546215
Moved 67.85786 349.2516 489.7484 -0.02488057 0.2616985
Moved 67.87238 347.4818 491.7591 -0.02897734 0.2668701
Moved 67.89057 345.8594 494.2813 -0.03273293 0.273357
Moved 67.90382 343 497 -0.03935183 0.2803498
Moved 67.91911 340.2106 500.7894 -0.0458088 0.2900961
Moved 67.93879 338.7061 503.5879 -0.04929155 0.2972939
Moved 67.95084 336.5289 505.4711 -0.05433127 0.3021375
Moved 67.96552 333.5793 509.4207 -0.06115893 0.3122959
Moved 67.9813 331.8999 512.2003 -0.0650466 0.319445
Moved 67.99644 329.0282 514.9717 -0.0716939 0.3265733
Moved 68.01112 326.246 518.631 -0.07813424 0.3359849
Moved 68.02659 323.4735 521.5265 -0.08455207 0.3434322
Moved 68.04191 320.714 524.9291 -0.09093989 0.3521838
Moved 68.05839 318.4391 528.3414 -0.09620582 0.3609602
Moved 68.07276 315.8177 531.1823 -0.1022737 0.368267
Moved 68.09101 311.5916 536.8779 -0.1120564 0.3829162
Moved 68.10352 309.2941 538.7059 -0.1173747 0.3876179
Moved 68.11985 306.5295 541.4705 -0.1237743 0.3947285
Moved 68.13633 302.7619 544.2382 -0.1324957 0.401847
Moved 68.15379 299.0013 546.9991 -0.1412008 0.4089483
Moved 68.16636 296.2441 548.3779 -0.147583 0.4124945
Moved 68.18128 293.0641 549.312 -0.1549441 0.4148969
Moved 68.1955 288.556 549 -0.1653796 0.4140946
Moved 68.21134 283.2126 549 -0.1777487 0.4140946
Moved 68.22681 277.2712 549 -0.1915018 0.4140946
Moved 68.24311 272.1451 549 -0.2033678 0.4140946
Moved 68.25788 267.9395 549 -0.2131031 0.4140946
Moved 68.27247 263.7638 549 -0.2227691 0.4140946
Moved 68.2887 260.4327 549 -0.2304799 0.4140946
Moved 68.3043 257.5998 549 -0.2370376 0.4140946
Moved 68.31904 253.5 537 -0.2465278 0.3832304
Moved 68.33506 250.2632 538.2632 -0.2540204 0.3864792
Moved 68.35053 246.2493 536.7498 -0.2633117 0.3825867
Moved 68.37104 244.7317 534.3658 -0.2668249 0.3764553
Moved 68.38313 241.9653 532.9826 -0.2732286 0.3728975
Moved 68.39594 240.6004 531.6005 -0.2763878 0.3693427
Moved 68.41212 239.6507 529.3014 -0.2785863 0.3634294
Moved 68.42805 239 525.4685 -0.2800926 0.3535712
Moved 68.44392 237.7744 521.3232 -0.2829296 0.3429093
Moved 68.45863 237.3861 517.5443 -0.2838286 0.3331901
Moved 68.47379 235.9963 512.9888 -0.2870456 0.3214732
Moved 68.48969 236 507.426 -0.287037 0.3071654
Moved 68.50517 233.4505 499.3514 -0.2929387 0.2863975
Moved 68.51963 231.2852 490.2836 -0.2979508 0.2630751
Moved 68.53568 227.4102 473.4443 -0.3069208 0.2197641
Moved 68.55109 223.8219 460.6984 -0.3152272 0.1869813
Moved 68.57001 221.0636 445.3816 -0.3216121 0.1475863
Moved 68.58179 218.3068 428.841 -0.3279934 0.1050437
Moved 68.59647 216.2628 414.6277 -0.332725 0.06848696
Moved 68.61137 213.7537 400.7684 -0.3385332 0.03284038
Moved 68.62717 214 388.5286 -0.3379629 0.001359594
Moved 68.64295 211.8635 374.1813 -0.3429084 -0.03554199
Moved 68.65824 210.0405 360.3645 -0.3471285 -0.07107903
Moved 68.67368 210 350.6312 -0.3472222 -0.09611326
Moved 68.6912 209 343.3828 -0.349537 -0.1147563
Moved 68.70448 209 337.5864 -0.349537 -0.1296648
Moved 68.71897 209 330.5913 -0.349537 -0.1476561
Moved 68.73454 208 325.559 -0.3518518 -0.1605994
Moved 68.7512 208 322.2244 -0.3518518 -0.1691759
Moved 68.77265 208 315.6866 -0.3518518 -0.1859912
Stationary 68.78394 208 315.6866 -0.3518518 -0.1859912
Moved 68.79649 208 313.9677 -0.3518518 -0.1904123
Moved 68.81232 208 312.5893 -0.3518518 -0.1939576
Moved 68.82917 208 311.213 -0.3518518 -0.1974976
Moved 68.84278 208 309.832 -0.3518518 -0.2010495
Stationary 68.85831 208 309.832 -0.3518518 -0.2010495
Stationary 68.87238 208 309.832 -0.3518518 -0.2010495
Moved 68.89027 219.1637 310 -0.3260099 -0.2006174
Moved 68.90537 224.7384 310 -0.3131056 -0.2006174
Moved 68.92014 232.8794 321.0662 -0.2942607 -0.1721549
Moved 68.93616 239.9771 329.1725 -0.2778309 -0.1513054
Moved 68.95194 246.3235 337.9043 -0.2631401 -0.128847
Moved 68.97208 256.1068 353.187 -0.2404934 -0.08953981
Stationary 68.98322 256.1068 353.187 -0.2404934 -0.08953981
Moved 68.99662 263.0869 364.339 -0.2243359 -0.06085658
Moved 69.01197 270.2159 378.4317 -0.2078337 -0.0246099
Moved 69.02738 275.7621 389.5242 -0.1949951 0.003920268
Moved 69.04343 279.3279 397.4918 -0.186741 0.02441312
Moved 69.05872 283.9119 404.8531 -0.1761299 0.0433465
Moved 69.07365 288.0589 414.4708 -0.1665303 0.06808312
Moved 69.08875 293 422.5 -0.1550926 0.08873452
Moved 69.10395 298.0811 434.7027 -0.1433308 0.12012
Moved 69.1204 303.6428 446.2855 -0.1304566 0.1499112
Moved 69.13752 308.6516 455.8537 -0.1188621 0.1745207
Moved 69.15647 317.9709 477.5891 -0.09728963 0.2304244
Stationary 69.16749 317.9709 477.5891 -0.09728963 0.2304244
Moved 69.18131 323.1184 488.9429 -0.08537407 0.2596268
Moved 69.19749 326.174 498.609 -0.07830098 0.2844881
Moved 69.21259 329.3804 503.634 -0.07087877 0.2974123
Moved 69.22895 332.1121 509.7802 -0.06455536 0.3132206
Moved 69.24302 334.8917 516.7292 -0.05812109 0.3310935
Moved 69.26044 337.6422 522.2844 -0.05175421 0.3453815
Moved 69.27369 340.4162 528.8325 -0.04533281 0.3622234
Moved 69.29118 342.0927 534.3707 -0.04145215 0.3764678
Moved 69.30485 343.4709 539.8836 -0.03826186 0.3906471
Moved 69.32011 344.5 541 -0.03587961 0.3935184
Moved 69.34248 345 547.558 -0.03472224 0.4103857
Stationary 69.3538 345 547.558 -0.03472224 0.4103857
Moved 69.36497 345 549.3188 -0.03472224 0.4149146
Moved 69.3816 345 551 -0.03472224 0.4192385
Stationary 69.39732 345 551.2114 -0.03472224 0.4197824
Moved 69.4112 345 552.8029 -0.03472224 0.4238756
Moved 69.42774 345 553.5 -0.03472224 0.4256686
Moved 69.44331 345 554.1206 -0.03472224 0.4272648
Stationary 69.45884 345 554.1206 -0.03472224 0.4272648
Moved 69.4734 345 555.0117 -0.03472224 0.4295568
Stationary 69.49006 345 555.0117 -0.03472224 0.4295568
Stationary 69.50532 345 555.0117 -0.03472224 0.4295568
Moved 69.52329 345 556.0483 -0.03472224 0.4322228
Stationary 69.53535 345 556.0483 -0.03472224 0.4322228
Stationary 69.55006 345 556.0483 -0.03472224 0.4322228
Stationary 69.56516 345 556.0483 -0.03472224 0.4322228
Stationary 69.5814 345 556.0483 -0.03472224 0.4322228
Stationary 69.59834 345 556.0483 -0.03472224 0.4322228
Stationary 69.61439 345 556.0483 -0.03472224 0.4322228
Stationary 69.62894 345 556.0483 -0.03472224 0.4322228
Stationary 69.6439 345 556.0483 -0.03472224 0.4322228
Stationary 69.6598 345 556.0483 -0.03472224 0.4322228
Stationary 69.67472 345 556.0483 -0.03472224 0.4322228
Moved 69.68934 337.2928 556 -0.052563 0.4320986
Moved 69.70881 336.5 556 -0.05439813 0.4320986
Moved 69.72169 335.7697 556 -0.05608876 0.4320986
Moved 69.73612 335.1516 556 -0.05751933 0.4320986
Moved 69.75089 334.5 556 -0.05902777 0.4320986
Moved 69.76603 333.3913 556 -0.06159415 0.4320986
Moved 69.78309 332.5 556 -0.06365741 0.4320986
Moved 69.79716 331.976 556 -0.06487031 0.4320986
Moved 69.81214 330.5502 556 -0.06817092 0.4320986
Moved 69.82786 329.1588 550.1118 -0.07139156 0.4169541
Moved 69.844 327.769 549 -0.07460868 0.4140946
Moved 69.85862 325.382 547.382 -0.08013437 0.409933
Moved 69.87821 322.9843 545.9922 -0.08568446 0.4063585
Moved 69.89057 320.1971 544.5986 -0.09213626 0.4027741
Moved 69.90534 318.3313 542.3313 -0.09645531 0.3969426
Moved 69.92033 315.3231 541.1616 -0.1034187 0.393934
Moved 69.93598 312.557 539.7785 -0.1098218 0.3903768
Moved 69.95057 309.8014 536.8015 -0.1162004 0.3827197
Moved 69.96607 307.0339 534.0339 -0.1226067 0.3756016
Moved 69.98273 302.9152 529.9152 -0.1321407 0.3650083
Moved 69.99668 296.021 522.2762 -0.1480996 0.3453606
Moved 70.01353 291.4919 516.6149 -0.1585836 0.3307995
Moved 70.02842 286.1029 509.8786 -0.1710581 0.3134737
Moved 70.05686 270.9864 491.9841 -0.20605 0.2674488
Moved 70.07029 261.3089 479.54 -0.2284517 0.2354423
Moved 70.08762 250.8497 468.0809 -0.2526627 0.2059694
Moved 70.10053 240.8496 457.8496 -0.2758111 0.1796543
Moved 70.11198 234.5 450 -0.2905093 0.1594649
Stationary 70.12266 234.5 450 -0.2905093 0.1594649
Moved 70.13685 228.3287 443.3287 -0.3047948 0.1423061
Moved 70.14985 222.0126 437.0126 -0.3194152 0.1260613
Moved 70.16596 215.1048 428.7258 -0.3354055 0.1047474
Moved 70.18272 211.6999 423.1666 -0.3432872 0.09044894
Moved 70.1974 207.5534 417.4045 -0.3528857 0.07562892
Moved 70.21726 203.5 413.5 -0.3622685 0.06558634
Moved 70.22788 201.1583 408.2375 -0.3676891 0.05205111
Moved 70.24412 199.0696 404.1392 -0.3725241 0.04151015
Moved 70.2591 197.6575 399.9724 -0.3757929 0.030793
Moved 70.27448 195.2684 395.5368 -0.3813231 0.01938474
Moved 70.29035 193.8809 391.6427 -0.3845349 0.009369006
Moved 70.3047 193 387.4765 -0.3865741 -0.001346525
Moved 70.32084 192.1084 384.2168 -0.388638 -0.009730499
Moved 70.33652 192 380.1689 -0.3888888 -0.02014184
Moved 70.35221 192 378 -0.3888888 -0.02572024
Moved 70.36765 192 376.2615 -0.3888888 -0.03019176
Moved 70.38691 192 373.7509 -0.3888888 -0.03664919
Moved 70.39957 192 373 -0.3888888 -0.03858032
Moved 70.41319 192 372.1093 -0.3888888 -0.04087134
Moved 70.42896 206.0862 372 -0.3562821 -0.04115226
Moved 70.44352 212.6925 372 -0.3409896 -0.04115226
Moved 70.45921 223.4811 372 -0.3160159 -0.04115226
Moved 70.47419 230.5654 380.6461 -0.2996171 -0.0189143
Moved 70.49033 241.7904 385.8952 -0.2736333 -0.005413651
Moved 70.50581 250.2744 390.5162 -0.2539945 0.00647172
Moved 70.5207 259.8866 396.0781 -0.2317439 0.02077683
Moved 70.53684 265.6372 399.9779 -0.2184323 0.03080733
Moved 70.55488 272.2314 404.1388 -0.2031682 0.04150916
Moved 70.56614 277.7448 408.3085 -0.1904056 0.0522338
Moved 70.58259 283.5541 410.9156 -0.176958 0.05893923
Moved 70.59766 288.6748 413.8374 -0.1651047 0.06645414
Moved 70.61311 292.9351 416.6234 -0.1552428 0.07361985
Moved 70.6284 298.1019 419.4012 -0.1432827 0.08076444
Moved 70.64405 301.1808 421.0904 -0.1361554 0.08510896
Moved 70.65995 305.4167 423.9445 -0.1263502 0.09244969
Moved 70.67463 308.5772 425.7181 -0.1190342 0.09701163
Moved 70.6901 312.7362 427.2454 -0.109407 0.1009397
Moved 70.7053 314.4743 428.2372 -0.1053835 0.1034907
Moved 70.72514 319.1102 430.7034 -0.09465232 0.1098337
Moved 70.73869 323.2796 433.1864 -0.08500098 0.1162201
Moved 70.75108 328.7707 435.8854 -0.07229 0.123162
Moved 70.76649 337.1303 442.3042 -0.05293915 0.1396712
Moved 70.78394 345.2697 447.8464 -0.03409803 0.153926
Moved 70.79829 351.9715 453.3772 -0.01858458 0.1681511
Moved 70.81315 357.6033 457.162 -0.005547852 0.1778857
Moved 70.82883 364.0482 462.0386 0.009370943 0.1904284
Moved 70.84443 370.9783 467.5826 0.02541274 0.2046877
Moved 70.86015 377.7064 473.1376 0.04098714 0.2189753
Moved 70.88129 389.1962 482.6472 0.06758381 0.243434
Stationary 70.89237 389.1962 482.6472 0.06758381 0.243434
Moved 70.90559 393.7863 487.715 0.07820904 0.2564687
Moved 70.92152 397.9545 491.9545 0.08785765 0.2673725
Moved 70.9376 402.1668 494.8751 0.09760827 0.2748844
Moved 70.95127 404.5383 498.5383 0.103098 0.2843063
Moved 70.96687 407.3077 501.3077 0.1095085 0.2914291
Moved 70.98246 408.5414 503.0827 0.1123642 0.2959945
Moved 70.99809 409.9286 504.9286 0.1155755 0.3007424
Moved 71.01283 411.3182 506.3182 0.1187923 0.3043164
Moved 71.03571 415 509 0.1273148 0.3112139
Stationary 71.04755 415 509 0.1273148 0.3112139
Stationary 71.06031 415.0623 509.0624 0.1274592 0.3113743
Moved 71.07383 416.5 510.5 0.130787 0.3150719
Moved 71.09034 417.9229 511 0.1340808 0.3163579
Moved 71.10642 420.6181 512.309 0.1403196 0.3197248
Moved 71.12223 421.6951 513.6951 0.1428127 0.3232897
Moved 71.13776 424.1621 515.0811 0.1485233 0.3268545
Moved 71.1525 425.4591 516.459 0.1515256 0.3303987
Moved 71.16819 427.8618 518.8618 0.1570875 0.3365786
Moved 71.18946 431.3292 521.3292 0.1651139 0.3429247
Stationary 71.20084 431.3292 521.3292 0.1651139 0.3429247
Moved 71.21314 432 522 0.1666667 0.3446501
Moved 71.22871 433.1003 523.1003 0.1692136 0.3474801
Stationary 71.24415 433.1003 523.1003 0.1692136 0.3474801
Moved 71.25925 434.3596 524.3596 0.1721287 0.3507191
Stationary 71.27451 434.3596 524.3596 0.1721287 0.3507191
Moved 71.2906 434 525.3099 0.1712963 0.3531632
Stationary 71.3057 434 525.3099 0.1712963 0.3531632
Moved 71.32084 434 526.0244 0.1712963 0.3550009
Stationary 71.34013 434 526.0244 0.1712963 0.3550009
Stationary 71.35105 434 526.0244 0.1712963 0.3550009
Stationary 71.36643 434 526.0244 0.1712963 0.3550009
Stationary 71.38251 434 526.0244 0.1712963 0.3550009
Stationary 71.39719 434 526.0244 0.1712963 0.3550009
Moved 71.41242 434 527.098 0.1712963 0.3577623
Stationary 71.42786 434 527.098 0.1712963 0.3577623
Stationary 71.44328 434 527.098 0.1712963 0.3577623
Stationary 71.45795 434 527.098 0.1712963 0.3577623
Stationary 71.47324 434 527.098 0.1712963 0.3577623
Stationary 71.49525 434 527.098 0.1712963 0.3577623
Stationary 71.50764 434 527.098 0.1712963 0.3577623
Stationary 71.52018 434 527.098 0.1712963 0.3577623
Stationary 71.53803 434 527 0.1712963 0.3575102
Stationary 71.5514 434 527 0.1712963 0.3575102
Stationary 71.56626 434 527 0.1712963 0.3575102
Stationary 71.58225 434 527 0.1712963 0.3575102
Stationary 71.59834 434 527 0.1712963 0.3575102
Stationary 71.61384 434 527 0.1712963 0.3575102
Stationary 71.62959 434 527 0.1712963 0.3575102
Moved 71.64698 426.8202 527 0.1546763 0.3575102
Stationary 71.65931 426.8202 527 0.1546763 0.3575102
Moved 71.67451 425.6394 527 0.1519431 0.3575102
Moved 71.68964 424.819 527 0.1500439 0.3575102
Stationary 71.70597 424.819 527 0.1500439 0.3575102
Moved 71.72114 423.9547 527 0.1480432 0.3575102
Stationary 71.73643 423.9547 527 0.1480432 0.3575102
Moved 71.75135 422.7323 527 0.1452137 0.3575102
Stationary 71.76762 422.7323 527 0.1452137 0.3575102
Moved 71.78324 420.6212 527 0.1403269 0.3575102
Moved 71.80326 418.4876 527 0.135388 0.3575102
Moved 71.81672 414.5943 527 0.1263757 0.3575102
Moved 71.82951 407.9259 522.3889 0.1109396 0.3456502
Moved 71.84443 400.2678 515.9719 0.09321252 0.3291458
Moved 71.86109 388.5172 511.2068 0.06601194 0.31689
Moved 71.87525 378.6121 506.9766 0.04308343 0.3060096
Moved 71.89365 364.8895 503.8098 0.01131833 0.2978646
Moved 71.90482 353.004 500.7787 -0.01619438 0.2900686
Moved 71.92182 342.0215 499.5027 -0.04161701 0.2867866
Moved 71.93757 331.7808 497.1116 -0.06532222 0.2806367
Moved 71.95689 322.0522 495.7217 -0.08784205 0.277062
Moved 71.96864 315.3853 496 -0.1032748 0.2777777
Moved 71.98368 306.4973 494.2994 -0.123849 0.2734038
Moved 71.99924 299.5524 492.9105 -0.1399251 0.2698313
Moved 72.01414 294.0827 491.5207 -0.1525863 0.2662568
Moved 72.02958 288.3913 491 -0.1657608 0.2649176
Moved 72.04508 284.2128 491 -0.1754334 0.2649176
Moved 72.05964 279.4088 490 -0.1865537 0.2623456
Moved 72.07517 274.0563 489.2112 -0.1989438 0.2603169
Moved 72.09446 269.6651 487.8884 -0.2091085 0.2569145
Moved 72.10429 265.5 488 -0.21875 0.2572016
Moved 72.11976 263.212 488 -0.2240463 0.2572016
Moved 72.13895 260.4324 488 -0.2304805 0.2572016
Moved 72.15257 259.3292 488 -0.2330342 0.2572016
Moved 72.16633 257.9364 488 -0.2362583 0.2572016
Stationary 72.1825 258 488 -0.2361111 0.2572016
Stationary 72.19852 258 488 -0.2361111 0.2572016
Moved 72.21357 256.5 488 -0.2395834 0.2572016
Moved 72.23307 257 488 -0.2384259 0.2572016
Stationary 72.24589 257 488 -0.2384259 0.2572016
Stationary 72.258 257 488 -0.2384259 0.2572016
Stationary 72.2736 257 488 -0.2384259 0.2572016
Stationary 72.29047 257 488 -0.2384259 0.2572016
Stationary 72.3054 257 488 -0.2384259 0.2572016
Moved 72.31974 257 496.3911 -0.2384259 0.2787836
Moved 72.33887 264.6398 498.2795 -0.2207413 0.2836407
Moved 72.35151 267.0382 501.0382 -0.2151892 0.290736
Moved 72.37125 268.4013 503.8027 -0.2120339 0.2978463
Moved 72.382 269.7836 505.5672 -0.2088343 0.3023847
Moved 72.39793 271.1658 507.1658 -0.2056348 0.3064962
Moved 72.41383 272.5 507 -0.2025463 0.3060699
Moved 72.42893 272.6069 508 -0.2022989 0.3086419
Moved 72.44459 273.5 508 -0.2002315 0.3086419
Stationary 72.46 273.5 508 -0.2002315 0.3086419
Moved 72.47465 273 508 -0.2013889 0.3086419
Stationary 72.49094 273 508 -0.2013889 0.3086419
Moved 72.5088 262.4175 492.7142 -0.2258855 0.2693264
Moved 72.52009 251.6424 478.8259 -0.2508278 0.2336057
Moved 72.53724 243.3257 468.4072 -0.2700793 0.2068085
Moved 72.5518 233.7339 454.7628 -0.2922826 0.1717149
Moved 72.56702 227.1397 446.7096 -0.3075469 0.151002
Moved 72.58298 220.4984 438.3981 -0.3229203 0.1296248
Moved 72.59849 215.0712 430.1068 -0.3354835 0.1082991
Moved 72.61396 210.3985 422.6642 -0.3462997 0.08915677
Moved 72.62876 206.2313 415.7188 -0.3559461 0.07129316
Moved 72.64835 202.5 411 -0.3645833 0.05915629
Moved 72.659 200.5731 407.8596 -0.3690438 0.05107907
Moved 72.67503 196.6899 403.6899 -0.3780327 0.04035479
Moved 72.69117 194.0137 398.0274 -0.3842275 0.02579065
Moved 72.70606 192.2341 396.2341 -0.3883469 0.02117828
Moved 72.72157 190.7307 393.4614 -0.391827 0.0140468
Moved 72.73582 189.3439 390.6878 -0.3950372 0.006912961
Moved 72.75068 187.9589 388.9589 -0.3982432 0.002466327
Moved 72.7671 186.9289 387.9289 -0.4006276 -0.0001829642
Moved 72.7891 185.5152 385.0304 -0.4039 -0.007637911
Moved 72.80051 185.1277 384.1277 -0.4047969 -0.009959578
Moved 72.81406 185 382.7452 -0.4050926 -0.01351533
Stationary 72.82929 185 382.7452 -0.4050926 -0.01351533
Moved 72.8437 185 379.9398 -0.4050926 -0.02073107
Moved 72.86079 196.2989 378.5876 -0.3789377 -0.0242088
Moved 72.87605 203.5 377.5 -0.3622685 -0.02700625
Moved 72.89402 217.145 378 -0.3306828 -0.02572024
Moved 72.9058 227.0383 376.7088 -0.3077818 -0.02904123
Moved 72.92472 236.715 375.3264 -0.285382 -0.03259667
Moved 72.93662 247.4376 371.8359 -0.2605611 -0.04157455
Moved 72.95213 258.5273 367.6772 -0.2348905 -0.05227053
Moved 72.96769 271.187 363.6593 -0.2055857 -0.06260475
Moved 72.98264 285.1119 356.9441 -0.1733521 -0.07987638
Moved 72.99781 291.4171 354.3926 -0.1587566 -0.08643876
Moved 73.01286 301.6121 349.3645 -0.1351572 -0.09937121
Moved 73.02869 309.2481 343.8015 -0.1174813 -0.1136793
Moved 73.04569 317.6123 336.8231 -0.09811958 -0.1316281
Moved 73.06364 327.025 329.8125 -0.07633094 -0.1496592
Moved 73.07493 334.1365 324.0908 -0.05986929 -0.1643755
Moved 73.09046 341.2418 316.7582 -0.04342169 -0.1832351
Moved 73.10606 348.3932 310.339 -0.02686764 -0.1997455
Moved 73.12165 354.0543 305.9593 -0.01376331 -0.2110101
Moved 73.13706 359.599 301.8007 -0.0009282431 -0.2217059
Moved 73.15257 364.9531 296.8375 0.01146555 -0.2344716
Moved 73.16752 370.7217 290.0979 0.02481868 -0.2518059
Moved 73.18382 374.706 284.7253 0.0340417 -0.2656243
Moved 73.20316 378.8562 279.1918 0.04364858 -0.2798566
Moved 73.21449 385.8206 272.1794 0.05976985 -0.2978925
Moved 73.22959 387.9823 270.0177 0.06477375 -0.3034524
Moved 73.24497 393.4263 263.5737 0.07737577 -0.3200265
Moved 73.26048 397.5714 258.2382 0.08697072 -0.3337495
Moved 73.27491 400 256 0.09259263 -0.3395062
Moved 73.2923 403.8234 253.1765 0.1014431 -0.3467683
Moved 73.30625 407.8818 250.4121 0.1108374 -0.3538784
Moved 73.32557 411.0399 247.64 0.1181479 -0.3610083
Moved 73.33848 413.5862 245.4138 0.124042 -0.3667341
Moved 73.35224 416.2056 243.8972 0.1301055 -0.3706348
Moved 73.36823 417.4987 242.5013 0.1330988 -0.374225
Moved 73.38462 418.8802 242 0.1362968 -0.3755144
Moved 73.39921 420.2707 240.7292 0.1395156 -0.3787828
Moved 73.41331 421.6435 241 0.1426932 -0.3780865
Moved 73.43027 423.0192 241 0.1458777 -0.3780865
Moved 73.4488 424.3948 241 0.149062 -0.3780865
Moved 73.4607 425.3671 241 0.1513127 -0.3780865
Moved 73.47465 426.8637 254.0458 0.1547771 -0.3445325
Moved 73.49158 427 263.7306 0.1550926 -0.319623
Moved 73.50602 427 280.0868 0.1550926 -0.2775546
Moved 73.52155 427 293.2476 0.1550926 -0.2437047
Moved 73.53776 412.8537 307.1462 0.1223466 -0.2079574
Moved 73.55213 411.6246 319.3344 0.1195013 -0.1766092
Moved 73.57151 406.5467 330.7973 0.107747 -0.1471263
Moved 73.58305 397.3744 346.7868 0.08651475 -0.1060011
Moved 73.60035 388.687 363.3936 0.06640524 -0.06328803
Moved 73.61396 378.9998 379.0002 0.04398117 -0.0231476
Moved 73.62916 373.4667 387.2999 0.03117303 -0.001800796
Moved 73.64536 366.674 396.989 0.01544913 0.02311969
Moved 73.66145 358.6716 406.5497 -0.003074904 0.04771024
Moved 73.67835 352.5 414 -0.0173611 0.06687239
Moved 73.74903 308.2768 482.6273 -0.1197297 0.243383
Moved 73.76136 301.7441 493.9479 -0.1348517 0.2724996
Stationary 73.77287 301.7441 493.9479 -0.1348517 0.2724996
Moved 73.78498 297.1301 504.6531 -0.1455322 0.3000337
Moved 73.80042 294.9805 512.0682 -0.1505081 0.3191055
Moved 73.81513 289.4156 525.9609 -0.1633898 0.3548377
Moved 73.83042 286.441 537.4564 -0.1702754 0.3844041
Ended 73.84638 284.8455 547.0814 -0.1739687 0.4091599
Candidates 74.012 12 restaurant resistant gradient resistance researcher transient extent reagent testament resident earthquake extract
Began 74.47205 410 292 0.1157407 -0.2469136
Stationary 74.49317 410 292 0.1157407 -0.2469136
Stationary 74.50764 410 292 0.1157407 -0.2469136
Moved 74.52296 388.2496 339.2789 0.06539265 -0.1253115
Moved 74.5387 374.3862 399.9006 0.03330141 0.03060855
Ended 74.55412 373 506 0.0300926 0.3034978
Accept 74.61201 0 restaurant
PhraseEnd 75.33646
