travel at the speed of light
travel at the speed of light
Basic
0.6 0.6
432 388.8
Began 669.3035 421 473 0.1412037 0.2186213
Stationary 669.3209 421 473 0.1412037 0.2186213
Stationary 669.3348 421 473 0.1412037 0.2186213
Stationary 669.3505 421 473 0.1412037 0.2186213
Stationary 669.3641 421 473 0.1412037 0.2186213
Stationary 669.3798 421 473 0.1412037 0.2186213
Stationary 669.397 421 473 0.1412037 0.2186213
Stationary 669.4124 421 473 0.1412037 0.2186213
Stationary 669.4285 421 473 0.1412037 0.2186213
Stationary 669.4437 421 473 0.1412037 0.2186213
Stationary 669.4575 421 473 0.1412037 0.2186213
Stationary 669.473 421 473 0.1412037 0.2186213
Moved 669.489 411.4686 482.5314 0.1191402 0.2431361
Moved 669.5045 409 485 0.113426 0.2494856
Moved 669.5201 408.0739 485.9261 0.1112822 0.2518675
Moved 669.5358 408 487.302 0.1111111 0.2554063
Moved 669.5532 406.7582 488.2418 0.1082367 0.2578234
Stationary 669.5662 406.7582 488.2418 0.1082367 0.2578234
Moved 669.5815 404.9265 490.0735 0.1039966 0.2625346
Moved 669.5969 403.5544 491.4456 0.1008205 0.2660635
Moved 669.6127 403.1766 492 0.09994587 0.2674896
Moved 669.6276 401.8042 493.1958 0.09676893 0.2705652
Stationary 669.6423 401.8042 493.1958 0.09676893 0.2705652
Moved 669.658 400.2727 494.7273 0.09322385 0.2745043
Moved 669.6747 398.9833 496.0167 0.09023905 0.2778207
Moved 669.6912 397.611 497.389 0.08706242 0.2813503
Moved 669.7047 396.2192 498.7808 0.08384079 0.2849298
Moved 669.7206 393.6762 500.1619 0.07795423 0.2884821
Moved 669.7358 391.9249 501.5375 0.07390033 0.2920204
Moved 669.7509 390.0838 502.9162 0.06963849 0.2955662
Moved 669.7662 388.704 504.296 0.06644448 0.299115
Moved 669.782 387.7508 505.2492 0.06423791 0.3015668
Moved 669.7973 385.2912 506.7087 0.05854448 0.3053208
Moved 669.8127 382.8287 508.0856 0.05284419 0.3088621
Moved 669.8278 380.0843 509.4578 0.04649152 0.3123914
Moved 669.8439 378.3297 510 0.04242977 0.3137859
Moved 669.8591 376.7887 511.2113 0.03886283 0.3169014
Moved 669.8745 373.8199 512 0.03199051 0.31893
Moved 669.8972 368.8482 514.0506 0.02048184 0.3242041
Stationary 669.9082 368.8482 514.0506 0.02048184 0.3242041
Moved 669.9201 364.7195 514 0.01092464 0.324074
Moved 669.9365 360.5712 515.8096 0.00132213 0.3287284
Moved 669.9518 356.448 517.184 -0.008222212 0.3322634
Moved 669.966 353.283 518 -0.01554862 0.3343621
Moved 669.9822 350.104 518.948 -0.02290731 0.3368003
Moved 669.9987 347.3524 520.3238 -0.02927681 0.3403389
Moved 670.0135 344.141 520 -0.0367106 0.3395061
Moved 670.0284 340.7285 520.7571 -0.04461 0.3414535
Moved 670.0441 337.7272 521 -0.05155747 0.3420781
Moved 670.0607 335 521 -0.05787035 0.3420781
Moved 670.0755 331.2247 521 -0.06660943 0.3420781
Moved 670.0898 328.4713 521 -0.07298306 0.3420781
Moved 670.1053 324.0786 521 -0.08315131 0.3420781
Moved 670.1214 320.7435 521 -0.09087145 0.3420781
Moved 670.1375 316.8766 521 -0.09982273 0.3420781
Moved 670.1528 311.331 521 -0.1126597 0.3420781
Moved 670.1677 307.6197 521 -0.1212507 0.3420781
Moved 670.1828 303.5011 521 -0.1307846 0.3420781
Moved 670.1993 299.5 521 -0.1400463 0.3420781
Moved 670.2154 294.325 521 -0.1520256 0.3420781
Moved 670.2293 290.1147 521 -0.1617714 0.3420781
Moved 670.2448 287.1666 521 -0.1685959 0.3420781
Moved 670.2598 282.7737 521 -0.1787647 0.3420781
Moved 670.2755 279.7574 521 -0.1857468 0.3420781
Moved 670.2925 275.5087 509.0233 -0.1955816 0.3112737
Moved 670.3062 271.3721 508.3721 -0.2051571 0.309599
Moved 670.322 265.9917 504.2438 -0.2176117 0.2989808
Moved 670.3366 262.0911 498.4548 -0.2266409 0.2840916
Moved 670.3521 257.9668 493.2085 -0.2361879 0.2705979
Moved 670.3672 253.8398 487.7864 -0.2457412 0.2566521
Moved 670.3825 249.6999 480.8333 -0.2553242 0.2387685
Moved 670.3987 245.56 475.9334 -0.2649073 0.2261661
Moved 670.4139 241.4206 470.2275 -0.2744893 0.2114903
Moved 670.429 235.6889 463.1111 -0.2877572 0.1931869
Moved 670.4459 231.1088 457.1451 -0.2983593 0.1778422
Moved 670.4611 225.6255 452.9691 -0.3110521 0.1671016
Moved 670.4756 224.3157 449.9735 -0.3140841 0.1593968
Moved 670.4922 217.7031 444.5273 -0.329391 0.145389
Moved 670.5067 213.4156 440.4156 -0.3393157 0.1348138
Moved 670.5221 208.2678 436.2678 -0.3512319 0.1241456
Moved 670.5366 204.1236 431.1648 -0.3608251 0.1110204
Moved 670.5526 199.9838 425.6451 -0.3704078 0.09682364
Moved 670.5684 197.5588 421.8381 -0.3760214 0.08703224
Moved 670.5845 194.5018 418.5018 -0.3830977 0.07845113
Moved 670.5995 191.6763 414.5145 -0.3896381 0.06819575
Moved 670.6146 189 409 -0.3958333 0.05401234
Moved 670.6307 186.1586 406.2379 -0.4024108 0.04690806
Moved 670.6461 184.7025 404.7025 -0.4057812 0.0429591
Moved 670.6617 181.6508 401.6509 -0.4128452 0.03511028
Moved 670.6764 178.8951 398.8951 -0.4192243 0.02802224
Moved 670.6917 177.5636 397.5636 -0.4223064 0.02459765
Moved 670.7064 175.3105 396.6553 -0.4275219 0.02226146
Moved 670.7227 174.1521 395.1521 -0.4302036 0.01839524
Moved 670.7469 172.3869 392.3868 -0.4342897 0.01128299
Stationary 670.7573 172.3869 392.3868 -0.4342897 0.01128299
Moved 670.7692 172 392 -0.4351852 0.01028803
Moved 670.7837 172 390.6216 -0.4351852 0.00674287
Moved 670.7994 172 389.2321 -0.4351852 0.003168906
Moved 670.8176 172 388.1239 -0.4351852 0.0003185979
Moved 670.8301 172 385.545 -0.4351852 -0.006314423
Moved 670.8459 181.9863 382.8055 -0.4120687 -0.01336047
Moved 670.8623 188.8592 379.0845 -0.3961592 -0.02293088
Moved 670.877 199.8119 374.9456 -0.3708057 -0.03357624
Moved 670.8924 212.1579 370.5263 -0.3422272 -0.04494262
Moved 670.9077 223.9685 366.6772 -0.3148877 -0.05484271
Moved 670.9233 231.9554 359.5372 -0.2963995 -0.07320694
Moved 670.9383 238.6947 355.8442 -0.2807993 -0.08270522
Moved 670.9531 246.4905 349.4246 -0.2627535 -0.09921674
Moved 670.9693 253.4381 343.8495 -0.246671 -0.1135559
Moved 670.9846 261.6771 338.9955 -0.2275992 -0.1260403
Moved 670.9998 270.3456 333.7697 -0.2075334 -0.1394814
Moved 671.0156 277.1852 329.6888 -0.1917008 -0.1499773
Moved 671.0302 282.3186 326.3407 -0.179818 -0.1585887
Moved 671.0471 285.7804 322.2928 -0.1718046 -0.169
Moved 671.0618 292.5101 316.7919 -0.1562265 -0.1831485
Moved 671.0762 296.0226 311.9774 -0.1480959 -0.1955314
Moved 671.0931 299.1216 306.7569 -0.1409223 -0.2089587
Moved 671.1069 303.3328 302.6672 -0.1311742 -0.2194773
Moved 671.1248 305.6658 298.3342 -0.1257736 -0.2306221
Moved 671.1418 309.651 293.132 -0.1165485 -0.2440022
Moved 671.1575 313.5 288 -0.1076389 -0.2572017
Moved 671.1692 316.333 285.0005 -0.1010811 -0.2649164
Moved 671.1854 320.1592 280.8408 -0.09222413 -0.2756152
Moved 671.1996 322.8731 278.1269 -0.0859419 -0.2825954
Moved 671.2161 323.823 277.177 -0.08374313 -0.2850387
Moved 671.2309 325.2066 274.5868 -0.08054028 -0.2917007
Moved 671.2477 327.1859 272.8141 -0.07595862 -0.2962601
Moved 671.2618 329.9532 270.0468 -0.06955285 -0.3033776
Moved 671.2772 331.0071 268.9929 -0.06711324 -0.3060882
Moved 671.2929 333.7864 266.2136 -0.06067961 -0.3132366
Moved 671.308 336.5592 261.6611 -0.05426104 -0.3249456
Moved 671.3235 338.1665 258.667 -0.05054051 -0.3326467
Moved 671.3389 341 254.5 -0.04398147 -0.3433642
Moved 671.36 344.3261 250.6738 -0.03628209 -0.3532052
Stationary 671.3701 344.3261 250.6738 -0.03628209 -0.3532052
Moved 671.3853 345.5 246.5 -0.03356482 -0.3639403
Moved 671.4003 346.7872 246.2128 -0.03058523 -0.3646792
Moved 671.4158 348.1625 243.675 -0.0274017 -0.3712062
Moved 671.4312 349.5 242.5 -0.02430553 -0.3742284
Moved 671.4469 350 241.0928 -0.02314816 -0.3778479
Moved 671.4618 350 240.5 -0.02314816 -0.3793725
Stationary 671.4777 350 240.5 -0.02314816 -0.3793725
Moved 671.4931 350 241 -0.02314816 -0.3780865
Stationary 671.5081 350 241 -0.02314816 -0.3780865
Stationary 671.5225 350 241 -0.02314816 -0.3780865
Moved 671.5387 340.3788 259.9901 -0.04541953 -0.3292437
Moved 671.5549 332.4325 281.1801 -0.06381372 -0.2747427
Moved 671.5703 326.4671 300.1314 -0.07762238 -0.2259995
Moved 671.5854 319.8594 320.3936 -0.09291797 -0.1738848
Moved 671.6008 315.7542 334.1526 -0.1024208 -0.1384964
Moved 671.6165 314 343.5 -0.1064815 -0.1144548
Moved 671.6319 312.2222 359.5558 -0.1105968 -0.0731589
Moved 671.6474 310.7245 378.8569 -0.1140636 -0.02351627
Moved 671.6614 307.6868 396.8489 -0.1210954 0.02275961
Moved 671.6776 304.9272 417.5464 -0.1274835 0.07599372
Moved 671.6962 300.7395 431.2017 -0.1371771 0.1111153
Moved 671.7094 298.3868 443.6461 -0.1426231 0.1431227
Moved 671.7242 296.8065 450.9678 -0.1462814 0.1619541
Moved 671.7408 295.8085 458.3403 -0.1485914 0.1809164
Moved 671.7542 293.3719 467.3967 -0.1542317 0.2042094
Moved 671.7703 290.9862 481.0759 -0.1597542 0.2393925
Moved 671.7863 289.6094 490.7339 -0.1629411 0.2642331
Moved 671.8016 286.223 499.8849 -0.17078 0.2877696
Moved 671.8172 284.7861 505.8556 -0.1741063 0.3031265
Moved 671.8319 283.3971 510.8087 -0.1773215 0.315866
Moved 671.8484 282.2705 514.1886 -0.1799294 0.3245591
Moved 671.8699 279.5884 521.2349 -0.186138 0.3426822
Stationary 671.8796 279.5884 521.2349 -0.186138 0.3426822
Moved 671.8948 278.2136 527.9322 -0.1893205 0.3599078
Moved 671.9089 276.8374 534.8132 -0.192506 0.3776058
Moved 671.925 276.4552 539.0895 -0.1933906 0.3886047
Moved 671.9414 276 542.7857 -0.1944444 0.3981113
Moved 671.9561 274.6925 545.615 -0.197471 0.4053883
Moved 671.9709 275 547.5732 -0.1967592 0.4104247
Moved 671.9871 274 549.7523 -0.199074 0.4160294
Moved 672.0023 274 551.1365 -0.199074 0.4195898
Moved 672.0177 272.5 551 -0.2025463 0.4192385
Moved 672.0325 273 552.5 -0.2013889 0.4230966
Moved 672.0477 271.8595 553.1405 -0.2040289 0.424744
Stationary 672.063 272 553 -0.2037037 0.4243826
Stationary 672.0776 272 553 -0.2037037 0.4243826
Stationary 672.0932 272 553 -0.2037037 0.4243826
Stationary 672.1085 272 553 -0.2037037 0.4243826
Stationary 672.1246 272 553 -0.2037037 0.4243826
Moved 672.141 272 543.5319 -0.2037037 0.4000305
Moved 672.1563 281.934 536.066 -0.1807083 0.3808281
Moved 672.1718 290.7674 527.2327 -0.1602608 0.3581086
Moved 672.1866 301.7837 518.9122 -0.1347599 0.3367084
Moved 672.2023 311.0925 511.5947 -0.1132118 0.3178876
Moved 672.2186 327.4592 502.0272 -0.07532592 0.2932798
Moved 672.233 339.8307 494.9829 -0.04668817 0.2751617
Moved 672.249 351.5 488.5 -0.01967594 0.2584876
Moved 672.2628 361.6916 479.2643 0.003915826 0.2347333
Moved 672.2788 372.725 472.2969 0.02945602 0.2168129
Moved 672.295 383.0932 465.362 0.05345642 0.1989763
Moved 672.3132 390.9014 460.6278 0.07153104 0.1867999
Moved 672.3251 398.9895 456.5052 0.09025346 0.1761965
Moved 672.3409 407 454 0.1087963 0.169753
Moved 672.3572 412.7094 449.1744 0.1220125 0.1573415
Moved 672.372 418.3079 445.0191 0.1349719 0.146654
Moved 672.3876 424.8555 441.5723 0.1501285 0.1377887
Moved 672.4028 431.5588 437.6647 0.1656455 0.1277384
Moved 672.4191 436.9652 435.0174 0.1781603 0.1209294
Moved 672.4344 440.0858 432.9571 0.1853839 0.1156303
Moved 672.4489 445.6255 430.1873 0.1982073 0.1085063
Moved 672.4639 451.1513 428.7122 0.2109984 0.1047123
Moved 672.4787 458.6503 424.6749 0.2283572 0.09432831
Moved 672.4958 464.19 421.905 0.2411806 0.08720409
Moved 672.5099 468.2857 420.5714 0.2506615 0.08377412
Moved 672.5238 472.4337 417.3775 0.2602632 0.07555938
Moved 672.5417 474.8275 415.1725 0.2658043 0.06988815
Moved 672.5559 478.7852 413.7383 0.2749658 0.06619924
Moved 672.5726 481.2674 410.7325 0.2807117 0.05846843
Moved 672.5912 484.6758 407.3242 0.2886014 0.04970217
Moved 672.6049 487.0918 404.9083 0.2941939 0.04348829
Moved 672.62 489.8713 402.1287 0.3006282 0.03633915
Moved 672.6337 490.1302 400.7396 0.3012273 0.03276644
Moved 672.6497 494.5 396.5 0.3113426 0.02186214
Moved 672.6662 498.8416 392.439 0.3213925 0.01141705
Moved 672.6808 502.326 388.674 0.3294584 0.001733293
Moved 672.7029 505.1041 386.9479 0.3358892 -0.002705962
Moved 672.7159 507.8902 385.5549 0.3423385 -0.006288913
Moved 672.728 510.4057 383.7296 0.3481614 -0.01098374
Moved 672.7425 517.8463 381.7885 0.365385 -0.01597628
Moved 672.756 521.5 380.5 0.3738426 -0.0192902
Stationary 672.7724 521.5 380.5 0.3738426 -0.0192902
Moved 672.7881 525.9738 377.6754 0.3841986 -0.02655516
Moved 672.8024 527.4108 375.5892 0.387525 -0.03192078
Ended 672.8194 529 374 0.3912036 -0.03600823
Candidates 672.8766 12 travel isabel level panel rebel peaceful label excel kenneth channel handful carvell
Began 673.3548 414 369 0.125 -0.04886839
Stationary 673.3735 414 369 0.125 -0.04886839
Moved 673.3895 414 417.7495 0.125 0.07651619
Moved 673.4037 406.0405 480.5795 0.1065752 0.2381158
Ended 673.4205 407 534 0.1087963 0.3755144
Accept 673.463 0 travel
Began 673.9385 184 357 -0.4074074 -0.07973259
Stationary 673.9504 184 357 -0.4074074 -0.07973259
Stationary 673.9606 184 357 -0.4074074 -0.07973259
Stationary 673.9745 184 357 -0.4074074 -0.07973259
Stationary 673.9897 184 357 -0.4074074 -0.07973259
Stationary 674.0056 184 357 -0.4074074 -0.07973259
Stationary 674.0214 184 357 -0.4074074 -0.07973259
Stationary 674.0419 184 357 -0.4074074 -0.07973259
Stationary 674.0523 184 357 -0.4074074 -0.07973259
Stationary 674.0676 184 357 -0.4074074 -0.07973259
Stationary 674.0831 184 357 -0.4074074 -0.07973259
Stationary 674.097 184 357 -0.4074074 -0.07973259
Stationary 674.1124 184 357 -0.4074074 -0.07973259
Stationary 674.1292 184 357 -0.4074074 -0.07973259
Moved 674.1433 175 357 -0.4282407 -0.07973259
Moved 674.159 173.5295 357 -0.4316448 -0.07973259
Moved 674.1753 172.5 357 -0.4340278 -0.07973259
Stationary 674.1929 172.5 357 -0.4340278 -0.07973259
Moved 674.2057 170.7576 357 -0.438061 -0.07973259
Stationary 674.221 170.7576 357 -0.438061 -0.07973259
Moved 674.2368 169.6429 357 -0.4406415 -0.07973259
Moved 674.253 168.8129 357 -0.4425628 -0.07973259
Stationary 674.2698 168.8129 357 -0.4425628 -0.07973259
Stationary 674.2849 168.8129 357 -0.4425628 -0.07973259
Moved 674.2972 167.9556 357 -0.4445471 -0.07973259
Stationary 674.3132 167.9556 357 -0.4445471 -0.07973259
Moved 674.3297 168 370.3583 -0.4444444 -0.04537465
Moved 674.346 181.3375 383.0038 -0.4135705 -0.01285051
Moved 674.3596 188.3005 394.0172 -0.3974525 0.01547633
Moved 674.3793 194.4075 402.6113 -0.383316 0.03758038
Moved 674.3926 199.9252 409.4065 -0.3705435 0.05505782
Moved 674.4058 205.8471 416.4882 -0.3568355 0.07327212
Moved 674.4222 215.1949 427.9937 -0.3351969 0.1028643
Moved 674.4382 224.9296 439.2052 -0.312663 0.1317006
Moved 674.4533 238.2419 450.5867 -0.2818475 0.1609739
Moved 674.4668 249.3335 459.2501 -0.2561725 0.1832564
Moved 674.4834 258.949 466.1064 -0.2339143 0.200891
Moved 674.4985 269.0084 473.5774 -0.2106287 0.2201064
Moved 674.5152 278.4995 481.4281 -0.1886586 0.2402986
Moved 674.5302 285.8774 486.6267 -0.1715801 0.2536694
Moved 674.5464 297 498 -0.1458333 0.2829217
Moved 674.5604 304.5274 505.5274 -0.1284087 0.3022824
Moved 674.5767 311.5229 512.5229 -0.1122155 0.3202748
Moved 674.5903 317.7302 518.4128 -0.09784678 0.3354237
Moved 674.6068 324.2886 525.2886 -0.08266533 0.3531084
Moved 674.6216 329.7349 530.7349 -0.07005806 0.3671165
Moved 674.637 332.5 535 -0.06365741 0.3780863
Moved 674.6516 337.457 540.3212 -0.05218292 0.3917726
Moved 674.6675 341.7208 544.7208 -0.04231298 0.4030883
Moved 674.6821 344.2304 547.2304 -0.03650362 0.4095431
Moved 674.7042 346.9793 549.9793 -0.03014058 0.4166134
Moved 674.7156 349.7313 552.7313 -0.02377023 0.4236914
Moved 674.7294 350.7369 553.7369 -0.02144232 0.4262779
Moved 674.7458 353.2304 555.1152 -0.01567036 0.4298229
Moved 674.7599 354.0966 556.0966 -0.01366536 0.4323471
Moved 674.7756 355.5 557.5 -0.01041666 0.4359567
Moved 674.7903 356.5 558.5 -0.008101861 0.4385287
Moved 674.8054 357.1338 559.1338 -0.006634841 0.4401588
Stationary 674.8206 357.1338 559.1338 -0.006634841 0.4401588
Ended 674.8372 357 559 -0.006944438 0.4398148
Candidates 674.9915 12 at are art sat say att ar assay asset date day set
Began 675.374 390 391 0.06944448 0.007715971
Stationary 675.3931 390 391 0.06944448 0.007715971
Moved 675.4069 390 442.8912 0.06944448 0.1411809
Moved 675.423 390 515.2311 0.06944448 0.3272404
Ended 675.4391 412 580 0.1203704 0.4938271
Accept 675.5001 0 at
Began 676.0218 360 523 0 0.3472221
Stationary 676.0426 360 523 0 0.3472221
Stationary 676.0613 360 523 0 0.3472221
Stationary 676.0728 360 523 0 0.3472221
Stationary 676.0865 360 523 0 0.3472221
Stationary 676.1031 360 523 0 0.3472221
Stationary 676.1172 360 523 0 0.3472221
Stationary 676.1313 360 523 0 0.3472221
Stationary 676.1469 360 523 0 0.3472221
Stationary 676.1622 360 523 0 0.3472221
Stationary 676.1777 360 523 0 0.3472221
Stationary 676.1946 360 523 0 0.3472221
Stationary 676.2101 360 523 0 0.3472221
Stationary 676.2255 360 523 0 0.3472221
Stationary 676.2407 360 523 0 0.3472221
Stationary 676.2549 360 523 0 0.3472221
Stationary 676.2709 360 523 0 0.3472221
Stationary 676.2878 360 523 0 0.3472221
Stationary 676.3027 360 523 0 0.3472221
Stationary 676.3175 360 523 0 0.3472221
Stationary 676.3325 360 523 0 0.3472221
Stationary 676.355 360 523 0 0.3472221
Stationary 676.3657 360 523 0 0.3472221
Stationary 676.3788 360 523 0 0.3472221
Stationary 676.3948 360 523 0 0.3472221
Stationary 676.4101 360 523 0 0.3472221
Stationary 676.4257 360 523 0 0.3472221
Stationary 676.4416 360 523 0 0.3472221
Stationary 676.4579 360 523 0 0.3472221
Moved 676.4717 360 508.6893 0 0.3104147
Moved 676.488 360 500.3758 0 0.2890323
Moved 676.5035 374.4921 484.1905 0.03354649 0.2474034
Moved 676.5195 382.2014 471.698 0.05139202 0.2152725
Moved 676.5335 390.5125 458.1458 0.0706308 0.1804161
Moved 676.5491 396.3448 447.7793 0.08413155 0.1537533
Moved 676.5658 403.2745 436.1608 0.1001725 0.1238704
Moved 676.5809 408.9554 426.328 0.1133227 0.09858021
Moved 676.5969 412.5 419 0.1215278 0.07973251
Moved 676.611 414.2945 412.7639 0.1256817 0.063693
Moved 676.6314 417.9698 405.0603 0.1341894 0.04387934
Moved 676.643 419.295 399.8201 0.1372569 0.03040133
Moved 676.6573 421.6991 393.2036 0.1428221 0.01338354
Moved 676.6728 423.0827 387.6693 0.1460247 -0.0008506147
Moved 676.6885 424.4703 382.1188 0.1492368 -0.01512677
Moved 676.7039 425.8572 378.4282 0.1524473 -0.02461885
Moved 676.7187 426.9402 374.2393 0.1549541 -0.03539278
Moved 676.7341 428.2975 371.4051 0.158096 -0.04268238
Moved 676.7502 428.6708 366.9877 0.1589601 -0.05404405
Moved 676.7657 429 364.9532 0.1597223 -0.05927686
Moved 676.7809 429 363.581 0.1597223 -0.06280608
Moved 676.7957 429 362.2124 0.1597223 -0.0663262
Moved 676.8112 429 361.5 0.1597223 -0.06815843
Stationary 676.8271 429 361.5 0.1597223 -0.06815843
Moved 676.8446 429 360.8151 0.1597223 -0.06992018
Stationary 676.8588 429 360.8151 0.1597223 -0.06992018
Moved 676.8729 414.3611 371.1346 0.1258357 -0.04337797
Moved 676.8887 397.1988 388.8012 0.08610835 0.002060643
Moved 676.9098 363.5 420 0.008101861 0.08230445
Stationary 676.9212 363.5 420 0.008101861 0.08230445
Moved 676.9338 349.1848 434.7165 -0.02503529 0.1201555
Moved 676.95 341.0269 443.9692 -0.04391908 0.1439536
Moved 676.9659 324.457 459.1644 -0.08227537 0.183036
Moved 676.9813 309.3792 474.6208 -0.1171778 0.22279
Moved 676.9968 294.5979 491.6825 -0.1513937 0.266673
Moved 677.0128 275 511 -0.1967592 0.3163579
Moved 677.0275 263.1034 520.9969 -0.2242977 0.3420701
Moved 677.0437 251.7669 530.9539 -0.2505395 0.3676797
Moved 677.0574 242 541 -0.2731481 0.3935184
Moved 677.0739 235.3905 546.8412 -0.2884478 0.4085421
Moved 677.0913 230.5561 550.296 -0.2996387 0.4174277
Moved 677.106 225.9473 554.0527 -0.3103072 0.4270903
Moved 677.1197 222.278 555.9073 -0.3188008 0.4318602
Moved 677.1338 218.1274 558.5817 -0.3284088 0.4387389
Ended 677.1534 218.1274 558.5817 -0.3284088 0.4387389
Candidates 677.2717 12 the there threw he where tiger higher she hee tyler jew other
Began 677.5787 410 412 0.1157407 0.06172835
Moved 677.5994 410 428.5 0.1157407 0.1041665
Moved 677.6138 410 511.6121 0.1157407 0.3179323
Ended 677.6295 432.1514 612.2975 0.1670171 0.5768967
Accept 677.6566 0 the
Began 678.1506 251 458 -0.2523148 0.180041
Stationary 678.169 251 458 -0.2523148 0.180041
Stationary 678.1833 251 458 -0.2523148 0.180041
Stationary 678.1981 251 458 -0.2523148 0.180041
Stationary 678.2139 251 458 -0.2523148 0.180041
Moved 678.2291 240.5546 458 -0.2764941 0.180041
Moved 678.2476 237.4434 458 -0.2836958 0.180041
Moved 678.2606 235.145 451.5075 -0.2890162 0.1633422
Moved 678.2764 234.0242 450.0242 -0.2916107 0.1595272
Moved 678.3011 229.274 448.274 -0.3026064 0.1550257
Moved 678.3149 227.8926 446.8926 -0.3058041 0.1514727
Stationary 678.326 227.8926 446.8926 -0.3058041 0.1514727
Moved 678.3375 226.5132 447 -0.3089972 0.1517489
Moved 678.3521 225.1207 445.1207 -0.3122205 0.1469154
Moved 678.3679 224.5 444.5 -0.3136574 0.1453189
Moved 678.3834 223.6801 445 -0.3155554 0.1466049
Moved 678.4017 222.5 443.5 -0.318287 0.1427468
Moved 678.4141 221.9546 442.9547 -0.3195494 0.1413441
Moved 678.4296 220.5175 443 -0.3228763 0.1414608
Moved 678.4453 220.1366 442 -0.3237579 0.1388888
Stationary 678.4611 220 442 -0.3240741 0.1388888
Moved 678.4761 219.3667 441 -0.3255401 0.1363167
Moved 678.491 219 439.9831 -0.3263889 0.1337013
Stationary 678.507 219 439.9831 -0.3263889 0.1337013
Moved 678.5214 217.8101 438.8101 -0.3291433 0.1306844
Stationary 678.5419 217.8101 438.8101 -0.3291433 0.1306844
Moved 678.5535 218 436.7946 -0.3287037 0.1255003
Moved 678.569 218 434.8297 -0.3287037 0.1204465
Moved 678.5846 218 430.1506 -0.3287037 0.1084119
Moved 678.5993 218 423.2902 -0.3287037 0.09076695
Moved 678.6146 218 416 -0.3287037 0.07201634
Moved 678.6305 226.6294 410.7411 -0.3087282 0.05849057
Moved 678.6455 228.201 406.397 -0.3050903 0.04731735
Moved 678.6613 228.5742 405 -0.3042263 0.04372424
Moved 678.6765 229 404.0486 -0.3032407 0.04127714
Moved 678.694 229 403.5 -0.3032407 0.03986618
Moved 678.7081 229.7059 404 -0.3016067 0.04115226
Moved 678.7237 232.1828 404 -0.2958731 0.04115226
Moved 678.7388 239.7998 411.7997 -0.2782413 0.06121325
Moved 678.7534 254 421.5 -0.2453704 0.08616251
Moved 678.7731 275.6711 438.9558 -0.1952059 0.1310591
Moved 678.7864 293.7921 452.917 -0.153259 0.1669675
Moved 678.8006 306.095 460.0634 -0.1247801 0.185348
Moved 678.8152 320.6685 467.3039 -0.0910451 0.2039708
Moved 678.8298 332.9989 472.7773 -0.06250247 0.2180485
Moved 678.8471 350 480 -0.02314816 0.2366254
Moved 678.8611 372.7318 487.8115 0.02947162 0.2567168
Moved 678.8766 396.4084 498.6039 0.08427878 0.2844751
Moved 678.8945 418.4847 507.4937 0.1353812 0.3073397
Moved 678.9076 443.3488 516.3201 0.1929371 0.3300412
Moved 678.9232 463.0452 522.1558 0.2385307 0.3450507
Moved 678.9388 477.7906 528.7162 0.2726634 0.3619244
Moved 678.9537 491.5771 534.2308 0.3045766 0.376108
Moved 678.9692 501.9162 537.2748 0.3285097 0.3839373
Moved 678.985 516 541.5 0.3611111 0.3948044
Moved 679.0045 525.1812 544.649 0.3823638 0.4029038
Moved 679.0164 534.962 546.2803 0.4050046 0.4070995
Moved 679.03 545.5803 549.3087 0.429584 0.4148884
Moved 679.0461 553.1942 552.0777 0.4472088 0.4220105
Moved 679.0608 560.1511 553.4302 0.4633128 0.4254892
Moved 679.0776 565.5 556 0.4756944 0.4320986
Moved 679.0923 570.3789 556 0.4869882 0.4320986
Moved 679.108 576.0722 556 0.5001671 0.4320986
Moved 679.1243 580.6027 556 0.5106545 0.4320986
Moved 679.1389 584.0649 556 0.5186689 0.4320986
Moved 679.154 588.2751 556 0.5284147 0.4320986
Moved 679.1697 590.597 556 0.5337895 0.4320986
Moved 679.1854 592.1874 556 0.5374708 0.4320986
Moved 679.2002 593.2039 556 0.5398238 0.4320986
Moved 679.22 594.6507 556 0.5431729 0.4320986
Moved 679.2313 595.5 556 0.545139 0.4320986
Moved 679.2477 595 556 0.5439815 0.4320986
Stationary 679.2623 595 556 0.5439815 0.4320986
Stationary 679.2774 595 556 0.5439815 0.4320986
Moved 679.2939 595 545.5 0.5439815 0.4050925
Moved 679.3083 587.397 545.2353 0.526382 0.4044116
Moved 679.3235 574.3046 541.0914 0.4960754 0.3937535
Moved 679.3405 560.5347 536.9604 0.4642008 0.3831284
Moved 679.3549 547.8033 537 0.4347299 0.3832304
Moved 679.3699 532.9526 537 0.4003534 0.3832304
Moved 679.3854 523.7223 537 0.3789868 0.3832304
Moved 679.4009 501.123 537 0.3266737 0.3832304
Moved 679.4165 484.5948 537 0.2884139 0.3832304
Moved 679.4392 460.8819 541.7585 0.2335229 0.3954694
Stationary 679.4503 460.8819 541.7585 0.2335229 0.3954694
Moved 679.4629 447.3708 546.1259 0.2022473 0.4067023
Moved 679.478 435.1148 547.4317 0.1738769 0.4100609
Moved 679.4942 421.9878 548.8012 0.1434902 0.4135832
Moved 679.5091 409.3178 549 0.1141617 0.4140946
Moved 679.5244 399.0014 549 0.09028106 0.4140946
Moved 679.5389 390.05 549 0.06956031 0.4140946
Moved 679.5554 379.1019 549 0.04421741 0.4140946
Moved 679.5711 372.1902 549 0.02821803 0.4140946
Moved 679.5864 364.3336 549 0.01003136 0.4140946
Moved 679.6008 357.4859 549 -0.005819599 0.4140946
Moved 679.6165 350.618 550.4764 -0.0217175 0.4178918
Moved 679.6319 342.0329 553.5574 -0.04159058 0.4258161
Moved 679.6519 333.6258 556.4581 -0.0610514 0.4332768
Moved 679.6637 326.6194 558.3945 -0.07726982 0.4382573
Moved 679.678 319.8143 560.6371 -0.09302254 0.4440255
Moved 679.6934 313.9471 562.0132 -0.106604 0.4475648
Moved 679.7098 306.736 563.4528 -0.1232962 0.4512675
Moved 679.7254 298.1983 564 -0.1430595 0.4526748
Moved 679.7399 290.9591 564 -0.1598168 0.4526748
Moved 679.7555 284.0741 564 -0.1757544 0.4526748
Moved 679.7708 278.2745 564 -0.1891794 0.4526748
Moved 679.787 269.6527 564 -0.2091373 0.4526748
Moved 679.8016 261.4233 564 -0.2281868 0.4526748
Moved 679.8163 252.9317 552.559 -0.2478433 0.4232484
Moved 679.8328 246.0114 549.6046 -0.2638624 0.4156495
Moved 679.8519 242.2609 546.8406 -0.2725442 0.4085405
Moved 679.8632 238.1056 545.0352 -0.282163 0.403897
Moved 679.8782 235.2958 543.6479 -0.2886671 0.4003288
Moved 679.8948 233.3782 541.3782 -0.2931061 0.3944911
Moved 679.9099 231.435 541.2175 -0.2976042 0.3940777
Moved 679.925 229.8415 539.8415 -0.3012929 0.3905387
Moved 679.9406 228.457 538.457 -0.3044976 0.3869779
Moved 679.956 227.076 537.076 -0.3076945 0.3834258
Moved 679.972 225.6926 535.6926 -0.3108967 0.3798678
Moved 679.9865 224.3091 535.3091 -0.3140993 0.3788812
Moved 680.002 223.2093 534.2094 -0.3166451 0.3760528
Moved 680.0173 221.9009 532.9009 -0.3196738 0.3726873
Moved 680.0331 222 530.0508 -0.3194444 0.365357
Moved 680.0526 221.1466 527.2933 -0.3214198 0.3582645
Moved 680.0645 221 522.0693 -0.3217593 0.3448283
Moved 680.079 221 516.3111 -0.3217593 0.3300182
Moved 680.0946 221 510.009 -0.3217593 0.3138092
Moved 680.1103 221 503.0936 -0.3217593 0.2960224
Moved 680.1259 230.3746 496.9647 -0.3000589 0.2802588
Moved 680.1425 236.9701 481.8881 -0.2847914 0.2414817
Moved 680.1567 242.8458 470.3085 -0.2711903 0.2116987
Moved 680.1716 247.7883 460.4233 -0.2597492 0.1862738
Moved 680.1887 251.9277 450.1927 -0.2501672 0.1599605
Moved 680.2029 256.0448 439.2139 -0.240637 0.1317228
Moved 680.2175 260.1841 424.7198 -0.2310554 0.09444397
Moved 680.2327 262.6537 415.385 -0.2253385 0.07043465
Moved 680.2493 265.2897 404.8411 -0.2192367 0.04331546
Moved 680.2701 269.0446 395.866 -0.2105448 0.02023147
Moved 680.2814 271.7993 388.5016 -0.2041683 0.001290247
Moved 680.2963 273.2757 381.6216 -0.2007508 -0.01640547
Moved 680.3112 276.2941 372.7647 -0.1937636 -0.03918549
Moved 680.3266 279.0898 364.7306 -0.1872921 -0.05984938
Moved 680.3416 281.8557 359.2886 -0.1808896 -0.07384618
Moved 680.3566 284.0504 355.4243 -0.1758092 -0.08378527
Moved 680.3717 285.9076 351.2773 -0.1715103 -0.09445151
Moved 680.3876 287.2945 347.1166 -0.1682999 -0.1051528
Ended 680.4036 288 345 -0.1666667 -0.1105968
Candidates 680.5913 12 stopped supported suppress dropped supporters stored adopted speed stores supports stripped reported
Began 683.1432 441 466 0.1875 0.2006171
Stationary 683.1636 441 466 0.1875 0.2006171
Stationary 683.1772 441 466 0.1875 0.2006171
Stationary 683.1935 441 466 0.1875 0.2006171
Stationary 683.2088 441 466 0.1875 0.2006171
Ended 683.2246 441 466 0.1875 0.2006171
NextCandidatePanel 683.2823
Began 684.0559 427 466 0.1550926 0.2006171
Stationary 684.071 427 466 0.1550926 0.2006171
Stationary 684.0853 427 466 0.1550926 0.2006171
Stationary 684.1008 427 466 0.1550926 0.2006171
Stationary 684.1176 427 466 0.1550926 0.2006171
Stationary 684.137 427 466 0.1550926 0.2006171
Stationary 684.1475 427 466 0.1550926 0.2006171
Stationary 684.1625 427 466 0.1550926 0.2006171
Stationary 684.1785 427 466 0.1550926 0.2006171
Stationary 684.1953 427 466 0.1550926 0.2006171
Stationary 684.2098 427 466 0.1550926 0.2006171
Stationary 684.2258 427 466 0.1550926 0.2006171
Ended 684.2415 427 466 0.1550926 0.2006171
NextCandidatePanel 684.2846
Began 684.937 424 469 0.1481481 0.2083333
Stationary 684.9608 424 469 0.1481481 0.2083333
Stationary 684.9702 424 469 0.1481481 0.2083333
Stationary 684.9846 424 469 0.1481481 0.2083333
Stationary 684.9945 424 469 0.1481481 0.2083333
Ended 685.0107 424 469 0.1481481 0.2083333
NextCandidatePanel 685.0725
Began 685.334 423 482 0.1458333 0.2417695
Stationary 685.3507 423 482 0.1458333 0.2417695
Stationary 685.3665 423 482 0.1458333 0.2417695
Stationary 685.3817 423 482 0.1458333 0.2417695
Stationary 685.3998 423 482 0.1458333 0.2417695
Stationary 685.4146 423 482 0.1458333 0.2417695
Ended 685.4278 423 482 0.1458333 0.2417695
NextCandidatePanel 685.4892
Began 685.7938 443 511 0.1921296 0.3163579
Moved 685.8146 443 497.3463 0.1921296 0.2812404
Moved 685.829 443 432.0977 0.1921296 0.1134199
Moved 685.847 443 356.5938 0.1921296 -0.08077747
Moved 685.8597 452.1125 265.4791 0.2132233 -0.3151258
Moved 685.8752 463.4093 195.0244 0.2393734 -0.4963364
Moved 685.891 479.0061 137.9812 0.2754771 -0.6430525
Moved 685.9066 484.36 116.5601 0.2878703 -0.698148
Moved 685.9218 488.332 106.0042 0.2970648 -0.725298
Ended 685.9373 491 103 0.3032407 -0.7330247
Accept 685.9643 7 speed
Began 686.843 547 523 0.4328704 0.3472221
Stationary 686.8633 547 523 0.4328704 0.3472221
Stationary 686.8766 547 523 0.4328704 0.3472221
Stationary 686.8931 547 523 0.4328704 0.3472221
Stationary 686.9073 547 523 0.4328704 0.3472221
Stationary 686.9227 547 523 0.4328704 0.3472221
Stationary 686.9378 547 523 0.4328704 0.3472221
Stationary 686.9538 547 523 0.4328704 0.3472221
Stationary 686.9684 547 523 0.4328704 0.3472221
Moved 686.9863 547 533.4848 0.4328704 0.3741892
Moved 687.0012 547 532.6725 0.4328704 0.3721001
Moved 687.0198 547 534.0613 0.4328704 0.3756719
Stationary 687.0306 547 534 0.4328704 0.3755144
Moved 687.0486 547 534.8237 0.4328704 0.3776329
Stationary 687.0623 547 535 0.4328704 0.3780863
Moved 687.0778 547 536.2297 0.4328704 0.3812491
Moved 687.0937 547 536.6699 0.4328704 0.3823814
Moved 687.1087 547 537.5 0.4328704 0.3845164
Moved 687.1236 547 537 0.4328704 0.3832304
Moved 687.1408 547 538.5 0.4328704 0.3870883
Moved 687.1556 538.1862 539.1017 0.4124679 0.3886361
Moved 687.1706 536.8351 539 0.4093404 0.3883744
Moved 687.1914 530.9409 540 0.3956966 0.3909464
Stationary 687.2028 530.9409 540 0.3956966 0.3909464
Moved 687.2164 529.6044 541.3956 0.3926027 0.394536
Moved 687.2318 526.2236 541 0.3847768 0.3935184
Moved 687.2475 523.6876 541 0.3789065 0.3935184
Moved 687.2634 520.9305 541 0.3725244 0.3935184
Moved 687.279 518.1784 541 0.3661537 0.3935184
Moved 687.2942 515.4128 541 0.3597518 0.3935184
Stationary 687.3094 514.7682 541 0.3582599 0.3935184
Moved 687.3253 511.3055 541 0.3502443 0.3935184
Moved 687.3401 507.786 541 0.3420973 0.3935184
Moved 687.3614 501.5067 541 0.3275618 0.3935184
Moved 687.376 496.1567 531.3134 0.3151775 0.3686043
Stationary 687.3863 496.1567 531.3134 0.3151775 0.3686043
Moved 687.3997 491.0718 529.2431 0.3034069 0.3632795
Moved 687.4161 486.0361 525.7771 0.2917502 0.3543649
Moved 687.4316 477.7495 519.821 0.2725682 0.3390458
Moved 687.4476 469.3635 512.8029 0.2531563 0.3209951
Moved 687.4624 456.0685 504.3163 0.2223808 0.2991673
Moved 687.4773 442.05 495.83 0.1899305 0.2773403
Moved 687.4923 421.7908 487.6727 0.1430344 0.2563596
Moved 687.5092 403.9012 478.0864 0.1016232 0.2317037
Moved 687.5284 387.2546 467.1697 0.06308933 0.2036258
Moved 687.5406 374.3688 459.3808 0.03326118 0.1835925
Moved 687.5536 359.0701 451.3645 -0.002152473 0.1629745
Moved 687.5688 348.6899 444.7785 -0.02618069 0.1460352
Moved 687.5851 338.9772 439.2727 -0.04866386 0.1318741
Moved 687.6018 332.1013 433.9177 -0.06458034 0.1181011
Moved 687.617 325.0301 430.6121 -0.08094877 0.1095989
Moved 687.6319 319.2936 425.8624 -0.09422774 0.0973827
Moved 687.6478 315.0579 422.0579 -0.1040327 0.08759737
Moved 687.6632 309.8451 417.8838 -0.1160994 0.07686156
Moved 687.6786 304.3414 412.3414 -0.1288393 0.06260648
Moved 687.6974 300.6197 408.6197 -0.1374544 0.05303414
Moved 687.7087 296.5013 404.5013 -0.1469876 0.04244168
Moved 687.7249 292.5 400.5 -0.15625 0.03215016
Moved 687.7413 290.1517 399.0759 -0.1616859 0.02848719
Moved 687.7552 288.6962 396.3925 -0.165055 0.02158546
Moved 687.7711 286.4485 395.7242 -0.170258 0.01986684
Moved 687.7867 284.2564 393.2563 -0.1753325 0.01351929
Moved 687.8019 281.7714 390.7714 -0.1810847 0.007128067
Moved 687.817 280.5 389.5 -0.1840278 0.003857946
Ended 687.8323 279 387 -0.1875 -0.002572055
Candidates 687.9857 12 of odd opioid off ps pd oops pigs if odds kid kids
Began 688.307 411 301 0.1180555 -0.2237656
Moved 688.3274 406.5656 318.7374 0.1077908 -0.1781445
Moved 688.3431 399.1184 370.0053 0.09055186 -0.04628271
Moved 688.3573 393.614 451.7894 0.07781029 0.1640674
Moved 688.3721 415.4825 566.4299 0.1284318 0.4589245
Ended 688.388 441.5 647 0.1886574 0.6661521
Accept 688.4468 0 of
Began 688.9234 576 339 0.5000001 -0.1260288
Stationary 688.9467 576 339 0.5000001 -0.1260288
Stationary 688.9601 576 339 0.5000001 -0.1260288
Stationary 688.9781 576 339 0.5000001 -0.1260288
Stationary 688.9886 576 339 0.5000001 -0.1260288
Stationary 689.0051 576 339 0.5000001 -0.1260288
Stationary 689.0216 576 339 0.5000001 -0.1260288
Moved 689.0359 576 328.8083 0.5000001 -0.152242
Moved 689.0529 576 328.7531 0.5000001 -0.152384
Stationary 689.0677 576 329 0.5000001 -0.151749
Moved 689.0819 576 327.9936 0.5000001 -0.1543375
Stationary 689.0983 576 328 0.5000001 -0.1543211
Stationary 689.1135 576 328 0.5000001 -0.1543211
Stationary 689.1333 576 328 0.5000001 -0.1543211
Stationary 689.1435 576 328 0.5000001 -0.1543211
Moved 689.1583 571.3237 328 0.4891751 -0.1543211
Moved 689.1742 565.7895 328 0.4763646 -0.1543211
Moved 689.1913 564.2967 328 0.472909 -0.1543211
Moved 689.2057 562.9189 328 0.4697198 -0.1543211
Moved 689.2214 559.7556 328 0.4623972 -0.1543211
Moved 689.2363 558.5112 328 0.4595167 -0.1543211
Moved 689.252 557.8076 328 0.4578879 -0.1543211
Moved 689.2676 555 338.5 0.4513889 -0.127315
Moved 689.2863 551.12 338.5867 0.4424074 -0.127092
Moved 689.2986 545.3041 344.6959 0.4289446 -0.1113788
Moved 689.3136 540.8416 350.2112 0.4186147 -0.0971933
Moved 689.3281 535.2694 357.1633 0.4057162 -0.07931265
Moved 689.3449 533.6232 358.3768 0.4019056 -0.07619143
Moved 689.3593 526.2311 368.9612 0.3847942 -0.04896823
Moved 689.374 521 375.5 0.3726852 -0.03215028
Moved 689.391 513.3442 387.9756 0.3549633 -6.283262E-05
Moved 689.4063 507.8328 397.2508 0.3422056 0.02379311
Moved 689.4217 503.7466 404.0891 0.3327466 0.04138142
Moved 689.444 498.5301 411.9598 0.3206716 0.06162501
Moved 689.4556 496.4643 417.0714 0.3158896 0.07477187
Moved 689.468 489.7559 430.0493 0.3003608 0.1081513
Moved 689.4825 486.9965 436.2579 0.2939733 0.1241201
Moved 689.4979 482 446 0.2824074 0.1491768
Moved 689.5143 477.1693 456.6614 0.2712252 0.1765983
Moved 689.5293 474.6938 464.2654 0.265495 0.1961559
Moved 689.5445 471.9379 470.1241 0.2591156 0.2112245
Moved 689.5602 469.163 479.9294 0.2526922 0.2364438
Moved 689.5759 467.7817 486.9822 0.2494948 0.2545837
Moved 689.5976 464.6375 501.0876 0.2422163 0.2908632
Moved 689.6092 465 506 0.2430555 0.3034978
Moved 689.6222 463.4073 509.7782 0.2393687 0.3132155
Moved 689.6376 462.7155 511.8535 0.2377673 0.3185532
Moved 689.6518 461.6466 518.0602 0.2352931 0.334517
Moved 689.6679 462 519.0867 0.2361111 0.337157
Moved 689.6832 461 523.232 0.2337964 0.3478189
Moved 689.6985 459.5045 524.4955 0.2303345 0.3510685
Moved 689.7133 460 525.1886 0.2314815 0.3528512
Moved 689.7292 460 526.5 0.2314815 0.3562242
Moved 689.7504 459 528.0187 0.2291666 0.3601304
Stationary 689.7633 459 528.0187 0.2291666 0.3601304
Moved 689.7756 457.9089 529 0.2266411 0.3626543
Moved 689.7913 456.5291 529 0.223447 0.3626543
Moved 689.8066 453.5081 529 0.2164541 0.3626543
Moved 689.8221 447.3188 529 0.2021267 0.3626543
Moved 689.8382 442 518.5 0.1898148 0.335648
Moved 689.8533 437.4318 515.4318 0.1792403 0.3277567
Moved 689.8688 431.8975 509.8975 0.1664294 0.3135222
Moved 689.884 426.3633 501.5449 0.1536188 0.2920393
Moved 689.9054 415.6383 487.6936 0.1287923 0.2564135
Moved 689.916 408.7067 479.3834 0.1127471 0.2350396
Stationary 689.9288 408.7067 479.3834 0.1127471 0.2350396
Moved 689.9448 397.8716 463.1945 0.08766572 0.1934014
Moved 689.9607 389.98 450.965 0.06939819 0.161947
Moved 689.9772 383.0879 438.5582 0.05344421 0.1300365
Moved 689.9913 379.6768 433.483 0.04554828 0.1169829
Moved 690.0076 371.425 418.9938 0.02644678 0.07971638
Moved 690.024 365.9246 413.9246 0.01371443 0.06667851
Moved 690.0388 363.142 411.142 0.007273257 0.05952168
Moved 690.0587 354.8736 401.592 -0.01186669 0.03495876
Moved 690.0701 351.5 398.5 -0.01967594 0.02700609
Moved 690.0844 348.9188 396.9391 -0.02565101 0.02299144
Moved 690.1006 344.8128 391.8129 -0.03515546 0.009806637
Moved 690.1155 342.0847 387.6271 -0.04147048 -0.000959051
Moved 690.1311 340.6886 386.6887 -0.04470224 -0.003372867
Moved 690.1468 337.781 381.5621 -0.0514328 -0.01655853
Moved 690.1619 336.405 378.8101 -0.05461797 -0.02363676
Moved 690.1777 335.717 377.4341 -0.05621056 -0.02717579
Moved 690.1984 334.3221 372.6442 -0.05943964 -0.03949554
Moved 690.2098 333.6397 371.2794 -0.06101926 -0.04300576
Moved 690.2243 334 369.8857 -0.06018519 -0.04659017
Moved 690.2386 332.8707 366.7413 -0.06279941 -0.05467772
Moved 690.2536 333 365.5 -0.06249999 -0.05787045
Moved 690.2697 333 363.5855 -0.06249999 -0.06279454
Moved 690.2852 333 362.7258 -0.06249999 -0.06500582
Moved 690.3007 351 361.5 -0.02083332 -0.06815843
Moved 690.3161 351.136 360.9774 -0.0205185 -0.06950268
Moved 690.3363 367.6986 361 0.01782089 -0.06944452
Moved 690.3486 374.4154 361 0.03336906 -0.06944452
Moved 690.3619 377.8743 361 0.04137576 -0.06944452
Moved 690.3781 385.99 361 0.06016205 -0.06944452
Moved 690.3927 389.9015 361 0.06921639 -0.06944452
Moved 690.4088 394.0522 361 0.07882445 -0.06944452
Moved 690.4233 397.1371 369.3656 0.08596559 -0.04792798
Moved 690.4395 399.8815 371.8815 0.09231836 -0.04145705
Moved 690.4545 401.2614 373.2615 0.09551257 -0.03790773
Moved 690.4758 404.2015 384.0074 0.1023182 -0.01026895
Moved 690.488 405 390.3271 0.1041667 0.005985425
Moved 690.5007 405 393.0942 0.1041667 0.01310246
Moved 690.5173 405 405.1152 0.1041667 0.04402043
Moved 690.5313 405 410.2839 0.1041667 0.05731445
Moved 690.5475 396.2261 424.2576 0.08385669 0.09325501
Moved 690.5639 385.9241 448.1517 0.06000957 0.1547112
Moved 690.5779 378.0528 462.7155 0.04178891 0.1921695
Moved 690.5939 374.6128 468.2196 0.03382583 0.2063261
Moved 690.6129 363.2874 484.3976 0.007609824 0.2479361
Moved 690.6248 359.8521 489.207 -0.0003422796 0.2603059
Moved 690.6404 348.4025 502.5975 -0.02684608 0.2947465
Moved 690.6548 343.396 509.8456 -0.03843521 0.3133889
Moved 690.6708 331.2362 528.9145 -0.06658281 0.3624343
Moved 690.685 326.4202 536.4825 -0.07773101 0.3818994
Moved 690.7015 306.247 566.9765 -0.1244282 0.4603304
Moved 690.7167 297.9346 581.0981 -0.14367 0.4966515
Ended 690.7323 293.8175 587.2737 -0.1532001 0.5125351
Candidates 690.8538 12 light lighter lift might mighty life mother middle night ought like higher
Began 691.223 405 363 0.1041667 -0.06430049
Stationary 691.2413 405 363 0.1041667 -0.06430049
Moved 691.2552 405 373.6895 0.1041667 -0.03680688
Moved 691.2708 393.4114 436.4287 0.0773413 0.1245594
Moved 691.2863 393 521.6083 0.07638891 0.3436426
Ended 691.3022 437.9229 656.1261 0.1803771 0.6896246
Accept 691.3625 0 light
PhraseEnd 692.3782
