world population is growing
world population is growing
FixStart
0.6 0.6
432 388.8
Began 413.553 493 436 0.3078704 0.1234567
Stationary 413.5677 493 436 0.3078704 0.1234567
Stationary 413.5829 493 436 0.3078704 0.1234567
Stationary 413.5986 493 436 0.3078704 0.1234567
Stationary 413.613 493 436 0.3078704 0.1234567
Moved 413.6288 484.5061 436 0.2882085 0.1234567
Moved 413.6454 473.1331 444.6335 0.2618822 0.1456624
Moved 413.6593 454.3243 453.9575 0.2183432 0.1696438
Moved 413.6753 438.3642 461.5582 0.1813987 0.1891927
Moved 413.6915 412.5471 472.6227 0.1216368 0.2176508
Moved 413.7073 393.7751 480.6678 0.07818311 0.238343
Moved 413.7219 374.1854 488.0894 0.0328366 0.2574315
Moved 413.7375 353.9935 496.2026 -0.01390402 0.2782989
Moved 413.7564 341.1098 500.7671 -0.04372731 0.2900388
Moved 413.7691 327.3754 504.8874 -0.07551983 0.3006362
Moved 413.7844 313.5803 510.3679 -0.107453 0.3147321
Moved 413.7988 309.3766 511.5411 -0.1171837 0.3177498
Moved 413.8139 298.5381 515.231 -0.1422729 0.32724
Moved 413.8298 292.5306 517.1174 -0.1561792 0.332092
Moved 413.8469 287.0253 519.9874 -0.168923 0.3394736
Moved 413.861 283.3756 521.7496 -0.1773713 0.344006
Moved 413.8761 280.5046 523.2477 -0.1840172 0.3478592
Moved 413.8913 279.3793 524.6207 -0.186622 0.3513905
Moved 413.9063 279 525.7661 -0.1875 0.3543365
Moved 413.9222 279 527.0772 -0.1875 0.3577088
Moved 413.9381 279 528.4728 -0.1875 0.3612982
Moved 413.9543 279 532.5682 -0.1875 0.3718316
Moved 413.9678 293.7455 536.6863 -0.153367 0.3824236
Moved 413.9838 316.9083 543.4771 -0.09974936 0.3998895
Moved 413.9989 350.8609 549.9752 -0.02115538 0.4166027
Moved 414.0141 400.627 552.7571 0.09404391 0.4237578
Moved 414.0291 431.8123 555.954 0.1662322 0.4319805
Moved 414.0451 464.5163 555 0.2419359 0.4295266
Moved 414.0607 485.7942 555 0.2911902 0.4295266
Moved 414.0764 506.6612 555 0.3394936 0.4295266
Moved 414.0906 527.4321 555 0.3875743 0.4295266
Moved 414.1069 542.8426 555 0.4232467 0.4295266
Moved 414.1222 557.8497 546.2625 0.4579855 0.4070537
Moved 414.1376 567.1333 545.1238 0.4794753 0.404125
Moved 414.1536 582.5812 542.5698 0.5152344 0.397556
Moved 414.1674 588.5506 541.4083 0.5290523 0.3945685
Moved 414.1846 595.8521 541 0.545954 0.3935184
Moved 414.2011 601.401 541 0.5587986 0.3935184
Moved 414.2146 604.4466 540 0.5658485 0.3909464
Moved 414.2295 608.3047 540 0.5747796 0.3909464
Moved 414.2465 609.4774 540 0.5774939 0.3909464
Moved 414.2635 611.8105 540 0.5828947 0.3909464
Stationary 414.2752 611.8105 540 0.5828947 0.3909464
Stationary 414.2906 612 540 0.5833334 0.3909464
Stationary 414.3064 612 540 0.5833334 0.3909464
Stationary 414.322 612 540 0.5833334 0.3909464
Stationary 414.3371 612 540 0.5833334 0.3909464
Moved 414.3555 596.7173 545.6644 0.5479567 0.4055152
Moved 414.3685 580.934 551.3956 0.5114214 0.4202562
Moved 414.3846 553.3163 559.3382 0.4474915 0.4406846
Moved 414.4004 519.4457 566.4257 0.3690872 0.4589138
Moved 414.4151 483.4298 569.9681 0.2857172 0.4680249
Moved 414.4301 451.4577 571.3714 0.2117075 0.4716341
Moved 414.4461 430.8653 571 0.1640399 0.4706789
Moved 414.4612 413.4775 571 0.1237905 0.4706789
Moved 414.4766 397.0276 571 0.08571198 0.4706789
Moved 414.5013 377.4166 564.4166 0.04031619 0.4537462
Stationary 414.5121 377.4166 564.4166 0.04031619 0.4537462
Moved 414.5232 370.4351 564 0.02415528 0.4526748
Moved 414.5385 366.6144 564 0.01531114 0.4526748
Moved 414.5543 363.8397 564 0.008888145 0.4526748
Moved 414.5694 362.5485 564 0.005899271 0.4526748
Moved 414.584 362 564 0.004629592 0.4526748
Stationary 414.6 362 564 0.004629592 0.4526748
Stationary 414.6143 362 564 0.004629592 0.4526748
Moved 414.6294 380.5583 562.7403 0.04758875 0.4494348
Moved 414.6458 402.0999 555.9647 0.09745349 0.432008
Moved 414.6617 424.2334 547.6625 0.1486883 0.4106544
Moved 414.6774 452.0014 535.9042 0.2129663 0.380412
Moved 414.6924 476.4296 525.9996 0.269513 0.3549371
Moved 414.7079 496.5 515 0.3159723 0.326646
Moved 414.7228 513.3264 506.0259 0.3549222 0.3035645
Moved 414.7387 529.9755 499.0089 0.3934619 0.2855167
Moved 414.7549 546.5298 490.7351 0.4317819 0.2642363
Moved 414.7694 559.7911 485.9817 0.4624795 0.2520104
Moved 414.7865 570.9764 481.6339 0.4883714 0.2408277
Moved 414.8025 580.5 479 0.5104166 0.2340534
Moved 414.8155 588.3766 475.2078 0.5286497 0.2242997
Moved 414.8309 594.8276 473.0574 0.5435826 0.2187691
Moved 414.8467 601.7466 468.952 0.5595987 0.2082099
Moved 414.8621 607.6736 465.7958 0.5733186 0.200092
Moved 414.8769 613.4856 462.7572 0.5867721 0.1922766
Moved 414.8926 617.012 460.988 0.5949351 0.1877263
Moved 414.9081 619.7769 459.1115 0.6013355 0.1828999
Moved 414.9236 622.5434 456.4566 0.6077394 0.1760714
Moved 414.9388 623.5 455.5 0.6099538 0.173611
Moved 414.9539 624.6827 454.3173 0.6126913 0.1705692
Stationary 414.9696 625 454 0.613426 0.169753
Moved 414.985 625 452.5474 0.613426 0.166017
Moved 415.0003 625 452.1662 0.613426 0.1650365
Moved 415.0154 625 451.5 0.613426 0.163323
Moved 415.0309 599.0435 452 0.5533414 0.164609
Moved 415.0463 569.1784 452 0.4842093 0.164609
Moved 415.062 544.8876 452 0.4279806 0.164609
Moved 415.0777 505.4834 462.1292 0.3367672 0.1906613
Moved 415.0933 480.9591 464.6712 0.2799979 0.1971995
Moved 415.109 459.6036 467.4529 0.2305639 0.2043541
Moved 415.1243 441.7874 468.6011 0.1893225 0.2073072
Moved 415.1388 425.2555 469.9787 0.1510545 0.2108505
Moved 415.1549 409.9346 470 0.1155894 0.2109053
Moved 415.1696 400.5 470 0.09374996 0.2109053
Moved 415.1872 388.7836 470 0.06662865 0.2109053
Moved 415.2015 376.6224 470 0.03847768 0.2109053
Moved 415.2154 367.5 470 0.01736114 0.2109053
Moved 415.231 359.487 470 -0.001187523 0.2109053
Moved 415.2536 348.3932 470 -0.02686749 0.2109053
Stationary 415.2649 348.3932 470 -0.02686749 0.2109053
Ended 415.2786 345.9695 470 -0.03247812 0.2109053
Candidates 415.4298 12 works world worlds worked worker workers wireless wheels georgia shields queries either
Began 416.1132 476 436 0.2685185 0.1234567
Stationary 416.1246 476 436 0.2685185 0.1234567
Stationary 416.1401 476 436 0.2685185 0.1234567
Stationary 416.1571 476 436 0.2685185 0.1234567
Stationary 416.171 476 436 0.2685185 0.1234567
Moved 416.1865 448.1133 436 0.2039661 0.1234567
Moved 416.2022 431.789 436 0.1661782 0.1234567
Moved 416.2182 410.5349 436 0.1169788 0.1234567
Moved 416.2335 394.9875 436 0.08098959 0.1234567
Moved 416.2495 379.8073 436 0.04585018 0.1234567
Moved 416.2639 367.0949 436 0.01642346 0.1234567
Moved 416.2795 358.1136 436 -0.004366636 0.1234567
Ended 416.295 350.5857 436 -0.02179245 0.1234567
Accept 416.3216 1 world
Began 416.6457 374 450 0.03240744 0.1594649
Stationary 416.6647 374 450 0.03240744 0.1594649
Stationary 416.6791 374 450 0.03240744 0.1594649
Stationary 416.6946 374 450 0.03240744 0.1594649
Stationary 416.7094 374 450 0.03240744 0.1594649
Stationary 416.7257 374 450 0.03240744 0.1594649
Moved 416.7416 395.4504 461.7252 0.08206109 0.1896224
Moved 416.7572 406 465.5 0.1064815 0.1993312
Moved 416.7722 423.1761 471.92 0.146241 0.2158437
Moved 416.7879 442.3635 479.7272 0.1906562 0.2359237
Moved 416.8036 465.6758 489.3371 0.2446199 0.2606406
Moved 416.8191 485.857 499.0666 0.2913356 0.285665
Moved 416.8334 506.5641 508.7299 0.3392688 0.3105193
Moved 416.8519 525.8918 515.4614 0.3840088 0.3278326
Moved 416.8647 541.6265 521.3757 0.4204316 0.3430443
Moved 416.881 555.4363 525.8266 0.452399 0.3544922
Moved 416.8958 569.1931 531.2772 0.4842433 0.3685113
Moved 416.9109 580.8496 534.3856 0.511226 0.3765061
Moved 416.9309 589.4807 537.1602 0.5312053 0.3836424
Moved 416.944 596.3377 539.9351 0.5470781 0.3907794
Moved 416.9578 601.3884 543.6942 0.5587694 0.4004481
Moved 416.9723 604.4613 545.2307 0.5658826 0.4043997
Moved 416.9879 607 546.5 0.5717592 0.4076646
Moved 417.0036 608.6644 547.6644 0.575612 0.4106593
Moved 417.0191 610.0356 550.0713 0.5787863 0.4168499
Moved 417.0346 611.4197 550 0.5819899 0.4166666
Moved 417.0502 612 551.8011 0.5833334 0.421299
Moved 417.0652 612 553.1841 0.5833334 0.4248561
Moved 417.0805 612 554.5 0.5833334 0.4282407
Stationary 417.0948 612 554.5 0.5833334 0.4282407
Moved 417.1111 612 555 0.5833334 0.4295266
Moved 417.1273 612 556.4279 0.5833334 0.4331991
Moved 417.1436 601.7344 557.8164 0.5595706 0.4367705
Moved 417.1594 592.6195 559.1972 0.538471 0.440322
Moved 417.1746 575.991 559.5841 0.4999793 0.4413171
Moved 417.1891 560.3273 560 0.4637206 0.4423867
Moved 417.2043 546.4612 560 0.4316233 0.4423867
Moved 417.2192 532 560 0.3981481 0.4423867
Moved 417.2343 521.381 561 0.373567 0.4449587
Moved 417.2498 511.6699 562.19 0.3510877 0.4480195
Moved 417.2653 503.1679 562 0.3314072 0.4475308
Moved 417.2808 496.231 562 0.3153497 0.4475308
Moved 417.2958 491.9876 562 0.3055269 0.4475308
Moved 417.3117 487.8227 562 0.2958859 0.4475308
Moved 417.3275 485.8868 563.1132 0.2914047 0.4503939
Moved 417.3423 484.8944 563 0.2891074 0.4501028
Moved 417.3575 483.5 563 0.2858797 0.4501028
Moved 417.3732 484 563 0.287037 0.4501028
Stationary 417.3897 484 563 0.287037 0.4501028
Stationary 417.4046 484 563 0.287037 0.4501028
Moved 417.4266 498.2812 563 0.3200953 0.4501028
Stationary 417.4375 498.2812 563 0.3200953 0.4501028
Moved 417.4495 505 552.5 0.3356481 0.4230966
Moved 417.4654 518.1741 549.3303 0.3661438 0.4149442
Moved 417.4806 531.9121 545.1263 0.3979446 0.4041314
Moved 417.4954 544.6989 541.9904 0.4275436 0.3960656
Moved 417.5121 555.3474 539.9504 0.4521931 0.3908188
Moved 417.528 567.8296 538.5745 0.481087 0.3872798
Moved 417.544 574.0076 538.1985 0.495388 0.3863129
Moved 417.559 580.9041 538 0.511352 0.3858024
Moved 417.5746 584.6436 538 0.5200084 0.3858024
Moved 417.5904 588.1835 537 0.5282027 0.3832304
Moved 417.606 590.9199 537 0.5345367 0.3832304
Stationary 417.6201 591 537 0.5347222 0.3832304
Moved 417.6344 592 537 0.5370371 0.3832304
Stationary 417.6512 592 537 0.5370371 0.3832304
Stationary 417.6657 592 537 0.5370371 0.3832304
Stationary 417.6805 592 537 0.5370371 0.3832304
Stationary 417.6959 592 537 0.5370371 0.3832304
Moved 417.7112 578.6077 537 0.5060362 0.3832304
Moved 417.7272 568.574 537 0.4828102 0.3832304
Moved 417.7435 556.0804 537 0.4538898 0.3832304
Moved 417.7589 543.6431 545.4841 0.4250998 0.4050516
Moved 417.7741 530.3378 547.7324 0.3943005 0.4108343
Moved 417.79 515.2142 550.5065 0.3592922 0.4179693
Moved 417.8056 506.8497 552.4778 0.3399298 0.4230396
Moved 417.8213 493.7103 555.3977 0.3095145 0.4305496
Moved 417.8357 483.4608 557.077 0.285789 0.4348688
Moved 417.8514 470.8894 559.9135 0.2566885 0.4421641
Moved 417.8714 458.3311 561.8521 0.2276182 0.4471504
Moved 417.8859 445.9361 563.2293 0.1989261 0.4506925
Moved 417.901 434.8042 564 0.1731579 0.4526748
Moved 417.9123 427.0971 564.7004 0.1553175 0.4544764
Moved 417.9277 418.1631 565.9767 0.1346368 0.4577589
Moved 417.9433 411.1866 567.3627 0.1184876 0.4613236
Moved 417.9582 407.7685 568 0.1105752 0.4629629
Moved 417.9733 404.7417 569.1292 0.1035686 0.465867
Moved 417.9885 403.5 569 0.1006944 0.4655349
Stationary 418.0059 403.5 569 0.1006944 0.4655349
Moved 418.0187 404 570 0.1018518 0.4681069
Stationary 418.0345 404 570 0.1018518 0.4681069
Moved 418.052 404 571.3091 0.1018518 0.471474
Moved 418.0661 413.4163 571 0.1236488 0.4706789
Moved 418.0814 424.8356 571 0.1500823 0.4706789
Moved 418.0981 437.8317 558.6491 0.1801659 0.4389122
Moved 418.1129 450.2808 550.4794 0.2089834 0.4178997
Moved 418.1285 464.2502 541.6248 0.24132 0.3951255
Moved 418.1436 476.9943 531.5048 0.2708201 0.3690965
Moved 418.1579 491.6076 517.3924 0.3046472 0.3327993
Moved 418.1743 502.4331 507.996 0.3297063 0.3086317
Moved 418.1918 512.8264 498.3691 0.3537649 0.2838712
Moved 418.2071 522.2051 488.7949 0.3754747 0.2592461
Moved 418.22 531.4742 479.5258 0.3969311 0.2354057
Moved 418.236 539.7194 470.3367 0.4160171 0.2117713
Moved 418.2586 549.0032 459.9968 0.4375075 0.1851768
Stationary 418.2683 549.0032 459.9968 0.4375075 0.1851768
Moved 418.2815 552.5979 454.6031 0.4458285 0.1713043
Moved 418.2986 554.1762 451.6476 0.449482 0.1637025
Moved 418.3125 555 449.449 0.4513889 0.1580479
Moved 418.3291 555 448.072 0.4513889 0.154506
Moved 418.3452 555 446.6975 0.4513889 0.1509709
Moved 418.359 555 444.6511 0.4513889 0.1457075
Moved 418.3749 555 443.2029 0.4513889 0.1419827
Moved 418.39 530.8295 439.704 0.3954388 0.1329836
Moved 418.4074 515.2137 438.5178 0.359291 0.1299326
Moved 418.4212 490.9926 439 0.3032237 0.1311728
Moved 418.437 468.9548 439 0.2522102 0.1311728
Moved 418.4545 447.8474 444.7109 0.2033504 0.1458613
Moved 418.468 423.999 451.0002 0.1481458 0.1620374
Moved 418.4827 403.1523 455.1696 0.09988955 0.1727612
Moved 418.4986 389.4636 457.9073 0.06820271 0.1798026
Moved 418.5139 363.4751 462.3484 0.008044143 0.1912253
Moved 418.5288 346.1035 465.3161 -0.03216788 0.1988581
Moved 418.5439 327 468 -0.07638887 0.2057612
Moved 418.5601 309.2583 470.8203 -0.1174576 0.2130149
Moved 418.5756 294.5619 472.3438 -0.1514771 0.2169336
Moved 418.5912 281.7743 473.7226 -0.181078 0.2204799
Moved 418.608 271.4244 474 -0.205036 0.2211934
Moved 418.6254 261.7468 474 -0.2274379 0.2211934
Moved 418.6376 253.1987 475 -0.2472251 0.2237653
Moved 418.653 247.2393 475.9402 -0.2610201 0.2261835
Moved 418.6688 243.0066 477.3311 -0.270818 0.229761
Moved 418.684 242.2962 478.7038 -0.2724624 0.2332916
Moved 418.6983 240.9088 480.0912 -0.275674 0.2368599
Moved 418.7134 241 482.9489 -0.275463 0.2442101
Moved 418.7301 241 488.0681 -0.275463 0.2573768
Moved 418.7451 248.9745 497.2024 -0.2570035 0.2808702
Moved 418.7606 258.8829 508.1519 -0.2340674 0.3090325
Moved 418.777 274.0771 521.4337 -0.1988956 0.3431936
Moved 418.7913 287.2762 534.2762 -0.1683421 0.3762248
Moved 418.8074 308.2716 552.4354 -0.1197417 0.4229304
Moved 418.8213 320.0597 561.4478 -0.0924544 0.4461104
Moved 418.8379 331.1791 570.3433 -0.06671498 0.4689899
Moved 418.8532 343.3701 578.58 -0.03849526 0.4901749
Moved 418.8681 356.8558 589.5545 -0.007278224 0.5184014
Moved 418.8839 370.3323 598.1994 0.02391746 0.5406362
Moved 418.9006 382.8233 605.124 0.05283167 0.5584465
Moved 418.9154 396.3427 611.3785 0.08412659 0.574533
Moved 418.9289 410.9339 616.7032 0.1179026 0.5882284
Moved 418.947 421 620.5 0.1412037 0.5979937
Moved 418.9668 445.0782 626.0174 0.1969402 0.6121845
Stationary 418.9777 445.0782 626.0174 0.1969402 0.6121845
Moved 418.9913 458.9234 626 0.2289893 0.6121398
Moved 419.0072 473.5344 626 0.262811 0.6121398
Moved 419.0235 487.6253 626 0.295429 0.6121398
Moved 419.0383 504 626 0.3333333 0.6121398
Moved 419.0534 520.0446 616.2205 0.3704734 0.5869867
Moved 419.068 530.7188 612.1125 0.3951823 0.576421
Moved 419.0828 544.4564 606.6174 0.4269825 0.5622876
Moved 419.0991 556.8618 601.8018 0.4556985 0.5499017
Moved 419.1155 566.7241 596.5862 0.478528 0.5364871
Moved 419.1299 573.4406 592.5356 0.4940755 0.5260689
Moved 419.1454 580.3566 587.5146 0.5100848 0.5131549
Moved 419.1616 586.0214 580.7233 0.5231975 0.4956873
Moved 419.1764 589.5 573 0.5312501 0.4758229
Moved 419.192 590.7136 568.4321 0.5340592 0.4640742
Moved 419.2074 592.0904 559.3674 0.5372463 0.4407598
Moved 419.2226 592 546.874 0.5370371 0.4086265
Moved 419.2386 586.0187 529.6008 0.5231914 0.3641994
Moved 419.2542 580.058 515.645 0.5093936 0.328305
Moved 419.2728 573.976 503.5568 0.4953148 0.297214
Moved 419.2844 566.0794 490.1323 0.4770356 0.2626859
Moved 419.3003 560.8962 480.8132 0.4650376 0.2387169
Moved 419.3151 550.9825 463.8271 0.4420891 0.1950285
Moved 419.3307 543.2069 452.8104 0.42409 0.1666932
Moved 419.3463 534.989 440.4835 0.405067 0.1349883
Moved 419.361 526.6599 427.9899 0.3857868 0.1028546
Moved 419.3769 518.3743 415.5614 0.3666071 0.07088833
Moved 419.3925 509.9416 405.5985 0.3470869 0.04526366
Moved 419.4079 504.5 397.5 0.3344907 0.02443408
Moved 419.4232 495.3659 386.561 0.313347 -0.003701277
Moved 419.439 486.8431 376.6503 0.2936183 -0.02919162
Moved 419.4542 479.1128 367.5354 0.2757241 -0.05263536
Moved 419.4693 472.2025 359.243 0.2597281 -0.07396345
Moved 419.4849 466.5987 350.8981 0.2467563 -0.09542684
Moved 419.5006 460.2854 346.0284 0.2321422 -0.1079518
Moved 419.5158 454.4937 340.4938 0.2187355 -0.1221869
Moved 419.5305 452.7176 337.5765 0.2146241 -0.1296901
Moved 419.5469 448.3137 333.8758 0.2044297 -0.1392084
Moved 419.5619 445.1034 331.1034 0.1969986 -0.146339
Moved 419.5832 443.657 329.657 0.1936505 -0.150059
Moved 419.5943 442.2762 329 0.1904542 -0.151749
Moved 419.6079 440.8926 327.8926 0.1872515 -0.1545972
Moved 419.6227 439.5132 326.5132 0.1840583 -0.158145
Stationary 419.6388 439.5132 326.5132 0.1840583 -0.158145
Moved 419.6531 438.0981 326 0.1807827 -0.1594652
Moved 419.669 438 324.7145 0.1805556 -0.1627712
Ended 419.6854 436 324 0.1759259 -0.164609
Candidates 419.7733 12 population litigation foundation profession prison progression pollution princeton proliferation poison correlation proportion
Began 420.256 452 386 0.2129629 -0.005144111
Stationary 420.27 452 386 0.2129629 -0.005144111
Stationary 420.2851 452 386 0.2129629 -0.005144111
Stationary 420.3029 452 386 0.2129629 -0.005144111
Stationary 420.3166 452 386 0.2129629 -0.005144111
Moved 420.3325 452 402.2453 0.2129629 0.03663903
Moved 420.348 452 414.5614 0.2129629 0.06831624
Moved 420.3633 452 434.1376 0.2129629 0.1186667
Moved 420.3781 452 446.8769 0.2129629 0.1514323
Moved 420.3985 452 465.71 0.2129629 0.1998712
Moved 420.4117 452 481.9893 0.2129629 0.2417418
Moved 420.4254 452 491.2003 0.2129629 0.2654327
Moved 420.4408 452 500.8345 0.2129629 0.2902122
Moved 420.4562 452 505.2827 0.2129629 0.301653
Moved 420.4722 452 509.007 0.2129629 0.3112318
Ended 420.4873 452 509.007 0.2129629 0.3112318
Accept 420.5458 0 population
Began 420.8406 446 383 0.199074 -0.01286016
Stationary 420.8567 446 383 0.199074 -0.01286016
Stationary 420.8708 446 383 0.199074 -0.01286016
Stationary 420.8872 446 383 0.199074 -0.01286016
Stationary 420.9022 446 383 0.199074 -0.01286016
Stationary 420.9182 446 383 0.199074 -0.01286016
Moved 420.9333 455.1443 404.1443 0.2202415 0.04152353
Moved 420.9515 463 421 0.2384259 0.08487643
Moved 420.9644 470.5778 437.7753 0.2559671 0.1280227
Moved 420.9846 476.8556 451.0285 0.2704991 0.1621103
Moved 420.9958 492.1018 484.5912 0.3057911 0.2484342
Moved 421.0103 495.4049 492.9447 0.3134372 0.2699195
Moved 421.0262 505.7784 512.4012 0.3374501 0.3199618
Moved 421.041 510.1137 520.699 0.3474855 0.3413039
Moved 421.0565 512.8883 525.5545 0.3539081 0.3537923
Moved 421.0722 518 536 0.3657407 0.3806583
Moved 421.0878 523.0906 547.1812 0.3775245 0.4094165
Moved 421.1032 524.0972 549.1943 0.3798545 0.4145944
Moved 421.1188 526.1426 555.428 0.3845894 0.4306274
Moved 421.1339 527 556.5131 0.3865741 0.4334185
Stationary 421.1491 527 557.1974 0.3865741 0.4351785
Moved 421.1638 527 558.5 0.3865741 0.4385287
Stationary 421.179 527 558.5 0.3865741 0.4385287
Moved 421.1952 527 558 0.3865741 0.4372427
Moved 421.2108 512.4357 558 0.3528605 0.4372427
Moved 421.2267 498.4434 546.2534 0.3204709 0.4070301
Moved 421.2454 488.8379 540.7645 0.2982358 0.3929128
Moved 421.2577 452.3105 516.7173 0.2136818 0.331063
Moved 421.2724 426.8986 500.5991 0.1548578 0.2896066
Moved 421.2881 414.5134 492.3422 0.1261884 0.2683698
Moved 421.3042 391.5191 475.5992 0.07296096 0.2253066
Moved 421.3189 371.8336 460.155 0.02739261 0.1855836
Moved 421.335 367.7645 457.0391 0.01797348 0.1775695
Moved 421.3517 350.2817 444.7113 -0.02249599 0.1458623
Moved 421.3654 340.8736 437.0526 -0.04427403 0.126164
Moved 421.3806 336.0576 433.6125 -0.05542224 0.1173162
Moved 421.3971 323.5446 421.8953 -0.08438762 0.08717929
Moved 421.4112 319.8068 418.839 -0.09303982 0.07931834
Moved 421.4263 314.7367 414.7894 -0.1047761 0.06890262
Moved 421.442 307.615 408.6151 -0.1212615 0.05302217
Moved 421.4584 303.5 406 -0.130787 0.04629618
Moved 421.4723 302.6096 404.6096 -0.1328481 0.04272014
Moved 421.4946 298.4941 402.7471 -0.1423747 0.03792967
Moved 421.5071 297.3669 401.3669 -0.144984 0.03437996
Moved 421.5199 295.9909 401 -0.1481692 0.03343609
Moved 421.5342 296 399.9253 -0.1481481 0.03067205
Moved 421.5488 294.5277 400 -0.1515562 0.03086416
Stationary 421.5648 294.5277 400 -0.1515562 0.03086416
Moved 421.58 295 398.7318 -0.150463 0.02760232
Ended 421.5947 295 398.7318 -0.150463 0.02760232
Candidates 421.7813 12 its ita guys us guess is irs usa ura hits ira fits
Began 422.2545 433 384 0.1689814 -0.01028807
Stationary 422.2741 433 384 0.1689814 -0.01028807
Stationary 422.2893 433 384 0.1689814 -0.01028807
Stationary 422.308 433 384 0.1689814 -0.01028807
Stationary 422.3239 433 384 0.1689814 -0.01028807
Stationary 422.3401 433 384 0.1689814 -0.01028807
Stationary 422.3515 433 384 0.1689814 -0.01028807
Stationary 422.3705 433 384 0.1689814 -0.01028807
Moved 422.3825 422.3492 384 0.144327 -0.01028807
Moved 422.3978 420.6294 384 0.1403458 -0.01028807
Moved 422.4131 412.2682 384 0.1209912 -0.01028807
Moved 422.429 408.5 384 0.1122685 -0.01028807
Moved 422.4442 406.235 384 0.1070254 -0.01028807
Moved 422.4597 401.0245 384 0.0949641 -0.01028807
Stationary 422.4752 400.9923 384 0.0948896 -0.01028807
Moved 422.4907 398.9398 384 0.09013841 -0.01028807
Moved 422.5044 396.884 384 0.08537968 -0.01028807
Moved 422.5207 395.5 384 0.08217593 -0.01028807
Stationary 422.5367 395.5 384 0.08217593 -0.01028807
Moved 422.5508 394.7076 384 0.08034179 -0.01028807
Moved 422.5655 393.6689 384 0.07793734 -0.01028807
Stationary 422.5809 393.6689 384 0.07793734 -0.01028807
Stationary 422.6002 393.6689 384 0.07793734 -0.01028807
Stationary 422.6107 393.6689 384 0.07793734 -0.01028807
Stationary 422.6263 393.6689 384 0.07793734 -0.01028807
Moved 422.6432 392.9616 384 0.07629991 -0.01028807
Stationary 422.6581 392.9616 384 0.07629991 -0.01028807
Stationary 422.6731 392.9616 384 0.07629991 -0.01028807
Stationary 422.6885 392.9616 384 0.07629991 -0.01028807
Stationary 422.7036 392.9616 384 0.07629991 -0.01028807
Stationary 422.7199 392.9616 384 0.07629991 -0.01028807
Stationary 422.737 392.9616 384 0.07629991 -0.01028807
Stationary 422.752 392.9616 384 0.07629991 -0.01028807
Stationary 422.7675 393 384 0.07638891 -0.01028807
Stationary 422.7815 393 384 0.07638891 -0.01028807
Stationary 422.7956 393 384 0.07638891 -0.01028807
Stationary 422.8125 393 384 0.07638891 -0.01028807
Stationary 422.8307 393 384 0.07638891 -0.01028807
Stationary 422.8442 393 384 0.07638891 -0.01028807
Stationary 422.8592 393 384 0.07638891 -0.01028807
Stationary 422.8744 393 384 0.07638891 -0.01028807
Ended 422.8882 393 384 0.07638891 -0.01028807
Accept 422.951 1 ita
Began 423.7364 544 445 0.4259259 0.1466049
Stationary 423.7548 544 445 0.4259259 0.1466049
Stationary 423.7696 544 445 0.4259259 0.1466049
Stationary 423.7838 544 445 0.4259259 0.1466049
Stationary 423.7992 544 445 0.4259259 0.1466049
Stationary 423.8145 544 445 0.4259259 0.1466049
Stationary 423.8312 544 445 0.4259259 0.1466049
Moved 423.847 527.5 445 0.3877315 0.1466049
Moved 423.8668 510.3771 445 0.3480951 0.1466049
Moved 423.8793 502.1011 445 0.3289377 0.1466049
Moved 423.8926 481.1231 434.7908 0.2803774 0.1203466
Moved 423.9086 470.5554 435.6741 0.2559152 0.1226184
Moved 423.924 430.7966 428.054 0.1638811 0.1030194
Moved 423.9386 392.5 418.5 0.07523149 0.07844638
Ended 423.9542 392.5 418.5 0.07523149 0.07844638
Candidates 424.0887 12 a s as has faa aa had da fda gas sd ss
Began 424.1033 422 438 0.1435185 0.1286007
Stationary 424.1225 422 438 0.1435185 0.1286007
Ended 424.1376 422 438 0.1435185 0.1286007
Cancel 424.1986
Delete 424.1986 DoubleClick
Began 424.2585 465 436 0.2430555 0.1234567
Stationary 424.2836 465 436 0.2430555 0.1234567
Stationary 424.2954 465 436 0.2430555 0.1234567
Stationary 424.3071 465 436 0.2430555 0.1234567
Ended 424.3225 465 436 0.2430555 0.1234567
Candidates 424.3826 7 g h f d j s k
Began 425.0435 455 442 0.2199073 0.1388888
Ended 425.0638 455 442 0.2199073 0.1388888
NextCandidatePanel 425.1223
Began 425.6888 446 424 0.199074 0.09259254
Stationary 425.7014 446 424 0.199074 0.09259254
Stationary 425.7116 446 424 0.199074 0.09259254
Ended 425.7249 446 424 0.199074 0.09259254
NextCandidatePanel 425.7839
Began 425.8474 446 423 0.199074 0.09002049
Stationary 425.8651 446 423 0.199074 0.09002049
Stationary 425.8794 446 423 0.199074 0.09002049
Ended 425.896 446 423 0.199074 0.09002049
Cancel 425.9536
Began 426.2317 440 397 0.1851852 0.02314815
Stationary 426.2497 440 397 0.1851852 0.02314815
Stationary 426.2648 440 397 0.1851852 0.02314815
Stationary 426.2788 440 397 0.1851852 0.02314815
Moved 426.2943 447.1375 409.2358 0.2017073 0.05461869
Moved 426.3105 452.567 417.3506 0.2142756 0.07549006
Moved 426.3266 466.7916 437.3499 0.2472028 0.1269287
Moved 426.3425 480.5268 456.1375 0.2789973 0.1752507
Moved 426.3596 489.2035 465.3372 0.2990822 0.1989125
Moved 426.3786 515.603 498.5463 0.360192 0.2843267
Stationary 426.3921 515.603 498.5463 0.360192 0.2843267
Moved 426.4034 525.1851 508.1851 0.3823728 0.3091178
Moved 426.4175 531.5038 513.803 0.3969995 0.3235674
Moved 426.434 538.369 519.2952 0.4128912 0.3376934
Moved 426.4518 543.7534 524.7534 0.4253551 0.3517318
Moved 426.4647 545 527.5 0.4282407 0.3587962
Moved 426.4798 547.8961 529.7922 0.4349447 0.3646919
Moved 426.4957 549.28 531.28 0.4381481 0.3685184
Moved 426.5117 549 532.6708 0.4375 0.3720956
Stationary 426.5255 549 533 0.4375 0.3729423
Moved 426.5416 549 534.4427 0.4375 0.3766531
Moved 426.5572 549 535.8324 0.4375 0.3802273
Moved 426.576 538.0116 536 0.4120639 0.3806583
Moved 426.5877 531.6577 536 0.3973556 0.3806583
Moved 426.603 512.8154 530.9634 0.3537394 0.367704
Moved 426.6183 491.7286 520.8813 0.3049274 0.3417727
Moved 426.6338 465.3912 506.9954 0.243961 0.3060579
Moved 426.6505 440.8559 494.1422 0.1871663 0.2729993
Moved 426.6641 416.0983 480.3879 0.1298571 0.2376232
Moved 426.68 396.5 468.5 0.08449078 0.2070472
Moved 426.6959 383.4206 458.2804 0.0542144 0.1807623
Moved 426.7111 368.9945 448.9965 0.0208205 0.156884
Moved 426.7265 355.0061 440.6037 -0.01155987 0.1352975
Moved 426.7418 345.3523 435.6761 -0.03390675 0.1226238
Moved 426.7575 337.0814 431.5407 -0.0530524 0.1119874
Moved 426.7766 329 427.5 -0.07175927 0.1015946
Moved 426.7924 324.3784 424.1892 -0.08245731 0.0930792
Moved 426.8062 318.8616 421.4308 -0.09522772 0.08598441
Moved 426.8186 314.9861 419.493 -0.1041989 0.0810005
Moved 426.8365 311.5674 418.2837 -0.1121126 0.07789007
Moved 426.8524 309.9069 416.9069 -0.1159564 0.07434884
Moved 426.8659 307.0617 417 -0.1225423 0.0745884
Moved 426.8818 306.1548 416 -0.1246416 0.07201634
Moved 426.8978 304.7754 416 -0.1278347 0.07201634
Moved 426.9123 304.4017 415 -0.1286997 0.06944436
Moved 426.9283 303.5 415 -0.130787 0.06944436
Ended 426.942 303.5 415 -0.130787 0.06944436
Candidates 427.0945 12 is its his us guys ita usa hits irs gus fits if
Began 427.5622 443 387 0.1921296 -0.002572055
Stationary 427.5751 443 387 0.1921296 -0.002572055
Stationary 427.5886 443 387 0.1921296 -0.002572055
Stationary 427.6052 443 387 0.1921296 -0.002572055
Stationary 427.6191 443 387 0.1921296 -0.002572055
Moved 427.6357 443 409.2453 0.1921296 0.05464322
Moved 427.6516 443 430.5 0.1921296 0.1093106
Moved 427.6665 443 447.7863 0.1921296 0.1537713
Moved 427.6823 443 461.7617 0.1921296 0.1897162
Moved 427.6985 443 482.3354 0.1921296 0.2426322
Moved 427.7134 443 492.7485 0.1921296 0.2694149
Moved 427.729 443 502.9021 0.1921296 0.29553
Moved 427.7507 443 510.6571 0.1921296 0.3154761
Ended 427.7616 443 511 0.1921296 0.3163579
Accept 427.804 0 is
Began 428.272 476 411 0.2685185 0.05915629
Stationary 428.2844 476 411 0.2685185 0.05915629
Stationary 428.2979 476 411 0.2685185 0.05915629
Stationary 428.3128 476 411 0.2685185 0.05915629
Stationary 428.3289 476 411 0.2685185 0.05915629
Stationary 428.3443 476 411 0.2685185 0.05915629
Stationary 428.3608 476 411 0.2685185 0.05915629
Stationary 428.3763 476 411 0.2685185 0.05915629
Stationary 428.3904 476 411 0.2685185 0.05915629
Stationary 428.4105 476 411 0.2685185 0.05915629
Moved 428.4217 463.7634 426.4732 0.240193 0.09895363
Moved 428.4387 459.4944 434.5093 0.2303112 0.1196225
Moved 428.4527 455.3217 442.3567 0.220652 0.1398062
Moved 428.468 449.9189 451.8918 0.2081457 0.1643309
Moved 428.4849 445.0425 459.2626 0.1968576 0.1832885
Moved 428.5001 438.8617 468.1937 0.1825501 0.2062593
Moved 428.5146 434.7158 473.3553 0.1729531 0.2195351
Moved 428.5302 427.6543 483.284 0.1566071 0.2450719
Moved 428.546 422.6394 492.0409 0.1449987 0.2675948
Moved 428.5614 417.1501 501.4874 0.1322918 0.2918912
Moved 428.5766 413.215 507.9749 0.1231829 0.3085774
Moved 428.5958 408.0963 513.9036 0.1113341 0.3238261
Moved 428.6082 405.3181 519.3639 0.1049029 0.33787
Moved 428.6224 401.5 522.5 0.0960648 0.3459361
Moved 428.6389 397.7321 528.0239 0.08734276 0.3601436
Moved 428.6537 393.5795 532.4205 0.07773022 0.3714519
Moved 428.6699 389.9496 537.5756 0.06932785 0.3847107
Moved 428.685 387.1748 540.8252 0.06290466 0.3930688
Moved 428.7007 385.7001 543.5998 0.059491 0.4002051
Moved 428.7135 382.6347 546.3653 0.05239516 0.407318
Moved 428.7298 380.9279 548.0721 0.04844437 0.4117079
Moved 428.7455 379.891 550.218 0.04604399 0.4172272
Moved 428.7613 378.5 551.5 0.04282405 0.4205247
Moved 428.7798 378 552.9153 0.04166663 0.4241649
Moved 428.7911 376.6974 554.3026 0.03865132 0.427733
Moved 428.8063 376.3119 555.6882 0.03775894 0.4312966
Moved 428.8228 376 557.0747 0.03703703 0.4348628
Stationary 428.8388 376 557 0.03703703 0.4346707
Moved 428.8541 376 558.5 0.03703703 0.4385287
Moved 428.8696 376 559.5 0.03703703 0.4411007
Moved 428.8846 376 560.1374 0.03703703 0.4427401
Stationary 428.8988 376 560.1374 0.03703703 0.4427401
Moved 428.9147 376 561.0414 0.03703703 0.4450654
Stationary 428.9316 376 561 0.03703703 0.4449587
Moved 428.9523 384.3883 564.1983 0.05645434 0.4531848
Stationary 428.9636 384.3883 564.1983 0.05645434 0.4531848
Moved 428.9766 387.8705 565.2177 0.06451517 0.4558066
Moved 428.9932 403.0167 566.3361 0.09957562 0.4586834
Moved 429.0085 419.5964 568.0497 0.1379548 0.4630907
Moved 429.024 436.2471 568 0.1764979 0.4629629
Moved 429.0389 461.7534 568 0.2355403 0.4629629
Moved 429.0541 483.0478 569.2032 0.2848328 0.4660575
Moved 429.0695 504.7606 569 0.335094 0.4655349
Moved 429.0854 521.9913 569 0.3749798 0.4655349
Moved 429.1003 538.4697 569 0.4131243 0.4655349
Moved 429.1159 555.0684 569 0.4515473 0.4655349
Moved 429.1376 580.6857 558.3143 0.5108465 0.4380512
Stationary 429.149 580.6857 558.3143 0.5108465 0.4380512
Moved 429.1606 588.8813 558.4237 0.5298179 0.4383325
Moved 429.1762 595.8237 557.0353 0.5458881 0.4347615
Moved 429.1933 602.7238 554.3105 0.5618607 0.4277532
Moved 429.2091 607.4015 553.7197 0.5726887 0.4262337
Moved 429.2235 612.2864 552.2379 0.5839963 0.4224223
Moved 429.2378 617.5828 550.8543 0.5962563 0.4188638
Moved 429.2542 621.5 549.5 0.6053241 0.4153806
Moved 429.2693 623.8311 548.0844 0.6107202 0.4117396
Moved 429.2842 626.6053 548 0.6171418 0.4115225
Moved 429.2997 627.6873 547.3127 0.6196464 0.4097549
Moved 429.3195 628.5 546.5 0.6215277 0.4076646
Moved 429.3317 629.0605 547 0.6228253 0.4089505
Stationary 429.3462 629 547 0.6226851 0.4089505
Stationary 429.3622 629 547 0.6226851 0.4089505
Moved 429.3772 629 545.8563 0.6226851 0.4060088
Stationary 429.3933 629 546 0.6226851 0.4063785
Moved 429.4087 617.2632 544.933 0.5955167 0.4036343
Moved 429.4236 605.0932 543.5659 0.5673454 0.400118
Moved 429.4393 594.0677 542.6425 0.5418235 0.397743
Moved 429.4538 566.9794 543 0.4791189 0.3986624
Moved 429.4701 541.254 541.7502 0.4195694 0.3954479
Moved 429.4893 515.881 542 0.3608356 0.3960905
Moved 429.5015 493.6216 542 0.3093094 0.3960905
Moved 429.5155 472.9281 542 0.2614076 0.3960905
Moved 429.531 452.1809 541.212 0.2133816 0.3940638
Moved 429.5479 435.5383 540.1025 0.1748572 0.3912101
Moved 429.562 415.2021 538.7468 0.1277827 0.3877232
Moved 429.5762 401.2887 537.3654 0.09557576 0.3841702
Moved 429.5928 386.8745 537 0.06220946 0.3832304
Moved 429.6087 374.41 535.6011 0.03335655 0.3796324
Moved 429.6234 361.2084 535 0.002797246 0.3780863
Moved 429.6396 351.9502 533.825 -0.01863375 0.3750642
Moved 429.6612 338.561 533 -0.04962737 0.3729423
Stationary 429.6728 338.561 533 -0.04962737 0.3729423
Moved 429.6851 333.0526 532.0131 -0.0623782 0.3704041
Moved 429.7012 328.9223 532 -0.07193903 0.3703703
Moved 429.717 326.5086 532 -0.07752647 0.3703703
Moved 429.7321 323.7415 532 -0.08393173 0.3703703
Moved 429.7471 322.5 532 -0.08680557 0.3703703
Stationary 429.762 322.5 532 -0.08680557 0.3703703
Moved 429.7778 322 532 -0.08796295 0.3703703
Stationary 429.7932 322 532 -0.08796295 0.3703703
Stationary 429.8078 322 532 -0.08796295 0.3703703
Stationary 429.8279 322 532 -0.08796295 0.3703703
Moved 429.8405 333.1533 541.914 -0.06214514 0.3958692
Moved 429.8554 345.5217 544.5565 -0.03351465 0.4026658
Moved 429.8706 363.0251 548.6981 0.007002553 0.4133181
Moved 429.886 384 552.5 0.0555556 0.4230966
Moved 429.9014 411.4292 555.0536 0.1190491 0.4296646
Moved 429.9176 439.2542 558.132 0.1834589 0.4375822
Moved 429.9317 459.6278 559.4418 0.2306198 0.4409511
Moved 429.9481 478.0277 561.8356 0.2732122 0.447108
Moved 429.9635 495.8553 563.2196 0.3144798 0.4506676
Moved 429.9793 512.212 565.202 0.3523425 0.4557664
Moved 430.001 533.1747 567 0.4008674 0.4603909
Stationary 430.0133 533.1747 567 0.4008674 0.4603909
Moved 430.0248 543.001 568.4287 0.4236134 0.4640656
Moved 430.0411 551.0436 569 0.4422306 0.4655349
Moved 430.0566 557.9614 569 0.4582439 0.4655349
Moved 430.0716 564.3143 569 0.4729498 0.4655349
Moved 430.0876 567.9295 569 0.4813184 0.4655349
Moved 430.1052 572.0452 569 0.4908454 0.4655349
Moved 430.1169 574 569 0.4953703 0.4655349
Moved 430.1322 575.6503 569 0.4991906 0.4655349
Moved 430.1516 577.2087 569 0.502798 0.4655349
Moved 430.1625 578.5 557 0.505787 0.4346707
Moved 430.1777 578 548.2895 0.5046296 0.4122671
Moved 430.1935 578 527.7876 0.5046296 0.3595359
Moved 430.2096 560.1365 507.006 0.4632789 0.3060854
Moved 430.2253 551.2862 486.2155 0.4427921 0.2526118
Moved 430.2404 545.1479 472.0119 0.4285832 0.21608
Moved 430.2553 538.1927 453.7009 0.4124831 0.1689838
Moved 430.2711 532.2596 435.8438 0.3987492 0.123055
Moved 430.2867 529.3194 421.5969 0.3919431 0.08641172
Moved 430.3025 524.865 405.8832 0.3816319 0.04599595
Moved 430.3211 521.8364 393.2638 0.3746214 0.01353845
Moved 430.3332 519.0675 379.3375 0.3682119 -0.02228003
Moved 430.3484 517 369 0.3634259 -0.04886839
Moved 430.3638 515.1136 358.7957 0.3590594 -0.07511406
Moved 430.3793 512.4482 349.0685 0.3528893 -0.1001324
Moved 430.3933 511.3465 342.7324 0.3503391 -0.116429
Moved 430.4092 509.9724 336.8895 0.3471582 -0.1314572
Moved 430.425 510 331.3543 0.3472221 -0.1456938
Moved 430.4409 509 328.3914 0.3449074 -0.1533145
Moved 430.4581 507.8234 324.4702 0.3421838 -0.1633997
Moved 430.4717 506.8121 322.6243 0.3398429 -0.1681474
Moved 430.4941 507 318.9804 0.3402778 -0.1775196
Stationary 430.5056 507 318.9804 0.3402778 -0.1775196
Moved 430.5172 505.5929 316.1858 0.3370206 -0.1847074
Moved 430.5331 504.2105 312.421 0.3338206 -0.1943906
Moved 430.5486 502.8139 308.4418 0.3305878 -0.2046249
Moved 430.5635 503 304.5 0.3310186 -0.2147634
Moved 430.5793 501.2941 301.5883 0.3270698 -0.2222525
Moved 430.5954 501 299.0263 0.3263889 -0.2288419
Moved 430.6108 501 297.6334 0.3263889 -0.2324243
Moved 430.625 500 296.2832 0.324074 -0.2358972
Moved 430.6442 500 294.9018 0.324074 -0.2394502
Moved 430.656 498.5237 293.5237 0.3206567 -0.2429947
Moved 430.6709 499 292.5 0.3217593 -0.2456276
Moved 430.6867 497.882 293 0.3191714 -0.2443416
Moved 430.7032 495.4803 293 0.3136119 -0.2443416
Moved 430.7187 485.3403 309.4896 0.2901396 -0.2019302
Moved 430.733 475.3687 326.0823 0.267057 -0.1592535
Moved 430.7493 470.1115 338.2491 0.2548876 -0.1279601
Moved 430.7637 463.5482 348.0406 0.2396949 -0.1027761
Moved 430.7797 458.0481 355.1899 0.2269633 -0.08438817
Moved 430.7986 452.1685 365.663 0.2133529 -0.05745107
Moved 430.8095 448.7448 372.5105 0.2054277 -0.03983933
Moved 430.8255 444.8369 381.3806 0.1963817 -0.01702524
Moved 430.8419 442.1269 389.6193 0.1901085 0.004164927
Moved 430.8573 440.3596 394.2809 0.1860175 0.01615454
Moved 430.873 438.7957 399.8171 0.1823976 0.03039368
Moved 430.887 438.4201 402.7397 0.1815279 0.03791083
Moved 430.9046 438 404.9546 0.1805556 0.04360748
Moved 430.9182 436.6671 407.6658 0.1774701 0.05058076
Moved 430.9343 437 409.5255 0.1782407 0.05536393
Moved 430.9524 437 410.7345 0.1782407 0.05847342
Moved 430.9644 437 412.1099 0.1782407 0.06201093
Ended 430.9802 437 413.4765 0.1782407 0.06552586
Candidates 431.19 12 growing reporting worrying repeating working friend questions writing quotations throwing showing rising
Began 431.6381 448 371 0.2037037 -0.04372435
Stationary 431.6595 448 371 0.2037037 -0.04372435
Stationary 431.672 448 371 0.2037037 -0.04372435
Stationary 431.6892 448 371 0.2037037 -0.04372435
Moved 431.7048 448 383.84 0.2037037 -0.0106996
Moved 431.7194 448 392.7217 0.2037037 0.01214436
Moved 431.7388 448 404.6584 0.2037037 0.04284572
Moved 431.7515 448 422.5 0.2037037 0.08873452
Moved 431.7665 448 435.7554 0.2037037 0.1228277
Moved 431.7822 448 448.2004 0.2037037 0.1548363
Moved 431.7975 448 457.8069 0.2037037 0.1795445
Moved 431.8127 448 466.8929 0.2037037 0.2029137
Moved 431.8284 448 473.8268 0.2037037 0.2207479
Moved 431.8446 448 477.6498 0.2037037 0.2305808
Ended 431.8568 448 479 0.2037037 0.2340534
Accept 431.8854 0 growing
PhraseEnd 432.7261
