just what the doctor ordered
just what the doctor ordered
Basic
0.6 0.6
432 388.8
Began 1635.539 454 362 0.2175926 -0.06687243
Stationary 1635.559 454 362 0.2175926 -0.06687243
Stationary 1635.573 454 362 0.2175926 -0.06687243
Stationary 1635.587 454 362 0.2175926 -0.06687243
Stationary 1635.602 454 362 0.2175926 -0.06687243
Stationary 1635.618 454 362 0.2175926 -0.06687243
Stationary 1635.634 454 362 0.2175926 -0.06687243
Stationary 1635.649 454 362 0.2175926 -0.06687243
Stationary 1635.666 454 362 0.2175926 -0.06687243
Stationary 1635.68 454 362 0.2175926 -0.06687243
Stationary 1635.696 454 362 0.2175926 -0.06687243
Moved 1635.712 439.953 377.7451 0.1850763 -0.02637596
Moved 1635.728 433.8527 385.721 0.1709553 -0.005861643
Moved 1635.742 428.1256 395.5302 0.1576982 0.01936763
Moved 1635.759 423 404.5 0.1458333 0.04243823
Moved 1635.774 418.1612 418.981 0.1346324 0.07968345
Moved 1635.789 413.3951 434.0162 0.1235999 0.1183544
Moved 1635.804 411.3593 445.485 0.1188872 0.1478523
Moved 1635.82 409.9164 455.5855 0.1155471 0.173831
Moved 1635.836 407.4708 468.2336 0.1098861 0.2063622
Moved 1635.851 406.0308 480.7231 0.1065526 0.2384854
Moved 1635.867 406 490.855 0.1064815 0.2645447
Moved 1635.883 406 500.1285 0.1064815 0.2883964
Moved 1635.897 406 511.2611 0.1064815 0.3170295
Moved 1635.913 406 521.4963 0.1064815 0.3433545
Moved 1635.927 406 532.4267 0.1064815 0.3714677
Moved 1635.942 406 542.6249 0.1064815 0.3976978
Moved 1635.958 413.6729 551.3644 0.1242428 0.4201757
Moved 1635.973 415.1116 556.3348 0.1275731 0.4329599
Moved 1635.989 415 560.681 0.1273148 0.4441382
Moved 1636.005 415 563.3381 0.1273148 0.4509725
Moved 1636.02 415 565.0994 0.1273148 0.4555024
Stationary 1636.035 415 565.0994 0.1273148 0.4555024
Stationary 1636.05 415 565 0.1273148 0.4552468
Moved 1636.068 401.4499 561.1748 0.09594878 0.4454083
Moved 1636.082 390.2039 549.0702 0.06991655 0.4142751
Moved 1636.098 378.3218 538.2926 0.04241169 0.386555
Moved 1636.114 337.4186 498.818 -0.05227174 0.2850256
Moved 1636.127 318.2999 482.8071 -0.09652793 0.2438453
Moved 1636.144 294.155 459.155 -0.1524189 0.1830119
Moved 1636.16 278.7946 447.2357 -0.1879753 0.1523551
Moved 1636.174 262.0403 434.5303 -0.2267585 0.1196765
Moved 1636.189 250.5799 426.3866 -0.2532873 0.09873091
Moved 1636.206 239.7726 418.3787 -0.2783041 0.07813437
Moved 1636.222 229.7201 412.2687 -0.3015738 0.06241935
Moved 1636.236 220.8778 407.1267 -0.322042 0.04919413
Moved 1636.251 214.7475 403.8737 -0.3362327 0.04082742
Moved 1636.266 209.4898 401.4966 -0.3484032 0.03471339
Moved 1636.281 205.1694 400.0565 -0.3584042 0.03100937
Moved 1636.297 200.8413 400 -0.368423 0.03086416
Moved 1636.313 199 400 -0.3726852 0.03086416
Moved 1636.328 196.1463 400 -0.379291 0.03086416
Moved 1636.343 194.627 400 -0.3828078 0.03086416
Moved 1636.359 194 400 -0.3842593 0.03086416
Stationary 1636.375 194 400 -0.3842593 0.03086416
Stationary 1636.389 194 400 -0.3842593 0.03086416
Moved 1636.405 194 409.004 -0.3842593 0.05402251
Moved 1636.421 194 412.5 -0.3842593 0.06301432
Moved 1636.436 211.7642 422.1237 -0.3431384 0.08776668
Moved 1636.451 226.9168 435.8334 -0.308063 0.1230283
Moved 1636.468 241.1616 446.0969 -0.2750889 0.1494262
Moved 1636.482 255.5768 456.6614 -0.2417204 0.1765983
Moved 1636.497 268.6038 465.4025 -0.2115652 0.1990805
Moved 1636.515 281.4958 473.1644 -0.1817226 0.2190441
Moved 1636.529 293.1984 480.374 -0.1546334 0.2375872
Moved 1636.544 300.0498 484.1713 -0.1387737 0.247354
Moved 1636.56 309.9322 491.1102 -0.1158977 0.2652009
Moved 1636.574 316.0389 494.5195 -0.1017618 0.2739697
Moved 1636.589 320.4067 496.7034 -0.09165113 0.2795868
Ended 1636.606 324.4585 498.1528 -0.08227209 0.2833149
Candidates 1636.789 12 just first guitar guest thursday murray must house hyde goat horse burst
Began 1637.202 372 362 0.02777775 -0.06687243
Stationary 1637.222 372 362 0.02777775 -0.06687243
Moved 1637.237 372 390.5864 0.02777775 0.006652133
Moved 1637.253 372 411.9542 0.02777775 0.06161062
Moved 1637.267 372 432.837 0.02777775 0.1153214
Moved 1637.283 372 450.8159 0.02777775 0.1615635
Moved 1637.299 372 462.5684 0.02777775 0.1917912
Moved 1637.316 372 469.5045 0.02777775 0.2096308
Moved 1637.33 372 475.1357 0.02777775 0.2241144
Moved 1637.346 372 479.9012 0.02777775 0.2363713
Moved 1637.361 372 483.856 0.02777775 0.2465431
Ended 1637.376 372 485 0.02777775 0.2494856
Accept 1637.434 0 just
Began 1637.881 185 553 -0.4050926 0.4243826
Stationary 1637.901 185 553 -0.4050926 0.4243826
Stationary 1637.918 185 553 -0.4050926 0.4243826
Stationary 1637.93 185 553 -0.4050926 0.4243826
Stationary 1637.945 185 553 -0.4050926 0.4243826
Stationary 1637.963 185 553 -0.4050926 0.4243826
Stationary 1637.979 185 553 -0.4050926 0.4243826
Stationary 1637.993 185 553 -0.4050926 0.4243826
Moved 1638.008 197.1296 543.0758 -0.3770148 0.3988574
Moved 1638.023 213.2112 531.9307 -0.3397889 0.3701921
Moved 1638.038 229.3591 520.2843 -0.3024095 0.3402373
Moved 1638.054 249.5724 507.3923 -0.2556195 0.3070788
Moved 1638.071 272.5916 491.9058 -0.2023342 0.2672472
Moved 1638.085 296.5 473.5 -0.1469907 0.2199073
Moved 1638.1 319.4832 454.454 -0.09378885 0.1709206
Moved 1638.116 347.9438 432.498 -0.02790784 0.1144494
Moved 1638.132 373 410 0.0300926 0.05658428
Moved 1638.146 387.6279 398.3348 0.0639535 0.0265813
Moved 1638.162 408.9034 382.6708 0.1132024 -0.01370677
Moved 1638.177 418.7075 377.8078 0.135897 -0.0262145
Moved 1638.192 427.6955 373.1522 0.1567026 -0.03818873
Moved 1638.207 432 371 0.1666667 -0.04372435
Moved 1638.224 436.3786 368.4142 0.1768024 -0.05037495
Moved 1638.238 439.4598 365.5402 0.1839348 -0.05776715
Moved 1638.255 443.3405 360.9892 0.1929179 -0.06947231
Moved 1638.27 445.1109 356.6674 0.1970159 -0.08058798
Moved 1638.286 446.5424 349.8303 0.2003297 -0.09817327
Moved 1638.301 447 345.0604 0.2013889 -0.1104413
Moved 1638.316 447 339.3257 0.2013889 -0.1251911
Moved 1638.331 447 338.1959 0.2013889 -0.128097
Moved 1638.353 432.8419 330.7526 0.1686155 -0.1472414
Stationary 1638.368 432.8419 330.7526 0.1686155 -0.1472414
Moved 1638.379 421.4305 327.2861 0.1422001 -0.1561573
Moved 1638.394 404.4471 325.7039 0.102887 -0.1602265
Moved 1638.408 382.9886 325 0.05321423 -0.1620371
Moved 1638.423 356.7022 325 -0.007633766 -0.1620371
Moved 1638.44 333.7329 325 -0.06080354 -0.1620371
Moved 1638.456 303.7393 325 -0.1302332 -0.1620371
Moved 1638.471 285.2585 333.0159 -0.1730126 -0.1414202
Moved 1638.486 263.9596 338.7601 -0.2223158 -0.1266458
Moved 1638.501 242.6393 344.0901 -0.2716683 -0.1129369
Moved 1638.517 225.4134 351.3278 -0.311543 -0.09432168
Moved 1638.53 210.971 357.5145 -0.3449746 -0.07840922
Moved 1638.547 200.7256 361.0915 -0.3686908 -0.06920912
Moved 1638.563 189.1384 365.4481 -0.3955129 -0.05800396
Moved 1638.578 181.4261 368.8296 -0.4133656 -0.04930669
Moved 1638.593 175.5723 370.3569 -0.4269161 -0.04537825
Moved 1638.609 172.405 372.595 -0.4342476 -0.03962206
Moved 1638.625 170.7707 374.2293 -0.4380308 -0.03541844
Moved 1638.639 169.3288 376.3425 -0.4413686 -0.02998336
Moved 1638.656 169 379.4783 -0.4421296 -0.0219181
Moved 1638.671 169 383.6459 -0.4421296 -0.01119896
Moved 1638.686 173.5656 389.6089 -0.4315611 0.004138005
Moved 1638.702 181.4394 397.5273 -0.4133347 0.02450421
Moved 1638.717 190 407.5 -0.3935185 0.05015428
Moved 1638.731 202.7467 415.81 -0.3640123 0.07152773
Moved 1638.747 217.0726 424.4435 -0.3308504 0.09373335
Moved 1638.763 231 432.5 -0.2986111 0.1144546
Moved 1638.779 248.8558 441.3839 -0.2572782 0.1373042
Moved 1638.793 269.011 451.5055 -0.2106226 0.1633371
Moved 1638.81 285.482 457.9509 -0.1724953 0.1799147
Moved 1638.825 301.5438 463.925 -0.1353152 0.1952804
Moved 1638.84 315.3848 469.0193 -0.1032759 0.2083829
Moved 1638.855 326.8623 473.3234 -0.07670771 0.219453
Moved 1638.871 336.5 479 -0.05439813 0.2340534
Moved 1638.887 344.9589 482.2991 -0.03481731 0.2425388
Moved 1638.906 352.4976 487.2985 -0.01736676 0.2553973
Moved 1638.919 358.6148 491.6148 -0.003206531 0.2664989
Moved 1638.933 363.9304 495.9478 0.009098153 0.2776435
Moved 1638.947 366.8428 498.8428 0.01583984 0.2850895
Ended 1638.964 369 498 0.02083332 0.2829217
Candidates 1639.148 12 what embassy ebay senate that rnase dynasty sunday welfare debate rnaseh delay
Began 1639.513 411 325 0.1180555 -0.1620371
Stationary 1639.533 411 325 0.1180555 -0.1620371
Moved 1639.548 411 342.5516 0.1180555 -0.1168939
Moved 1639.565 411 367.0511 0.1180555 -0.05388079
Moved 1639.579 411 390.7787 0.1180555 0.007146749
Moved 1639.595 419.1037 415.8382 0.1368142 0.07160025
Moved 1639.611 419.5532 429.9786 0.1378546 0.1079697
Moved 1639.626 420.7619 437.0475 0.1406524 0.1261509
Ended 1639.642 423.2639 442.5278 0.1464442 0.1402464
Accept 1639.701 0 what
Began 1639.947 383 503 0.05324075 0.2957818
Stationary 1639.965 383 503 0.05324075 0.2957818
Stationary 1639.98 383 503 0.05324075 0.2957818
Stationary 1639.995 383 503 0.05324075 0.2957818
Stationary 1640.01 383 503 0.05324075 0.2957818
Moved 1640.026 383 490.2769 0.05324075 0.2630578
Moved 1640.042 383 477.3177 0.05324075 0.2297266
Moved 1640.057 383 459.1188 0.05324075 0.1829186
Moved 1640.072 397.3489 446.0422 0.08645583 0.1492853
Moved 1640.088 405.0512 422.0558 0.1042852 0.08759196
Moved 1640.103 413.6566 402.1347 0.124205 0.03635465
Moved 1640.119 420.5962 389.246 0.140269 0.003204738
Moved 1640.134 426.6287 376.5856 0.154233 -0.0293581
Moved 1640.15 431.201 368.598 0.1648171 -0.04990228
Moved 1640.166 434.0749 361.8127 0.1714697 -0.06735413
Moved 1640.188 438.5418 353.3745 0.1818098 -0.0890574
Stationary 1640.199 438.5418 353.3745 0.1818098 -0.0890574
Moved 1640.211 439.9805 350.0389 0.1851401 -0.09763654
Moved 1640.226 440 348.5847 0.1851852 -0.1013768
Moved 1640.242 441 346.142 0.1875 -0.1076596
Moved 1640.259 442.2968 344.7031 0.1905019 -0.1113603
Moved 1640.273 442 343.2645 0.1898148 -0.1150605
Stationary 1640.289 442 343 0.1898148 -0.1157408
Stationary 1640.303 442 343 0.1898148 -0.1157408
Moved 1640.318 442 342 0.1898148 -0.1183128
Stationary 1640.334 442 342 0.1898148 -0.1183128
Stationary 1640.35 442 342 0.1898148 -0.1183128
Moved 1640.367 433.8045 349.171 0.1708438 -0.09986885
Moved 1640.38 426.5826 356.4174 0.1541264 -0.08123099
Moved 1640.396 418.8665 364.8224 0.136265 -0.05961304
Moved 1640.412 407.8157 380.2662 0.1106845 -0.01989153
Moved 1640.427 397.8143 393.0959 0.0875331 0.01310666
Moved 1640.442 387.6122 406.0817 0.06391724 0.0465063
Moved 1640.458 378.98 417.6934 0.04393518 0.07637177
Moved 1640.473 369.5478 429.2311 0.0221014 0.1060469
Moved 1640.488 359.505 440.7086 -0.0011458 0.1355672
Moved 1640.504 350.5 452.5 -0.02199074 0.165895
Moved 1640.519 339.8565 463.9372 -0.04662836 0.1953116
Moved 1640.535 329.3561 474.6439 -0.07093494 0.2228494
Moved 1640.551 319.2634 486.4133 -0.09429778 0.2531205
Moved 1640.566 310.3133 495.6868 -0.1150156 0.2769721
Moved 1640.581 304.3489 503.2014 -0.128822 0.2962998
Moved 1640.597 298.0259 510.9689 -0.1434585 0.3162781
Moved 1640.619 289.7964 519.2036 -0.1625084 0.3374578
Stationary 1640.63 289.7964 519.2036 -0.1625084 0.3374578
Moved 1640.642 286.0448 522.9553 -0.1711927 0.3471071
Moved 1640.659 284.5835 525.833 -0.1745752 0.3545087
Moved 1640.673 285 526.8581 -0.1736111 0.3571452
Ended 1640.689 285 529.6011 -0.1736111 0.3642001
Candidates 1640.886 12 the there hunter threw lhr hungry jr tune hunger higher tyler they
Began 1641.27 418 382 0.1342593 -0.01543218
Stationary 1641.29 418 382 0.1342593 -0.01543218
Moved 1641.305 418 406.6813 0.1342593 0.0480485
Moved 1641.321 418 427.63 0.1342593 0.101929
Moved 1641.336 418 441.823 0.1342593 0.1384335
Moved 1641.351 418 458.48 0.1342593 0.1812756
Moved 1641.368 418 470.4457 0.1342593 0.2120516
Moved 1641.383 423.0775 479.8029 0.1460128 0.2361184
Moved 1641.398 426.0724 489.5065 0.1529453 0.2610762
Moved 1641.415 427.5119 496.0477 0.1562776 0.2779003
Moved 1641.429 428 500.8561 0.1574074 0.2902676
Moved 1641.445 428 505.1726 0.1574074 0.3013698
Moved 1641.459 429.8514 512.4056 0.161693 0.3199731
Ended 1641.474 430 513 0.162037 0.321502
Accept 1641.501 0 the
Began 1641.949 272 347 -0.2037037 -0.1054527
Stationary 1641.97 272 347 -0.2037037 -0.1054527
Stationary 1641.99 272 347 -0.2037037 -0.1054527
Stationary 1642.002 272 347 -0.2037037 -0.1054527
Stationary 1642.014 272 347 -0.2037037 -0.1054527
Stationary 1642.029 272 347 -0.2037037 -0.1054527
Stationary 1642.045 272 347 -0.2037037 -0.1054527
Moved 1642.062 272 353.0291 -0.2037037 -0.08994576
Moved 1642.075 272 357.0034 -0.2037037 -0.07972395
Moved 1642.091 272 359.8842 -0.2037037 -0.07231449
Moved 1642.107 272 363.768 -0.2037037 -0.06232516
Moved 1642.122 283.9358 366.6524 -0.1760745 -0.05490636
Moved 1642.137 289.0361 369.5181 -0.1642682 -0.04753599
Moved 1642.152 297.2032 373.6016 -0.1453629 -0.03703294
Moved 1642.169 311 377.5 -0.113426 -0.02700625
Moved 1642.184 324.4682 381.9133 -0.08224944 -0.01565525
Moved 1642.2 342.0232 386.5058 -0.04161299 -0.003843111
Moved 1642.215 359.33 390.8325 -0.001550814 0.007285247
Moved 1642.23 377.5193 396.1598 0.04055401 0.02098704
Moved 1642.246 396.2074 403.883 0.08381347 0.04085125
Moved 1642.262 414.1277 411.6035 0.1252956 0.06070855
Moved 1642.276 431.3144 420.1572 0.1650795 0.08270867
Moved 1642.291 441.9891 428.991 0.1897896 0.1054294
Moved 1642.308 458.2574 443.3249 0.2274476 0.1422964
Moved 1642.323 474.0803 456.3384 0.2640747 0.1757674
Moved 1642.342 487.3328 469.3328 0.2947519 0.2091892
Moved 1642.354 500.3187 482.3187 0.3248118 0.2425892
Moved 1642.369 511.842 493.1503 0.3514861 0.2704483
Moved 1642.385 524.1583 502.9009 0.379996 0.2955269
Moved 1642.399 532.4048 510.2292 0.3990852 0.3143754
Moved 1642.415 539.3739 516.6991 0.4152174 0.3310161
Moved 1642.43 545.4577 520.2288 0.4293003 0.3400946
Moved 1642.447 548.1121 522.5561 0.4354447 0.3460804
Moved 1642.462 549 523 0.4375 0.3472221
Moved 1642.475 550.4323 524.4323 0.4408155 0.350906
Stationary 1642.491 550.4323 524.4323 0.4408155 0.350906
Moved 1642.509 550 524 0.4398148 0.3497942
Stationary 1642.523 550 524 0.4398148 0.3497942
Moved 1642.537 541.6755 524 0.4205452 0.3497942
Moved 1642.553 531.1275 510.0576 0.3961285 0.313934
Moved 1642.569 508.0496 488.3376 0.3427073 0.2580699
Moved 1642.585 478.9708 454.3649 0.2753953 0.1706916
Moved 1642.599 445.6555 412.073 0.1982765 0.06191603
Moved 1642.618 427.8247 387.9112 0.1570017 -0.0002285286
Moved 1642.631 402.2299 347.5677 0.0977543 -0.1039925
Moved 1642.646 387.2687 323.3116 0.06312191 -0.1663796
Moved 1642.662 376.7972 305.6523 0.03888239 -0.2117995
Moved 1642.682 366.6665 288.2854 0.01543164 -0.2564676
Moved 1642.693 361.3626 280.6345 0.003154079 -0.2761458
Moved 1642.708 354.2401 267.8322 -0.01333306 -0.3090736
Moved 1642.724 348.5 262 -0.02662038 -0.3240741
Moved 1642.738 344.5093 257.382 -0.0358581 -0.3359518
Moved 1642.754 340.0444 253.0444 -0.04619345 -0.347108
Moved 1642.77 336.7205 251.2401 -0.05388777 -0.3517488
Moved 1642.785 332.4207 251 -0.063841 -0.3523664
Moved 1642.799 328.0956 251 -0.07385269 -0.3523664
Moved 1642.817 322.714 259.572 -0.08631021 -0.3303189
Moved 1642.831 317 266.5 -0.09953702 -0.3125
Moved 1642.847 310.3808 282.2028 -0.1148592 -0.2721123
Moved 1642.862 304.6093 300.2698 -0.1282192 -0.2256436
Moved 1642.877 300.9331 321.4681 -0.1367288 -0.1711212
Moved 1642.893 299.0279 339.6649 -0.1411391 -0.1243189
Moved 1642.908 299 361.3438 -0.1412037 -0.06856031
Moved 1642.923 299 384.4559 -0.1412037 -0.009115595
Moved 1642.939 310.3775 411.0193 -0.1148669 0.0592059
Moved 1642.955 311.8037 426.2864 -0.1115655 0.09847327
Moved 1642.97 320.946 453.838 -0.09040281 0.1693364
Moved 1642.991 333.6952 486.738 -0.06089076 0.2539557
Stationary 1643.002 333.6952 486.738 -0.06089076 0.2539557
Moved 1643.017 339.4464 498.8927 -0.04757792 0.2852178
Moved 1643.032 343.5 508.5 -0.03819446 0.3099279
Moved 1643.047 345.9895 513.9843 -0.03243163 0.3240336
Moved 1643.063 347.0504 517.1514 -0.02997582 0.3321794
Moved 1643.079 347 521.5 -0.0300926 0.3433641
Moved 1643.094 348.9492 521.9492 -0.02558053 0.3445196
Moved 1643.109 349 523.3879 -0.02546296 0.3482199
Moved 1643.124 350.8248 523 -0.02123882 0.3472221
Moved 1643.139 354.7986 523 -0.01204024 0.3472221
Moved 1643.155 363.9718 523 0.009194017 0.3472221
Moved 1643.17 372.9385 516.0615 0.02995024 0.3293762
Moved 1643.185 386.6621 511.2014 0.06171793 0.3168758
Moved 1643.2 403.0182 506.2252 0.0995792 0.304077
Moved 1643.217 417.2126 502.7305 0.1324365 0.2950887
Moved 1643.231 433.699 500.4301 0.1705996 0.289172
Moved 1643.247 450.1089 498.9909 0.2085854 0.2854703
Moved 1643.264 464.4775 499 0.2418461 0.2854938
Moved 1643.278 477.9274 499 0.2729802 0.2854938
Moved 1643.297 487.9032 499 0.2960722 0.2854938
Moved 1643.312 497.8074 499 0.3189986 0.2854938
Moved 1643.324 503.4095 499 0.3319665 0.2854938
Moved 1643.339 506.5747 499 0.3392934 0.2854938
Moved 1643.354 509.4458 499 0.3459393 0.2854938
Moved 1643.371 511 499 0.349537 0.2854938
Stationary 1643.386 511.3069 499 0.3502473 0.2854938
Stationary 1643.401 511 499 0.349537 0.2854938
Stationary 1643.417 511 499 0.349537 0.2854938
Stationary 1643.432 511 499 0.349537 0.2854938
Moved 1643.447 503.5815 499 0.3323646 0.2854938
Moved 1643.464 498 499 0.3194444 0.2854938
Moved 1643.479 489.3381 495.1691 0.2993938 0.2756405
Moved 1643.494 476.5951 489.4867 0.2698961 0.2610254
Moved 1643.51 467.7274 484.1819 0.2493688 0.2473813
Moved 1643.524 444.7868 472.3934 0.1962657 0.2170611
Moved 1643.54 427.6544 462.4651 0.1566075 0.1915253
Moved 1643.556 410.3531 450.3726 0.1165581 0.1604233
Moved 1643.575 396.7841 439.0303 0.08514831 0.1312506
Moved 1643.586 384.8243 430.1967 0.05746365 0.1085304
Moved 1643.602 376.3867 424.632 0.03793219 0.09421815
Moved 1643.617 368.9721 419.2658 0.02076874 0.08041613
Moved 1643.632 361.185 414.4567 0.002743105 0.06804693
Moved 1643.648 354.6893 410.8447 -0.01229336 0.05875674
Moved 1643.666 349 408 -0.02546296 0.05144025
Moved 1643.679 344.1812 407.0453 -0.03661747 0.04898475
Moved 1643.694 339.8073 407 -0.04674241 0.04886827
Moved 1643.711 336.3209 407 -0.05481283 0.04886827
Moved 1643.725 333.1083 407 -0.06224931 0.04886827
Moved 1643.74 328.8038 407 -0.07221352 0.04886827
Moved 1643.755 324.5014 413.6628 -0.0821726 0.06600517
Moved 1643.771 320.1757 418.8243 -0.09218583 0.07928047
Moved 1643.786 314.8557 422.4295 -0.1045007 0.08855317
Moved 1643.801 310.5469 426.4531 -0.1144748 0.09890202
Moved 1643.817 306.2278 430.7722 -0.1244727 0.1100107
Moved 1643.833 303.4719 433.5281 -0.1308522 0.117099
Moved 1643.854 299.6397 437.3604 -0.139723 0.1269556
Moved 1643.865 297.4483 440.5516 -0.1447955 0.1351636
Moved 1643.879 296.0109 442.9782 -0.1481229 0.1414048
Moved 1643.894 294.5608 444.8785 -0.1514797 0.1462923
Moved 1643.91 294 446.873 -0.1527778 0.1514224
Moved 1643.925 292.6852 448.3148 -0.1558213 0.1551307
Moved 1643.941 293 449.5 -0.1550926 0.158179
Moved 1643.957 293 451 -0.1550926 0.162037
Moved 1643.973 293 452.3339 -0.1550926 0.1654677
Moved 1643.986 293 455.5495 -0.1550926 0.1737384
Ended 1644.003 293 457 -0.1550926 0.1774691
Candidates 1644.218 12 doctors doctor consider focus concept concepts victor sponsor consist sponsored victory alongside
Began 1644.847 445 383 0.1967593 -0.01286016
Stationary 1644.867 445 383 0.1967593 -0.01286016
Stationary 1644.882 445 383 0.1967593 -0.01286016
Moved 1644.896 433.1042 383 0.1692227 -0.01286016
Moved 1644.92 410.821 383 0.1176411 -0.01286016
Stationary 1644.931 410.821 383 0.1176411 -0.01286016
Moved 1644.943 400.3663 383 0.09344041 -0.01286016
Moved 1644.958 391.5 383 0.07291664 -0.01286016
Moved 1644.972 381.5368 383 0.04985372 -0.01286016
Moved 1644.989 371.4853 383 0.02658635 -0.01286016
Moved 1645.005 362.7071 383 0.006266335 -0.01286016
Moved 1645.02 355.513 383 -0.01038651 -0.01286016
Moved 1645.034 350 383 -0.02314816 -0.01286016
Moved 1645.05 347.067 383 -0.02993762 -0.01286016
Moved 1645.066 338.3531 371.4709 -0.05010843 -0.04251323
Ended 1645.082 338.3531 371.4709 -0.05010843 -0.04251323
Accept 1645.139 1 doctor
Began 1645.878 514 446 0.3564815 0.1491768
Stationary 1645.896 514 446 0.3564815 0.1491768
Stationary 1645.912 514 446 0.3564815 0.1491768
Stationary 1645.932 514 446 0.3564815 0.1491768
Moved 1645.942 514 456.377 0.3564815 0.1758666
Moved 1645.958 514 458.7476 0.3564815 0.1819638
Moved 1645.974 514 461.3663 0.3564815 0.1886992
Moved 1645.989 514 464 0.3564815 0.1954732
Moved 1646.007 504.7968 464.7344 0.3351779 0.197362
Moved 1646.022 499.2933 468.53 0.3224383 0.2071243
Moved 1646.036 493.5398 471.2301 0.3091199 0.2140691
Moved 1646.051 486.723 473.0554 0.2933402 0.2187639
Moved 1646.066 479.5532 475.9788 0.2767435 0.2262828
Moved 1646.081 473.264 477.934 0.2621852 0.2313118
Moved 1646.096 463.4446 480.7301 0.2394552 0.2385033
Moved 1646.116 459.3162 481.3367 0.2298986 0.2400636
Moved 1646.128 447.7267 483 0.203071 0.2443414
Moved 1646.142 436.2666 483 0.1765431 0.2443414
Moved 1646.16 425.5589 483 0.1517566 0.2443414
Moved 1646.181 398.1025 484 0.08820037 0.2469135
Stationary 1646.192 398.1025 484 0.08820037 0.2469135
Moved 1646.206 385.1117 484 0.05812903 0.2469135
Moved 1646.223 375.4268 484 0.03571033 0.2469135
Moved 1646.236 360.2464 484 0.0005704165 0.2469135
Moved 1646.251 346.9783 484 -0.03014281 0.2469135
Moved 1646.268 337.158 484 -0.05287493 0.2469135
Moved 1646.283 327.071 484 -0.07622445 0.2469135
Moved 1646.298 314.1479 485.428 -0.1061391 0.2505864
Moved 1646.315 304.9193 485 -0.1275016 0.2494856
Moved 1646.33 299.0979 485 -0.1409771 0.2494856
Moved 1646.345 291.9398 485 -0.1575466 0.2494856
Moved 1646.36 286.4406 485 -0.1702764 0.2494856
Moved 1646.375 280.8349 485 -0.1832526 0.2494856
Moved 1646.391 278.5354 485 -0.1885755 0.2494856
Moved 1646.412 274.5 485 -0.1979167 0.2494856
Stationary 1646.422 274.5 485 -0.1979167 0.2494856
Stationary 1646.437 274.5 485 -0.1979167 0.2494856
Moved 1646.452 272.8793 485 -0.2016683 0.2494856
Moved 1646.468 272.4398 485 -0.2026855 0.2494856
Moved 1646.483 271.5 485 -0.2048611 0.2494856
Moved 1646.499 268.3486 469.1772 -0.212156 0.2087891
Moved 1646.515 265.3723 453.6132 -0.2190456 0.1687582
Moved 1646.529 261.0579 428.3474 -0.2290327 0.103774
Moved 1646.546 257.5 411.5 -0.2372685 0.06044234
Moved 1646.561 252.4846 389.9382 -0.2488783 0.004985165
Moved 1646.575 249.3789 372.2731 -0.2560675 -0.04044976
Moved 1646.591 246.4933 359.4664 -0.262747 -0.07338904
Moved 1646.608 243.6303 351.0757 -0.2693743 -0.09497003
Moved 1646.621 242.3731 344.4923 -0.2722845 -0.1119026
Moved 1646.641 240.935 339.8048 -0.2756135 -0.1239589
Moved 1646.653 239.5 337 -0.2789352 -0.1311728
Moved 1646.668 239 337 -0.2800926 -0.1311728
Moved 1646.683 237.9707 335.9707 -0.2824752 -0.1338203
Stationary 1646.698 237.9707 335.9707 -0.2824752 -0.1338203
Moved 1646.715 236.0939 336 -0.2868196 -0.1337449
Moved 1646.729 234.6524 345.433 -0.2901565 -0.109483
Moved 1646.745 232.4248 355.0884 -0.295313 -0.08464931
Moved 1646.76 229.5345 369.3275 -0.3020035 -0.04802601
Moved 1646.775 228.7204 382.3547 -0.3038879 -0.01451995
Moved 1646.792 228 400.2009 -0.3055556 0.03138079
Moved 1646.807 226.7546 419.4361 -0.3084385 0.08085411
Moved 1646.822 227 436.1286 -0.3078704 0.1237875
Moved 1646.838 227 450.0604 -0.3078704 0.1596202
Moved 1646.857 227 462.5 -0.3078704 0.1916151
Moved 1646.869 236.9708 480.8392 -0.2847899 0.2387838
Moved 1646.884 240.2235 490.6705 -0.2772605 0.2640703
Moved 1646.9 244.5 505 -0.2673611 0.3009258
Moved 1646.915 248.9336 518.8007 -0.2570982 0.3364215
Moved 1646.929 251.8162 528.8567 -0.2504255 0.3622856
Moved 1646.946 254.7028 535.2571 -0.2437435 0.3787475
Moved 1646.964 256.2896 541.1582 -0.2400705 0.3939254
Moved 1646.976 257.7278 544.9111 -0.2367413 0.4035777
Moved 1646.992 258.8526 547.7051 -0.2341375 0.4107642
Moved 1647.008 259 550.4802 -0.2337963 0.4179015
Moved 1647.023 260 552.3592 -0.2314815 0.4227345
Moved 1647.037 261.1154 554.1154 -0.2288995 0.4272515
Moved 1647.053 261 555.5556 -0.2291666 0.4309557
Moved 1647.072 262.99 556 -0.2245601 0.4320986
Moved 1647.083 264.4373 557.4373 -0.22121 0.4357955
Moved 1647.1 268.6596 557 -0.2114361 0.4346707
Moved 1647.116 277.9238 557 -0.1899913 0.4346707
Moved 1647.13 286.5721 557 -0.169972 0.4346707
Moved 1647.145 295.2179 548.1304 -0.1499585 0.4118578
Moved 1647.163 302.539 546.6922 -0.1330116 0.4081589
Moved 1647.176 308.9811 546 -0.1180992 0.4063785
Moved 1647.192 313.5628 544.8124 -0.1074936 0.403324
Moved 1647.208 317.5 545 -0.09837966 0.4038065
Moved 1647.223 319.4201 544.2899 -0.09393489 0.4019802
Moved 1647.238 321.1483 544 -0.08993447 0.4012345
Moved 1647.252 322 543 -0.08796295 0.3986624
Stationary 1647.27 322 543 -0.08796295 0.3986624
Moved 1647.29 322 541.7508 -0.08796295 0.3954495
Stationary 1647.301 322 541.7508 -0.08796295 0.3954495
Moved 1647.317 322 540.8242 -0.08796295 0.3930663
Moved 1647.33 322 539.0295 -0.08796295 0.3884502
Moved 1647.346 313.6992 537.0777 -0.1071777 0.3834303
Moved 1647.362 308.9075 535.6358 -0.1182697 0.3797216
Moved 1647.377 303.8063 532.4031 -0.130078 0.3714072
Moved 1647.392 299.269 528.269 -0.140581 0.3607742
Moved 1647.408 292.9672 523.2896 -0.1551685 0.3479669
Moved 1647.423 287.537 517.537 -0.1677383 0.3331713
Moved 1647.439 284.511 513.348 -0.1747431 0.322397
Moved 1647.454 280.0009 507.3345 -0.1851832 0.3069302
Moved 1647.469 276.7889 502.6833 -0.1926183 0.2949674
Moved 1647.488 273.9209 497.8418 -0.1992572 0.2825148
Moved 1647.5 271.971 492.9131 -0.2037707 0.2698382
Moved 1647.518 269.0644 490.0644 -0.2104991 0.2625113
Moved 1647.53 266.1777 486.1777 -0.2171813 0.2525147
Moved 1647.547 264.016 483.024 -0.2221852 0.2444032
Moved 1647.564 259.6794 478.6794 -0.2322235 0.2332289
Moved 1647.578 257.2619 471.5238 -0.2378197 0.2148246
Moved 1647.593 254.3611 463.0833 -0.2445345 0.1931154
Moved 1647.608 252.2417 454.2085 -0.2494405 0.1702893
Moved 1647.623 252 442.1642 -0.25 0.1393112
Moved 1647.639 252 432.5292 -0.25 0.1145297
Moved 1647.654 252 424.3071 -0.25 0.09338249
Moved 1647.669 252 414.6365 -0.25 0.06850953
Moved 1647.691 265.1975 395.5392 -0.2194502 0.01939083
Stationary 1647.703 265.1975 395.5392 -0.2194502 0.01939083
Moved 1647.716 268 390 -0.212963 0.005143954
Moved 1647.731 269.9095 386.1357 -0.2085427 -0.004795137
Moved 1647.747 271.3936 381.8192 -0.2051074 -0.01589708
Moved 1647.764 274 378.5 -0.199074 -0.02443423
Ended 1647.78 276 378.5 -0.1944444 -0.02443423
Candidates 1648.007 12 used users parts ordered posted lysates orders uses leaders passed listed posters
Began 1649.013 413 412 0.1226852 0.06172835
Stationary 1649.026 413 412 0.1226852 0.06172835
Stationary 1649.041 413 412 0.1226852 0.06172835
Stationary 1649.057 413 412 0.1226852 0.06172835
Moved 1649.076 413 397.9536 0.1226852 0.02560066
Moved 1649.087 413 387.8184 0.1226852 -0.0004672219
Moved 1649.102 402.3489 368.163 0.09802977 -0.05102126
Moved 1649.119 398.0327 353.7758 0.08803874 -0.08802523
Moved 1649.134 396.2947 347.5316 0.08401563 -0.1040853
Moved 1649.149 393.2042 337.5104 0.07686147 -0.1298601
Moved 1649.165 390.3268 330.3169 0.07020086 -0.148362
Moved 1649.18 389.2246 327.6738 0.06764948 -0.1551601
Ended 1649.196 387.7718 325.7718 0.06428659 -0.160052
Accept 1649.223 3 ordered
PhraseEnd 1650.348
