no exchange without a bill
no exchange without a bill
Basic
0.6 0.6
432 388.8
Began 1605.399 447 218 0.2013889 -0.4372429
Stationary 1605.417 447 218 0.2013889 -0.4372429
Stationary 1605.43 447 218 0.2013889 -0.4372429
Stationary 1605.446 447 218 0.2013889 -0.4372429
Stationary 1605.462 447 218 0.2013889 -0.4372429
Stationary 1605.478 447 218 0.2013889 -0.4372429
Stationary 1605.493 447 218 0.2013889 -0.4372429
Stationary 1605.508 447 218 0.2013889 -0.4372429
Stationary 1605.523 447 218 0.2013889 -0.4372429
Moved 1605.539 447 230.9329 0.2013889 -0.4039793
Moved 1605.555 447 235.5048 0.2013889 -0.3922203
Moved 1605.571 447 238.3788 0.2013889 -0.3848282
Moved 1605.585 451.4568 242.2733 0.2117055 -0.3748114
Moved 1605.601 454 244.0856 0.2175926 -0.3701503
Moved 1605.617 455.5 247 0.2210648 -0.3626543
Moved 1605.632 455 247.6405 0.2199073 -0.361007
Stationary 1605.648 455 248 0.2199073 -0.3600824
Moved 1605.664 456 249.5253 0.2222222 -0.3561593
Moved 1605.678 456 250.9153 0.2222222 -0.3525842
Moved 1605.693 456 252.3575 0.2222222 -0.3488746
Moved 1605.711 456 253.7948 0.2222222 -0.3451781
Moved 1605.725 456 255.2341 0.2222222 -0.341476
Moved 1605.741 456 256.2362 0.2222222 -0.3388987
Moved 1605.756 456 260.2665 0.2222222 -0.3285327
Moved 1605.772 456 264.6137 0.2222222 -0.3173515
Moved 1605.788 456 274.5036 0.2222222 -0.2919147
Moved 1605.801 456 283.4805 0.2222222 -0.2688258
Moved 1605.819 456 294.6721 0.2222222 -0.2400411
Moved 1605.833 456 310.5933 0.2222222 -0.1990915
Moved 1605.849 457.0745 323.8939 0.2247095 -0.1648821
Moved 1605.865 461.5 345.5 0.2349537 -0.1093108
Moved 1605.879 464.9416 363.7081 0.2429204 -0.06247932
Moved 1605.895 469.2579 381.0316 0.2529118 -0.01792303
Moved 1605.91 475.4095 396.5239 0.2671517 0.02192344
Moved 1605.925 482.5108 414.9281 0.2835898 0.06925943
Moved 1605.94 488.2026 429.8737 0.2967654 0.1076997
Moved 1605.955 492.5067 439.0135 0.3067286 0.1312074
Moved 1605.971 500.6881 457.9389 0.325667 0.179884
Moved 1605.987 504.889 468.6669 0.3353912 0.2074765
Moved 1606.003 509.5073 480.1837 0.3460816 0.2370979
Moved 1606.018 513.2021 488.4044 0.3546346 0.2582416
Moved 1606.033 515.0405 496.2432 0.3588901 0.2784032
Moved 1606.049 517.9583 501.9164 0.3656441 0.2929948
Moved 1606.067 517.6719 505.3438 0.3649812 0.30181
Moved 1606.079 518.9948 509.979 0.3680434 0.313732
Moved 1606.093 519 511.4175 0.3680556 0.3174317
Moved 1606.11 519.8673 514.7347 0.3700632 0.3259636
Moved 1606.125 520 516.3091 0.3703704 0.330013
Moved 1606.14 520.7469 518.7469 0.3720994 0.3362832
Moved 1606.155 521 520.1891 0.3726852 0.3399924
Stationary 1606.171 521 520 0.3726852 0.3395061
Ended 1606.186 522 522 0.375 0.3446501
Candidates 1606.245 12 no mo mi bp bmi bmp mmp mp boi hmo clip bio
Began 1606.647 428 330 0.1574074 -0.149177
Stationary 1606.667 428 330 0.1574074 -0.149177
Moved 1606.679 428 354.2866 0.1574074 -0.08671152
Moved 1606.696 428 375.81 0.1574074 -0.03135296
Moved 1606.715 428 397.6953 0.1574074 0.02493627
Moved 1606.726 428 414.5836 0.1574074 0.06837346
Moved 1606.742 428 427.7738 0.1574074 0.1022989
Moved 1606.757 428 436.5 0.1574074 0.1247428
Moved 1606.772 428 438.1787 0.1574074 0.1290604
Moved 1606.788 428 440.1691 0.1574074 0.1341798
Ended 1606.803 435 443 0.1736111 0.1414608
Accept 1606.849 0 no
Began 1607.604 292 489 -0.1574074 0.2597736
Stationary 1607.621 292 489 -0.1574074 0.2597736
Stationary 1607.635 292 489 -0.1574074 0.2597736
Stationary 1607.65 292 489 -0.1574074 0.2597736
Stationary 1607.666 292 489 -0.1574074 0.2597736
Stationary 1607.681 292 489 -0.1574074 0.2597736
Stationary 1607.697 292 489 -0.1574074 0.2597736
Stationary 1607.713 292 489 -0.1574074 0.2597736
Stationary 1607.727 292 489 -0.1574074 0.2597736
Stationary 1607.743 292 489 -0.1574074 0.2597736
Stationary 1607.76 292 489 -0.1574074 0.2597736
Moved 1607.774 292 482.9777 -0.1574074 0.244284
Moved 1607.789 292 476.9075 -0.1574074 0.2286715
Moved 1607.806 292 472.5709 -0.1574074 0.2175176
Moved 1607.821 292 462.5551 -0.1574074 0.1917569
Moved 1607.836 292 456.8909 -0.1574074 0.1771886
Moved 1607.852 292 445.1776 -0.1574074 0.1470615
Moved 1607.868 292 435.6146 -0.1574074 0.1224654
Moved 1607.883 292 425.517 -0.1574074 0.09649441
Moved 1607.898 297.4966 411.933 -0.1446839 0.06155614
Moved 1607.913 301.4523 401.4169 -0.1355271 0.03450849
Moved 1607.928 304.0102 389.9694 -0.129606 0.005065188
Moved 1607.944 305.8129 382.1229 -0.1254331 -0.01511609
Moved 1607.961 309.5483 375.0861 -0.1167863 -0.03321471
Moved 1607.975 312.2453 364.2642 -0.1105434 -0.06104889
Moved 1607.99 316.1808 356.6986 -0.1014333 -0.08050777
Moved 1608.006 319.5016 347.9969 -0.09374639 -0.1028887
Moved 1608.021 322.8759 339.3723 -0.08593539 -0.1250712
Moved 1608.036 325.769 330.6931 -0.07923846 -0.1473945
Moved 1608.052 327.2438 323.6468 -0.07582461 -0.1655176
Moved 1608.068 328 316.4803 -0.07407407 -0.1839498
Moved 1608.084 328 307.9459 -0.07407407 -0.2059006
Moved 1608.098 329 301.0834 -0.07175927 -0.2235511
Moved 1608.114 329 293.9038 -0.07175927 -0.2420169
Moved 1608.129 329 290.3465 -0.07175927 -0.2511665
Moved 1608.144 329 283.4532 -0.07175927 -0.2688962
Moved 1608.161 329 275 -0.07175927 -0.2906379
Moved 1608.179 320.3605 269.442 -0.09175807 -0.3049331
Moved 1608.19 317.8394 263.6789 -0.09759387 -0.319756
Moved 1608.207 316.4809 259.9617 -0.1007387 -0.3293166
Moved 1608.222 316 257.0732 -0.1018519 -0.3367458
Moved 1608.237 314.5978 254.1957 -0.1050976 -0.344147
Moved 1608.252 315 253.1538 -0.1041667 -0.3468267
Moved 1608.269 313.7255 253 -0.107117 -0.3472223
Stationary 1608.283 314 253 -0.1064815 -0.3472223
Stationary 1608.299 314 253 -0.1064815 -0.3472223
Moved 1608.314 314 267.3021 -0.1064815 -0.3104369
Moved 1608.329 319.1541 277.6268 -0.0945506 -0.2838818
Moved 1608.345 324.5228 289.3942 -0.08212318 -0.253616
Moved 1608.361 329.8497 301.9326 -0.06979227 -0.2213668
Moved 1608.375 333.1211 310.3027 -0.06221975 -0.1998389
Moved 1608.391 336.373 316.7461 -0.05469203 -0.1832663
Moved 1608.406 340.805 327.0082 -0.04443298 -0.1568718
Moved 1608.422 344.0748 332.1122 -0.03686398 -0.1437444
Moved 1608.437 345.4805 336.4415 -0.03361002 -0.1326095
Moved 1608.452 346.9207 339.7621 -0.03027618 -0.1240688
Moved 1608.468 348.3595 340 -0.02694552 -0.1234569
Moved 1608.483 348 341.5 -0.0277778 -0.1195988
Stationary 1608.499 348 341.5 -0.0277778 -0.1195988
Moved 1608.514 348 341 -0.0277778 -0.1208849
Moved 1608.53 342.7013 341 -0.04004325 -0.1208849
Moved 1608.545 335.0148 341 -0.05783612 -0.1208849
Moved 1608.561 316.4196 335.2518 -0.1008806 -0.1356694
Moved 1608.576 293.7127 326.5977 -0.1534428 -0.1579278
Moved 1608.591 272.5 319.5 -0.2025463 -0.1761832
Moved 1608.608 250.1002 315.0934 -0.2543978 -0.1875171
Moved 1608.623 229.8383 311.8451 -0.3013003 -0.1958717
Moved 1608.638 213 312 -0.3402778 -0.1954732
Moved 1608.653 198.4044 312 -0.3740639 -0.1954732
Moved 1608.668 185.3486 312 -0.4042856 -0.1954732
Moved 1608.684 177.7809 312 -0.4218035 -0.1954732
Moved 1608.699 170.5874 320.9777 -0.4384552 -0.1723825
Moved 1608.715 166 320.5 -0.4490741 -0.1736112
Moved 1608.729 162.3751 321 -0.4574651 -0.1723252
Moved 1608.744 159.4904 322.2548 -0.4641426 -0.1690977
Stationary 1608.762 159.4904 322.2548 -0.4641426 -0.1690977
Moved 1608.776 158.6266 322 -0.4661422 -0.1697531
Moved 1608.796 157.713 322 -0.468257 -0.1697531
Stationary 1608.808 157.713 322 -0.468257 -0.1697531
Moved 1608.822 158 323.1502 -0.4675925 -0.1667948
Stationary 1608.837 158 323.1502 -0.4675925 -0.1667948
Stationary 1608.853 158 323.1502 -0.4675925 -0.1667948
Stationary 1608.867 158 323 -0.4675925 -0.1671811
Moved 1608.883 158 324.5 -0.4675925 -0.163323
Moved 1608.898 158 325.1757 -0.4675925 -0.1615852
Moved 1608.916 157 325.7971 -0.4699074 -0.1599871
Moved 1608.931 155.7631 327.2369 -0.4727707 -0.1562837
Moved 1608.946 156 328.2515 -0.4722222 -0.1536743
Moved 1608.961 156 329.7821 -0.4722222 -0.1497375
Moved 1608.976 156 331.2262 -0.4722222 -0.1460232
Moved 1608.992 156 332.5 -0.4722222 -0.142747
Moved 1609.009 156 333.0488 -0.4722222 -0.1413355
Moved 1609.022 156 334.5447 -0.4722222 -0.1374881
Moved 1609.038 156 335.9806 -0.4722222 -0.1337948
Moved 1609.054 156 337.0444 -0.4722222 -0.1310588
Moved 1609.069 167.9587 339.9897 -0.4445401 -0.1234833
Moved 1609.085 171.6741 341.9348 -0.4359395 -0.1184805
Moved 1609.1 178.8686 344.7474 -0.4192857 -0.1112464
Moved 1609.118 194.1583 347.6317 -0.3838929 -0.1038281
Moved 1609.131 207.2546 350.501 -0.3535773 -0.0964481
Moved 1609.146 222.3137 353.3856 -0.3187183 -0.08902875
Moved 1609.161 234.578 354 -0.2903286 -0.08744855
Moved 1609.176 251.015 355.2512 -0.2522801 -0.0842304
Moved 1609.193 265.5796 356 -0.2185657 -0.0823046
Moved 1609.21 279.1586 356 -0.1871328 -0.0823046
Moved 1609.223 292.5626 356 -0.1561052 -0.0823046
Moved 1609.239 305.1599 356 -0.1269448 -0.0823046
Moved 1609.254 312.3027 357.4605 -0.1104104 -0.07854807
Moved 1609.27 320.3 357 -0.09189819 -0.07973259
Moved 1609.289 328.9234 357 -0.07193655 -0.07973259
Moved 1609.301 337.5424 357 -0.05198524 -0.07973259
Moved 1609.316 344.3332 357 -0.03626585 -0.07973259
Moved 1609.331 351.5267 357 -0.01961405 -0.07973259
Moved 1609.346 357.7596 357 -0.005186101 -0.07973259
Moved 1609.362 366.148 348.6606 0.0142316 -0.1011817
Moved 1609.378 371 347 0.025463 -0.1054527
Moved 1609.393 378.863 343.6822 0.04366447 -0.1139862
Moved 1609.409 386.0224 339.3866 0.06023695 -0.1250345
Moved 1609.423 392.2271 334.4183 0.07459988 -0.1378132
Moved 1609.438 399.4309 328.6553 0.09127517 -0.1526357
Moved 1609.453 405.1103 322.3621 0.1044221 -0.1688217
Moved 1609.471 410.8542 316.1459 0.117718 -0.1848101
Moved 1609.485 415.2068 310.3909 0.1277934 -0.1996118
Moved 1609.5 417.0296 306.9408 0.132013 -0.2084857
Moved 1609.517 420.8405 302.1595 0.1408343 -0.2207831
Moved 1609.531 422.3891 297.8328 0.1444192 -0.2319117
Moved 1609.547 424.8272 293.5183 0.1500631 -0.2430085
Moved 1609.562 427.538 290.462 0.156338 -0.2508695
Moved 1609.578 428.4084 288.5916 0.1583528 -0.2556803
Moved 1609.593 429 286.8571 0.1597223 -0.2601413
Moved 1609.609 430.1566 285.8433 0.1623996 -0.2627487
Moved 1609.624 430.6511 284.3489 0.1635442 -0.2665925
Moved 1609.64 431 282.908 0.1643519 -0.2702984
Moved 1609.655 432.5 283 0.167824 -0.2700618
Stationary 1609.67 432.5 283 0.167824 -0.2700618
Moved 1609.685 432 282 0.1666667 -0.2726338
Moved 1609.7 433.5 282 0.1701389 -0.2726338
Stationary 1609.715 433.5 282 0.1701389 -0.2726338
Moved 1609.731 433 280.6783 0.1689814 -0.2760332
Stationary 1609.751 433 280.6783 0.1689814 -0.2760332
Stationary 1609.763 433 281 0.1689814 -0.2752058
Moved 1609.778 420.3611 292.9111 0.1397247 -0.2445701
Moved 1609.793 412.0057 300.9943 0.1203835 -0.22378
Moved 1609.809 402.6843 310.9322 0.09880633 -0.1982197
Moved 1609.824 394.5416 318.6786 0.07995744 -0.1782956
Moved 1609.839 386.1205 329.1727 0.06046404 -0.1513047
Moved 1609.855 377.0973 337.9027 0.03957709 -0.1288511
Moved 1609.871 369.8834 346.1399 0.02287825 -0.1076649
Moved 1609.886 364.1516 351.8484 0.009610256 -0.09298269
Moved 1609.901 357.3981 358.6019 -0.0060229 -0.07561248
Moved 1609.916 352.9813 364.3583 -0.01624708 -0.06080682
Moved 1609.934 348 367.5 -0.0277778 -0.05272634
Moved 1609.947 342.3067 372.6933 -0.04095668 -0.03936917
Moved 1609.962 336.5505 377.0871 -0.05428126 -0.02806816
Moved 1609.978 331.7615 380.4289 -0.06536698 -0.01947309
Moved 1609.994 327.255 383.4966 -0.07579859 -0.01158286
Moved 1610.009 322.9386 386.3743 -0.0857902 -0.00418141
Moved 1610.024 318.6127 389.2582 -0.09580394 0.003236056
Moved 1610.039 314.5 392 -0.1053241 0.01028803
Moved 1610.056 309.9871 394.342 -0.1157707 0.0163116
Moved 1610.072 305.7026 396.0991 -0.1256885 0.02083103
Moved 1610.087 301.3706 399.0862 -0.1357162 0.02851388
Moved 1610.102 297.0583 400.9805 -0.1456983 0.03338606
Moved 1610.117 292.7422 403.8385 -0.1556893 0.04073681
Moved 1610.138 287.4007 407.2997 -0.168054 0.0496391
Stationary 1610.149 287.4007 407.2997 -0.168054 0.0496391
Moved 1610.163 285.4577 408.2712 -0.1725517 0.05213772
Moved 1610.179 281.3657 409.8171 -0.1820238 0.05611395
Moved 1610.194 278.5004 411.2498 -0.1886564 0.05979887
Moved 1610.209 276.6047 413.3953 -0.1930446 0.065317
Moved 1610.225 274.8628 415.1372 -0.1970769 0.0697973
Moved 1610.241 272.8537 416.5732 -0.2017276 0.07349061
Moved 1610.256 270.9853 418.0148 -0.2060527 0.07719836
Moved 1610.278 270 423.7072 -0.2083333 0.09183943
Moved 1610.297 270 428.027 -0.2083333 0.1029501
Moved 1610.311 270 433.7421 -0.2083333 0.1176495
Moved 1610.323 270 438.5148 -0.2083333 0.1299249
Stationary 1610.334 270 438.5148 -0.2083333 0.1299249
Moved 1610.346 270 444.2971 -0.2083333 0.1447969
Moved 1610.364 270 448.5325 -0.2083333 0.1556905
Moved 1610.379 276.2363 452.5636 -0.1938974 0.1660586
Moved 1610.394 278.2838 458.135 -0.189158 0.1803883
Moved 1610.412 278 462.9391 -0.1898148 0.1927446
Moved 1610.426 278 467.5228 -0.1898148 0.2045338
Moved 1610.441 278 473.4495 -0.1898148 0.2197774
Moved 1610.457 278 479.2318 -0.1898148 0.2346496
Moved 1610.472 270.0133 483.9734 -0.2083026 0.2468453
Moved 1610.493 265.9577 492.0847 -0.2176906 0.2677074
Stationary 1610.504 265.9577 492.0847 -0.2176906 0.2677074
Moved 1610.518 264.5106 494.9789 -0.2210403 0.2751513
Moved 1610.533 264 497.8738 -0.2222222 0.282597
Moved 1610.548 264 502.2072 -0.2222222 0.2937428
Ended 1610.563 264 502.2072 -0.2222222 0.2937428
Candidates 1610.745 12 evans exchange advance revenge exchanges shame endangered event enhance change scans events
Began 1611.457 421 356 0.1412037 -0.0823046
Stationary 1611.473 421 356 0.1412037 -0.0823046
Moved 1611.488 411.1847 356 0.1184831 -0.0823046
Moved 1611.505 397.548 361.3766 0.08691669 -0.0684757
Moved 1611.52 382.2229 368.9331 0.05144199 -0.04904044
Moved 1611.535 367.9552 373.2134 0.01841486 -0.03803135
Moved 1611.55 350.6981 374 -0.02153228 -0.03600823
Moved 1611.567 333.3947 375.3004 -0.0615864 -0.03266362
Moved 1611.58 323.9621 375 -0.08342102 -0.03343629
Moved 1611.596 311.0933 375 -0.1132099 -0.03343629
Moved 1611.611 303.5873 375 -0.1305848 -0.03343629
Moved 1611.627 299.5558 375 -0.1399172 -0.03343629
Moved 1611.643 297.8333 375 -0.1439043 -0.03343629
Ended 1611.66 296.5 375 -0.1469907 -0.03343629
Accept 1611.715 1 exchange
Began 1612.149 271 492 -0.2060186 0.2674896
Stationary 1612.168 271 492 -0.2060186 0.2674896
Stationary 1612.183 271 492 -0.2060186 0.2674896
Stationary 1612.195 271 492 -0.2060186 0.2674896
Stationary 1612.211 271 492 -0.2060186 0.2674896
Stationary 1612.226 271 492 -0.2060186 0.2674896
Stationary 1612.243 271 492 -0.2060186 0.2674896
Stationary 1612.26 271 492 -0.2060186 0.2674896
Moved 1612.274 259.141 492 -0.2334699 0.2674896
Moved 1612.289 260.1252 498.1238 -0.2311917 0.2832401
Moved 1612.304 258.6861 501.6278 -0.2345229 0.2922525
Moved 1612.32 258 504.5039 -0.2361111 0.2996499
Moved 1612.335 256.8053 506.1947 -0.2388767 0.3039986
Moved 1612.351 256.3678 509.6322 -0.2398893 0.3128399
Moved 1612.366 256 511.0689 -0.2407407 0.3165352
Moved 1612.382 256 513.276 -0.2407407 0.3222118
Moved 1612.397 256 516.2488 -0.2407407 0.3298581
Moved 1612.413 256 519.1203 -0.2407407 0.3372435
Moved 1612.428 260.0269 522.0067 -0.2314193 0.3446674
Moved 1612.448 267.7849 524.8925 -0.2134608 0.3520896
Moved 1612.459 273.5244 529.1433 -0.200175 0.3630228
Moved 1612.474 286.3636 533.2727 -0.1704546 0.3736437
Moved 1612.491 297.3073 536.7922 -0.1451221 0.3826959
Moved 1612.504 318.1792 538.3453 -0.09680748 0.3866904
Moved 1612.521 337.8265 540 -0.05132744 0.3909464
Moved 1612.535 359.4786 540 -0.001206845 0.3909464
Moved 1612.55 377.9936 540 0.04165182 0.3909464
Moved 1612.568 396.1995 540 0.08379519 0.3909464
Moved 1612.582 411.6205 540 0.1194918 0.3909464
Moved 1612.598 422.5866 540 0.1448763 0.3909464
Moved 1612.613 433.7357 540 0.1706846 0.3909464
Moved 1612.628 443.6929 540 0.1937336 0.3909464
Moved 1612.644 453.7258 540 0.2169579 0.3909464
Moved 1612.659 461.0572 540 0.2339287 0.3909464
Moved 1612.675 470.2356 540 0.2551751 0.3909464
Moved 1612.69 476.156 540 0.2688797 0.3909464
Moved 1612.705 481 540 0.2800926 0.3909464
Moved 1612.72 484.4973 540 0.2881882 0.3909464
Moved 1612.736 488.8134 540 0.2981791 0.3909464
Moved 1612.759 494.2964 540 0.3108713 0.3909464
Stationary 1612.771 494.2964 540 0.3108713 0.3909464
Moved 1612.783 495 540 0.3125 0.3909464
Stationary 1612.799 495 540 0.3125 0.3909464
Stationary 1612.813 495 540 0.3125 0.3909464
Moved 1612.828 490.0979 540 0.3011526 0.3909464
Moved 1612.844 474.1995 540 0.2643506 0.3909464
Moved 1612.86 456.8855 540 0.224272 0.3909464
Moved 1612.875 435.0014 540 0.1736144 0.3909464
Moved 1612.89 413.4756 540 0.123786 0.3909464
Moved 1612.906 395.0365 540 0.08110295 0.3909464
Moved 1612.921 378.9198 540 0.0437959 0.3909464
Moved 1612.938 366.2922 531.4205 0.01456519 0.3688797
Moved 1612.951 350.6013 528.0405 -0.02175619 0.3601865
Moved 1612.968 336.1606 523.4482 -0.05518376 0.3483749
Moved 1612.982 328.3072 519.5381 -0.07336303 0.338318
Moved 1612.998 321.7701 513.7701 -0.08849516 0.3234826
Moved 1613.014 316.0153 508.0153 -0.1018165 0.3086811
Moved 1613.029 313.146 503.2189 -0.1084584 0.2963449
Moved 1613.049 310.9738 498.9477 -0.1134865 0.2853592
Moved 1613.061 308.0873 491.7183 -0.1201682 0.2667652
Moved 1613.076 307.1027 482.7186 -0.1224476 0.2436178
Moved 1613.09 307 469.9354 -0.1226852 0.2107391
Moved 1613.107 307 456.217 -0.1226852 0.1754553
Moved 1613.122 319.2756 438.0417 -0.09426936 0.128708
Moved 1613.137 328.98 419.3666 -0.07180551 0.08067543
Moved 1613.153 336.0721 410.0825 -0.05538861 0.05679656
Moved 1613.168 348.0692 396.7009 -0.02761756 0.02237869
Moved 1613.184 357.0486 390.3009 -0.006831934 0.005917882
Moved 1613.199 364.5721 385.6567 0.0105835 -0.006026946
Moved 1613.215 370.2305 383.4424 0.02368172 -0.01172227
Moved 1613.23 375.9904 382.0024 0.03701488 -0.01542605
Moved 1613.246 381.7458 382 0.05033742 -0.01543218
Moved 1613.263 388.9765 382 0.06707519 -0.01543218
Moved 1613.277 397.8653 391.8076 0.0876511 0.009793058
Moved 1613.29 410.7375 404.7374 0.1174478 0.04304886
Moved 1613.307 422.8483 417.8483 0.1454821 0.07677031
Moved 1613.328 448.6013 449.8017 0.2050956 0.1589549
Stationary 1613.34 448.6013 449.8017 0.2050956 0.1589549
Moved 1613.351 459.2238 465.9232 0.2296847 0.2004196
Moved 1613.367 468.5 477.5 0.2511574 0.2301954
Moved 1613.383 478.4895 490.8618 0.2742812 0.2645622
Moved 1613.4 487.7744 504.1616 0.2957739 0.2987694
Moved 1613.416 493.7206 511.8677 0.3095385 0.3185898
Moved 1613.43 497.0295 519.0739 0.3171981 0.337124
Moved 1613.445 499.8822 521.8822 0.3238014 0.3443472
Moved 1613.461 500.8923 525.7845 0.3261395 0.354384
Moved 1613.476 502.331 529.9929 0.3294698 0.365208
Stationary 1613.491 502 530.3387 0.3287037 0.3660975
Moved 1613.509 502 532.8894 0.3287037 0.3726578
Moved 1613.524 502 535.6562 0.3287037 0.3797741
Moved 1613.537 496.5762 538.5496 0.3161487 0.387216
Moved 1613.553 491.3575 540.2142 0.3040682 0.3914973
Moved 1613.568 486.3693 541 0.2925215 0.3935184
Moved 1613.588 479.529 542.0942 0.2766874 0.3963327
Moved 1613.6 472.0523 542 0.2593802 0.3960905
Moved 1613.615 457.364 542 0.2253796 0.3960905
Moved 1613.63 446.5379 542 0.2003192 0.3960905
Moved 1613.646 435.4667 542 0.1746914 0.3960905
Moved 1613.662 425.3954 542 0.1513783 0.3960905
Moved 1613.676 418.0889 532.3245 0.1344651 0.3712049
Moved 1613.691 411.6836 534.1709 0.1196379 0.3759539
Moved 1613.708 407.1119 534 0.1090553 0.3755144
Moved 1613.723 405.5978 534 0.1055505 0.3755144
Moved 1613.738 404.1542 534 0.1022088 0.3755144
Stationary 1613.753 404 534 0.1018518 0.3755144
Ended 1613.768 404 534 0.1018518 0.3755144
Candidates 1613.859 12 without reportedly forgot seriously worthy roughly diego euro quietly author right risky
Began 1614.336 425 420 0.150463 0.08230445
Stationary 1614.356 425 420 0.150463 0.08230445
Moved 1614.374 425 437.667 0.150463 0.1277443
Moved 1614.386 425 457.6754 0.150463 0.1792062
Moved 1614.4 425 479.0911 0.150463 0.2342876
Moved 1614.417 425 498.4153 0.150463 0.28399
Moved 1614.431 425 515.7996 0.150463 0.3287027
Moved 1614.447 425 523.5 0.150463 0.3485081
Moved 1614.466 425 532.8584 0.150463 0.3725781
Moved 1614.478 425 538.8337 0.150463 0.3879468
Moved 1614.492 425 542.3152 0.150463 0.3969013
Moved 1614.509 425 546.3109 0.150463 0.407178
Ended 1614.523 425 546.3109 0.150463 0.407178
Accept 1614.55 0 without
Began 1615.047 235 382 -0.2893518 -0.01543218
Stationary 1615.065 235 382 -0.2893518 -0.01543218
Stationary 1615.08 235 382 -0.2893518 -0.01543218
Moved 1615.094 224.8032 382 -0.3129556 -0.01543218
Moved 1615.115 217.741 382 -0.3293033 -0.01543218
Moved 1615.126 210.6573 382 -0.3457007 -0.01543218
Moved 1615.14 205.1912 389.7022 -0.3583536 0.004378111
Moved 1615.156 200.5798 391.1401 -0.3690282 0.008076248
Moved 1615.171 198.6958 392.1521 -0.3733894 0.01067923
Moved 1615.187 198 392.649 -0.375 0.01195731
Moved 1615.201 196.9143 393 -0.3775132 0.01285996
Ended 1615.216 196.9143 393 -0.3775132 0.01285996
Candidates 1615.4 12 as s a sa da ass dad sad ad add fas ads
Began 1615.771 380 326 0.04629632 -0.1594652
Stationary 1615.788 380 326 0.04629632 -0.1594652
Stationary 1615.802 380 326 0.04629632 -0.1594652
Stationary 1615.818 380 326 0.04629632 -0.1594652
Stationary 1615.834 380 326 0.04629632 -0.1594652
Stationary 1615.849 380 326 0.04629632 -0.1594652
Stationary 1615.871 380 326 0.04629632 -0.1594652
Stationary 1615.882 380 326 0.04629632 -0.1594652
Stationary 1615.896 380 326 0.04629632 -0.1594652
Moved 1615.911 368.2226 326 0.01903385 -0.1594652
Moved 1615.926 360.3307 326 0.0007655223 -0.1594652
Moved 1615.941 349.5121 326 -0.02427752 -0.1594652
Moved 1615.957 338.2185 326 -0.05042011 -0.1594652
Moved 1615.973 326.0467 326 -0.07859568 -0.1594652
Moved 1615.987 313.0696 326 -0.1086352 -0.1594652
Moved 1616.003 303.7028 326 -0.1303176 -0.1594652
Moved 1616.019 293.5891 326 -0.1537289 -0.1594652
Moved 1616.035 285.6404 326 -0.1721288 -0.1594652
Moved 1616.049 281.5 326 -0.181713 -0.1594652
Moved 1616.065 278.0958 326 -0.1895932 -0.1594652
Moved 1616.081 276.6053 326 -0.1930433 -0.1594652
Moved 1616.099 275.1728 326 -0.1963592 -0.1594652
Moved 1616.111 274.5 326 -0.1979167 -0.1594652
Moved 1616.126 273.8238 326 -0.1994819 -0.1594652
Stationary 1616.142 273.8238 326 -0.1994819 -0.1594652
Moved 1616.157 272.7146 333 -0.2020496 -0.141461
Stationary 1616.172 272.7146 333 -0.2020496 -0.141461
Moved 1616.188 273 334.0553 -0.2013889 -0.1387467
Stationary 1616.203 273 334 -0.2013889 -0.1388889
Moved 1616.219 273 334.7834 -0.2013889 -0.136874
Moved 1616.234 283.2792 336.1422 -0.1775944 -0.1333792
Moved 1616.25 291.1436 338.5919 -0.1593898 -0.1270785
Moved 1616.267 304.3774 342.1132 -0.128756 -0.1180215
Moved 1616.28 316.6128 343.9355 -0.1004333 -0.1133347
Moved 1616.296 331.1587 345.9065 -0.06676237 -0.1082653
Moved 1616.312 352.3513 346 -0.01770526 -0.1080248
Moved 1616.333 384.9681 347 0.05779664 -0.1054527
Stationary 1616.344 384.9681 347 0.05779664 -0.1054527
Moved 1616.357 406.5373 347 0.1077253 -0.1054527
Moved 1616.372 422.1385 347 0.1438392 -0.1054527
Moved 1616.391 436.8394 347 0.177869 -0.1054527
Moved 1616.405 448.3389 347 0.2044882 -0.1054527
Moved 1616.42 458.4024 347 0.2277833 -0.1054527
Moved 1616.435 465.5 347 0.244213 -0.1054527
Moved 1616.45 471.723 347.6205 0.258618 -0.1038569
Moved 1616.466 477.1809 348 0.271252 -0.1028807
Moved 1616.481 482.4929 348 0.2835484 -0.1028807
Moved 1616.496 485.881 348 0.2913912 -0.1028807
Moved 1616.511 490.1382 348 0.3012457 -0.1028807
Moved 1616.527 492.641 348 0.3070392 -0.1028807
Moved 1616.548 495.4841 348 0.3136207 -0.1028807
Moved 1616.56 496.2446 348 0.315381 -0.1028807
Moved 1616.573 498.7891 348 0.3212711 -0.1028807
Stationary 1616.588 499 348 0.3217593 -0.1028807
Moved 1616.605 500 348 0.324074 -0.1028807
Moved 1616.62 501.1065 348 0.3266355 -0.1028807
Moved 1616.635 502 348.5366 0.3287037 -0.1015006
Moved 1616.65 502.9834 349 0.33098 -0.1003086
Moved 1616.667 504.0923 350.0923 0.3335469 -0.09749934
Moved 1616.682 505.5551 351 0.336933 -0.09516476
Ended 1616.696 509.0188 353.0125 0.3449509 -0.08998847
Accept 1616.739 2 a
Began 1617.603 376 200 0.03703703 -0.4835392
Stationary 1617.627 376 200 0.03703703 -0.4835392
Stationary 1617.638 376 200 0.03703703 -0.4835392
Stationary 1617.651 376 200 0.03703703 -0.4835392
Stationary 1617.667 376 200 0.03703703 -0.4835392
Stationary 1617.682 376 200 0.03703703 -0.4835392
Stationary 1617.697 376 200 0.03703703 -0.4835392
Stationary 1617.714 376 200 0.03703703 -0.4835392
Stationary 1617.729 376 200 0.03703703 -0.4835392
Moved 1617.743 368.3029 200 0.01921962 -0.4835392
Moved 1617.76 363.5829 209.6682 0.008293887 -0.4586723
Moved 1617.776 361.6887 211.3113 0.003909071 -0.4544463
Moved 1617.79 359.9058 215.2827 -0.000218153 -0.4442318
Moved 1617.807 357.4669 221.1322 -0.005863557 -0.4291868
Moved 1617.821 355.0616 226.8768 -0.01143142 -0.4144115
Moved 1617.841 353.9705 230.0885 -0.01395722 -0.406151
Moved 1617.854 353 235.916 -0.01620372 -0.3911625
Moved 1617.87 352.0767 241.6934 -0.01834104 -0.3763032
Moved 1617.883 350.6453 248.7733 -0.02165432 -0.3580934
Moved 1617.898 350.1949 254.0254 -0.02269695 -0.344585
Moved 1617.913 350 263.719 -0.02314816 -0.3196529
Moved 1617.93 350 275.0767 -0.02314816 -0.2904406
Moved 1617.945 350 282.7383 -0.02314816 -0.270735
Moved 1617.965 350 296.0681 -0.02314816 -0.2364504
Moved 1617.978 355.7667 310.689 -0.009799303 -0.1988452
Moved 1617.991 361.1427 326.7847 0.002645056 -0.1574469
Moved 1618.007 364 344 0.009259283 -0.1131688
Moved 1618.022 370.842 365.5261 0.02509733 -0.05780325
Moved 1618.041 375.1862 384.1405 0.03515333 -0.009926729
Moved 1618.052 381.5 398.5 0.04976849 0.02700609
Moved 1618.068 389.4899 422.5548 0.06826371 0.08887549
Moved 1618.083 396.7495 440.1989 0.08506835 0.1342563
Moved 1618.099 404.17 456.9249 0.1022452 0.1772758
Moved 1618.115 412.3665 483.555 0.1212188 0.245769
Moved 1618.13 416.9987 492.6635 0.1319413 0.2691962
Moved 1618.145 422.4236 507.1647 0.1444989 0.3064936
Moved 1618.162 425 515 0.150463 0.326646
Moved 1618.177 429.0442 523.0883 0.1598245 0.3474492
Moved 1618.191 432.2404 529.4808 0.1672231 0.3638908
Moved 1618.207 436.1267 535.6901 0.1762192 0.3798612
Moved 1618.222 437.9921 537.9921 0.1805372 0.385782
Moved 1618.242 439.4431 539.4431 0.183896 0.3895139
Moved 1618.254 440.878 540.878 0.1872176 0.3932046
Moved 1618.269 442.3168 541 0.1905482 0.3935184
Moved 1618.284 443.3082 541 0.1928431 0.3935184
Moved 1618.299 444.8552 542 0.1964241 0.3960905
Moved 1618.316 446.2939 542 0.1997544 0.3960905
Moved 1618.33 448.4695 542 0.2047906 0.3960905
Moved 1618.345 450.1743 542 0.2087368 0.3960905
Moved 1618.362 452.6208 537.0335 0.2144001 0.3833165
Moved 1618.377 455.126 529.7479 0.2201991 0.3645779
Moved 1618.391 458.2811 523.4378 0.2275026 0.3483482
Moved 1618.407 461.7158 511.2808 0.2354531 0.3170802
Moved 1618.422 466.0184 496.9387 0.2454129 0.280192
Moved 1618.443 471.8131 481.014 0.2588266 0.2392334
Moved 1618.455 475.651 468.9307 0.2677106 0.2081551
Moved 1618.468 479.9675 457.4201 0.2777025 0.1785496
Moved 1618.483 485.3092 443.842 0.2900677 0.1436266
Moved 1618.499 488.7366 436.5269 0.2980014 0.1248118
Moved 1618.517 495.6125 418.8076 0.3139178 0.0792375
Moved 1618.529 498.2986 413.4029 0.3201356 0.06533661
Moved 1618.545 501.3977 404.8069 0.3273094 0.04322758
Moved 1618.562 504.2779 399.4443 0.3339766 0.02943482
Moved 1618.577 507.1491 393.7017 0.3406229 0.0146648
Moved 1618.592 509.5161 389.9678 0.346102 0.005061263
Moved 1618.608 510.708 387.584 0.348861 -0.00106992
Moved 1618.627 512.0431 384.9138 0.3519516 -0.007937749
Moved 1618.64 513.4791 384 0.3552758 -0.01028807
Moved 1618.654 515.8516 383.0742 0.3607675 -0.01266927
Moved 1618.668 521.4609 383 0.3737522 -0.01286016
Ended 1618.69 521.4609 383 0.3737522 -0.01286016
Candidates 1618.758 12 bull bulk bill cook null cool col vol book brill btk full
Began 1619.252 469 330 0.2523148 -0.149177
Stationary 1619.272 469 330 0.2523148 -0.149177
Moved 1619.285 469 354 0.2523148 -0.08744855
Moved 1619.301 460.0446 367.7327 0.2315846 -0.05212776
Moved 1619.318 457.1589 380.7849 0.2249049 -0.0185574
Moved 1619.332 455.1444 389.1338 0.2202417 0.002916045
Moved 1619.352 453.7061 399.0575 0.2169122 0.02844002
Moved 1619.367 452.5 406 0.2141203 0.04629618
Moved 1619.379 453 412.3472 0.2152778 0.06262132
Moved 1619.393 453 416.9358 0.2152778 0.07442329
Moved 1619.409 453 420.7498 0.2152778 0.08423302
Moved 1619.424 453 424.5759 0.2152778 0.0940738
Moved 1619.439 453 426.629 0.2152778 0.09935445
Moved 1619.454 453 428.0659 0.2152778 0.10305
Stationary 1619.471 453 428.0659 0.2152778 0.10305
Moved 1619.485 453 429 0.2152778 0.1054526
Stationary 1619.501 453 429 0.2152778 0.1054526
Stationary 1619.518 453 429 0.2152778 0.1054526
Stationary 1619.534 453 429 0.2152778 0.1054526
Stationary 1619.547 453 429 0.2152778 0.1054526
Moved 1619.564 453 420.7949 0.2152778 0.08434896
Moved 1619.578 451.7509 411.5053 0.2123863 0.06045596
Moved 1619.593 452 406.8081 0.2129629 0.04837468
Moved 1619.61 452 397.18 0.2129629 0.02361101
Moved 1619.625 452 388.824 0.2129629 0.002119237
Moved 1619.639 452 385.0731 0.2129629 -0.007528257
Moved 1619.656 452 381.8398 0.2129629 -0.0158441
Moved 1619.672 461.0646 377.4515 0.2339458 -0.02713082
Moved 1619.686 466.8196 374.0902 0.2472676 -0.03577628
Moved 1619.702 475.3979 370.8508 0.2671247 -0.04410794
Moved 1619.723 497.6455 367.0507 0.3186238 -0.05388205
Stationary 1619.734 497.6455 367.0507 0.3186238 -0.05388205
Moved 1619.747 510.5275 365.608 0.3484433 -0.05759259
Moved 1619.764 519.8268 366 0.3699695 -0.05658444
Moved 1619.779 529.8978 364.7289 0.3932819 -0.05985377
Moved 1619.793 537.8707 364 0.4117377 -0.06172839
Moved 1619.811 543.2756 363.1449 0.4242492 -0.06392773
Moved 1619.825 548.985 363 0.4374653 -0.06430049
Moved 1619.839 553.722 362.3195 0.4484307 -0.06605085
Moved 1619.857 559.4806 362 0.4617607 -0.06687243
Moved 1619.872 569.9573 360.4347 0.4860124 -0.0708985
Ended 1619.886 576.5 359.5 0.5011575 -0.07330247
Accept 1619.944 2 bill
PhraseEnd 1621.068
