the minimum amount of time
the minimum amount of time
Basic
0.6 0.6
432 388.8
Began 1541.481 321 543 -0.09027779 0.3986624
Stationary 1541.501 321 543 -0.09027779 0.3986624
Stationary 1541.517 321 543 -0.09027779 0.3986624
Stationary 1541.532 321 543 -0.09027779 0.3986624
Moved 1541.551 331.2915 526.8277 -0.06645491 0.357067
Moved 1541.564 339.0031 519.9969 -0.04860391 0.339498
Moved 1541.58 348.6433 509.1219 -0.02628863 0.3115275
Moved 1541.595 357.5 500.5 -0.005787015 0.2893518
Moved 1541.61 367.161 490.839 0.01657645 0.2645035
Moved 1541.626 377.4216 478.4579 0.04032781 0.2326592
Moved 1541.64 385.6898 468.8618 0.05946726 0.2079778
Moved 1541.655 390.3663 459.1091 0.07029226 0.1828936
Moved 1541.67 394.6655 449.4472 0.08024415 0.1580432
Moved 1541.686 396.1912 441.4265 0.08377583 0.1374138
Moved 1541.703 397 434.1476 0.0856481 0.1186924
Moved 1541.718 398.0045 429.9822 0.08797327 0.1079789
Moved 1541.732 398 424.4721 0.08796295 0.09380682
Moved 1541.748 398 422.2413 0.08796295 0.08806907
Moved 1541.765 398 420.8017 0.08796295 0.08436646
Moved 1541.779 382.2073 421 0.05140583 0.08487643
Moved 1541.794 368.4839 433.3708 0.01963874 0.1166945
Moved 1541.81 353.278 447.3837 -0.01556024 0.1527357
Moved 1541.825 343.5 457.5 -0.03819446 0.1787551
Moved 1541.841 333.6095 465.5917 -0.06108904 0.1995669
Moved 1541.855 324.951 472.8741 -0.08113181 0.2182976
Moved 1541.871 316.7198 480.7335 -0.1001856 0.2385119
Moved 1541.886 308.4407 487.6328 -0.1193502 0.256257
Moved 1541.903 301.4318 494.5682 -0.1355745 0.274095
Moved 1541.917 293.5289 500.7769 -0.1538682 0.2900638
Moved 1541.932 287.7023 505.2233 -0.1673557 0.3015001
Moved 1541.948 283.5466 508.34 -0.1769754 0.3095165
Moved 1541.964 278 512.5 -0.1898148 0.3202159
Moved 1541.979 275.1799 516.7302 -0.1963428 0.331096
Ended 1541.994 273.7028 518.2972 -0.1997621 0.3351265
Candidates 1542.131 12 the there threw they other trigger tiger where either turkey right true
Began 1542.531 305 314 -0.1273148 -0.1903292
Stationary 1542.551 305 314 -0.1273148 -0.1903292
Stationary 1542.566 305 314 -0.1273148 -0.1903292
Stationary 1542.579 305 314 -0.1273148 -0.1903292
Moved 1542.595 305 337.353 -0.1273148 -0.130265
Moved 1542.612 305 370.6245 -0.1273148 -0.04469012
Moved 1542.627 326.8228 426.9443 -0.07679909 0.1001652
Moved 1542.642 339.4514 468.6768 -0.04756614 0.2075019
Moved 1542.658 345.9459 486.7025 -0.03253271 0.2538644
Moved 1542.673 352.2767 503.2609 -0.01787802 0.2964529
Ended 1542.688 354 508 -0.01388888 0.3086419
Accept 1542.763 0 the
Began 1542.9 424 234 0.1481481 -0.3960905
Stationary 1542.92 424 234 0.1481481 -0.3960905
Stationary 1542.935 424 234 0.1481481 -0.3960905
Stationary 1542.95 424 234 0.1481481 -0.3960905
Moved 1542.965 410.6873 265.5881 0.1173318 -0.3148455
Moved 1542.98 403.7797 309.5862 0.1013419 -0.2016817
Moved 1542.997 404 356.1536 0.1018518 -0.08190947
Moved 1543.012 404 393 0.1018518 0.01285996
Moved 1543.027 428.3364 438.1372 0.1581862 0.1289537
Moved 1543.043 438.6683 475.1966 0.1821025 0.2242711
Moved 1543.06 443.8784 489.6353 0.194163 0.2614075
Moved 1543.074 446.0115 498.0575 0.1991007 0.2830696
Moved 1543.089 447.4027 505.0135 0.2023211 0.3009606
Moved 1543.105 448.7758 508.3273 0.2054995 0.3094838
Moved 1543.119 450.1593 509 0.2087022 0.3112139
Moved 1543.135 451.1541 509 0.2110047 0.3112139
Moved 1543.152 457.7786 493.4783 0.2263394 0.2712919
Moved 1543.166 461.9435 470.3578 0.2359803 0.2118255
Moved 1543.19 456.0349 418.0871 0.2223029 0.07738439
Stationary 1543.2 456.0349 418.0871 0.2223029 0.07738439
Moved 1543.212 448.3848 390.5391 0.2045943 0.006530471
Moved 1543.228 441.5247 363.0989 0.1887147 -0.06404617
Moved 1543.243 436.9435 338.3468 0.17811 -0.1277089
Moved 1543.258 432.0424 318.159 0.1667648 -0.1796323
Moved 1543.274 429.2761 305.7425 0.1603614 -0.2115677
Moved 1543.29 428.2386 299.9542 0.1579597 -0.2264554
Moved 1543.306 426.8543 296.7087 0.1547554 -0.2348028
Moved 1543.321 424.4735 297 0.1492442 -0.2340535
Moved 1543.336 422.1799 297 0.143935 -0.2340535
Moved 1543.351 420.7169 309.8312 0.1405483 -0.2010514
Moved 1543.367 419.7335 318.3984 0.138272 -0.1790164
Moved 1543.381 420 328.6737 0.1388889 -0.1525883
Moved 1543.397 420 336.6911 0.1388889 -0.1319674
Moved 1543.413 420 340.4972 0.1388889 -0.122178
Moved 1543.428 420 342.7502 0.1388889 -0.1163831
Moved 1543.443 420 344 0.1388889 -0.1131688
Stationary 1543.458 420 344 0.1388889 -0.1131688
Moved 1543.474 420 343 0.1388889 -0.1157408
Moved 1543.49 427.3104 343 0.155811 -0.1157408
Moved 1543.508 427 331.5769 0.1550926 -0.1451211
Moved 1543.521 427 332 0.1550926 -0.144033
Moved 1543.537 427 333 0.1550926 -0.141461
Stationary 1543.552 427 333 0.1550926 -0.141461
Moved 1543.567 427 343.0319 0.1550926 -0.1156587
Moved 1543.582 428.3867 354.0941 0.1583027 -0.08720672
Moved 1543.598 434.2414 366.2758 0.171855 -0.05587503
Moved 1543.614 440.3704 381.5833 0.1860425 -0.01650382
Moved 1543.628 445.8983 395.2457 0.1988385 0.01863593
Moved 1543.644 452.0023 410.0046 0.2129683 0.05659625
Moved 1543.659 456.9521 421.8721 0.2244261 0.08711959
Moved 1543.674 461.1141 431.5997 0.2340605 0.1121389
Moved 1543.69 464.2762 436.0349 0.24138 0.1235466
Moved 1543.705 466.7028 438.7028 0.2469973 0.1304084
Moved 1543.721 469.3745 441.3746 0.2531819 0.1372802
Moved 1543.736 472.1462 442.5731 0.2595977 0.1403629
Moved 1543.751 473.9567 443.9567 0.2637886 0.1439214
Moved 1543.767 476.6804 444 0.2700936 0.1440329
Moved 1543.782 478.7258 444 0.2748282 0.1440329
Moved 1543.797 481.2448 444 0.2806592 0.1440329
Stationary 1543.812 481.2448 444 0.2806592 0.1440329
Moved 1543.828 482.5852 444 0.283762 0.1440329
Moved 1543.844 483.9597 434.403 0.2869438 0.1193491
Moved 1543.861 484 417.7507 0.287037 0.07651913
Moved 1543.876 476.6805 399.5568 0.2700936 0.02972426
Moved 1543.891 466.2761 379.5521 0.2460094 -0.02172815
Moved 1543.909 456.5542 355.6317 0.2235052 -0.083252
Moved 1543.922 451.6139 340.7189 0.2120692 -0.1216078
Moved 1543.943 444.3434 316.7168 0.1952393 -0.1833417
Stationary 1543.954 444.3434 316.7168 0.1952393 -0.1833417
Moved 1543.967 442.5783 312.4457 0.1911535 -0.1943268
Moved 1543.983 440.9033 306.6133 0.1872762 -0.2093281
Moved 1543.998 441 301.0476 0.1875 -0.2236431
Moved 1544.014 438.2567 295.5133 0.1811496 -0.2378774
Moved 1544.029 438 291.2339 0.1805556 -0.2488839
Moved 1544.045 436.5 287.5 0.1770833 -0.2584877
Moved 1544.061 435.3208 286.3208 0.1743538 -0.2615207
Moved 1544.076 433.9367 286 0.1711498 -0.2623458
Moved 1544.091 432.5569 286 0.1679557 -0.2623458
Moved 1544.11 425.8629 294.2741 0.1524605 -0.2410646
Moved 1544.122 420.1939 308.0152 0.1393378 -0.2057223
Moved 1544.137 411.6828 335.2689 0.1196361 -0.1356253
Moved 1544.154 407.1217 360.229 0.1090781 -0.07142753
Moved 1544.168 405.968 375.4475 0.1064075 -0.03228529
Moved 1544.184 403.1576 392.0543 0.09990195 0.0104277
Moved 1544.199 403 404.1797 0.09953707 0.04161458
Moved 1544.214 401.8219 414.2469 0.09680986 0.06750742
Moved 1544.229 401.4352 428.0837 0.09591471 0.1030958
Moved 1544.245 400.0464 441.5363 0.09269992 0.137696
Moved 1544.26 400 451.2861 0.09259263 0.1627728
Moved 1544.276 400 462.5 0.09259263 0.1916151
Moved 1544.291 400 474.5737 0.09259263 0.2226689
Moved 1544.307 400 489.5731 0.09259263 0.2612475
Moved 1544.322 400 495.1169 0.09259263 0.2755065
Moved 1544.338 400 499.746 0.09259263 0.2874124
Moved 1544.355 400 502.5983 0.09259263 0.2947485
Moved 1544.371 400 505 0.09259263 0.3009258
Stationary 1544.385 400 505.0331 0.09259263 0.3010109
Stationary 1544.401 400 505 0.09259263 0.3009258
Moved 1544.415 412 505 0.1203704 0.3009258
Moved 1544.429 419.4342 478.1316 0.1375791 0.2318199
Moved 1544.446 426.545 463.91 0.1540394 0.1952416
Moved 1544.461 431.7301 446.0795 0.1660419 0.1493813
Moved 1544.477 435.1447 424.9152 0.1739459 0.09494652
Moved 1544.492 436.4434 408.6797 0.1769522 0.05318853
Moved 1544.514 437 364.0676 0.1782407 -0.06155461
Stationary 1544.525 437 364.0676 0.1782407 -0.06155461
Moved 1544.538 437 343.0178 0.1782407 -0.115695
Moved 1544.553 437 329.1694 0.1782407 -0.1513133
Moved 1544.569 437 315.675 0.1782407 -0.186021
Moved 1544.585 437 303.2231 0.1782407 -0.2180477
Moved 1544.6 437 292.9592 0.1782407 -0.2444467
Moved 1544.614 437 283.6544 0.1782407 -0.2683788
Moved 1544.63 438.1667 280.3333 0.1809414 -0.2769205
Moved 1544.646 439 276.7792 0.1828703 -0.2860616
Moved 1544.663 439.995 274.0099 0.1851736 -0.2931843
Moved 1544.677 441.3786 274 0.1883763 -0.2932099
Moved 1544.692 441.7676 273 0.1892768 -0.295782
Ended 1544.708 442 273 0.1898148 -0.295782
Candidates 1544.798 12 minimum ninth conjunction contribution month conviction clinton j communism common combination commission
Began 1545.212 348 283 -0.0277778 -0.2700618
Stationary 1545.232 348 283 -0.0277778 -0.2700618
Stationary 1545.247 348 283 -0.0277778 -0.2700618
Stationary 1545.262 348 283 -0.0277778 -0.2700618
Moved 1545.278 348 311.4682 -0.0277778 -0.196841
Moved 1545.293 348 336.1876 -0.0277778 -0.1332623
Moved 1545.309 348 381 -0.0277778 -0.01800419
Moved 1545.325 354.2228 413.7426 -0.0133732 0.06621023
Moved 1545.339 361.8646 442.4584 0.00431627 0.1400679
Ended 1545.355 367.4416 463.4061 0.01722594 0.1939458
Accept 1545.431 0 minimum
Began 1545.553 192 457 -0.3888888 0.1774691
Stationary 1545.571 192 457 -0.3888888 0.1774691
Stationary 1545.586 192 457 -0.3888888 0.1774691
Moved 1545.601 216.3722 437.6415 -0.3324717 0.1276787
Moved 1545.624 295.1797 391.6953 -0.1500469 0.009504168
Stationary 1545.634 295.1797 391.6953 -0.1500469 0.009504168
Moved 1545.647 320.0781 381.6808 -0.09241189 -0.01625312
Moved 1545.664 344.2908 374.0321 -0.0363639 -0.03592573
Moved 1545.679 356.8264 368.9129 -0.007346174 -0.0490924
Moved 1545.694 380.925 356.7067 0.04843752 -0.08048705
Moved 1545.71 398.4179 347.791 0.08893043 -0.1034182
Moved 1545.725 413.6485 339.4645 0.1241864 -0.1248342
Moved 1545.74 428.9539 331.9301 0.1596156 -0.1442129
Moved 1545.756 439.3972 328.6008 0.1837898 -0.1527757
Moved 1545.771 451.997 322.716 0.2129561 -0.1679116
Moved 1545.787 459.3336 318.8333 0.2299388 -0.1778981
Moved 1545.803 467.0961 314.952 0.2479077 -0.1878807
Moved 1545.818 472.6134 313.5967 0.2606791 -0.1913666
Moved 1545.832 478.1521 313 0.2735002 -0.1929013
Moved 1545.848 486.0716 321.2502 0.2918325 -0.1716815
Moved 1545.864 502.4894 347.54 0.3298366 -0.1040638
Moved 1545.879 513.5167 377.55 0.3553627 -0.02687768
Moved 1545.895 521.8725 410.49 0.3747049 0.05784455
Moved 1545.91 523.7794 433.2355 0.379119 0.1163463
Moved 1545.925 525.7256 461.6096 0.383624 0.1893251
Moved 1545.941 527.1091 478.2007 0.3868267 0.2319976
Moved 1545.96 527 492 0.3865741 0.2674896
Moved 1545.972 527 498.4329 0.3865741 0.2840352
Moved 1545.987 527 505.3023 0.3865741 0.3017034
Moved 1546.007 522.4636 509.9442 0.376073 0.3136425
Moved 1546.019 518.4373 513.3441 0.366753 0.322387
Moved 1546.034 512.5966 516.1614 0.3532328 0.3296331
Moved 1546.055 497.0194 520 0.3171746 0.3395061
Stationary 1546.066 497.0194 520 0.3171746 0.3395061
Moved 1546.079 489.7937 520 0.3004483 0.3395061
Moved 1546.095 483.4989 520 0.2858772 0.3395061
Moved 1546.112 474.9065 511.8931 0.2659872 0.3186551
Moved 1546.127 456.7921 490.9909 0.2240558 0.2648942
Moved 1546.141 445.9954 470.3257 0.1990634 0.211743
Moved 1546.158 434.2204 436.6613 0.1718065 0.1251575
Moved 1546.172 428.1286 413.5146 0.1577051 0.06562389
Moved 1546.188 425.8149 400.0745 0.1523494 0.03105583
Moved 1546.203 425 381.2979 0.150463 -0.01723819
Moved 1546.218 425 364.6331 0.150463 -0.06010016
Moved 1546.233 425 348.0628 0.150463 -0.1027191
Moved 1546.249 425 337.1638 0.150463 -0.1307516
Moved 1546.264 425 321.4083 0.150463 -0.171275
Moved 1546.28 425 311.8488 0.150463 -0.1958621
Moved 1546.295 425 302.1191 0.150463 -0.220887
Moved 1546.311 425 295.1664 0.150463 -0.2387695
Moved 1546.327 424.2497 288.9989 0.1487262 -0.2546324
Moved 1546.341 421.7324 283.4647 0.1428989 -0.2688664
Moved 1546.359 416 275 0.1296297 -0.2906379
Moved 1546.373 412.3011 270.8763 0.1210674 -0.3012441
Moved 1546.388 401.3552 265.1332 0.09572972 -0.3160155
Moved 1546.403 391.6251 265 0.07320632 -0.3163581
Moved 1546.419 379.3078 265 0.04469395 -0.3163581
Moved 1546.434 365.0455 282.3884 0.01167943 -0.2716348
Moved 1546.454 354.2663 294.2004 -0.01327251 -0.2412541
Moved 1546.465 345.0797 318.915 -0.03453761 -0.1776877
Moved 1546.48 341.252 333.9081 -0.04339819 -0.1391254
Moved 1546.495 337.2289 363.9116 -0.05271087 -0.06195594
Moved 1546.512 336.3485 383.1664 -0.0547488 -0.01243207
Moved 1546.526 336 398.3243 -0.05555556 0.02655433
Moved 1546.542 336 414.9122 -0.05555556 0.06921858
Moved 1546.559 336 434.4734 -0.05555556 0.1195304
Moved 1546.575 345.4023 451.1035 -0.03379087 0.1623032
Moved 1546.588 347 467 -0.0300926 0.2031892
Moved 1546.604 349.2709 482.9899 -0.02483596 0.2443154
Moved 1546.62 350 494.2105 -0.02314816 0.2731751
Moved 1546.635 351.4055 503.8386 -0.01989464 0.2979388
Moved 1546.65 351 509.1655 -0.02083332 0.3116397
Moved 1546.665 352.1749 513.5248 -0.0181136 0.3228517
Ended 1546.681 352 517.5 -0.01851852 0.3330761
Candidates 1546.835 12 amount alone saline alive remove reminder announce slight above account alice shiny
Began 1547.173 339 310 -0.04861111 -0.2006174
Stationary 1547.191 339 310 -0.04861111 -0.2006174
Stationary 1547.205 339 310 -0.04861111 -0.2006174
Stationary 1547.221 339 310 -0.04861111 -0.2006174
Moved 1547.242 339 332.3315 -0.04861111 -0.1431804
Moved 1547.254 339 351.5889 -0.04861111 -0.09365011
Moved 1547.266 339 385.1545 -0.04861111 -0.007318645
Moved 1547.283 339 413.6236 -0.04861111 0.06590423
Moved 1547.299 339 432.221 -0.04861111 0.1137371
Moved 1547.314 339 458.719 -0.04861111 0.1818903
Ended 1547.328 339 495 -0.04861111 0.2752057
Accept 1547.389 0 amount
Began 1547.542 537 548 0.4097222 0.4115225
Stationary 1547.562 537 548 0.4097222 0.4115225
Stationary 1547.574 537 548 0.4097222 0.4115225
Stationary 1547.59 537 548 0.4097222 0.4115225
Moved 1547.608 517.787 537.3492 0.3652476 0.3841284
Moved 1547.623 504.3178 525.8542 0.334069 0.3545633
Moved 1547.638 488.7018 510.7018 0.2979209 0.315591
Moved 1547.653 474.5354 496.5355 0.2651283 0.2791549
Moved 1547.668 454.9673 476.9672 0.2198316 0.2288251
Moved 1547.684 439 461 0.1828703 0.1877571
Moved 1547.699 421.957 447.8613 0.143419 0.1539641
Moved 1547.715 398.9796 430.1608 0.09023051 0.1084383
Moved 1547.729 383.2791 417.9625 0.05388687 0.07706383
Moved 1547.744 371.6734 408.72 0.02702177 0.05329218
Moved 1547.76 353.3504 396.0887 -0.01539265 0.02080431
Moved 1547.782 344.4778 390.2389 -0.03593097 0.005758387
Stationary 1547.793 344.4778 390.2389 -0.03593097 0.005758387
Moved 1547.807 340.23 387.4866 -0.04576395 -0.001320388
Moved 1547.822 338.3656 387.3657 -0.05007957 -0.001631607
Ended 1547.838 338 387 -0.05092591 -0.002572055
Candidates 1547.975 12 of off pig pg oh igg if pd ooh odd oooh igf
Began 1548.331 310 323 -0.1157407 -0.1671811
Stationary 1548.346 310 323 -0.1157407 -0.1671811
Stationary 1548.36 310 323 -0.1157407 -0.1671811
Stationary 1548.376 310 323 -0.1157407 -0.1671811
Moved 1548.391 310 336.5 -0.1157407 -0.1324588
Moved 1548.408 310 365.2318 -0.1157407 -0.05856016
Moved 1548.422 310 398.054 -0.1157407 0.02585905
Moved 1548.437 310 438.4122 -0.1157407 0.1296611
Moved 1548.455 310 457.0778 -0.1157407 0.1776692
Moved 1548.47 318.9215 475.6127 -0.09508908 0.2253412
Ended 1548.485 323.9477 491.843 -0.0834545 0.2670857
Accept 1548.528 0 of
Began 1548.654 295 521 -0.150463 0.3420781
Stationary 1548.67 295 521 -0.150463 0.3420781
Stationary 1548.684 295 521 -0.150463 0.3420781
Stationary 1548.7 295 521 -0.150463 0.3420781
Moved 1548.716 312.4455 521 -0.1100799 0.3420781
Moved 1548.732 332.1456 521 -0.06447772 0.3420781
Moved 1548.748 357.3647 521 -0.006100138 0.3420781
Moved 1548.762 376.7824 521 0.03884822 0.3420781
Moved 1548.778 393.0406 521 0.07648299 0.3420781
Moved 1548.793 417.3208 521 0.1326871 0.3420781
Moved 1548.809 435.2368 512.6272 0.1741593 0.3205431
Moved 1548.825 450.5978 509.8913 0.2097172 0.3135063
Moved 1548.84 464.4671 505.6599 0.2418221 0.302623
Moved 1548.855 474.153 502.5082 0.2642431 0.2945168
Moved 1548.87 479.8566 499.5717 0.2774458 0.2869642
Moved 1548.886 483.5 497 0.2858797 0.2803498
Moved 1548.902 486.9283 493.429 0.2938155 0.271165
Moved 1548.917 490.0448 484.8431 0.3010296 0.2490821
Moved 1548.933 491.4175 467.9896 0.3042073 0.2057344
Moved 1548.948 491 448.5589 0.3032407 0.1557584
Moved 1548.969 471.2169 410.3207 0.2574466 0.05740907
Stationary 1548.98 471.2169 410.3207 0.2574466 0.05740907
Moved 1548.993 463.435 391.0874 0.2394328 0.007940849
Moved 1549.01 453.7848 371.5695 0.2170943 -0.04225947
Moved 1549.024 438.4861 345.2033 0.1816809 -0.1100738
Moved 1549.04 428.87 321.9478 0.1594213 -0.1698875
Moved 1549.056 418.7696 301.5391 0.1360406 -0.2223789
Moved 1549.071 411 286 0.1180555 -0.2623458
Moved 1549.087 401.494 269.8469 0.0960509 -0.3038919
Moved 1549.102 394.3634 257.0541 0.07954489 -0.336795
Moved 1549.117 388.5 249.5 0.06597221 -0.3562243
Moved 1549.132 381.3984 240.6315 0.04953334 -0.3790343
Moved 1549.149 371.9197 233.2284 0.02759198 -0.3980752
Moved 1549.162 362.5 229.5 0.005787015 -0.4076646
Moved 1549.179 350.7889 231 -0.02132202 -0.4038066
Moved 1549.193 334.5282 245.1825 -0.05896251 -0.367329
Moved 1549.209 319.3867 259.601 -0.09401236 -0.3302443
Moved 1549.225 301.4245 283.7968 -0.1355914 -0.2680124
Moved 1549.244 288.3128 307.2158 -0.1659425 -0.2077784
Moved 1549.256 271.6787 349.3032 -0.2044474 -0.0995289
Moved 1549.271 266.8834 369.1732 -0.2155477 -0.04842295
Moved 1549.286 262.3722 387.7205 -0.2259903 -0.0007188663
Moved 1549.302 256.6547 409.3814 -0.2392253 0.05499329
Moved 1549.318 253.0753 429.473 -0.2475109 0.1066691
Moved 1549.333 248.9741 446.1036 -0.2570044 0.1494433
Moved 1549.349 247 455.5 -0.2615741 0.173611
Moved 1549.364 245.4308 468.6309 -0.2652066 0.2073839
Moved 1549.381 243.8356 481.4792 -0.268899 0.2404299
Moved 1549.396 241 493.5 -0.275463 0.2713476
Moved 1549.411 241.0735 502.4857 -0.2752929 0.2944591
Moved 1549.426 239.6971 509.5147 -0.2784791 0.3125377
Moved 1549.443 239.3192 514.0424 -0.2793536 0.324183
Moved 1549.46 239 518.173 -0.2800926 0.334807
Moved 1549.484 239 525.9689 -0.2800926 0.3548581
Ended 1549.503 239 525.9689 -0.2800926 0.3548581
Candidates 1549.622 12 since robert river wonder rice tribe tone ounce time roommate tube rubber
Began 1550.333 298 378 -0.1435185 -0.02572024
Stationary 1550.352 298 378 -0.1435185 -0.02572024
Ended 1550.365 298 378 -0.1435185 -0.02572024
NextCandidatePanel 1550.409
Began 1551.303 300 367 -0.1388889 -0.05401234
Stationary 1551.321 300 367 -0.1388889 -0.05401234
Stationary 1551.336 300 367 -0.1388889 -0.05401234
Ended 1551.353 300 367 -0.1388889 -0.05401234
NextCandidatePanel 1551.394
Began 1551.908 307 304 -0.1226852 -0.2160494
Stationary 1551.921 307 304 -0.1226852 -0.2160494
Stationary 1551.937 307 304 -0.1226852 -0.2160494
Stationary 1551.956 307 304 -0.1226852 -0.2160494
Stationary 1551.971 307 304 -0.1226852 -0.2160494
Moved 1551.984 307 326.1561 -0.1226852 -0.1590635
Moved 1552.005 307 389.4052 -0.1226852 0.003614151
Moved 1552.018 325 443.5 -0.08101851 0.1427468
Moved 1552.031 334 487.5 -0.06018519 0.2559156
Ended 1552.045 334 487.5 -0.06018519 0.2559156
Accept 1552.121 8 time
PhraseEnd 1552.275
