a very traditional way to dress
a very traditional way to dress
Basic
0.6 0.6
432 388.8
Began 245.8626 199 347 -0.3726852 -0.1054527
Stationary 245.8842 199 347 -0.3726852 -0.1054527
Stationary 245.9019 199 347 -0.3726852 -0.1054527
Stationary 245.9149 199 347 -0.3726852 -0.1054527
Stationary 245.9282 199 347 -0.3726852 -0.1054527
Stationary 245.9436 199 347 -0.3726852 -0.1054527
Stationary 245.9587 199 347 -0.3726852 -0.1054527
Ended 245.9747 199 347 -0.3726852 -0.1054527
Candidates 246.0351 5 a s d z x
Began 246.5869 436 283 0.1759259 -0.2700618
Stationary 246.6074 436 283 0.1759259 -0.2700618
Moved 246.6245 436 304.5844 0.1759259 -0.2145465
Moved 246.6379 448.0456 335.7048 0.2038091 -0.1345041
Moved 246.6525 461.4255 402.1999 0.2347813 0.03652227
Ended 246.6686 470 442.5 0.2546296 0.1401748
Accept 246.7268 0 a
Began 247.9318 383 205 0.05324075 -0.470679
Stationary 247.9487 383 205 0.05324075 -0.470679
Stationary 247.9616 383 205 0.05324075 -0.470679
Stationary 247.977 383 205 0.05324075 -0.470679
Stationary 247.9923 383 205 0.05324075 -0.470679
Stationary 248.0086 383 205 0.05324075 -0.470679
Moved 248.0231 383 220.2927 0.05324075 -0.4313459
Moved 248.0393 383 230 0.05324075 -0.4063786
Moved 248.0545 366.5424 251.7344 0.01514445 -0.3504774
Moved 248.0705 357.8882 271.9275 -0.004888326 -0.2985405
Moved 248.0857 350.0314 288.7308 -0.02307539 -0.2553219
Moved 248.1005 342.861 304.5058 -0.03967365 -0.2147485
Moved 248.1165 335.6213 322.1088 -0.05643209 -0.1694734
Moved 248.1322 328.3471 337.3058 -0.0732706 -0.1303864
Moved 248.1475 321.5 352.5 -0.08912037 -0.09130666
Moved 248.1621 312.2705 369.459 -0.110485 -0.04768772
Moved 248.1775 301.3714 387.9877 -0.1357143 -3.159291E-05
Moved 248.1955 294.5 402 -0.1516204 0.03600815
Moved 248.2082 285.1821 415.7086 -0.1731895 0.07126675
Moved 248.2237 278.0482 428.5132 -0.1897033 0.1042007
Moved 248.24 271.6422 439.7156 -0.204532 0.1330134
Moved 248.2542 265.9214 451.1573 -0.2177747 0.1624415
Moved 248.2695 263.0944 456.8113 -0.2243186 0.1769837
Moved 248.2875 259.4857 467.1904 -0.2326719 0.203679
Moved 248.3011 257.7231 475.6614 -0.2367521 0.2254666
Moved 248.3157 254.5647 484.306 -0.2440632 0.2477004
Moved 248.3316 252.8328 491.836 -0.2480722 0.2670678
Moved 248.3472 250.7967 498.0082 -0.2527853 0.2829428
Moved 248.3606 248.9596 504.1615 -0.2570379 0.2987692
Moved 248.3783 247.9116 507.2652 -0.2594639 0.306752
Moved 248.3951 245.4309 513.2762 -0.2652062 0.3222125
Moved 248.4144 242.5509 522.3474 -0.2718729 0.3455435
Stationary 248.4257 242.5509 522.3474 -0.2718729 0.3455435
Moved 248.4393 241 526.7681 -0.275463 0.3569137
Moved 248.4552 239.6813 529.6375 -0.2785156 0.3642938
Moved 248.4702 240 533.2644 -0.2777777 0.3736223
Moved 248.4859 240 534.9172 -0.2777777 0.3778734
Moved 248.5016 240 537.6849 -0.2777777 0.3849918
Moved 248.5171 240 542.3433 -0.2777777 0.3969735
Moved 248.5324 249.843 546.6911 -0.254993 0.408156
Moved 248.5479 252.6498 549.9873 -0.248496 0.4166339
Moved 248.5634 258.426 553.213 -0.235125 0.4249305
Moved 248.579 267.9156 555.0923 -0.2131584 0.4297642
Moved 248.5933 280.8761 556.7397 -0.1831571 0.4340011
Moved 248.6098 304.1406 557 -0.1293041 0.4346707
Moved 248.6251 331.4456 557 -0.06609817 0.4346707
Moved 248.6414 353.221 545.1948 -0.01569211 0.4043075
Moved 248.6549 374.833 540.8334 0.03433575 0.3930898
Moved 248.6705 388.3145 537.3371 0.06554276 0.3840975
Moved 248.6855 398.9103 534.4542 0.09007007 0.3766826
Moved 248.7007 407.5 533.5 0.1099537 0.3742283
Moved 248.7162 412.0855 532.2286 0.1205683 0.3709583
Moved 248.7322 416.6448 530.7851 0.1311222 0.3672455
Moved 248.7473 418.651 530.3489 0.1357663 0.3661237
Moved 248.7627 420.0914 530 0.1391005 0.3652262
Ended 248.7788 423 530 0.1458333 0.3652262
Candidates 248.8919 12 very betty bet better veto cry neo newt net beer ceo battery
Began 249.3139 431 303 0.1643519 -0.2186215
Stationary 249.3333 431 303 0.1643519 -0.2186215
Moved 249.3477 431 315.7676 0.1643519 -0.185783
Moved 249.3636 442.352 374.056 0.1906296 -0.03586427
Moved 249.3793 455.8288 444.7156 0.2218259 0.1458733
Ended 249.3956 466 481 0.2453704 0.2391974
Accept 249.4543 0 very
Began 250.3931 447 472 0.2013889 0.2160493
Stationary 250.4113 447 472 0.2013889 0.2160493
Stationary 250.4252 447 472 0.2013889 0.2160493
Stationary 250.4443 447 472 0.2013889 0.2160493
Stationary 250.4589 447 472 0.2013889 0.2160493
Stationary 250.4717 447 472 0.2013889 0.2160493
Stationary 250.4874 447 472 0.2013889 0.2160493
Stationary 250.5025 447 472 0.2013889 0.2160493
Stationary 250.5171 447 472 0.2013889 0.2160493
Stationary 250.5336 447 472 0.2013889 0.2160493
Moved 250.5645 435.2296 472 0.1741427 0.2160493
Moved 250.5803 433.7945 472 0.1708207 0.2160493
Moved 250.5968 431.3519 472 0.1651665 0.2160493
Moved 250.6112 429.9166 472 0.161844 0.2160493
Moved 250.6268 428.869 472 0.1594189 0.2160493
Moved 250.6416 425.773 472 0.1522523 0.2160493
Moved 250.6575 422.8924 472 0.1455842 0.2160493
Moved 250.6793 414.1985 464 0.1254596 0.1954732
Stationary 250.6899 414.1985 464 0.1254596 0.1954732
Moved 250.7024 408.5143 462.6286 0.1123017 0.1919459
Moved 250.7178 399.283 459.3666 0.09093285 0.1835559
Moved 250.7343 391.2552 457.0729 0.07235 0.1776567
Moved 250.7497 378.4554 452.8185 0.04272093 0.1667141
Moved 250.7651 363.9765 448.4941 0.009204945 0.1555918
Moved 250.78 350.477 442.8787 -0.02204398 0.1411487
Moved 250.7956 337.8554 438.1422 -0.05126054 0.1289664
Moved 250.8114 325.7201 434.68 -0.07935171 0.1200616
Moved 250.8262 310.1921 427.596 -0.1152961 0.1018415
Moved 250.8417 299.154 422.077 -0.1408473 0.08764643
Moved 250.8578 284.4356 414.1467 -0.1749176 0.06724954
Moved 250.8728 271.2815 407.6407 -0.205367 0.05051632
Moved 250.8884 260.8952 401.9401 -0.2294092 0.03585411
Moved 250.9046 252.2599 394.7166 -0.2493983 0.01727512
Moved 250.9187 240.6915 388.4939 -0.2761772 0.001270192
Moved 250.9341 233.2881 383.9728 -0.2933147 -0.01035792
Moved 250.9501 227.5 382 -0.306713 -0.01543218
Moved 250.9651 219.6735 377.2694 -0.3248299 -0.02759933
Moved 250.9804 212.5221 374.4088 -0.3413841 -0.03495683
Moved 250.9953 207.0275 371.5137 -0.3541031 -0.04240295
Moved 251.0108 202.4588 368.6392 -0.3646788 -0.04979655
Moved 251.0269 198.1571 366.3857 -0.3746362 -0.0555923
Moved 251.0425 193.8519 363.9012 -0.3846021 -0.06198239
Moved 251.0572 191.0264 361.0264 -0.3911425 -0.06937654
Moved 251.0721 188.7901 360.3951 -0.3963191 -0.07100038
Moved 251.089 185.9095 357.9095 -0.4029872 -0.07739322
Moved 251.1037 183.0266 355.0266 -0.4096606 -0.0848081
Moved 251.1183 180.1327 353.1327 -0.4163596 -0.08967929
Moved 251.1337 177.2574 351.6287 -0.4230153 -0.09354783
Moved 251.1495 175.377 350.1885 -0.427368 -0.09725178
Moved 251.1648 173.7511 348.7511 -0.4311317 -0.1009489
Moved 251.1801 172.7514 349 -0.4334458 -0.1003086
Moved 251.1968 171.2254 347.2253 -0.4369784 -0.1048732
Moved 251.2107 169.7936 347 -0.4402925 -0.1054527
Stationary 251.2268 169.7936 347 -0.4402925 -0.1054527
Moved 251.2417 167.9153 346 -0.4446406 -0.1080248
Moved 251.2572 167.4733 346 -0.4456636 -0.1080248
Moved 251.2728 166.5 346 -0.4479167 -0.1080248
Moved 251.2886 165.955 346 -0.4491783 -0.1080248
Stationary 251.31 165.955 346 -0.4491783 -0.1080248
Stationary 251.3202 165.955 346 -0.4491783 -0.1080248
Moved 251.3351 164.7508 346 -0.4519657 -0.1080248
Stationary 251.35 165 346 -0.4513889 -0.1080248
Moved 251.365 163.6948 346 -0.4544103 -0.1080248
Stationary 251.3801 163.6948 346 -0.4544103 -0.1080248
Stationary 251.3954 164 346 -0.4537037 -0.1080248
Stationary 251.412 164 346 -0.4537037 -0.1080248
Moved 251.427 164 353.7212 -0.4537037 -0.08816574
Moved 251.4429 164 355.1577 -0.4537037 -0.08447105
Moved 251.4578 164 356.6007 -0.4537037 -0.08075957
Moved 251.4733 164 359.0879 -0.4537037 -0.07436249
Moved 251.4912 164 361.9706 -0.4537037 -0.06694809
Moved 251.5046 164 364 -0.4537037 -0.06172839
Moved 251.5196 164 368.0107 -0.4537037 -0.05141293
Moved 251.5367 164 370.8851 -0.4537037 -0.0440198
Moved 251.5502 164 374.7605 -0.4537037 -0.03405222
Moved 251.5657 164 377.642 -0.4537037 -0.02664095
Moved 251.5816 172.7602 383.2807 -0.4334254 -0.01213819
Moved 251.597 174.1975 387.5927 -0.4300983 -0.001047786
Moved 251.6122 175.5 390 -0.4270833 0.005143954
Moved 251.6279 176.7474 392.4948 -0.4241958 0.01156065
Moved 251.6429 178.1847 395.3694 -0.4208688 0.0189541
Moved 251.6575 179.6152 398.2305 -0.4175573 0.02631297
Moved 251.6742 181.0567 400.0567 -0.4142206 0.03100992
Moved 251.6894 182.4982 402.9963 -0.4108839 0.03857079
Moved 251.7045 183.9369 404.9369 -0.4075535 0.04356196
Moved 251.7204 185.3781 407.7563 -0.4042172 0.05081338
Moved 251.7363 187.687 408.3435 -0.3988726 0.05232379
Moved 251.7512 189.8083 410.9041 -0.3939623 0.05890972
Moved 251.7664 192.8071 413.8071 -0.3870206 0.06637632
Moved 251.7816 200.8694 415.677 -0.3683578 0.07118563
Moved 251.7971 217.5431 416 -0.3297613 0.07201634
Moved 251.8131 245.9699 407.2892 -0.2639587 0.0496121
Moved 251.8324 271.9721 394.6013 -0.2037682 0.0169787
Moved 251.8447 288.7077 386.1462 -0.1650285 -0.004768136
Moved 251.8592 314.3941 368.5756 -0.1055692 -0.0499599
Moved 251.8747 331.1732 354.0244 -0.06672874 -0.087386
Moved 251.8896 345.9935 342.0065 -0.03242255 -0.118296
Moved 251.9053 357.5335 330.4665 -0.005709479 -0.1479772
Moved 251.9209 369.0651 319.9349 0.02098401 -0.1750647
Moved 251.936 378.7465 310.2535 0.04339466 -0.1999652
Moved 251.9511 386.3268 302.6733 0.06094157 -0.2194618
Moved 251.9664 395.9805 294.5162 0.08328815 -0.2404419
Moved 251.9824 405.4981 287.3585 0.1053196 -0.2588516
Moved 251.998 414.2172 280.1523 0.1255028 -0.277386
Moved 252.0129 420.0549 273.756 0.139016 -0.2938374
Moved 252.0282 424.7464 269.2535 0.149876 -0.3054179
Moved 252.0431 430.7639 264.9271 0.1638054 -0.3165457
Moved 252.059 433.6549 262.3451 0.1704974 -0.3231865
Moved 252.0746 437.6469 258.3531 0.1797382 -0.333454
Moved 252.0896 438.6428 257.3572 0.1820436 -0.3360156
Moved 252.105 440.0821 255.9178 0.1853753 -0.3397174
Moved 252.1199 441.5 254.5 0.1886574 -0.3433642
Stationary 252.1353 441.5 254.5 0.1886574 -0.3433642
Moved 252.1509 442 252.5962 0.1898148 -0.3482608
Moved 252.1656 443.5 253 0.193287 -0.3472223
Moved 252.1821 443 251.5 0.1921296 -0.3510802
Stationary 252.1973 443 251.5 0.1921296 -0.3510802
Moved 252.2122 443 250.7506 0.1921296 -0.3530077
Stationary 252.2271 443 250.7506 0.1921296 -0.3530077
Stationary 252.243 443 250.7506 0.1921296 -0.3530077
Moved 252.2582 443 250 0.1921296 -0.3549383
Stationary 252.2733 443 250 0.1921296 -0.3549383
Stationary 252.2943 443 250 0.1921296 -0.3549383
Stationary 252.305 443 250 0.1921296 -0.3549383
Stationary 252.3197 443 250 0.1921296 -0.3549383
Stationary 252.3347 443 250 0.1921296 -0.3549383
Stationary 252.3502 443 250 0.1921296 -0.3549383
Stationary 252.3661 443 250 0.1921296 -0.3549383
Moved 252.3819 434.7635 250 0.1730637 -0.3549383
Moved 252.3983 431.8751 250 0.1663776 -0.3549383
Moved 252.4128 422.6414 264.5189 0.1450033 -0.3175953
Moved 252.4285 407.0718 278.5711 0.1089625 -0.2814531
Moved 252.4444 386.9554 296.6357 0.06239672 -0.2349906
Moved 252.4588 364.2683 315.032 0.009880365 -0.1876751
Moved 252.4753 337.0169 338.2498 -0.05320152 -0.1279586
Moved 252.4902 309.7681 358.6445 -0.1162775 -0.07550283
Moved 252.5056 293.2582 372.2277 -0.1544949 -0.04056663
Moved 252.521 275.9397 386.3869 -0.194584 -0.004148954
Moved 252.5362 264.1149 395.6638 -0.2219563 0.01971147
Moved 252.5524 257.8266 401.1734 -0.2365124 0.03388216
Moved 252.5672 252.0249 405.9813 -0.2499424 0.04624826
Moved 252.5838 247.7065 408.8623 -0.2599386 0.05365815
Moved 252.5981 243.4139 411.8621 -0.2698752 0.06137357
Moved 252.6142 241.0986 413.9014 -0.2752347 0.06661866
Moved 252.6288 238.2443 416.7557 -0.2818418 0.07395999
Moved 252.6446 236.1847 418.8153 -0.2866094 0.0792574
Moved 252.6593 234.7361 421.5279 -0.2899628 0.08623425
Moved 252.6739 233.2981 422.7018 -0.2932914 0.08925359
Moved 252.6964 232 426.1481 -0.2962963 0.09811758
Stationary 252.7063 232 426.1481 -0.2962963 0.09811758
Moved 252.7201 232 429.3107 -0.2962963 0.1062518
Moved 252.7361 232 434.5012 -0.2962963 0.1196019
Moved 252.7517 238.2987 442.4357 -0.281716 0.1400094
Moved 252.767 251.0759 452.0665 -0.252139 0.1647799
Moved 252.7828 265.386 462.0703 -0.2190138 0.1905098
Moved 252.7984 292.313 476.1565 -0.156683 0.2267399
Moved 252.8128 317.8887 486.29 -0.09747987 0.2528035
Moved 252.8283 340.169 494.9546 -0.04590506 0.2750889
Moved 252.8461 365.9214 503.1204 0.01370688 0.2960915
Moved 252.8596 389.7242 509.181 0.06880601 0.3116795
Moved 252.875 405.041 513.924 0.1042615 0.3238786
Moved 252.8908 418.5818 517.3515 0.1356059 0.3326941
Moved 252.9061 428.9337 519.6167 0.1595687 0.3385202
Moved 252.9211 439.4071 523.1744 0.1838127 0.3476708
Moved 252.9365 449.5 526 0.2071759 0.3549381
Moved 252.9523 455.4758 527.6394 0.2210087 0.3591548
Moved 252.9675 462.3567 530.1783 0.2369367 0.365685
Moved 252.9833 468 531.5 0.25 0.3690843
Moved 252.9982 471.8702 532.9567 0.2589587 0.372831
Moved 253.0137 476.1824 534.3941 0.2689407 0.3765279
Moved 253.0293 477.8315 535.8315 0.2727581 0.3802249
Moved 253.045 479.2688 536 0.2760851 0.3806583
Moved 253.0649 480.2796 537.2796 0.278425 0.3839495
Stationary 253.0751 480.2796 537.2796 0.278425 0.3839495
Moved 253.09 481.375 538.375 0.2809607 0.3867669
Moved 253.1057 481 538 0.2800926 0.3858024
Moved 253.1209 481 539.1392 0.2800926 0.3887324
Stationary 253.136 481 539.1392 0.2800926 0.3887324
Stationary 253.1517 481 539 0.2800926 0.3883744
Moved 253.1676 481 540.0402 0.2800926 0.3910499
Stationary 253.1832 481 540 0.2800926 0.3909464
Stationary 253.1982 481 540 0.2800926 0.3909464
Moved 253.2129 471.3217 540 0.2576891 0.3909464
Moved 253.229 470.278 541 0.2552731 0.3935184
Moved 253.2455 466.093 541 0.2455855 0.3935184
Moved 253.2589 463.5238 541 0.2396384 0.3935184
Moved 253.2751 460.1958 541 0.2319348 0.3935184
Moved 253.2925 455.9417 541 0.2220871 0.3935184
Moved 253.3067 450.8222 541 0.2102365 0.3935184
Moved 253.3223 445.0391 541 0.1968497 0.3935184
Moved 253.3379 437.2222 541 0.1787551 0.3935184
Moved 253.3522 429.3757 541 0.1605919 0.3935184
Moved 253.3679 421.0344 541 0.1412834 0.3935184
Moved 253.384 412.7672 541 0.1221464 0.3935184
Moved 253.3995 400.007 541 0.09260873 0.3935184
Moved 253.4186 387.5 541 0.06365737 0.3935184
Moved 253.4309 371.2449 541 0.02602984 0.3935184
Moved 253.4451 351.142 541 -0.02050464 0.3935184
Moved 253.4603 331.9839 541 -0.06485213 0.3935184
Moved 253.4754 311.6482 541 -0.1119255 0.3935184
Moved 253.4939 298 530.5 -0.1435185 0.3665122
Moved 253.5073 287.7409 531.1058 -0.1672663 0.3680705
Moved 253.5224 280.4107 529.6821 -0.1842345 0.3644087
Moved 253.5378 277.4708 530 -0.1910398 0.3652262
Moved 253.5533 275.7918 530 -0.1949263 0.3652262
Moved 253.5672 275.3499 530 -0.1959494 0.3652262
Moved 253.5838 274.5 530 -0.1979167 0.3652262
Moved 253.5996 275 530 -0.1967592 0.3652262
Moved 253.6131 286.7124 530 -0.1696473 0.3652262
Moved 253.6307 306.0456 530 -0.1248945 0.3652262
Moved 253.6465 332 530 -0.06481484 0.3652262
Moved 253.6601 357.4518 530 -0.005898724 0.3652262
Moved 253.6753 383.3758 530 0.05411058 0.3652262
Moved 253.6913 402.354 530 0.09804159 0.3652262
Moved 253.7071 419.4427 530 0.1375988 0.3652262
Moved 253.7228 427.4021 530 0.1560234 0.3652262
Moved 253.7421 440.6982 530 0.1868015 0.3652262
Moved 253.754 454.5956 530 0.2189712 0.3652262
Moved 253.7672 462.1265 530 0.2364039 0.3652262
Moved 253.785 471.8991 530 0.2590257 0.3652262
Moved 253.8007 478.8326 533.9656 0.2750753 0.3754258
Moved 253.8148 486.012 537 0.2916945 0.3832304
Moved 253.8308 492.4028 538.0671 0.3064881 0.3859751
Moved 253.8466 499.5 541 0.3229167 0.3935184
Moved 253.8609 505.8625 541 0.3376446 0.3935184
Moved 253.8774 510.2011 542.4004 0.3476878 0.3971203
Moved 253.8921 513.6809 542 0.3557429 0.3960905
Moved 253.9079 516.5646 542 0.3624181 0.3960905
Moved 253.922 518.7255 542 0.36742 0.3960905
Moved 253.9388 520.72 542 0.3720371 0.3960905
Moved 253.9533 522.2486 542 0.3755754 0.3960905
Stationary 253.9686 522.2486 542 0.3755754 0.3960905
Moved 253.9846 524.1083 542 0.3798803 0.3960905
Moved 253.9982 525.5535 528.0187 0.3832256 0.3601303
Moved 254.0145 526 517.04 0.3842592 0.3318929
Moved 254.0308 526 498.6342 0.3842592 0.2845528
Moved 254.0492 520.0591 479.0984 0.3705071 0.2343066
Moved 254.0606 509.1021 453.2678 0.3451437 0.1678699
Moved 254.076 497.9968 425.9937 0.3194371 0.09772021
Moved 254.0928 486.2073 401.5488 0.2921466 0.03484781
Moved 254.1062 474.5474 376.7881 0.2651559 -0.02883715
Moved 254.1213 466.2675 359.0421 0.2459897 -0.07448032
Moved 254.138 457.5139 342.2755 0.2257267 -0.1176042
Moved 254.154 450 327 0.2083333 -0.1568931
Moved 254.1697 443.7544 312.5089 0.193876 -0.1941645
Moved 254.1842 439.2355 300.9614 0.1834156 -0.2238647
Moved 254.1997 433.9472 288.1574 0.1711741 -0.2567968
Moved 254.215 429.6117 278.2234 0.1611383 -0.2823472
Moved 254.2308 427 270 0.1550926 -0.303498
Moved 254.2464 424.9762 259.9047 0.1504077 -0.3294633
Moved 254.2615 423.5493 252.7465 0.1471049 -0.3478743
Moved 254.2775 422 249.4128 0.1435185 -0.3564485
Moved 254.2934 421.028 245.0841 0.1412687 -0.367582
Moved 254.3069 419.5893 242.1786 0.1379381 -0.3750551
Moved 254.3237 418.1424 239.2848 0.1345888 -0.382498
Moved 254.3475 412.7934 235.2645 0.122207 -0.3928382
Moved 254.3598 406.0947 235 0.1067007 -0.3935186
Stationary 254.3709 406.0947 235 0.1067007 -0.3935186
Moved 254.3837 398.4281 235 0.08895397 -0.3935186
Moved 254.3992 359.374 258.6733 -0.001449138 -0.3326304
Moved 254.4149 324.3436 284.5389 -0.08253797 -0.2661038
Moved 254.4311 281.1837 317.6531 -0.1824451 -0.1809334
Moved 254.4464 242.2498 348.3752 -0.2725699 -0.1019157
Moved 254.4626 211 371 -0.3449074 -0.04372435
Moved 254.4769 194.555 380.6584 -0.3829744 -0.01888259
Moved 254.4932 181.6165 388.2237 -0.4129248 0.0005752657
Moved 254.5073 166.6499 396.4167 -0.4475698 0.02164797
Moved 254.5241 157.3952 401.7629 -0.4689927 0.03539831
Moved 254.5388 148.7726 406.1136 -0.4889522 0.04658856
Moved 254.5541 143.7615 409.4289 -0.5005522 0.05511542
Moved 254.5697 140.4961 412.5039 -0.5081109 0.06302433
Moved 254.5845 138.3167 413.6833 -0.5131559 0.06605796
Moved 254.6005 137.1356 414.8644 -0.5158898 0.06909559
Moved 254.6203 135.7374 416.2626 -0.5191265 0.07269184
Stationary 254.6323 135.7374 416.2626 -0.5191265 0.07269184
Moved 254.6452 135 418.1462 -0.5208333 0.07753658
Moved 254.6625 135 419.5925 -0.5208333 0.08125638
Moved 254.6775 143.2793 422.0698 -0.5016683 0.08762807
Moved 254.694 166.643 426.433 -0.4475857 0.0988503
Moved 254.7083 187.5 429.5 -0.3993056 0.1067386
Moved 254.7235 249.9481 431 -0.2547497 0.1105966
Moved 254.7392 291.6038 431 -0.1583246 0.1105966
Moved 254.7551 318.7474 421.3557 -0.09549209 0.08579125
Moved 254.7695 352.4586 414.4461 -0.01745691 0.06801974
Moved 254.7853 393.0623 402.1531 0.07653315 0.03640194
Moved 254.801 428.8542 391.5842 0.1593847 0.009218459
Moved 254.8154 448 385.5 0.2037037 -0.006430119
Moved 254.8309 461.6902 382.8275 0.2353941 -0.01330387
Moved 254.8468 479.0002 380.8333 0.2754633 -0.01843284
Moved 254.8624 491.4569 379.3937 0.3042983 -0.0221356
Moved 254.882 502.3283 379 0.3294636 -0.02314815
Moved 254.8952 512.4014 379 0.3527811 -0.02314815
Moved 254.9077 521.5461 379 0.3739494 -0.02314815
Moved 254.9241 526.1056 379 0.3845037 -0.02314815
Ended 254.9397 535.8928 379 0.4071593 -0.02314815
Candidates 255.0284 12 transcriptional institutional recreational functional identical historical constitutional traditional practical fictional emotional educational
Began 256.9716 438 331 0.1805556 -0.146605
Stationary 256.9892 438 331 0.1805556 -0.146605
Stationary 257.0054 438 331 0.1805556 -0.146605
Stationary 257.0175 438 331 0.1805556 -0.146605
Ended 257.0335 438 331 0.1805556 -0.146605
NextCandidatePanel 257.0939
Began 258.4177 437 334 0.1782407 -0.1388889
Stationary 258.4355 437 334 0.1782407 -0.1388889
Stationary 258.4493 437 334 0.1782407 -0.1388889
Stationary 258.4704 437 334 0.1782407 -0.1388889
Stationary 258.4821 437 334 0.1782407 -0.1388889
Ended 258.4964 437 334 0.1782407 -0.1388889
NextCandidatePanel 258.5555
Began 259.2625 426 358 0.1527777 -0.07716057
Stationary 259.2908 426 358 0.1527777 -0.07716057
Stationary 259.3014 426 358 0.1527777 -0.07716057
Stationary 259.3142 426 358 0.1527777 -0.07716057
Stationary 259.3273 426 358 0.1527777 -0.07716057
Ended 259.3438 426 358 0.1527777 -0.07716057
NextCandidatePanel 259.4038
Began 259.6166 430 363 0.162037 -0.06430049
Stationary 259.6372 430 363 0.162037 -0.06430049
Stationary 259.6527 430 363 0.162037 -0.06430049
Stationary 259.6673 430 363 0.162037 -0.06430049
Ended 259.6822 430 363 0.162037 -0.06430049
NextCandidatePanel 259.7728
Began 260.5899 386 479 0.06018519 0.2340534
Stationary 260.6074 386 479 0.06018519 0.2340534
Moved 260.6217 386 459.5648 0.06018519 0.1840658
Moved 260.6408 386 426.0068 0.06018519 0.0977542
Moved 260.6536 391.731 397.4446 0.0734513 0.02429154
Moved 260.6676 395.5473 369.8003 0.08228549 -0.04680994
Moved 260.6833 398.4182 354.4909 0.08893103 -0.08618602
Moved 260.6997 399 340.7621 0.09027779 -0.1214968
Ended 260.7142 401.4209 329.8956 0.09588162 -0.1494457
Accept 260.7604 7 traditional
Began 262.3315 334 551 -0.06018519 0.4192385
Stationary 262.3488 334 551 -0.06018519 0.4192385
Stationary 262.3615 334 551 -0.06018519 0.4192385
Stationary 262.3824 334 551 -0.06018519 0.4192385
Moved 262.3943 316.4355 526.0734 -0.1008439 0.355127
Moved 262.4087 300.9236 503.5253 -0.1367508 0.297133
Moved 262.4245 285.7249 476.6323 -0.1719331 0.2279636
Moved 262.4402 276.0284 458.0568 -0.1943787 0.1801871
Moved 262.4562 268.5914 445.5853 -0.211594 0.1481101
Moved 262.4712 259.4402 429.5925 -0.2327772 0.1069765
Moved 262.4867 251.3149 416.9724 -0.2515858 0.07451748
Moved 262.5015 246 404.5 -0.2638889 0.04243823
Moved 262.5167 240.9724 397.9449 -0.2755267 0.02557829
Moved 262.5323 236.6812 392.2416 -0.2854601 0.01090945
Moved 262.5492 234.2326 388.2326 -0.2911281 0.0005982246
Moved 262.5624 232.0619 385.0929 -0.296153 -0.007477238
Moved 262.5783 230.5995 382.199 -0.2995382 -0.01492033
Moved 262.5935 230 381.1494 -0.3009259 -0.01761998
Moved 262.6134 228.727 381 -0.3038726 -0.01800419
Stationary 262.6257 228.727 381 -0.3038726 -0.01800419
Stationary 262.6395 229 381 -0.3032407 -0.01800419
Stationary 262.6546 229 381 -0.3032407 -0.01800419
Moved 262.6706 229 388.9305 -0.3032407 0.00239333
Moved 262.6882 241.7505 401.4323 -0.2737256 0.03454793
Moved 262.7023 257.091 421.3092 -0.2382153 0.08567174
Moved 262.7173 274.7142 438.6592 -0.1974208 0.1302963
Moved 262.7332 293.3211 455.3486 -0.1543492 0.1732217
Moved 262.7483 316.8202 472.2134 -0.09995327 0.2165983
Moved 262.7634 340.0413 486.7758 -0.0462008 0.2540528
Moved 262.7781 364 499.5 0.009259283 0.2867798
Moved 262.7963 396.8424 513.9681 0.08528332 0.323992
Moved 262.8092 413.7144 521.6884 0.124339 0.3438486
Moved 262.825 427.6983 527.7445 0.156709 0.3594251
Moved 262.8484 449.3642 538.0186 0.2068616 0.3858501
Stationary 262.8591 449.3642 538.0186 0.2068616 0.3858501
Moved 262.8706 457.6699 541.2233 0.2260878 0.3940929
Moved 262.8871 464.5 545.5 0.2418981 0.4050925
Moved 262.9025 466.3895 546.3895 0.246272 0.4073804
Moved 262.9172 468.1409 547 0.2503262 0.4089505
Moved 262.9341 471 548.5 0.2569444 0.4128085
Moved 262.9485 471.0235 549 0.2569987 0.4140946
Stationary 262.9641 471.0235 549 0.2569987 0.4140946
Moved 262.9799 472 550 0.2592593 0.4166666
Stationary 262.9954 472 550 0.2592593 0.4166666
Ended 263.0079 473 550 0.2615741 0.4166666
Candidates 263.0983 12 ratio radio tap edu trap tasty rap ray treasury wrap yay essay
Began 264.0694 425 420 0.150463 0.08230445
Stationary 264.0879 425 420 0.150463 0.08230445
Stationary 264.1014 425 420 0.150463 0.08230445
Stationary 264.1164 425 420 0.150463 0.08230445
Stationary 264.1323 425 420 0.150463 0.08230445
Ended 264.1479 425 420 0.150463 0.08230445
NextCandidatePanel 264.2083
Began 264.8539 432 386 0.1666667 -0.005144111
Stationary 264.8734 432 386 0.1666667 -0.005144111
Stationary 264.889 432 386 0.1666667 -0.005144111
Stationary 264.9036 432 386 0.1666667 -0.005144111
Ended 264.9178 432 386 0.1666667 -0.005144111
NextCandidatePanel 264.9783
Began 266.2203 442 368 0.1898148 -0.05144041
Stationary 266.2329 442 368 0.1898148 -0.05144041
Stationary 266.245 442 368 0.1898148 -0.05144041
Stationary 266.2588 442 368 0.1898148 -0.05144041
Ended 266.2749 442 368 0.1898148 -0.05144041
NextCandidatePanel 266.3342
Began 266.8562 450 371 0.2083333 -0.04372435
Stationary 266.8766 450 371 0.2083333 -0.04372435
Ended 266.8907 450 371 0.2083333 -0.04372435
NextCandidatePanel 266.934
Began 266.9979 441 373 0.1875 -0.03858032
Stationary 267.0141 441 373 0.1875 -0.03858032
Stationary 267.029 441 373 0.1875 -0.03858032
Stationary 267.0447 441 373 0.1875 -0.03858032
Ended 267.0662 441 373 0.1875 -0.03858032
Cancel 267.1192
Began 267.5334 330 549 -0.06944443 0.4140946
Stationary 267.5531 330 549 -0.06944443 0.4140946
Stationary 267.5676 330 549 -0.06944443 0.4140946
Stationary 267.5826 330 549 -0.06944443 0.4140946
Stationary 267.5989 330 549 -0.06944443 0.4140946
Stationary 267.6145 330 549 -0.06944443 0.4140946
Moved 267.6298 330 539.2711 -0.06944443 0.3890716
Moved 267.6455 330 534 -0.06944443 0.3755144
Moved 267.6609 319.9641 526.5709 -0.09267569 0.3564066
Moved 267.6763 316.758 518.395 -0.1000973 0.3353779
Moved 267.6917 313.3204 508.6409 -0.1080545 0.3102902
Moved 267.7104 308.997 498.993 -0.1180625 0.2854757
Moved 267.7223 304.6726 487.4603 -0.1280726 0.2558135
Moved 267.7372 298.4648 474.1619 -0.1424427 0.2216097
Moved 267.7544 292.729 459.8226 -0.1557198 0.1847289
Moved 267.7705 289.8996 454.7993 -0.1622694 0.1718087
Moved 267.7863 284.2266 439.6042 -0.1754015 0.1327267
Moved 267.7997 279.9246 428.1322 -0.1853598 0.1032206
Moved 267.8154 275.597 418.5919 -0.1953774 0.07868284
Moved 267.8303 271.292 410.8199 -0.2053427 0.05869311
Moved 267.8463 269.3286 403.3141 -0.2098876 0.03938816
Moved 267.8606 266.7711 397.5422 -0.2158076 0.02454271
Moved 267.8764 265.8537 394.5612 -0.2179312 0.01687533
Moved 267.8941 263.3651 390.0954 -0.2236918 0.005389398
Moved 267.9135 259.5 381.5 -0.2326389 -0.01671818
Stationary 267.9252 259.5 381.5 -0.2326389 -0.01671818
Moved 267.9402 257.0532 378.1063 -0.2383028 -0.02544678
Moved 267.9544 254.2295 375.2295 -0.2448392 -0.03284603
Moved 267.9695 252.3523 372.3523 -0.2491845 -0.04024615
Moved 267.9857 250.0621 370.0621 -0.254486 -0.04613672
Moved 268.0004 247.2118 365.8176 -0.2610839 -0.05705342
Moved 268.0152 243.5126 361.5126 -0.2696467 -0.06812593
Moved 268.0303 240.4594 358.4594 -0.2767144 -0.07597896
Moved 268.0477 236.8659 353.8659 -0.2850326 -0.08779352
Moved 268.0617 233.5846 350.5846 -0.2926282 -0.09623303
Moved 268.0766 230.0286 346.0286 -0.3008597 -0.1079511
Moved 268.0924 225.7205 343.3603 -0.3108321 -0.1148141
Moved 268.112 220.2543 339.4407 -0.3234854 -0.1248953
Moved 268.1242 215.487 335.7435 -0.3345208 -0.1344047
Moved 268.1388 209.7133 332.8567 -0.3478858 -0.1418296
Moved 268.1544 205.5 330 -0.3576389 -0.149177
Moved 268.1698 202.0971 329.0485 -0.365516 -0.1516242
Moved 268.1847 199.2222 327.6111 -0.3721707 -0.1553211
Moved 268.2004 197 326.5 -0.3773148 -0.158179
Moved 268.2172 196.5 327 -0.3784722 -0.1568931
Moved 268.2307 195.8255 327 -0.3800337 -0.1568931
Stationary 268.248 196 327 -0.3796296 -0.1568931
Stationary 268.2609 196 327 -0.3796296 -0.1568931
Moved 268.2766 200.6901 338.3501 -0.3687729 -0.1277004
Moved 268.2961 206.3447 344.4597 -0.3556835 -0.1119865
Moved 268.3079 210.5 351.5 -0.3460648 -0.0938786
Moved 268.3238 219.6135 360.6135 -0.3249688 -0.07043862
Moved 268.3387 228.6089 370.7103 -0.3041461 -0.0444694
Moved 268.3552 240.3308 380.7895 -0.277012 -0.01854563
Moved 268.3699 251.8518 391.8517 -0.2503431 0.009906675
Moved 268.3872 260.5375 399.1146 -0.2302372 0.02858691
Moved 268.4011 275.6106 410.0275 -0.1953458 0.05665493
Moved 268.4163 288.7593 420.1461 -0.164909 0.08268023
Moved 268.4317 303.9475 432.1016 -0.1297511 0.11343
Moved 268.4468 326.9027 451.3867 -0.07661412 0.1630316
Moved 268.4656 342.9361 463.1354 -0.0394997 0.1932493
Moved 268.4837 367.2266 484.0732 0.01672824 0.2471019
Stationary 268.4955 367.2266 484.0732 0.01672824 0.2471019
Moved 268.5074 375.5486 490.3658 0.03599227 0.2632864
Moved 268.5239 382.1196 497.1495 0.05120277 0.2807341
Moved 268.5395 385.3881 499.2587 0.05876879 0.2861592
Moved 268.5554 388.22 502.22 0.06532411 0.2937757
Moved 268.5699 390.0484 504.0484 0.06955643 0.2984783
Moved 268.586 391.49 505.49 0.0728935 0.3021861
Moved 268.601 391 505.9316 0.07175922 0.303322
Ended 268.6164 392.3729 506 0.07493724 0.3034978
Candidates 268.7681 12 yay ready tasty text ray easy tat essay test tag rest rat
Began 269.5231 425 456 0.150463 0.174897
Stationary 269.5519 425 456 0.150463 0.174897
Stationary 269.564 425 456 0.150463 0.174897
Stationary 269.5751 425 456 0.150463 0.174897
Ended 269.5868 425 456 0.150463 0.174897
NextCandidatePanel 269.6292
Began 269.6632 417 456 0.1319444 0.174897
Stationary 269.6854 417 456 0.1319444 0.174897
Stationary 269.7038 417 456 0.1319444 0.174897
Stationary 269.7135 417 456 0.1319444 0.174897
Stationary 269.7254 417 456 0.1319444 0.174897
Stationary 269.7409 417 456 0.1319444 0.174897
Ended 269.7563 417 456 0.1319444 0.174897
Cancel 269.8144
Began 270.402 315 563 -0.1041667 0.4501028
Stationary 270.418 315 563 -0.1041667 0.4501028
Stationary 270.4341 315 563 -0.1041667 0.4501028
Stationary 270.4481 315 563 -0.1041667 0.4501028
Stationary 270.4638 315 563 -0.1041667 0.4501028
Stationary 270.4794 315 563 -0.1041667 0.4501028
Stationary 270.4969 315 563 -0.1041667 0.4501028
Stationary 270.5092 315 563 -0.1041667 0.4501028
Stationary 270.525 315 563 -0.1041667 0.4501028
Moved 270.5434 305.748 548.4961 -0.1255832 0.4127985
Moved 270.5604 302.858 541.645 -0.1322731 0.3951774
Moved 270.5713 298.4584 531.889 -0.1424575 0.3700849
Moved 270.5875 294.13 522.26 -0.1524768 0.3453189
Moved 270.6031 289.8252 510.8673 -0.1624416 0.3160166
Moved 270.6177 286.4885 502.9769 -0.1701656 0.2957224
Moved 270.6336 284.0984 495.3442 -0.1756982 0.2760911
Moved 270.6495 279.9165 484.1108 -0.1853784 0.2471985
Moved 270.6645 276.3837 474.5347 -0.1935564 0.2225687
Moved 270.6793 273.4838 466.7095 -0.200269 0.202442
Moved 270.6953 270.6258 457.8774 -0.2068846 0.1797258
Moved 270.7108 267.7309 451.4618 -0.2135859 0.1632247
Moved 270.7265 265.4245 445.1226 -0.2189247 0.1469202
Moved 270.7488 259.6867 433.3735 -0.2322066 0.1167013
Stationary 270.7595 259.6867 433.3735 -0.2322066 0.1167013
Moved 270.7716 256.8009 426.6019 -0.2388867 0.09928455
Moved 270.7885 253.9212 420.8424 -0.2455528 0.08447113
Moved 270.8027 252.0324 414.5811 -0.249925 0.06836691
Moved 270.8182 249.149 408.2981 -0.2565995 0.05220703
Moved 270.834 246.2679 402.9019 -0.2632687 0.03832774
Moved 270.8509 244 399.5 -0.2685185 0.02957815
Moved 270.8644 242.2257 395.3385 -0.2726257 0.01887475
Moved 270.8807 240.6728 391.0185 -0.2762203 0.007763537
Moved 270.8971 238.2326 388.4651 -0.281869 0.001196331
Moved 270.9148 236.7993 385.5985 -0.2851869 -0.006176709
Moved 270.927 235.3519 382.7037 -0.2885373 -0.01362216
Moved 270.9436 233.9122 378.7365 -0.29187 -0.02382608
Moved 270.9576 232.5 377.5 -0.2951389 -0.02700625
Moved 270.974 231.409 374.8181 -0.2976643 -0.03390426
Moved 270.9889 229.9691 372.9691 -0.3009975 -0.03865991
Moved 271.0039 229.5248 371.5248 -0.302026 -0.04237461
Moved 271.0184 228.0831 370.0831 -0.3053632 -0.04608264
Moved 271.0345 226.6405 368.6404 -0.3087026 -0.04979318
Moved 271.0503 226.1999 367.1999 -0.3097224 -0.05349822
Moved 271.0643 226 365.7576 -0.3101852 -0.05720774
Moved 271.0849 224.7233 364.7233 -0.3131406 -0.05986813
Moved 271.0981 223.197 363.197 -0.3166736 -0.06379367
Moved 271.1113 220.5235 363 -0.3228622 -0.06430049
Moved 271.1271 216.97 361.3233 -0.331088 -0.06861298
Moved 271.1421 213.7674 359.8837 -0.3385015 -0.07231583
Moved 271.1581 209.5 358.5 -0.3483796 -0.07587456
Moved 271.1728 206.9952 359 -0.3541777 -0.07458848
Moved 271.1894 205.9373 359 -0.3566266 -0.07458848
Moved 271.2052 204.5 359 -0.3599537 -0.07458848
Moved 271.2186 204.0376 359 -0.3610241 -0.07458848
Stationary 271.2346 204 359 -0.3611111 -0.07458848
Moved 271.2541 204 370.2448 -0.3611111 -0.04566664
Moved 271.2657 218.2008 380.0369 -0.3282389 -0.02048139
Moved 271.2809 233.2047 395.018 -0.2935076 0.01805039
Moved 271.2967 246.9082 405.2059 -0.2617866 0.04425386
Moved 271.3112 268.9625 419.1016 -0.210735 0.07999365
Moved 271.328 279.7395 425.9953 -0.1857883 0.09772445
Moved 271.3422 292.7188 432.9549 -0.1557435 0.1156247
Moved 271.3584 305.0623 441.7968 -0.1271706 0.1383661
Moved 271.373 315.5153 449.3681 -0.1029738 0.1578396
Moved 271.3891 325.5 455 -0.07986113 0.172325
Moved 271.4034 333.3464 460.1732 -0.06169806 0.1856306
Moved 271.4193 342.5154 465.2945 -0.04047359 0.1988026
Moved 271.4405 352.5 471 -0.0173611 0.2134772
Moved 271.4524 357.7127 474.8276 -0.00529468 0.2233221
Moved 271.4659 364.7984 479.079 0.01110742 0.2342567
Moved 271.4812 371.1927 482.3946 0.02590915 0.2427844
Moved 271.4963 378.2024 487.9619 0.04213512 0.2571037
Moved 271.5111 384.5 491.5 0.05671293 0.2662036
Moved 271.528 389.7882 494.5153 0.06895413 0.273959
Moved 271.5442 395.8021 498.6016 0.08287519 0.284469
Moved 271.5587 400.9215 501.6405 0.09472568 0.2922852
Moved 271.5741 404.1667 504.1667 0.1022379 0.2987827
Moved 271.5966 408.9326 506.9663 0.11327 0.3059832
Stationary 271.6074 408.9326 506.9663 0.11327 0.3059832
Moved 271.6194 410.4091 508.4091 0.1166877 0.3096941
Moved 271.6358 411.5262 508.5262 0.1192738 0.3099954
Moved 271.6512 412 509.9691 0.1203704 0.3137064
Moved 271.666 413.408 510 0.1236296 0.3137859
Moved 271.6806 413.8523 511 0.1246581 0.3163579
Moved 271.6982 414.5 511 0.1261574 0.3163579
Ended 271.7126 414 511 0.125 0.3163579
Candidates 271.8324 12 ready ray easy yay tasty essay rest test rat west est east
Began 272.8332 434 419 0.1712963 0.07973251
Stationary 272.8538 434 419 0.1712963 0.07973251
Stationary 272.8669 434 419 0.1712963 0.07973251
Stationary 272.883 434 419 0.1712963 0.07973251
Ended 272.8981 434 419 0.1712963 0.07973251
NextCandidatePanel 272.9586
Began 272.99 412 422 0.1203704 0.08744851
Stationary 273.0076 412 422 0.1203704 0.08744851
Stationary 273.0219 412 422 0.1203704 0.08744851
Stationary 273.0378 412 422 0.1203704 0.08744851
Stationary 273.058 412 422 0.1203704 0.08744851
Ended 273.0691 412 422 0.1203704 0.08744851
Cancel 273.1261
Began 273.5278 247 555 -0.2615741 0.4295266
Stationary 273.5466 247 555 -0.2615741 0.4295266
Stationary 273.5606 247 555 -0.2615741 0.4295266
Stationary 273.5753 247 555 -0.2615741 0.4295266
Stationary 273.5913 247 555 -0.2615741 0.4295266
Stationary 273.606 247 555 -0.2615741 0.4295266
Stationary 273.6216 247 555 -0.2615741 0.4295266
Moved 273.6404 247 543.49 -0.2615741 0.3999227
Moved 273.6531 247 540.2673 -0.2615741 0.391634
Moved 273.6678 238.4456 530.3367 -0.281376 0.3660923
Moved 273.6832 235.5629 521.6887 -0.2880488 0.3438495
Moved 273.6987 231.699 512.0971 -0.296993 0.3191797
Moved 273.7152 229.8977 504.4883 -0.3011628 0.2996098
Moved 273.7311 227 496 -0.3078704 0.2777777
Moved 273.7464 225.0214 488.1283 -0.3124505 0.2575315
Moved 273.7608 221.7446 480.404 -0.3200358 0.2376644
Moved 273.7767 218.8974 470.2434 -0.3266265 0.2115313
Moved 273.798 214.5712 457.2846 -0.3366409 0.1782011
Stationary 273.8095 214.5712 457.2846 -0.3366409 0.1782011
Moved 273.822 212.2848 450.5696 -0.3419333 0.1609301
Moved 273.8383 210.6864 444.7454 -0.3456334 0.1459501
Moved 273.8523 208.2606 439.7817 -0.3512487 0.1331834
Moved 273.8693 207.1185 435.4742 -0.3538922 0.1221043
Moved 273.8853 205.7171 431.1512 -0.3571364 0.1109855
Moved 273.8998 203.2806 425.8418 -0.3627764 0.09732965
Moved 273.9153 201.8433 421.53 -0.3661034 0.08623951
Moved 273.931 199.8016 417.6032 -0.3708296 0.0761399
Moved 273.9517 197.9601 413.9202 -0.3750924 0.06666705
Moved 273.9626 196.5228 410.0455 -0.3784195 0.05670147
Moved 273.9766 195.3312 406.9937 -0.3811777 0.04885206
Moved 273.9921 193.0312 404.0312 -0.3865018 0.0412324
Moved 274.0073 191.5904 399.7713 -0.389837 0.03027594
Moved 274.0225 190.1372 396.2744 -0.3932008 0.02128185
Moved 274.038 188.7091 392.1272 -0.3965068 0.0106151
Moved 274.0532 188.2557 390.5113 -0.3975563 0.006458965
Moved 274.0688 186.8176 387.6353 -0.400885 -0.0009381722
Moved 274.0841 187 385 -0.4004629 -0.007716127
Moved 274.0995 187 384.2657 -0.4004629 -0.009604834
Moved 274.1179 187 382.8276 -0.4004629 -0.01330364
Moved 274.1299 187 381.5 -0.4004629 -0.01671818
Stationary 274.1467 187 381.5 -0.4004629 -0.01671818
Moved 274.162 195.15 382 -0.3815973 -0.01543218
Moved 274.176 215.0941 390.3206 -0.3354304 0.005968392
Moved 274.1924 235.176 399.2183 -0.2889445 0.02885351
Moved 274.2085 248.6322 404.9852 -0.2577959 0.04368625
Moved 274.2234 269.6704 416.3352 -0.2090963 0.07287857
Moved 274.2412 287.0065 426.3372 -0.1689664 0.09860376
Moved 274.2538 303.7081 437.6249 -0.1303053 0.127636
Moved 274.2693 318.129 448.7032 -0.09692356 0.1561296
Moved 274.2879 331.2798 457.2999 -0.06648193 0.1782403
Moved 274.3022 343.854 465.5693 -0.03737494 0.1995096
Moved 274.3154 351.241 470.8864 -0.02027556 0.2131851
Moved 274.3304 364.0375 480.3646 0.009346107 0.2375632
Moved 274.3468 375.9715 490.8635 0.03697097 0.2645666
Moved 274.3607 383.7437 496.7438 0.05496234 0.2796907
Moved 274.3764 390.9999 503.9999 0.07175912 0.2983537
Moved 274.3923 398.2072 509.7657 0.08844257 0.3131834
Moved 274.4061 402.5101 513.6326 0.0984031 0.323129
Moved 274.4268 405.9711 516.9711 0.1064146 0.3317158
Moved 274.4404 410.2493 519.8329 0.1163179 0.3390763
Moved 274.4538 412.7164 522.7164 0.1220286 0.3464926
Moved 274.4692 415.5928 524.2964 0.128687 0.3505564
Moved 274.4849 417.4771 526.4772 0.1330489 0.3561655
Moved 274.5001 419.1834 527 0.1369987 0.3575102
Moved 274.5143 419.6226 528.6226 0.1380151 0.3616835
Moved 274.5306 420 529 0.1388889 0.3626543
Stationary 274.5453 420 529 0.1388889 0.3626543
Ended 274.5639 420 529 0.1388889 0.3626543
Candidates 274.715 12 easy way ready east ray essay eat west radio rest est treaty
Began 275.7 385 424 0.05787035 0.09259254
Stationary 275.7182 385 424 0.05787035 0.09259254
Stationary 275.7322 385 424 0.05787035 0.09259254
Moved 275.7485 369.8941 424 0.02290298 0.09259254
Moved 275.7648 342.264 424 -0.04105563 0.09259254
Moved 275.7802 296.1028 424 -0.1479102 0.09259254
Moved 275.7933 248.5841 424 -0.2579071 0.09259254
Ended 275.8106 248.5841 424 -0.2579071 0.09259254
Accept 275.8521 1 way
Began 276.9139 358 522 -0.004629641 0.3446501
Stationary 276.9351 358 522 -0.004629641 0.3446501
Stationary 276.9494 358 522 -0.004629641 0.3446501
Stationary 276.9637 358 522 -0.004629641 0.3446501
Stationary 276.9792 358 522 -0.004629641 0.3446501
Moved 276.9955 390.5872 531.0925 0.07080376 0.3680362
Moved 277.0104 413.8315 534.9579 0.1246101 0.377978
Moved 277.0265 428.4679 536.8723 0.1584904 0.382902
Moved 277.0484 464.0871 541.7087 0.2409422 0.3953412
Stationary 277.0596 464.0871 541.7087 0.2409422 0.3953412
Moved 277.0719 477.3297 543.1478 0.2715966 0.3990425
Moved 277.0875 487.5405 544 0.2952326 0.4012345
Moved 277.1034 495.1544 544 0.3128574 0.4012345
Moved 277.119 500.8897 545.4724 0.3261335 0.4050215
Moved 277.1348 505.8057 545.7014 0.3375131 0.4056106
Moved 277.1498 509.1049 546 0.3451502 0.4063785
Moved 277.1646 513.4687 546 0.3552516 0.4063785
Moved 277.1843 515.8652 547 0.3607992 0.4089505
Ended 277.1965 517.3777 547 0.3643003 0.4089505
Candidates 277.2692 12 to too top tip yo tp ttp you yup rip rp rio
Began 277.841 447 385 0.2013889 -0.007716127
Stationary 277.8595 447 385 0.2013889 -0.007716127
Stationary 277.8728 447 385 0.2013889 -0.007716127
Stationary 277.8884 447 385 0.2013889 -0.007716127
Moved 277.9038 447 420.0157 0.2013889 0.08234499
Moved 277.9199 447 453.2499 0.2013889 0.1678237
Ended 277.9361 447 513 0.2013889 0.321502
Accept 277.9965 0 to
Began 279.2586 319 314 -0.09490739 -0.1903292
Stationary 279.2751 319 314 -0.09490739 -0.1903292
Stationary 279.2904 319 314 -0.09490739 -0.1903292
Stationary 279.3053 319 314 -0.09490739 -0.1903292
Stationary 279.3205 319 314 -0.09490739 -0.1903292
Stationary 279.3363 319 314 -0.09490739 -0.1903292
Stationary 279.3514 319 314 -0.09490739 -0.1903292
Stationary 279.3671 319 314 -0.09490739 -0.1903292
Moved 279.3821 319 335.3275 -0.09490739 -0.1354745
Moved 279.4028 322.4801 351.4631 -0.08685157 -0.09397365
Moved 279.4145 327.8827 372.1199 -0.07434572 -0.04084387
Moved 279.4292 329.3977 389.7726 -0.07083863 0.004558995
Moved 279.4469 330.66 409.7703 -0.06791661 0.05599355
Moved 279.4601 332.2706 426.977 -0.06418834 0.1002494
Moved 279.4757 334 442.5233 -0.06018519 0.1402347
Moved 279.4914 334.8779 451.1456 -0.05815292 0.1624113
Moved 279.5062 337.5629 464.8143 -0.0519378 0.1975677
Moved 279.5215 338.725 475.5247 -0.04924774 0.2251149
Moved 279.5364 339 485.0203 -0.04861111 0.2495376
Moved 279.5568 340 494.8536 -0.04629632 0.2748291
Moved 279.5689 340 502.1178 -0.04629632 0.2935128
Moved 279.5837 340 506.3491 -0.04629632 0.3043957
Moved 279.5991 340 511 -0.04629632 0.3163579
Moved 279.614 340 514.9445 -0.04629632 0.3265033
Moved 279.631 340 517.8582 -0.04629632 0.3339972
Moved 279.6452 340 520.7446 -0.04629632 0.3414213
Moved 279.6604 340 523.6221 -0.04629632 0.3488221
Moved 279.6764 340 527.5096 -0.04629632 0.358821
Moved 279.6953 340 530.3954 -0.04629632 0.3662432
Moved 279.7072 340 531.5 -0.04629632 0.3690843
Moved 279.721 340 535.3349 -0.04629632 0.3789477
Moved 279.7371 340 537.2275 -0.04629632 0.3838156
Moved 279.7528 335.3363 539.3325 -0.05709181 0.3892295
Moved 279.7677 331.8909 541.1091 -0.06506736 0.3937991
Moved 279.7842 329.4481 542.5519 -0.070722 0.3975099
Moved 279.7998 327.016 544.984 -0.07635181 0.4037654
Moved 279.814 322.6959 546.4347 -0.08635218 0.4074966
Moved 279.8335 319.8203 547 -0.09300852 0.4089505
Moved 279.8472 315.0496 547 -0.1040518 0.4089505
Moved 279.8606 309.3274 547 -0.1172976 0.4089505
Moved 279.876 304.5421 547 -0.1283749 0.4089505
Moved 279.8938 298.7148 547 -0.1418638 0.4089505
Moved 279.9064 294.0124 547 -0.1527491 0.4089505
Moved 279.9221 288.23 547 -0.1661343 0.4089505
Moved 279.9377 285.424 538.656 -0.1726296 0.3874896
Moved 279.9526 279.149 536.5745 -0.1871551 0.382136
Moved 279.9721 273.4071 532.5553 -0.2004466 0.3717985
Moved 279.9843 267.2328 529.2328 -0.2147388 0.3632531
Moved 280.0001 261.8606 525.9303 -0.2271745 0.3547589
Moved 280.015 257.5542 521.5543 -0.237143 0.3435037
Moved 280.03 253.2385 519.159 -0.2471331 0.3373431
Moved 280.0447 249.9148 516.9432 -0.2548269 0.3316439
Moved 280.0602 247.0557 512.5836 -0.261445 0.320431
Moved 280.0764 244.1662 510.0831 -0.2681338 0.3139997
Moved 280.0938 242.6433 507.2866 -0.2716589 0.306807
Moved 280.1105 240.2154 504.4309 -0.277279 0.2994622
Moved 280.1222 238.7702 502.7702 -0.2806245 0.2951908
Moved 280.1375 237.3222 499.6445 -0.2839763 0.2871513
Moved 280.1535 236.1705 497.341 -0.2866424 0.2812268
Moved 280.1689 236 493.3746 -0.287037 0.271025
Moved 280.1846 235 489.7128 -0.2893518 0.261607
Moved 280.1998 233.9167 484.6667 -0.2918595 0.2486284
Moved 280.2153 234 480.5228 -0.2916667 0.2379702
Moved 280.2307 234 474.2639 -0.2916667 0.2218719
Moved 280.2497 232.6287 467.1434 -0.294841 0.2035581
Moved 280.2622 233 460 -0.2939815 0.1851851
Moved 280.2761 233 452.3011 -0.2939815 0.1653835
Moved 280.2924 233 443.6776 -0.2939815 0.1432036
Moved 280.3076 233 435.2424 -0.2939815 0.1215081
Moved 280.3228 233 425.163 -0.2939815 0.09558367
Moved 280.3385 237.955 415.045 -0.2825114 0.06956002
Moved 280.3542 242.3086 406.0742 -0.2724338 0.04648695
Moved 280.3728 243.5 399.5 -0.2696759 0.02957815
Moved 280.3844 244.6929 395.2282 -0.2669145 0.018591
Moved 280.3998 246.1288 390.6136 -0.2635907 0.006722148
Moved 280.4154 247.5726 387.2822 -0.2602486 -0.001846282
Moved 280.4298 248 383.9695 -0.2592593 -0.01036656
Moved 280.4458 249.4443 382.5557 -0.2559161 -0.01400284
Moved 280.4614 249 380.1078 -0.2569445 -0.02029882
Moved 280.477 250.3262 378.6738 -0.2538746 -0.02398715
Moved 280.4971 250 377.7043 -0.2546296 -0.02648083
Moved 280.5083 250 377.1642 -0.2546296 -0.02786989
Moved 280.5228 250 375.7211 -0.2546296 -0.03158169
Moved 280.5387 251 374.2813 -0.2523148 -0.03528493
Stationary 280.5534 251 374 -0.2523148 -0.03600823
Moved 280.5675 251 372.4005 -0.2523148 -0.04012245
Stationary 280.584 251 372 -0.2523148 -0.04115226
Moved 280.5999 251 370.884 -0.2523148 -0.04402278
Moved 280.6187 251 369.5 -0.2523148 -0.04758238
Moved 280.6301 251 368.9831 -0.2523148 -0.04891187
Stationary 280.6458 251 369 -0.2523148 -0.04886839
Moved 280.6601 252 368.0862 -0.25 -0.05121874
Moved 280.6765 252 367.5 -0.25 -0.05272634
Moved 280.6908 252 367.2056 -0.25 -0.0534837
Moved 280.7065 252 366.5 -0.25 -0.05529835
Stationary 280.7227 252 366.5 -0.25 -0.05529835
Moved 280.7423 253.2235 367 -0.2471678 -0.05401234
Stationary 280.7533 253 367 -0.2476852 -0.05401234
Moved 280.7682 253.6402 367 -0.2462033 -0.05401234
Stationary 280.7841 254 367 -0.2453704 -0.05401234
Stationary 280.8015 254 367 -0.2453704 -0.05401234
Moved 280.8137 255.7343 367 -0.2413557 -0.05401234
Moved 280.8299 256.5 367 -0.2395834 -0.05401234
Stationary 280.845 256.5 367 -0.2395834 -0.05401234
Moved 280.8658 257.2487 367 -0.2378502 -0.05401234
Moved 280.8783 258.2007 367 -0.2356466 -0.05401234
Stationary 280.8918 258.2007 367 -0.2356466 -0.05401234
Moved 280.907 259.092 367 -0.2335834 -0.05401234
Stationary 280.9226 259.092 367 -0.2335834 -0.05401234
Stationary 280.9377 259.092 367 -0.2335834 -0.05401234
Moved 280.953 260.2239 367 -0.2309632 -0.05401234
Stationary 280.9686 260.2239 367 -0.2309632 -0.05401234
Moved 280.9889 261.2492 367 -0.2285899 -0.05401234
Stationary 281.0011 261.2492 367 -0.2285899 -0.05401234
Moved 281.015 262.0002 367 -0.2268513 -0.05401234
Stationary 281.0309 262.0002 367 -0.2268513 -0.05401234
Stationary 281.0454 262.0002 367 -0.2268513 -0.05401234
Stationary 281.061 262.0002 367 -0.2268513 -0.05401234
Moved 281.0765 263.0724 367 -0.2243693 -0.05401234
Stationary 281.0921 263.0724 367 -0.2243693 -0.05401234
Ended 281.1118 263 367 -0.2245371 -0.05401234
Candidates 281.2766 12 fred greed stress bread dress freed fees grass guess brad hrs greeted
Began 282.8293 343 382 -0.03935183 -0.01543218
Stationary 282.8491 343 382 -0.03935183 -0.01543218
Stationary 282.8625 343 382 -0.03935183 -0.01543218
Moved 282.8786 353.149 382 -0.01585881 -0.01543218
Moved 282.8959 375.5 382 0.03587961 -0.01543218
Ended 282.9114 420 404 0.1388889 0.04115226
Accept 282.9682 2 stress
Began 283.8641 453 398 0.2152778 0.02572008
Stationary 283.8811 453 398 0.2152778 0.02572008
Stationary 283.896 453 398 0.2152778 0.02572008
Stationary 283.9114 453 398 0.2152778 0.02572008
Stationary 283.9276 453 398 0.2152778 0.02572008
Ended 283.9417 453 398 0.2152778 0.02572008
Candidates 284.0034 7 j k h l g i u
Began 284.0233 413 389 0.1226852 0.002572016
Stationary 284.0355 413 389 0.1226852 0.002572016
Stationary 284.0486 413 389 0.1226852 0.002572016
Stationary 284.0639 413 389 0.1226852 0.002572016
Stationary 284.0797 413 389 0.1226852 0.002572016
Ended 284.096 413 389 0.1226852 0.002572016
Cancel 284.1561
Delete 284.1561 DoubleClick
Began 285.602 339 344 -0.04861111 -0.1131688
Stationary 285.6214 339 344 -0.04861111 -0.1131688
Stationary 285.6353 339 344 -0.04861111 -0.1131688
Stationary 285.6507 339 344 -0.04861111 -0.1131688
Stationary 285.6662 339 344 -0.04861111 -0.1131688
Stationary 285.6824 339 344 -0.04861111 -0.1131688
Stationary 285.6978 339 344 -0.04861111 -0.1131688
Stationary 285.7187 339 344 -0.04861111 -0.1131688
Moved 285.7353 314.3163 377.2172 -0.1057492 -0.02773363
Stationary 285.7461 314.3163 377.2172 -0.1057492 -0.02773363
Moved 285.7596 302.2162 395.0889 -0.1337588 0.01823268
Moved 285.7753 289.5789 414.7662 -0.1630119 0.06884312
Moved 285.7915 280.7063 431.5875 -0.1835503 0.1121076
Moved 285.8048 272.1329 448.7343 -0.2033961 0.1562094
Moved 285.8214 264 460.5 -0.2222222 0.1864711
Moved 285.8429 253.4857 481.0287 -0.246561 0.2392712
Stationary 285.8537 253.4857 481.0287 -0.246561 0.2392712
Moved 285.8657 248.7647 490.0881 -0.257489 0.2625722
Moved 285.8819 244.8277 495.1723 -0.2666026 0.2756488
Moved 285.898 243.0105 500.9791 -0.2708091 0.290584
Moved 285.9143 241.0651 504.8699 -0.2753123 0.3005912
Moved 285.9287 238.2525 509.1213 -0.281823 0.3115259
Moved 285.9447 239 510.6956 -0.2800926 0.3155749
Moved 285.9639 238 512.8182 -0.2824074 0.3210344
Moved 285.976 236.6519 514.3481 -0.2855279 0.3249692
Moved 285.9901 237 517.5851 -0.2847222 0.3332949
Moved 286.0046 237 519.2349 -0.2847222 0.3375381
Moved 286.0206 237 521.3535 -0.2847222 0.3429872
Moved 286.037 237 524.2283 -0.2847222 0.3503813
Moved 286.0536 237 527.4288 -0.2847222 0.358613
Moved 286.0678 237 529.8115 -0.2847222 0.3647415
Moved 286.0872 244.2959 533.0845 -0.2678336 0.3731597
Moved 286.099 246.9677 535.9677 -0.2616489 0.3805753
Moved 286.1133 250.7837 539.7837 -0.2528155 0.3903901
Moved 286.1295 259.1479 544.0739 -0.233454 0.4014246
Moved 286.1444 272.5949 547.5991 -0.2023266 0.4104914
Moved 286.1602 284.3611 550.8083 -0.1750899 0.4187456
Moved 286.1764 309.4193 552.3566 -0.1170849 0.4227279
Moved 286.1912 322.516 553.793 -0.08676847 0.4264223
Moved 286.2096 333.5879 554 -0.06113917 0.4269547
Moved 286.2227 339.682 554 -0.04703233 0.4269547
Moved 286.2375 343.2219 554 -0.03883829 0.4269547
Moved 286.2546 346.108 554 -0.0321574 0.4269547
Moved 286.2676 347.7344 554 -0.02839252 0.4269547
Moved 286.2833 349.081 554 -0.0252754 0.4269547
Stationary 286.2991 349.081 554 -0.0252754 0.4269547
Stationary 286.3133 349 554 -0.02546296 0.4269547
Moved 286.3331 349 543.1843 -0.02546296 0.3991365
Moved 286.3454 342.2495 534.2495 -0.04108915 0.3761559
Moved 286.3598 332.0284 521.465 -0.06474917 0.3432742
Moved 286.3749 319 507.5 -0.09490739 0.3073559
Moved 286.3913 298.4698 483.8815 -0.1424309 0.2466088
Moved 286.4069 280.354 464.0501 -0.1843658 0.195602
Moved 286.4224 264.5407 450.5407 -0.2209706 0.1608557
Moved 286.4435 240.6034 427.6034 -0.2763811 0.1018605
Stationary 286.4536 240.6034 427.6034 -0.2763811 0.1018605
Moved 286.4676 231.637 420.758 -0.2971366 0.08425398
Moved 286.4839 221.5 410.5 -0.3206019 0.05787029
Moved 286.4995 216.3872 406.9894 -0.332437 0.04884091
Moved 286.5143 210.8818 402.9212 -0.345181 0.03837758
Moved 286.5297 203.5952 397.0761 -0.3620483 0.02334386
Moved 286.553 193.5603 389.9202 -0.385277 0.004938816
Stationary 286.5634 193.5603 389.9202 -0.385277 0.004938816
Moved 286.5755 189.5876 387.3918 -0.3944731 -0.001564418
Moved 286.5923 186.5208 384.5208 -0.4015722 -0.008948605
Moved 286.6064 184.5414 382.5414 -0.4061541 -0.01403966
Moved 286.6224 181.5038 380.5038 -0.4131857 -0.01928047
Moved 286.6393 178.6102 378.8051 -0.4198838 -0.02364963
Moved 286.6587 175.9169 375.9169 -0.4261184 -0.03107809
Stationary 286.6694 175.9169 375.9169 -0.4261184 -0.03107809
Moved 286.6851 174.4805 374.4805 -0.4294433 -0.03477253
Moved 286.6991 173.0405 373.0405 -0.4327766 -0.03847617
Moved 286.7153 172.5 372.5 -0.4340278 -0.03986633
Moved 286.7305 172 372 -0.4351852 -0.04115226
Moved 286.7458 171.0531 372 -0.437377 -0.04115226
Moved 286.7649 171 370.6118 -0.4375 -0.04472277
Stationary 286.7767 171 370.6118 -0.4375 -0.04472277
Stationary 286.7908 171 370.6118 -0.4375 -0.04472277
Ended 286.8063 171 371 -0.4375 -0.04372435
Candidates 286.9437 12 gets sets assets sera data beta asserts atta fees dress arts streets
Began 288.2043 372 406 0.02777775 0.04629618
Stationary 288.225 372 406 0.02777775 0.04629618
Ended 288.248 372 406 0.02777775 0.04629618
NextCandidatePanel 288.284
Began 289.2674 383 391 0.05324075 0.007715971
Stationary 289.2891 383 391 0.05324075 0.007715971
Stationary 289.3035 383 391 0.05324075 0.007715971
Ended 289.3178 383 391 0.05324075 0.007715971
NextCandidatePanel 289.3767
Began 290.3794 334 416 -0.06018519 0.07201634
Stationary 290.3979 334 416 -0.06018519 0.07201634
Moved 290.4112 323.9534 416 -0.08344129 0.07201634
Moved 290.427 309.4553 416 -0.1170016 0.07201634
Moved 290.4424 282.0095 416 -0.1805337 0.07201634
Ended 290.4583 250.9291 416 -0.2524789 0.07201634
Accept 290.5155 9 dress
PhraseEnd 291.2263
