express delivery is very fast
express delivery is very fast
Basic
0.6 0.6
432 388.8
Began 1786.899 246 424 -0.2638889 0.09259254
Stationary 1786.919 246 424 -0.2638889 0.09259254
Stationary 1786.932 246 424 -0.2638889 0.09259254
Stationary 1786.948 246 424 -0.2638889 0.09259254
Stationary 1786.965 246 424 -0.2638889 0.09259254
Stationary 1786.979 246 424 -0.2638889 0.09259254
Stationary 1786.994 246 424 -0.2638889 0.09259254
Stationary 1787.011 246 424 -0.2638889 0.09259254
Stationary 1787.026 246 424 -0.2638889 0.09259254
Stationary 1787.041 246 424 -0.2638889 0.09259254
Stationary 1787.057 246 424 -0.2638889 0.09259254
Stationary 1787.072 246 424 -0.2638889 0.09259254
Stationary 1787.087 246 424 -0.2638889 0.09259254
Stationary 1787.102 246 424 -0.2638889 0.09259254
Moved 1787.118 246 416.2572 -0.2638889 0.07267795
Moved 1787.133 246 409.958 -0.2638889 0.05647628
Moved 1787.149 246 404.1981 -0.2638889 0.04166175
Moved 1787.165 246 398.4399 -0.2638889 0.02685146
Moved 1787.181 246 394.5 -0.2638889 0.01671807
Moved 1787.196 255.0409 388.9183 -0.2429609 0.002361698
Moved 1787.212 256.4591 383.1635 -0.2396779 -0.01243976
Moved 1787.229 258.3411 375.9767 -0.2353215 -0.03092401
Moved 1787.243 262.0014 366.9968 -0.2268486 -0.05402074
Moved 1787.259 266.33 358.34 -0.2168287 -0.07628617
Moved 1787.272 268.782 351.436 -0.2111528 -0.09404311
Moved 1787.289 271.6694 345.6613 -0.204469 -0.108896
Moved 1787.305 274.525 338.425 -0.1978588 -0.1275078
Moved 1787.319 277.4135 332.1731 -0.1911726 -0.1435878
Moved 1787.334 281.5 324 -0.181713 -0.164609
Moved 1787.351 283.4312 317.7065 -0.1772427 -0.180796
Moved 1787.367 286.3151 309.0547 -0.1705669 -0.2030487
Moved 1787.38 288.1895 304.6211 -0.1662281 -0.214452
Moved 1787.396 290.0346 299.8962 -0.1619569 -0.2266045
Moved 1787.412 291.4776 295.5673 -0.1586167 -0.2377386
Moved 1787.427 292.9227 292.2319 -0.1552715 -0.2463173
Moved 1787.442 294.3661 289.2678 -0.1519303 -0.253941
Moved 1787.461 294 287.2767 -0.1527778 -0.2590621
Moved 1787.473 295.9067 284.1866 -0.1483641 -0.2670097
Moved 1787.489 297.349 279.9529 -0.1450254 -0.2778989
Moved 1787.504 298.7868 274.8528 -0.1416972 -0.2910164
Moved 1787.52 301.451 270.3234 -0.13553 -0.3026662
Moved 1787.535 302.6643 267.0071 -0.1327216 -0.3111956
Moved 1787.551 304.1062 263.7876 -0.1293838 -0.3194764
Moved 1787.567 305.139 261.722 -0.1269931 -0.324789
Moved 1787.581 306.629 258.7419 -0.1235439 -0.3324538
Moved 1787.598 307 255.8684 -0.1226852 -0.3398446
Moved 1787.613 308 253.491 -0.1203704 -0.3459595
Moved 1787.627 308.9436 253 -0.1181861 -0.3472223
Moved 1787.643 309 251.6097 -0.1180555 -0.350798
Moved 1787.658 309.8267 251 -0.116142 -0.3523664
Moved 1787.674 310 250.0281 -0.1157407 -0.3548661
Moved 1787.689 310 249.5 -0.1157407 -0.3562243
Moved 1787.705 310.8438 249 -0.1137876 -0.3575103
Stationary 1787.721 311 249 -0.113426 -0.3575103
Stationary 1787.734 311 249 -0.113426 -0.3575103
Moved 1787.752 311 247.6266 -0.113426 -0.3610428
Moved 1787.767 312.3008 248 -0.1104149 -0.3600824
Stationary 1787.781 312.3008 248 -0.1104149 -0.3600824
Moved 1787.797 314.1556 248 -0.1061213 -0.3600824
Moved 1787.813 317.1884 248 -0.09910096 -0.3600824
Moved 1787.828 323.1296 260.311 -0.08534814 -0.3284181
Moved 1787.844 334.7617 274.232 -0.05842189 -0.2926132
Moved 1787.858 349.0364 289.0364 -0.02537877 -0.2545362
Moved 1787.874 362.0889 303.4321 0.004835328 -0.2175101
Moved 1787.896 389.2458 329.5157 0.06769856 -0.1504227
Stationary 1787.907 389.2458 329.5157 0.06769856 -0.1504227
Moved 1787.92 407.9691 346.6638 0.1110395 -0.1063176
Moved 1787.935 421.9464 358.9464 0.1433944 -0.07472654
Moved 1787.953 434.6454 371.6454 0.1727903 -0.04206426
Moved 1787.967 444.578 381.578 0.1957824 -0.01651756
Moved 1787.983 453.3024 389.2419 0.2159777 0.00319422
Moved 1787.997 462 396.5 0.2361111 0.02186214
Moved 1788.013 471.8355 405.2311 0.2588785 0.04431862
Moved 1788.028 482.3027 414.2594 0.283108 0.06753957
Moved 1788.043 491.9685 422.9686 0.3054827 0.08993965
Moved 1788.059 500.5623 430.6353 0.3253757 0.1096585
Moved 1788.074 511.921 440.5559 0.351669 0.1351746
Moved 1788.09 517.8777 447.0647 0.3654576 0.1519153
Moved 1788.105 525.2556 454.2556 0.3825361 0.1704104
Moved 1788.121 531.4303 459.1919 0.3968293 0.1831066
Moved 1788.136 537.085 465.3137 0.4099189 0.1988521
Moved 1788.152 541.6546 469.6546 0.4204968 0.210017
Moved 1788.167 545.2997 473.2997 0.4289346 0.2193923
Moved 1788.183 547.0855 476.171 0.4330683 0.2267771
Moved 1788.198 548.5233 478.5233 0.4363966 0.2328274
Moved 1788.213 549 479.9745 0.4375 0.23656
Moved 1788.229 549 481.0834 0.4375 0.2394119
Moved 1788.244 549 483.5376 0.4375 0.2457242
Moved 1788.26 541.1786 487.9106 0.4193951 0.2569717
Moved 1788.277 532.5255 492.2372 0.3993647 0.2680999
Moved 1788.29 518.3073 493.8547 0.3664521 0.2722601
Moved 1788.306 501.517 495.2902 0.3275855 0.2759521
Moved 1788.32 482.2672 496 0.283026 0.2777777
Moved 1788.336 465.8293 496 0.2449753 0.2777777
Moved 1788.354 446.1249 496 0.1993631 0.2777777
Moved 1788.366 428.438 496 0.1584213 0.2777777
Moved 1788.382 411.1431 487.9168 0.1183868 0.2569876
Moved 1788.399 395.6269 488.403 0.08246958 0.2582379
Moved 1788.415 382.6878 488 0.05251814 0.2572016
Moved 1788.428 369.7778 486.5309 0.02263377 0.2534229
Moved 1788.443 359.0345 486.3372 -0.002235075 0.2529247
Moved 1788.459 349.1172 485.0167 -0.0251916 0.2495285
Moved 1788.476 339.0456 485 -0.04850551 0.2494856
Moved 1788.492 328.9342 485 -0.07191157 0.2494856
Moved 1788.506 321.5287 485 -0.0890538 0.2494856
Moved 1788.522 315.2835 485 -0.1035104 0.2494856
Moved 1788.536 310.4518 485 -0.1146949 0.2494856
Moved 1788.552 306.5 485 -0.1238426 0.2494856
Moved 1788.567 303.5332 485 -0.1307103 0.2494856
Moved 1788.583 300.6505 485 -0.1373831 0.2494856
Moved 1788.598 299.387 489.2907 -0.1403078 0.2605212
Moved 1788.614 297.9482 493.0518 -0.1436384 0.2701948
Moved 1788.629 295.0191 494.4905 -0.1504188 0.2738952
Stationary 1788.644 295.0191 494.4905 -0.1504188 0.2738952
Moved 1788.66 293.2531 495.3734 -0.1545066 0.2761661
Moved 1788.676 292.8058 496.1942 -0.155542 0.278277
Moved 1788.69 291.1075 497.8925 -0.1594734 0.2826453
Moved 1788.705 289.6615 498 -0.1628207 0.2829217
Moved 1788.721 289.2246 499.7754 -0.1638319 0.2874881
Moved 1788.737 287.7859 501.2141 -0.1671623 0.2911884
Moved 1788.757 286.3471 502.6529 -0.1704928 0.2948891
Moved 1788.768 284.9084 504.0916 -0.1738231 0.2985894
Moved 1788.782 283.8246 505.1754 -0.176332 0.301377
Moved 1788.797 281.33 507.67 -0.1821064 0.3077931
Moved 1788.814 279.8944 509.1056 -0.1854296 0.3114855
Moved 1788.828 278.5 510.5 -0.1886574 0.3150719
Moved 1788.844 276.0138 511 -0.1944124 0.3163579
Moved 1788.86 274.571 512.429 -0.1977524 0.3200334
Moved 1788.875 273.1334 513 -0.2010801 0.321502
Moved 1788.89 272.0231 513.9769 -0.2036503 0.3240145
Moved 1788.907 270.5922 515.4078 -0.2069625 0.327695
Moved 1788.921 269.1558 515 -0.2102875 0.326646
Moved 1788.936 267.7139 515 -0.2136253 0.326646
Moved 1788.953 266.2759 515 -0.216954 0.326646
Moved 1788.966 264.8372 515 -0.2202843 0.326646
Stationary 1788.981 264.8372 515 -0.2202843 0.326646
Moved 1788.997 263.2372 515 -0.223988 0.326646
Moved 1789.014 261.8856 515 -0.2271166 0.326646
Moved 1789.029 260.4452 515 -0.2304509 0.326646
Moved 1789.044 259.0052 507.0419 -0.2337842 0.3061775
Moved 1789.06 256.1248 502.6871 -0.2404519 0.2949771
Moved 1789.075 252.2555 494.7664 -0.2494086 0.2746049
Moved 1789.09 246.7708 479.6196 -0.2621047 0.2356471
Moved 1789.107 243.5 471 -0.2696759 0.2134772
Moved 1789.121 237.5518 456.2415 -0.283445 0.1755181
Moved 1789.137 231.8017 440.7045 -0.2967554 0.1355568
Moved 1789.153 228.5374 428.1494 -0.3043117 0.1032649
Moved 1789.167 225.6428 418.9283 -0.3110121 0.07954805
Moved 1789.183 223.3887 408.9436 -0.3162298 0.05386721
Moved 1789.198 220.9083 400.7249 -0.3219716 0.03272853
Moved 1789.213 218 395 -0.3287037 0.01800408
Moved 1789.229 217.4187 392.256 -0.3300494 0.01094638
Moved 1789.244 217 387.9305 -0.3310185 -0.0001788434
Moved 1789.261 215.5504 386.5504 -0.3343741 -0.003728552
Ended 1789.276 216 385 -0.3333333 -0.007716127
Candidates 1789.411 12 scores scored express annoyed experts avoided favored avoid accord exports favors excluded
Began 1789.78 363 271 0.006944438 -0.300926
Stationary 1789.8 363 271 0.006944438 -0.300926
Stationary 1789.816 363 271 0.006944438 -0.300926
Stationary 1789.829 363 271 0.006944438 -0.300926
Moved 1789.845 363 285.3867 0.006944438 -0.263923
Moved 1789.868 363 304.7222 0.006944438 -0.214192
Stationary 1789.878 363 304.7222 0.006944438 -0.214192
Moved 1789.892 363 310.3738 0.006944438 -0.199656
Moved 1789.91 363 317.6451 0.006944438 -0.1809541
Moved 1789.922 363 321.9273 0.006944438 -0.1699401
Moved 1789.938 363 326.2186 0.006944438 -0.1589027
Moved 1789.955 363 328.6932 0.006944438 -0.152538
Moved 1789.968 363 331.5635 0.006944438 -0.1451557
Moved 1789.984 363 332.7241 0.006944438 -0.1421705
Moved 1789.999 363 334.7555 0.006944438 -0.1369459
Moved 1790.015 363 337.5535 0.006944438 -0.1297492
Moved 1790.031 363 339.7177 0.006944438 -0.1241831
Moved 1790.047 363 342.3143 0.006944438 -0.1175045
Moved 1790.062 363 344.5959 0.006944438 -0.1116362
Moved 1790.077 363 346.0347 0.006944438 -0.1079356
Moved 1790.092 363 347.4733 0.006944438 -0.1042353
Moved 1790.108 363 349.6691 0.006944438 -0.09858779
Moved 1790.123 363 350.9862 0.006944438 -0.09520008
Moved 1790.139 363 352.4249 0.006944438 -0.09149975
Moved 1790.155 363 353.5 0.006944438 -0.08873464
Moved 1790.169 363 354.1496 0.006944438 -0.08706387
Moved 1790.184 363 355.5 0.006944438 -0.08359061
Moved 1790.199 363 356.0916 0.006944438 -0.08206912
Stationary 1790.215 363 356.0916 0.006944438 -0.08206912
Stationary 1790.232 363 356.0916 0.006944438 -0.08206912
Moved 1790.262 363 357.2246 0.006944438 -0.07915489
Moved 1790.277 363 358.2492 0.006944438 -0.07651961
Stationary 1790.292 363 358.2492 0.006944438 -0.07651961
Stationary 1790.307 363 358.2492 0.006944438 -0.07651961
Moved 1790.325 363 359.1865 0.006944438 -0.07410889
Stationary 1790.339 363 359.1865 0.006944438 -0.07410889
Stationary 1790.354 363 359 0.006944438 -0.07458848
Stationary 1790.37 363 359 0.006944438 -0.07458848
Stationary 1790.385 363 359 0.006944438 -0.07458848
Stationary 1790.4 363 359 0.006944438 -0.07458848
Stationary 1790.424 363 359 0.006944438 -0.07458848
Stationary 1790.436 363 359 0.006944438 -0.07458848
Stationary 1790.448 363 359 0.006944438 -0.07458848
Stationary 1790.464 363 359 0.006944438 -0.07458848
Stationary 1790.477 363 359 0.006944438 -0.07458848
Stationary 1790.492 363 359 0.006944438 -0.07458848
Stationary 1790.509 363 359 0.006944438 -0.07458848
Moved 1790.524 363 348.1445 0.006944438 -0.102509
Moved 1790.538 363 346.2612 0.006944438 -0.107353
Moved 1790.555 363 344.0378 0.006944438 -0.1130714
Moved 1790.57 363 339.7592 0.006944438 -0.1240763
Moved 1790.586 363 336.4358 0.006944438 -0.1326241
Moved 1790.602 363 332.1292 0.006944438 -0.1437007
Moved 1790.616 363 326.1037 0.006944438 -0.1591983
Moved 1790.632 363 316.8598 0.006944438 -0.1829738
Moved 1790.647 363 311.9575 0.006944438 -0.1955827
Moved 1790.663 363 306.1627 0.006944438 -0.2104868
Moved 1790.679 363 300.5068 0.006944438 -0.2250339
Moved 1790.695 366.8788 294.6753 0.01592328 -0.2400327
Moved 1790.712 378.0034 284.997 0.04167467 -0.2649254
Moved 1790.726 388.0748 276.3644 0.06498803 -0.2871286
Moved 1790.74 404.7907 268.6718 0.1036823 -0.3069141
Moved 1790.757 415.117 264.0927 0.1275857 -0.3186916
Moved 1790.771 420.5 263.5 0.1400463 -0.3202162
Moved 1790.787 431.086 260.2612 0.1645509 -0.3285464
Moved 1790.805 438.5407 260 0.1818072 -0.3292181
Moved 1790.817 449.6526 260 0.2075292 -0.3292181
Moved 1790.833 457.8878 260 0.2265921 -0.3292181
Moved 1790.848 465.0736 260 0.243226 -0.3292181
Moved 1790.864 471.2182 260 0.2574496 -0.3292181
Moved 1790.885 476.9735 260 0.2707721 -0.3292181
Moved 1790.896 481.4728 260 0.281187 -0.3292181
Moved 1790.91 491.2257 260 0.3037632 -0.3292181
Moved 1790.925 498.8222 260 0.3213476 -0.3292181
Ended 1790.94 502 260 0.3287037 -0.3292181
Accept 1790.983 2 express
Began 1791.771 304 327 -0.1296296 -0.1568931
Stationary 1791.789 304 327 -0.1296296 -0.1568931
Stationary 1791.806 304 327 -0.1296296 -0.1568931
Stationary 1791.819 304 327 -0.1296296 -0.1568931
Stationary 1791.834 304 327 -0.1296296 -0.1568931
Stationary 1791.85 304 327 -0.1296296 -0.1568931
Stationary 1791.87 304 327 -0.1296296 -0.1568931
Stationary 1791.886 304 327 -0.1296296 -0.1568931
Stationary 1791.898 304 327 -0.1296296 -0.1568931
Stationary 1791.911 304 327 -0.1296296 -0.1568931
Stationary 1791.926 304 327 -0.1296296 -0.1568931
Stationary 1791.942 304 327 -0.1296296 -0.1568931
Moved 1791.957 304 338.3841 -0.1296296 -0.127613
Moved 1791.973 304 341.4877 -0.1296296 -0.1196304
Moved 1791.99 304 346.0283 -0.1296296 -0.1079518
Moved 1792.006 304 353.8773 -0.1296296 -0.08776432
Moved 1792.019 304 361.0715 -0.1296296 -0.06926061
Moved 1792.035 304 369.561 -0.1296296 -0.04742555
Moved 1792.05 304 379.6269 -0.1296296 -0.02153585
Moved 1792.066 293.5 389.5 -0.1539352 0.003857946
Moved 1792.082 296 395.8696 -0.1481481 0.02024058
Moved 1792.105 293.5302 410.3488 -0.1538652 0.05748148
Stationary 1792.116 293.5302 410.3488 -0.1538652 0.05748148
Moved 1792.128 293.0883 416.6465 -0.1548881 0.07367931
Moved 1792.142 293 426.4476 -0.1550926 0.0988877
Moved 1792.158 292.2119 433.9406 -0.1569169 0.11816
Moved 1792.174 292 439.9158 -0.1574074 0.1335283
Moved 1792.188 291.3233 446.7069 -0.1589739 0.1509951
Moved 1792.205 291 451.3611 -0.1597222 0.1629659
Moved 1792.219 289.7776 456.8898 -0.1625519 0.1771855
Moved 1792.235 289 461.9745 -0.1643519 0.1902636
Moved 1792.251 287.9037 467.3853 -0.1668896 0.2041801
Moved 1792.268 288 474.5 -0.1666667 0.2224794
Moved 1792.282 287 481.8484 -0.1689815 0.2413795
Moved 1792.296 285.5873 487.6508 -0.1722516 0.2563033
Moved 1792.311 285.368 491.528 -0.1727592 0.2662755
Moved 1792.327 285 496.764 -0.1736111 0.2797427
Moved 1792.343 283.625 501.1251 -0.176794 0.2909596
Moved 1792.359 283 504.6611 -0.1782407 0.3000543
Moved 1792.374 283 507.5381 -0.1782407 0.307454
Moved 1792.391 282 510.5369 -0.1805555 0.3151668
Moved 1792.405 282 513.4226 -0.1805555 0.322589
Moved 1792.421 280.5 514.5 -0.1840278 0.32536
Moved 1792.436 281 514.7931 -0.1828704 0.3261138
Moved 1792.453 281 516.2342 -0.1828704 0.3298204
Moved 1792.467 280 517 -0.1851852 0.33179
Moved 1792.482 280 518.1215 -0.1851852 0.3346746
Moved 1792.504 280 519 -0.1851852 0.3369341
Stationary 1792.515 280 519 -0.1851852 0.3369341
Moved 1792.527 278.5648 519 -0.1885073 0.3369341
Stationary 1792.543 278.5648 519 -0.1885073 0.3369341
Moved 1792.559 279 520.3201 -0.1875 0.3403293
Stationary 1792.574 279 520 -0.1875 0.3395061
Stationary 1792.59 279 520 -0.1875 0.3395061
Moved 1792.605 277.8635 520 -0.1901309 0.3395061
Stationary 1792.62 278 520 -0.1898148 0.3395061
Stationary 1792.638 278 520 -0.1898148 0.3395061
Stationary 1792.651 278 520 -0.1898148 0.3395061
Moved 1792.668 277 520 -0.1921296 0.3395061
Stationary 1792.689 277 520 -0.1921296 0.3395061
Stationary 1792.699 277 520 -0.1921296 0.3395061
Stationary 1792.714 277 520 -0.1921296 0.3395061
Stationary 1792.728 277 520 -0.1921296 0.3395061
Stationary 1792.742 277 520 -0.1921296 0.3395061
Moved 1792.76 276 520 -0.1944444 0.3395061
Stationary 1792.774 276 520 -0.1944444 0.3395061
Stationary 1792.79 276 520 -0.1944444 0.3395061
Stationary 1792.808 276 520 -0.1944444 0.3395061
Stationary 1792.82 276 520 -0.1944444 0.3395061
Stationary 1792.836 276 520 -0.1944444 0.3395061
Stationary 1792.851 276 520 -0.1944444 0.3395061
Stationary 1792.873 276 520 -0.1944444 0.3395061
Stationary 1792.883 276 520 -0.1944444 0.3395061
Stationary 1792.897 276 520 -0.1944444 0.3395061
Stationary 1792.913 276 520 -0.1944444 0.3395061
Stationary 1792.929 276 520 -0.1944444 0.3395061
Moved 1792.943 280.9789 510.5106 -0.1829191 0.3150991
Moved 1792.96 290.4171 502.5829 -0.1610714 0.294709
Moved 1792.976 301.5832 492.5751 -0.135224 0.2689689
Moved 1792.991 320.4178 470.2986 -0.0916255 0.2116734
Moved 1793.006 337.0035 450.8292 -0.05323261 0.1615978
Moved 1793.022 349.7172 433.2039 -0.02380287 0.116265
Moved 1793.037 357.7212 422.2893 -0.005275012 0.08819262
Moved 1793.053 377.6602 396.1198 0.04088005 0.02088413
Moved 1793.068 382.9989 387.5016 0.05323818 -0.001281848
Moved 1793.084 395.5 369.5 0.08217593 -0.04758238
Moved 1793.1 410.5061 352.1043 0.1169123 -0.09232438
Moved 1793.115 414.6672 348.3328 0.1265444 -0.1020249
Moved 1793.13 427.5317 334.213 0.1563234 -0.1383411
Moved 1793.145 434.8188 328.8859 0.1731917 -0.1520425
Moved 1793.161 439.4303 323.4263 0.1838664 -0.1660847
Moved 1793.176 445.3401 320.83 0.1975466 -0.1727625
Moved 1793.191 448.2175 319.3912 0.2042072 -0.1764629
Moved 1793.206 454.3789 319 0.2184698 -0.1774692
Moved 1793.228 460.9535 319 0.2336887 -0.1774692
Stationary 1793.239 460.9535 319 0.2336887 -0.1774692
Moved 1793.252 467.2603 319 0.2482876 -0.1774692
Moved 1793.269 469.3717 319 0.2531752 -0.1774692
Moved 1793.284 471.2859 328.2859 0.2576063 -0.1535857
Moved 1793.3 472.011 332.044 0.2592847 -0.1439199
Moved 1793.315 472 335.2828 0.2592593 -0.1355896
Moved 1793.332 472 345.415 0.2592593 -0.1095293
Moved 1793.346 472 352.0189 0.2592593 -0.09254416
Moved 1793.362 457.0911 378.1207 0.224748 -0.02540973
Moved 1793.376 448.9953 395.0095 0.2060075 0.01802837
Moved 1793.391 442.8364 409.409 0.1917509 0.05506421
Moved 1793.406 437.1151 423.7122 0.1785072 0.09185237
Moved 1793.423 434.3011 432.6631 0.1719933 0.1148741
Moved 1793.438 430.9867 445.0533 0.164321 0.146742
Moved 1793.454 428.109 455.1184 0.1576598 0.1726296
Moved 1793.47 426.6639 460.1765 0.1543145 0.185639
Moved 1793.484 426 480.3272 0.1527777 0.2374671
Moved 1793.499 424.9579 487.3785 0.1503656 0.255603
Moved 1793.515 425 501.2194 0.150463 0.2912021
Moved 1793.531 425 508.8283 0.150463 0.3107723
Moved 1793.552 425 517.4817 0.150463 0.3330289
Moved 1793.566 425 519.6216 0.150463 0.3385328
Moved 1793.577 425 523.3069 0.150463 0.3480117
Moved 1793.592 425 527.2678 0.150463 0.3581989
Moved 1793.609 425 528.5 0.150463 0.3613682
Moved 1793.623 425 530.4948 0.150463 0.3664989
Moved 1793.638 425 534.1126 0.150463 0.375804
Moved 1793.654 425 535.5109 0.150463 0.3794003
Stationary 1793.669 425 536.2261 0.150463 0.3812399
Moved 1793.684 423.6047 538.3953 0.1472331 0.3868192
Moved 1793.699 424 538 0.1481481 0.3858024
Moved 1793.717 422.7275 539 0.1452027 0.3883744
Moved 1793.731 422.2896 540 0.144189 0.3909464
Stationary 1793.746 421.5703 540 0.1425238 0.3909464
Moved 1793.762 420.9056 540 0.1409853 0.3909464
Moved 1793.777 419.3323 540.6677 0.1373434 0.3926636
Moved 1793.792 418.6068 541.3932 0.1356637 0.3945299
Moved 1793.808 417.4492 541 0.1329842 0.3935184
Stationary 1793.823 416.7298 541 0.1313191 0.3935184
Moved 1793.838 415.5688 541 0.1286315 0.3935184
Moved 1793.853 414.8495 541 0.1269663 0.3935184
Stationary 1793.874 414.8495 541 0.1269663 0.3935184
Moved 1793.886 412.5803 541 0.1217136 0.3935184
Moved 1793.901 411.8641 541 0.1200558 0.3935184
Moved 1793.916 410.8528 541 0.1177148 0.3935184
Moved 1793.931 409.989 541 0.1157154 0.3935184
Moved 1793.945 407.8394 541 0.1107395 0.3935184
Moved 1793.961 408 530.5 0.1111111 0.3665122
Moved 1793.977 406.3145 533.3145 0.1072095 0.3737512
Moved 1793.991 406 533 0.1064815 0.3729423
Moved 1794.008 404.4422 531.4422 0.1028755 0.3689356
Moved 1794.023 403.7249 530.725 0.1012151 0.3670909
Moved 1794.04 401.5619 528.5618 0.09620805 0.3615272
Moved 1794.054 402 527.8438 0.09722222 0.3596803
Moved 1794.069 400 522.3712 0.09259263 0.3456047
Moved 1794.084 397.3071 517.6142 0.08635898 0.3333698
Moved 1794.1 395.6319 514.2639 0.08248131 0.3247526
Moved 1794.116 392.3201 505.6401 0.07481496 0.3025723
Moved 1794.13 389.8309 500.6618 0.06905298 0.289768
Moved 1794.146 384.1711 484.9279 0.05595167 0.2493
Moved 1794.166 379.3868 471.1606 0.04487694 0.2138903
Moved 1794.179 373.6201 454.9554 0.03152807 0.1722102
Moved 1794.193 368.2853 437.7129 0.01917889 0.1278623
Moved 1794.21 357.8314 407.8605 -0.005019854 0.0510815
Moved 1794.225 350.6535 383.8218 -0.02163549 -0.01074646
Moved 1794.24 344.454 363.8467 -0.03598611 -0.06212266
Moved 1794.255 342.2773 356.5909 -0.04102489 -0.08078484
Moved 1794.27 335.8431 334.1437 -0.05591874 -0.1385194
Moved 1794.286 333.6755 326.9185 -0.06093626 -0.1571028
Moved 1794.302 331 313 -0.06712963 -0.1929013
Moved 1794.318 327.3256 301.6396 -0.07563511 -0.2221203
Moved 1794.332 325.887 298.7175 -0.07896537 -0.2296362
Moved 1794.348 322.5765 286.9412 -0.08662854 -0.2599251
Moved 1794.363 321.3494 279.7472 -0.0894689 -0.278428
Moved 1794.378 318.8215 272.5537 -0.09532065 -0.2969297
Moved 1794.392 317.4689 265.8757 -0.09845153 -0.3141058
Moved 1794.409 316.7455 262.9818 -0.1001263 -0.3215489
Moved 1794.425 314.9164 256.6657 -0.1043601 -0.3377939
Moved 1794.44 314 252.4333 -0.1064815 -0.3486797
Moved 1794.461 313 248.3167 -0.1087963 -0.3592679
Stationary 1794.473 313 247.5973 -0.1087963 -0.3611182
Moved 1794.484 311.878 245.756 -0.1113935 -0.3658539
Moved 1794.502 312 244.8583 -0.1111111 -0.3681628
Stationary 1794.517 312 245 -0.1111111 -0.3677984
Moved 1794.531 310.9349 245 -0.1135765 -0.3677984
Moved 1794.547 307.4851 245 -0.1215622 -0.3677984
Moved 1794.563 302.218 270.4326 -0.1337547 -0.3023855
Moved 1794.578 297.6253 291.8734 -0.1443858 -0.2472393
Moved 1794.594 293.8543 320.5924 -0.1531149 -0.1733734
Moved 1794.61 291.9933 342.0997 -0.1574228 -0.1180563
Moved 1794.626 292 362.2925 -0.1574074 -0.06612001
Moved 1794.64 291.4082 377.2858 -0.1587774 -0.02755726
Moved 1794.658 289.9705 393.295 -0.1621054 0.01361874
Moved 1794.67 288.5483 406.0649 -0.1653974 0.04646325
Moved 1794.687 289 416.1548 -0.1643519 0.07241469
Moved 1794.701 286.6629 436.0339 -0.1697618 0.123544
Moved 1794.716 287 440.4811 -0.1689815 0.1349821
Moved 1794.738 284.774 452.356 -0.1741342 0.1655245
Moved 1794.751 285 459.7401 -0.1736111 0.1845165
Moved 1794.764 283.9611 463.1947 -0.176016 0.1934019
Moved 1794.779 281.7996 479.804 -0.1810195 0.2361214
Moved 1794.794 281.359 488.4869 -0.1820394 0.2584538
Moved 1794.809 279.9193 496.4036 -0.185372 0.2788158
Moved 1794.826 278.5 503.5 -0.1886574 0.2970678
Moved 1794.84 279 507.2549 -0.1875 0.3067256
Moved 1794.859 278 515.1071 -0.1898148 0.3269215
Moved 1794.872 276.5318 522.3409 -0.1932134 0.345527
Moved 1794.887 275.8125 523.5626 -0.1948785 0.3486692
Moved 1794.902 276 529.6895 -0.1944444 0.3644275
Moved 1794.917 274.935 532.1951 -0.1969098 0.3708722
Moved 1794.932 275 536.2296 -0.1967592 0.3812487
Moved 1794.949 275 540.3353 -0.1967592 0.3918087
Moved 1794.965 275 541.7741 -0.1967592 0.3955094
Moved 1794.98 275 544.4381 -0.1967592 0.4023613
Moved 1794.994 275 545.5 -0.1967592 0.4050925
Moved 1795.016 275 546.0475 -0.1967592 0.4065006
Moved 1795.029 275 547 -0.1967592 0.4089505
Stationary 1795.042 275 547 -0.1967592 0.4089505
Moved 1795.055 275 548 -0.1967592 0.4115225
Stationary 1795.072 275 548 -0.1967592 0.4115225
Stationary 1795.087 275 548 -0.1967592 0.4115225
Moved 1795.102 284.7066 549 -0.1742903 0.4140946
Moved 1795.118 284.21 549 -0.1754398 0.4140946
Moved 1795.134 294.3699 549 -0.1519216 0.4140946
Moved 1795.148 301.5619 549 -0.1352733 0.4140946
Moved 1795.163 308.7596 549 -0.1186121 0.4140946
Moved 1795.179 317 537 -0.09953702 0.3832304
Moved 1795.194 319.0309 539.9938 -0.09483586 0.3909305
Moved 1795.21 330.6896 534.6552 -0.06784806 0.3771996
Moved 1795.226 336.4312 532.7844 -0.05455732 0.3723876
Moved 1795.242 341.1218 530.9594 -0.04369964 0.3676938
Moved 1795.262 346.4163 530 -0.03144368 0.3652262
Stationary 1795.274 346.4163 530 -0.03144368 0.3652262
Moved 1795.286 351.7312 527.6344 -0.01914074 0.3591419
Moved 1795.302 353.6893 528 -0.01460816 0.3600822
Moved 1795.318 355.357 526.8215 -0.01074771 0.357051
Moved 1795.334 359.6877 525.6562 -0.0007230043 0.3540539
Moved 1795.348 361.1184 526 0.002589027 0.3549381
Moved 1795.365 364.2315 525 0.009795128 0.3523662
Moved 1795.38 367.3182 525 0.01694033 0.3523662
Moved 1795.396 370.1957 525 0.02360115 0.3523662
Moved 1795.412 372.2709 525 0.02840479 0.3523662
Moved 1795.427 374.6194 524 0.03384133 0.3497942
Moved 1795.442 376.0606 524 0.0371773 0.3497942
Stationary 1795.457 376.4881 524 0.03816694 0.3497942
Moved 1795.473 377.2076 524 0.03983229 0.3497942
Moved 1795.487 379.3685 524 0.04483451 0.3497942
Stationary 1795.508 379 524 0.04398147 0.3497942
Ended 1795.521 380.5 522.5 0.04745374 0.3459361
Candidates 1795.67 12 delivery deliver democrat service device delicate verdict celebrity slice venice turnover alice
Began 1796.13 391 301 0.07175922 -0.2237656
Stationary 1796.15 391 301 0.07175922 -0.2237656
Stationary 1796.166 391 301 0.07175922 -0.2237656
Stationary 1796.181 391 301 0.07175922 -0.2237656
Moved 1796.197 391 321.8907 0.07175922 -0.1700343
Moved 1796.213 391 330.6224 0.07175922 -0.1475763
Moved 1796.228 391 370.6833 0.07175922 -0.04453894
Moved 1796.243 391 389.3604 0.07175922 0.003498807
Moved 1796.259 391 414.3223 0.07175922 0.06770126
Moved 1796.274 391 448.4689 0.07175922 0.1555268
Moved 1796.29 391 469.8858 0.07175922 0.2106115
Moved 1796.304 391 490.5471 0.07175922 0.2637528
Moved 1796.326 391 513.2608 0.07175922 0.3221728
Stationary 1796.338 391 513.2608 0.07175922 0.3221728
Ended 1796.35 391 532.5 0.07175922 0.3716563
Accept 1796.392 0 delivery
Began 1796.827 536 575 0.4074074 0.480967
Stationary 1796.844 536 575 0.4074074 0.480967
Stationary 1796.859 536 575 0.4074074 0.480967
Stationary 1796.874 536 575 0.4074074 0.480967
Stationary 1796.888 536 575 0.4074074 0.480967
Stationary 1796.905 536 575 0.4074074 0.480967
Stationary 1796.922 536 575 0.4074074 0.480967
Stationary 1796.936 536 575 0.4074074 0.480967
Stationary 1796.951 536 575 0.4074074 0.480967
Stationary 1796.966 536 575 0.4074074 0.480967
Stationary 1796.981 536 575 0.4074074 0.480967
Stationary 1797.002 536 575 0.4074074 0.480967
Stationary 1797.013 536 575 0.4074074 0.480967
Stationary 1797.028 536 575 0.4074074 0.480967
Stationary 1797.043 536 575 0.4074074 0.480967
Moved 1797.06 526.3095 575 0.3849756 0.480967
Moved 1797.075 523.4668 575 0.3783953 0.480967
Moved 1797.09 521.6004 575 0.374075 0.480967
Moved 1797.109 518.7181 575 0.3674029 0.480967
Moved 1797.122 515.2535 575 0.3593832 0.480967
Moved 1797.138 512.9791 575 0.3541183 0.480967
Moved 1797.151 508.5958 575 0.3439719 0.480967
Moved 1797.168 506.2607 570.9415 0.3385663 0.4705286
Moved 1797.183 502.9583 566.9791 0.3309219 0.4603372
Moved 1797.198 498.6208 565.5403 0.3208816 0.4566364
Moved 1797.214 496.4731 563.6487 0.3159101 0.4517714
Moved 1797.229 489.9884 560.3256 0.3008991 0.4432242
Moved 1797.25 485.7327 557.8396 0.2910478 0.4368301
Moved 1797.262 476.895 552.337 0.2705903 0.4226773
Moved 1797.275 470.6441 548.0961 0.2561206 0.4117697
Moved 1797.291 460.6586 542.8138 0.2330061 0.3981835
Moved 1797.306 443.5334 531.9 0.1933643 0.3701131
Moved 1797.322 431.0378 523.2784 0.1644394 0.3479382
Moved 1797.338 417.4209 513.5946 0.1329187 0.3230313
Moved 1797.353 403.6859 502.5488 0.1011248 0.2946212
Moved 1797.368 397.9799 499.3199 0.08791635 0.2863165
Moved 1797.383 385.5 489.5 0.05902777 0.2610596
Moved 1797.399 365.4893 472.8994 0.01270682 0.2183626
Moved 1797.416 362.0861 470.2166 0.004828871 0.2114623
Moved 1797.43 341.4014 451.6901 -0.04305233 0.163812
Moved 1797.445 336.9032 447.917 -0.05346482 0.1541074
Moved 1797.462 321.9686 437.1405 -0.08803566 0.1263901
Moved 1797.48 313.9499 429.9499 -0.1065975 0.1078957
Moved 1797.492 310.3735 426.3735 -0.1148761 0.09869724
Moved 1797.508 300.2236 418.3789 -0.1383712 0.07813496
Moved 1797.522 294.6259 413.6259 -0.151329 0.06591015
Moved 1797.538 288.847 408.8853 -0.1647059 0.05371721
Moved 1797.553 283.1596 404.6198 -0.1778712 0.04274619
Moved 1797.568 281.4256 402.4256 -0.1818852 0.03710283
Moved 1797.584 273.946 397.2974 -0.199199 0.02391293
Moved 1797.599 271.7877 395.8585 -0.2041952 0.02021205
Moved 1797.614 268.6954 392.6954 -0.2113533 0.01207654
Moved 1797.63 263.3998 389.3998 -0.2236115 0.003600336
Moved 1797.645 261.9611 387.9611 -0.2269419 -0.0001000377
Moved 1797.661 256.6448 383.6448 -0.2392481 -0.01120163
Moved 1797.675 253.1458 380.7639 -0.2473477 -0.01861156
Moved 1797.696 248.8264 376.8264 -0.2573464 -0.0287388
Moved 1797.707 243 372.5 -0.2708333 -0.03986633
Moved 1797.722 240.1542 370.1542 -0.2774209 -0.04589976
Moved 1797.737 235.8439 365.8439 -0.2873985 -0.05698592
Stationary 1797.752 235.8439 365.8439 -0.2873985 -0.05698592
Moved 1797.767 231.5829 361.5829 -0.2972619 -0.06794532
Moved 1797.783 227.2495 358.6248 -0.3072929 -0.07555361
Moved 1797.799 226.9158 356.8315 -0.3080654 -0.08016578
Moved 1797.815 224.7512 355.7512 -0.3130759 -0.08294439
Ended 1797.833 225 356 -0.3125 -0.0823046
Candidates 1797.983 12 is odds puts oa pa pass ps id its psa orfs odd
Began 1798.318 355 292 -0.01157408 -0.2469136
Stationary 1798.34 355 292 -0.01157408 -0.2469136
Stationary 1798.353 355 292 -0.01157408 -0.2469136
Stationary 1798.373 355 292 -0.01157408 -0.2469136
Stationary 1798.385 355 292 -0.01157408 -0.2469136
Stationary 1798.4 355 292 -0.01157408 -0.2469136
Moved 1798.415 355 321.7623 -0.01157408 -0.1703645
Moved 1798.431 355 337.6287 -0.01157408 -0.1295559
Moved 1798.447 355 359.7753 -0.01157408 -0.07259447
Moved 1798.462 355 404.1599 -0.01157408 0.04156336
Moved 1798.478 360.0352 424.7898 8.155902E-05 0.09462392
Moved 1798.494 364.3211 442.9265 0.01000245 0.1412718
Moved 1798.51 367.7806 461.903 0.01801064 0.1900796
Ended 1798.523 369.9387 472.6933 0.0230062 0.2178325
Accept 1798.55 0 is
Began 1799.199 331 213 -0.06712963 -0.4501029
Stationary 1799.222 331 213 -0.06712963 -0.4501029
Stationary 1799.234 331 213 -0.06712963 -0.4501029
Stationary 1799.246 331 213 -0.06712963 -0.4501029
Stationary 1799.263 331 213 -0.06712963 -0.4501029
Stationary 1799.277 331 213 -0.06712963 -0.4501029
Stationary 1799.293 331 213 -0.06712963 -0.4501029
Stationary 1799.31 331 213 -0.06712963 -0.4501029
Stationary 1799.326 331 213 -0.06712963 -0.4501029
Moved 1799.341 331 218.96 -0.06712963 -0.4347738
Moved 1799.356 331 227.5922 -0.06712963 -0.4125716
Moved 1799.372 331 234.4966 -0.06712963 -0.3948134
Moved 1799.386 331 236.2993 -0.06712963 -0.3901767
Moved 1799.403 321.4724 243.7914 -0.08918429 -0.3709069
Moved 1799.417 320.5 247.5 -0.09143516 -0.3613684
Moved 1799.438 317.7882 250.2823 -0.09771247 -0.354212
Moved 1799.45 313.5066 258.7401 -0.1076235 -0.3324588
Moved 1799.464 310.3153 265.054 -0.1150108 -0.3162191
Moved 1799.48 307.753 270.494 -0.1209421 -0.3022275
Moved 1799.495 305.4378 273.6865 -0.1263013 -0.2940162
Moved 1799.51 301.9971 280.0048 -0.134266 -0.2777654
Moved 1799.525 299.1207 285.7587 -0.1409244 -0.2629664
Moved 1799.542 297.4063 291.1873 -0.1448927 -0.2490039
Moved 1799.561 290.9502 303.0996 -0.1598375 -0.2183654
Moved 1799.573 288.7921 307.4157 -0.164833 -0.2072642
Moved 1799.587 285.5121 315.0978 -0.1724257 -0.1875058
Moved 1799.602 276.8678 333.8304 -0.1924356 -0.1393252
Moved 1799.619 273.9444 341.1391 -0.1992029 -0.120527
Moved 1799.638 267.5101 358.3065 -0.214097 -0.07637236
Moved 1799.651 264.2922 365.6514 -0.2215458 -0.05748089
Moved 1799.664 261.942 374.1935 -0.2269862 -0.03551059
Moved 1799.68 255.4385 393.8716 -0.2420405 0.01510188
Moved 1799.695 251.7665 403.3173 -0.2505406 0.0393964
Moved 1799.712 248.8835 412.3494 -0.2572141 0.06262708
Moved 1799.727 247.5034 422.4763 -0.2604088 0.08867346
Moved 1799.741 245.5749 425.0628 -0.264873 0.09532602
Moved 1799.758 245 434.1207 -0.2662037 0.1186231
Moved 1799.773 243.5248 444.3265 -0.2696186 0.1448725
Moved 1799.788 244 444.5796 -0.2685185 0.1455235
Moved 1799.803 244 455.7567 -0.2685185 0.1742713
Moved 1799.819 244 458.2828 -0.2685185 0.1807684
Moved 1799.838 244 469.1126 -0.2685185 0.2086229
Moved 1799.849 244 479.6199 -0.2685185 0.2356479
Moved 1799.865 244 484.6414 -0.2685185 0.248563
Moved 1799.88 253.339 495.017 -0.2469005 0.2752494
Moved 1799.896 256.2143 501.4286 -0.2402447 0.2917401
Moved 1799.911 259.0874 507.1748 -0.233594 0.3065195
Moved 1799.926 261.9648 511.4472 -0.2269333 0.3175082
Moved 1799.941 263.3833 514.7665 -0.2236498 0.3260455
Moved 1799.958 268.6967 523.3933 -0.2113503 0.3482338
Moved 1799.973 270.1353 525.203 -0.20802 0.3528883
Moved 1799.987 272.2697 528.4045 -0.2030795 0.3611225
Moved 1800.005 276.6877 533.6877 -0.1928527 0.374711
Stationary 1800.019 277.0592 534.0592 -0.1919926 0.3756666
Moved 1800.039 279.2203 538.2203 -0.1869899 0.3863691
Moved 1800.051 280.659 539.6591 -0.1836596 0.3900695
Moved 1800.065 282.0978 541.0978 -0.1803291 0.3937701
Moved 1800.081 283.5 541 -0.1770833 0.3935184
Moved 1800.097 284.6249 542 -0.1744794 0.3960905
Moved 1800.111 287.1272 542 -0.1686871 0.3960905
Moved 1800.127 292.023 542 -0.1573542 0.3960905
Moved 1800.142 296.3516 542 -0.1473342 0.3960905
Moved 1800.157 308.3478 542 -0.1195653 0.3960905
Moved 1800.173 313.7743 542 -0.107004 0.3960905
Moved 1800.187 332.7156 542 -0.06315838 0.3960905
Moved 1800.204 342.994 530.3054 -0.03936564 0.3660116
Moved 1800.22 350.1076 530.7538 -0.02289906 0.3671652
Moved 1800.239 363.7201 527.4266 0.008611281 0.3586075
Moved 1800.252 370.6108 526.2778 0.02456208 0.3556528
Moved 1800.266 378.9802 524.8366 0.04393568 0.351946
Moved 1800.281 383.4198 524 0.05421241 0.3497942
Moved 1800.296 389.1746 522.9564 0.06753375 0.3471099
Moved 1800.312 393.4473 523 0.07742424 0.3472221
Moved 1800.327 397.7685 522 0.08742701 0.3446501
Moved 1800.343 401.0587 522 0.09504338 0.3446501
Moved 1800.359 403.9306 522 0.1016913 0.3446501
Moved 1800.373 405.3695 522 0.1050219 0.3446501
Moved 1800.39 407.3457 522 0.1095966 0.3446501
Moved 1800.405 408.065 520.935 0.1112616 0.3419109
Ended 1800.425 409.4995 521 0.1145822 0.3420781
Candidates 1800.558 12 very vary cry carry barry carey battery ceo betty bay veto nato
Began 1800.988 378 304 0.04166663 -0.2160494
Stationary 1801.006 378 304 0.04166663 -0.2160494
Stationary 1801.021 378 304 0.04166663 -0.2160494
Stationary 1801.036 378 304 0.04166663 -0.2160494
Stationary 1801.052 378 304 0.04166663 -0.2160494
Stationary 1801.067 378 304 0.04166663 -0.2160494
Stationary 1801.082 378 304 0.04166663 -0.2160494
Stationary 1801.097 378 304 0.04166663 -0.2160494
Stationary 1801.113 378 304 0.04166663 -0.2160494
Moved 1801.129 378 335.6669 0.04166663 -0.1346017
Moved 1801.15 378 372.4094 0.04166663 -0.04009922
Moved 1801.162 378 386.0771 0.04166663 -0.00494588
Moved 1801.175 378 411.3522 0.04166663 0.06006209
Moved 1801.191 378 427.2238 0.04166663 0.1008842
Moved 1801.207 385.869 450.7379 0.0598818 0.1613629
Moved 1801.221 387.0302 477.2717 0.06256988 0.2296081
Moved 1801.236 388.4649 490.1838 0.06589095 0.2628183
Moved 1801.252 395.5806 518.9271 0.08236239 0.3367465
Ended 1801.266 395.1072 524.0718 0.08126666 0.349979
Accept 1801.31 0 very
Began 1801.818 316 354 -0.1018519 -0.08744855
Stationary 1801.838 316 354 -0.1018519 -0.08744855
Stationary 1801.856 316 354 -0.1018519 -0.08744855
Stationary 1801.869 316 354 -0.1018519 -0.08744855
Stationary 1801.883 316 354 -0.1018519 -0.08744855
Stationary 1801.896 316 354 -0.1018519 -0.08744855
Stationary 1801.913 316 354 -0.1018519 -0.08744855
Stationary 1801.929 316 354 -0.1018519 -0.08744855
Stationary 1801.944 316 354 -0.1018519 -0.08744855
Stationary 1801.961 316 354 -0.1018519 -0.08744855
Stationary 1801.975 316 354 -0.1018519 -0.08744855
Stationary 1801.992 316 354 -0.1018519 -0.08744855
Stationary 1802.007 316 354 -0.1018519 -0.08744855
Stationary 1802.022 316 354 -0.1018519 -0.08744855
Stationary 1802.043 316 354 -0.1018519 -0.08744855
Stationary 1802.054 316 354 -0.1018519 -0.08744855
Stationary 1802.068 316 354 -0.1018519 -0.08744855
Stationary 1802.083 316 354 -0.1018519 -0.08744855
Stationary 1802.098 316 354 -0.1018519 -0.08744855
Stationary 1802.113 316 354 -0.1018519 -0.08744855
Stationary 1802.129 316 354 -0.1018519 -0.08744855
Stationary 1802.145 316 354 -0.1018519 -0.08744855
Stationary 1802.161 316 354 -0.1018519 -0.08744855
Moved 1802.177 305.702 354 -0.1256899 -0.08744855
Moved 1802.192 304.9834 354 -0.1273533 -0.08744855
Moved 1802.208 299.4657 354 -0.1401257 -0.08744855
Moved 1802.226 294.5461 354 -0.1515137 -0.08744855
Moved 1802.238 288.7791 354 -0.1648632 -0.08744855
Moved 1802.253 281.5095 354 -0.1816911 -0.08744855
Moved 1802.27 275.3498 354 -0.1959495 -0.08744855
Moved 1802.285 264.6049 362.3951 -0.2208221 -0.06585619
Moved 1802.3 256.0714 364.9762 -0.2405754 -0.0592176
Moved 1802.316 250.5958 365.2006 -0.2532505 -0.05864045
Moved 1802.331 235.4187 367.3688 -0.2883826 -0.05306385
Moved 1802.346 232.5753 368.085 -0.2949646 -0.05122188
Moved 1802.363 219.7846 370.2431 -0.3245727 -0.04567111
Moved 1802.378 214.7728 371.2454 -0.336174 -0.04309313
Moved 1802.398 206.0248 374.4938 -0.3564241 -0.03473815
Moved 1802.411 204.3648 375.2117 -0.3602667 -0.03289171
Moved 1802.423 200.7028 375.6486 -0.3687436 -0.03176803
Moved 1802.438 196.7315 376 -0.3779362 -0.03086435
Moved 1802.453 194.9471 377 -0.3820669 -0.02829226
Moved 1802.469 193.5124 377 -0.3853879 -0.02829226
Moved 1802.484 190.9973 378 -0.39121 -0.02572024
Moved 1802.5 189.5562 379.4438 -0.3945458 -0.0220068
Moved 1802.515 188.8347 380.1652 -0.3962159 -0.02015126
Moved 1802.531 186.6743 381 -0.401217 -0.01800419
Moved 1802.546 185.9549 383.0901 -0.4028821 -0.0126283
Moved 1802.567 185 384.206 -0.4050926 -0.009758246
Moved 1802.579 183.3552 385 -0.4089 -0.007716127
Stationary 1802.592 182.6358 385 -0.4105652 -0.007716127
Moved 1802.608 183 388.3757 -0.4097222 0.00096639
Stationary 1802.624 183 388.3757 -0.4097222 0.00096639
Moved 1802.638 183 390.0698 -0.4097222 0.005323425
Moved 1802.654 183 391.5037 -0.4097222 0.009011555
Stationary 1802.669 183 392.2211 -0.4097222 0.01085662
Moved 1802.684 183 393.5 -0.4097222 0.01414597
Moved 1802.702 183 394.0482 -0.4097222 0.01555588
Moved 1802.716 183 396.2451 -0.4097222 0.0212063
Moved 1802.737 192.3291 401.0731 -0.3881271 0.0336242
Stationary 1802.748 192.3291 401.0731 -0.3881271 0.0336242
Moved 1802.763 201.9676 406.387 -0.3658158 0.04729168
Moved 1802.778 206.9111 409.637 -0.3543724 0.0556507
Moved 1802.793 211.2334 411.0778 -0.3443671 0.05935645
Moved 1802.811 217 412.5 -0.3310185 0.06301432
Moved 1802.823 220.5221 413.6306 -0.3228655 0.06592216
Moved 1802.839 226.2531 415.0633 -0.3095993 0.06960712
Moved 1802.855 229 415 -0.3032407 0.06944436
Moved 1802.869 231.665 416.2217 -0.2970717 0.07258658
Moved 1802.885 237.1511 417.3837 -0.2843724 0.07557539
Moved 1802.906 238.1917 417 -0.2819637 0.0745884
Moved 1802.917 242.5019 418 -0.2719864 0.07716041
Moved 1802.934 243.2518 419.2518 -0.2702505 0.08038006
Moved 1802.947 245.1187 420.0593 -0.265929 0.08245704
Moved 1802.963 249.4418 422.2209 -0.2559217 0.0880166
Moved 1802.978 252.9603 424.3069 -0.2477771 0.09338178
Moved 1802.993 257.2679 427.1786 -0.2378059 0.1007679
Moved 1803.011 263.1132 430.5849 -0.2242749 0.109529
Moved 1803.023 266.0238 432.7678 -0.2175376 0.1151435
Moved 1803.04 276.5294 441.3529 -0.1932191 0.1372245
Moved 1803.055 288.5491 451.4393 -0.1653956 0.1631668
Moved 1803.076 310.1172 465.9821 -0.1154695 0.200571
Moved 1803.088 317.3107 471.0175 -0.09881783 0.2135222
Moved 1803.102 330.1109 480.548 -0.06918768 0.2380349
Moved 1803.117 360.724 503.793 0.001675884 0.2978215
Moved 1803.132 368.3399 509.2472 0.01930535 0.3118497
Moved 1803.147 378.2876 516.3483 0.04233231 0.3301138
Moved 1803.163 390.0609 525.4721 0.06958544 0.3535804
Moved 1803.179 392.055 527.0412 0.07420133 0.3576162
Moved 1803.194 405.0169 535.6779 0.1042058 0.3798299
Moved 1803.21 411.4105 542.0132 0.1190059 0.3961243
Moved 1803.225 417.1865 547.1399 0.1323761 0.4093103
Moved 1803.245 422.4149 552.2075 0.1444789 0.4223442
Stationary 1803.257 422.4149 552.2075 0.1444789 0.4223442
Moved 1803.271 423.2013 554.4025 0.1462992 0.42799
Moved 1803.286 425.4422 557.8843 0.1514865 0.4369452
Moved 1803.301 426.1558 558.1558 0.1531383 0.4376433
Moved 1803.316 428.3134 559 0.1581328 0.4398148
Stationary 1803.333 428.3134 559 0.1581328 0.4398148
Ended 1803.348 429.2397 560.2397 0.1602772 0.4430034
Candidates 1803.421 12 day say assay fatty gay gao daddy gary fast fat carry castro
Began 1804.625 383 412 0.05324075 0.06172835
Stationary 1804.647 383 412 0.05324075 0.06172835
Stationary 1804.659 383 412 0.05324075 0.06172835
Ended 1804.677 383 412 0.05324075 0.06172835
NextCandidatePanel 1804.7
Began 1805.516 365 378 0.01157403 -0.02572024
Stationary 1805.535 365 378 0.01157403 -0.02572024
Stationary 1805.551 365 378 0.01157403 -0.02572024
Stationary 1805.566 365 378 0.01157403 -0.02572024
Stationary 1805.581 365 378 0.01157403 -0.02572024
Ended 1805.598 365 378 0.01157403 -0.02572024
NextCandidatePanel 1805.657
Began 1806.214 359 317 -0.002314796 -0.1826131
Stationary 1806.231 359 317 -0.002314796 -0.1826131
Stationary 1806.244 359 317 -0.002314796 -0.1826131
Stationary 1806.262 359 317 -0.002314796 -0.1826131
Stationary 1806.275 359 317 -0.002314796 -0.1826131
Stationary 1806.29 359 317 -0.002314796 -0.1826131
Moved 1806.307 359 341.549 -0.002314796 -0.1194729
Moved 1806.323 349.327 361.3459 -0.02470598 -0.06855474
Moved 1806.338 349.1798 381.3813 -0.02504667 -0.01702344
Moved 1806.36 349 440.1777 -0.02546296 0.1342018
Stationary 1806.371 349 440.1777 -0.02546296 0.1342018
Moved 1806.383 354.9205 462.0701 -0.01175801 0.1905094
Moved 1806.399 361.1565 493.3606 0.002677043 0.2709891
Ended 1806.414 361.1565 493.3606 0.002677043 0.2709891
Accept 1806.458 8 fast
PhraseEnd 1807.305
