my watch fell in the water
my watch fell in the water
Basic
0.6 0.6
432 388.8
Began 200.5351 520 280 0.3703704 -0.2777778
Stationary 200.5546 520 280 0.3703704 -0.2777778
Stationary 200.5684 520 280 0.3703704 -0.2777778
Stationary 200.5846 520 280 0.3703704 -0.2777778
Stationary 200.6005 520 280 0.3703704 -0.2777778
Moved 200.6153 514.6161 293.6147 0.3579076 -0.2427606
Moved 200.6325 509.5668 304.1552 0.3462194 -0.2156502
Moved 200.6461 501 324 0.3263889 -0.164609
Moved 200.6622 494.8744 338.8207 0.3122093 -0.1264901
Moved 200.6778 484.2993 363.2731 0.2877299 -0.06359807
Moved 200.6913 474.6216 385.4364 0.2653277 -0.006593696
Moved 200.7071 467.8345 397.9426 0.2496168 0.0255724
Moved 200.724 460.5821 411.8359 0.2328289 0.06130615
Moved 200.7393 447.8286 428.5618 0.2033071 0.1043255
Moved 200.7533 438.983 439.8766 0.182831 0.1334274
Moved 200.7696 432.3821 449.4269 0.1675511 0.1579909
Moved 200.7856 421.5142 460.4858 0.1423939 0.1864347
Moved 200.8008 411.4511 470.8553 0.1190997 0.2131051
Moved 200.8154 401.4376 479.4821 0.09592046 0.2352933
Moved 200.8311 391.7465 487.7888 0.07348716 0.2566583
Moved 200.8472 384.7625 493.39 0.05732059 0.2710648
Moved 200.8617 377.8099 498.9521 0.04122675 0.2853706
Moved 200.8779 370 505.5 0.02314816 0.3022119
Moved 200.8934 363.3302 509.3356 0.007708769 0.312077
Moved 200.908 353.6106 515.2225 -0.0147902 0.3272184
Moved 200.9262 343.92 520.76 -0.03722236 0.3414609
Moved 200.9386 337.0053 524.4974 -0.05322843 0.3510734
Moved 200.9532 328.5932 528.7034 -0.07270087 0.3618913
Moved 200.9693 320.3573 533.8214 -0.09176552 0.3750548
Moved 200.9855 312.0626 537.9687 -0.1109662 0.3857218
Moved 201.0005 304.5347 541.1994 -0.1283918 0.3940313
Moved 201.0151 293.1726 546.9137 -0.1546931 0.4087285
Moved 201.0324 285.774 548.871 -0.1718195 0.4137629
Moved 201.0466 278.7199 551.512 -0.1881484 0.4205555
Moved 201.0614 272.7872 553.2851 -0.2018815 0.4251159
Moved 201.0789 266.9104 555.0224 -0.2154853 0.4295843
Moved 201.0923 261.4027 556.3994 -0.2282345 0.4331258
Moved 201.1088 257.6403 556.5899 -0.2369439 0.4336159
Moved 201.1246 253.4614 557.8462 -0.2466171 0.4368471
Moved 201.1383 248.0616 558 -0.2591168 0.4372427
Moved 201.1525 244.1257 559 -0.2682276 0.4398148
Moved 201.1698 240.0388 559 -0.2776879 0.4398148
Moved 201.1847 235.8053 559 -0.2874876 0.4398148
Moved 201.2008 233.4814 559 -0.2928671 0.4398148
Moved 201.2154 229.5688 559 -0.3019241 0.4398148
Moved 201.2312 228.8672 559 -0.303548 0.4398148
Moved 201.2476 225.8764 559 -0.3104712 0.4398148
Moved 201.2625 223.0988 559 -0.316901 0.4398148
Moved 201.2779 220.3139 559 -0.3233475 0.4398148
Moved 201.293 218.275 559 -0.3280671 0.4398148
Moved 201.308 216.8896 559 -0.3312741 0.4398148
Moved 201.3239 214.0101 559 -0.3379396 0.4398148
Moved 201.3383 213.5 559 -0.3391204 0.4398148
Moved 201.3532 213 559 -0.3402778 0.4398148
Moved 201.3689 211.655 559 -0.3433912 0.4398148
Stationary 201.3839 212 559 -0.3425926 0.4398148
Ended 201.4003 212 559 -0.3425926 0.4398148
Candidates 201.5211 12 more now lee le moore note bitter butter blew buyer lie blue
Began 202.3377 356 442 -0.009259283 0.1388888
Stationary 202.3559 356 442 -0.009259283 0.1388888
Stationary 202.3699 356 442 -0.009259283 0.1388888
Stationary 202.385 356 442 -0.009259283 0.1388888
Stationary 202.3999 356 442 -0.009259283 0.1388888
Stationary 202.4151 356 442 -0.009259283 0.1388888
Stationary 202.4317 356 442 -0.009259283 0.1388888
Stationary 202.4468 356 442 -0.009259283 0.1388888
Stationary 202.4618 356 442 -0.009259283 0.1388888
Ended 202.4784 356 442 -0.009259283 0.1388888
NextCandidatePanel 202.5388
Began 203.0279 372 399 0.02777775 0.02829214
Stationary 203.0479 372 399 0.02777775 0.02829214
Stationary 203.0624 372 399 0.02777775 0.02829214
Stationary 203.077 372 399 0.02777775 0.02829214
Stationary 203.0928 372 399 0.02777775 0.02829214
Stationary 203.109 372 399 0.02777775 0.02829214
Stationary 203.1236 372 399 0.02777775 0.02829214
Stationary 203.1384 372 399 0.02777775 0.02829214
Ended 203.1555 372 399 0.02777775 0.02829214
NextCandidatePanel 203.2156
Began 203.5848 375 393 0.03472219 0.01285996
Stationary 203.6027 375 393 0.03472219 0.01285996
Stationary 203.6166 375 393 0.03472219 0.01285996
Stationary 203.6335 375 393 0.03472219 0.01285996
Stationary 203.649 375 393 0.03472219 0.01285996
Stationary 203.6632 375 393 0.03472219 0.01285996
Stationary 203.6792 375 393 0.03472219 0.01285996
Ended 203.6922 375 393 0.03472219 0.01285996
Began 203.7544 368 395 0.01851857 0.01800408
NextCandidatePanel 203.7544
Stationary 203.7722 368 395 0.01851857 0.01800408
Stationary 203.7897 368 395 0.01851857 0.01800408
Stationary 203.8029 368 395 0.01851857 0.01800408
Stationary 203.8186 368 395 0.01851857 0.01800408
Ended 203.832 368 395 0.01851857 0.01800408
Cancel 203.8919
Began 204.5524 464 269 0.2407408 -0.30607
Stationary 204.5734 464 269 0.2407408 -0.30607
Stationary 204.5872 464 269 0.2407408 -0.30607
Stationary 204.6019 464 269 0.2407408 -0.30607
Stationary 204.6162 464 269 0.2407408 -0.30607
Stationary 204.6332 464 269 0.2407408 -0.30607
Stationary 204.6482 464 269 0.2407408 -0.30607
Stationary 204.6637 464 269 0.2407408 -0.30607
Stationary 204.6782 464 269 0.2407408 -0.30607
Moved 204.6939 451.6834 289.5795 0.2122302 -0.2531391
Moved 204.7101 442.8021 302.4255 0.1916715 -0.220099
Moved 204.7277 433.072 314.0606 0.169148 -0.1901734
Moved 204.7406 426.5 322 0.1539352 -0.1697531
Moved 204.7565 417.5931 330.4069 0.1333174 -0.1481305
Moved 204.772 408.0148 338.7016 0.1111453 -0.1267964
Moved 204.7871 401.0399 344.6801 0.09499967 -0.1114195
Moved 204.8017 390.7399 351.7572 0.07115722 -0.09321715
Moved 204.8172 381.0629 358.6694 0.0487566 -0.07543893
Moved 204.8339 370 365.5 0.02314816 -0.05787045
Moved 204.8562 347.5644 379.5223 -0.02878621 -0.02180492
Stationary 204.8663 347.5644 379.5223 -0.02878621 -0.02180492
Moved 204.8781 338.8513 385.7658 -0.04895528 -0.005746496
Moved 204.8949 332.9703 390.2238 -0.06256878 0.005719612
Moved 204.9109 325.2233 397.7767 -0.08050168 0.02514584
Moved 204.9271 320 404.5 -0.09259259 0.04243823
Moved 204.9419 311.4959 412.5042 -0.1122781 0.06302504
Moved 204.9567 305.8231 418.1769 -0.1254096 0.07761555
Moved 204.9722 300.2595 424.7405 -0.1382882 0.09449707
Moved 204.9879 293.6943 431.3057 -0.1534855 0.111383
Moved 205.0033 288.2086 438.2393 -0.1661839 0.1292163
Moved 205.0183 285.3511 441.7482 -0.1727984 0.1382412
Moved 205.0341 281.1896 446.8104 -0.1824315 0.1512613
Moved 205.0491 278.3688 450.9468 -0.1889612 0.1619003
Moved 205.0639 277.2865 453.427 -0.1914665 0.1682793
Moved 205.0809 275.8967 456.2066 -0.1946836 0.1754284
Moved 205.0954 274.5109 458.9781 -0.1978914 0.1825569
Moved 205.1099 274 460.7597 -0.199074 0.1871391
Moved 205.1272 274 461.9604 -0.199074 0.1902274
Moved 205.1413 274 463.3375 -0.199074 0.1937692
Moved 205.1567 274 465.7253 -0.199074 0.1999107
Moved 205.1749 274 467.1174 -0.199074 0.2034912
Moved 205.1882 274 468.5 -0.199074 0.2070472
Moved 205.203 274 469.8964 -0.199074 0.2106387
Moved 205.2183 274 470.5 -0.199074 0.2121912
Moved 205.2332 274 472.6764 -0.199074 0.217789
Stationary 205.2489 274 472.6764 -0.199074 0.217789
Moved 205.2643 274 474.1033 -0.199074 0.2214591
Moved 205.2798 284.4228 475.489 -0.1749473 0.225023
Moved 205.2954 282.8881 476.8881 -0.1784997 0.2286216
Moved 205.3104 283 478.2782 -0.1782407 0.2321969
Moved 205.3289 284.5 479.5 -0.1747685 0.2353394
Moved 205.3413 285.0262 481.0523 -0.1735505 0.239332
Moved 205.3568 286.0998 481 -0.1710653 0.2391974
Moved 205.3723 287.5 484 -0.1678241 0.2469135
Stationary 205.3881 287.5 484 -0.1678241 0.2469135
Moved 205.4018 289.2975 486.2975 -0.1636632 0.2528227
Moved 205.4239 290.6856 488.3712 -0.16045 0.2581562
Moved 205.4367 292.0713 490.0713 -0.1572424 0.262529
Moved 205.4492 293.4615 491.4615 -0.1540243 0.2661046
Moved 205.4642 294.5 492.5 -0.1516204 0.2687756
Moved 205.4801 295.9022 493.9022 -0.1483745 0.2723821
Moved 205.4951 297.2921 496.5842 -0.1451572 0.2792802
Moved 205.5115 300.3599 498.6799 -0.1380557 0.2846705
Moved 205.5275 304.2066 502.2065 -0.1291514 0.293741
Moved 205.5407 306.9094 504.9094 -0.1228948 0.3006929
Moved 205.5573 309.6971 506.6971 -0.116442 0.3052908
Moved 205.5736 313.715 509.4766 -0.1071413 0.3124398
Moved 205.5878 315.5096 510.2548 -0.1029871 0.3144411
Moved 205.6027 318.4518 512.7259 -0.09617642 0.320797
Moved 205.6185 321.2314 514.1157 -0.08974224 0.3243715
Moved 205.6357 322.5 514 -0.08680557 0.324074
Moved 205.6492 323.8929 515.8929 -0.08358135 0.3289425
Moved 205.6648 325.2859 516 -0.08035659 0.329218
Moved 205.6801 326 516 -0.07870371 0.329218
Moved 205.6959 326.8052 516 -0.07683972 0.329218
Ended 205.7106 327 516 -0.07638887 0.329218
Candidates 205.8619 12 me meet met new net mr mere mer be ne mwe nr
Began 206.8475 430 487 0.162037 0.2546296
Stationary 206.867 430 487 0.162037 0.2546296
Stationary 206.881 430 487 0.162037 0.2546296
Stationary 206.8954 430 487 0.162037 0.2546296
Ended 206.9104 430 487 0.162037 0.2546296
NextCandidatePanel 206.9709
Began 207.0188 396 481 0.08333336 0.2391974
Stationary 207.0355 396 481 0.08333336 0.2391974
Stationary 207.0493 396 481 0.08333336 0.2391974
Stationary 207.0643 396 481 0.08333336 0.2391974
Stationary 207.0845 396 481 0.08333336 0.2391974
Stationary 207.0954 396 481 0.08333336 0.2391974
Stationary 207.1112 396 481 0.08333336 0.2391974
Stationary 207.1267 396 481 0.08333336 0.2391974
Ended 207.1419 396 481 0.08333336 0.2391974
NextCandidatePanel 207.1875
Backspace 208.3407
Backspace 209.1535
Began 210.6808 505 306 0.3356481 -0.2109054
Stationary 210.6998 505 306 0.3356481 -0.2109054
Stationary 210.7139 505 306 0.3356481 -0.2109054
Stationary 210.7285 505 306 0.3356481 -0.2109054
Stationary 210.7437 505 306 0.3356481 -0.2109054
Stationary 210.7593 505 306 0.3356481 -0.2109054
Stationary 210.7759 505 306 0.3356481 -0.2109054
Stationary 210.7909 505 306 0.3356481 -0.2109054
Stationary 210.8051 505 306 0.3356481 -0.2109054
Stationary 210.8218 505 306 0.3356481 -0.2109054
Moved 210.8368 497.1804 317.6392 0.3175472 -0.1809691
Moved 210.8524 494.5812 321.6282 0.3115305 -0.1707093
Moved 210.8676 491.7983 325.8025 0.3050888 -0.159973
Moved 210.8829 489.5246 330.6886 0.2998254 -0.1474059
Moved 210.8986 486.9141 336.1718 0.2937827 -0.133303
Moved 210.914 482.6787 344.6426 0.2839784 -0.1115159
Moved 210.9298 476.7376 355.5248 0.2702259 -0.08352672
Moved 210.9446 472.3984 366.6042 0.2601815 -0.05503046
Moved 210.9699 462.0987 389.8026 0.2363397 0.004636152
Stationary 210.9807 462.0987 389.8026 0.2363397 0.004636152
Moved 210.992 459.2997 396.7509 0.2298603 0.0225073
Moved 211.0057 455.9072 401.8214 0.2220074 0.0355487
Moved 211.0215 453.3214 406.3573 0.2160216 0.04721524
Moved 211.0367 449.3242 411.901 0.2067691 0.06147372
Moved 211.0526 446.1548 416.4603 0.1994323 0.07320039
Moved 211.0684 440.9777 423.0278 0.1874485 0.09009212
Moved 211.0835 436.8369 429.9385 0.1778631 0.1078666
Moved 211.0985 431.6509 437.6981 0.1658587 0.1278244
Moved 211.1143 427.4541 445.2053 0.1561438 0.1471328
Moved 211.1297 420.8017 455.9173 0.1407446 0.1746843
Moved 211.1451 417.1198 465.3873 0.1322217 0.1990412
Moved 211.1603 412.9671 475.0768 0.1226089 0.223963
Moved 211.178 410.1983 484.8058 0.1161999 0.248986
Moved 211.1941 408.2186 494.47 0.111617 0.2738425
Moved 211.2063 406.8305 501.8475 0.108404 0.2928177
Moved 211.2225 407 508.5 0.1087963 0.3099279
Moved 211.2381 407 514.0099 0.1087963 0.3240995
Moved 211.2522 406.011 519.9561 0.1065069 0.339393
Moved 211.2678 406 524.1252 0.1064815 0.3501161
Moved 211.2844 405 528.522 0.1041667 0.3614247
Moved 211.3001 403.8561 531.2877 0.1015188 0.3685383
Moved 211.3146 404 535.5 0.1018518 0.3793723
Moved 211.3302 403.0753 536.8493 0.09971142 0.3828427
Moved 211.352 403 540.386 0.09953707 0.3919391
Stationary 211.3624 403 540.386 0.09953707 0.3919391
Stationary 211.3768 403 540.386 0.09953707 0.3919391
Moved 211.3904 402 541 0.09722222 0.3935184
Moved 211.4068 402 542 0.09722222 0.3960905
Ended 211.4221 402 542 0.09722222 0.3960905
Candidates 211.5586 12 my mit not mi nutty but myo buy nyt bit might nor
Began 212.0064 422 505 0.1435185 0.3009258
Stationary 212.0243 422 505 0.1435185 0.3009258
Stationary 212.0389 422 505 0.1435185 0.3009258
Stationary 212.0538 422 505 0.1435185 0.3009258
Stationary 212.068 422 505 0.1435185 0.3009258
Moved 212.0844 422 515.935 0.1435185 0.3290508
Moved 212.0993 432.3658 522.4041 0.1675134 0.3456894
Moved 212.1152 433.6397 533.1592 0.1704622 0.3733519
Moved 212.1311 436.8341 542.5022 0.1778567 0.3973822
Moved 212.1456 439.6237 554.8069 0.1843143 0.4290301
Moved 212.1604 442.4072 563.2216 0.1907574 0.4506726
Moved 212.1789 444.089 572.6232 0.1946505 0.4748537
Moved 212.1916 444 577.9012 0.1944444 0.488429
Moved 212.207 445 581.5838 0.1967593 0.4979006
Moved 212.2247 445 583.2473 0.1967593 0.5021792
Moved 212.2401 445 584.5 0.1967593 0.5054011
Ended 212.2528 446 585 0.199074 0.5066872
Accept 212.3121 0 my
Began 212.7569 289 586 -0.1643519 0.5092591
Stationary 212.7795 289 586 -0.1643519 0.5092591
Stationary 212.7927 289 586 -0.1643519 0.5092591
Stationary 212.807 289 586 -0.1643519 0.5092591
Stationary 212.8224 289 586 -0.1643519 0.5092591
Stationary 212.8365 289 586 -0.1643519 0.5092591
Stationary 212.8528 289 586 -0.1643519 0.5092591
Stationary 212.8681 289 586 -0.1643519 0.5092591
Stationary 212.8858 289 586 -0.1643519 0.5092591
Stationary 212.899 289 586 -0.1643519 0.5092591
Stationary 212.9143 289 586 -0.1643519 0.5092591
Moved 212.93 289 572.2638 -0.1643519 0.4739294
Moved 212.9472 279.7336 565.3811 -0.1858019 0.456227
Moved 212.9617 276.1458 558.4323 -0.1941068 0.4383546
Moved 212.9777 271.69 552.5867 -0.2044213 0.4233195
Moved 212.9926 266.5029 546.4034 -0.2164285 0.4074161
Moved 213.0072 258 532 -0.2361111 0.3703703
Moved 213.0235 253.3714 522.6499 -0.2468255 0.3463218
Moved 213.0379 247.8012 511.6024 -0.2597195 0.3179072
Moved 213.0537 244.2375 502.475 -0.2679687 0.2944316
Moved 213.0704 239.7562 493.5123 -0.2783422 0.2713794
Moved 213.0924 232.0714 474.5001 -0.296131 0.2224795
Stationary 213.1027 232.0714 474.5001 -0.296131 0.2224795
Moved 213.1152 228.2486 465.58 -0.3049802 0.1995368
Moved 213.1313 225.3927 455.8745 -0.3115909 0.1745743
Moved 213.1463 222.6111 445.1388 -0.3180299 0.1469618
Moved 213.1614 220.9251 435.4756 -0.3219327 0.1221079
Moved 213.1772 219.5504 427.3026 -0.3251147 0.1010867
Moved 213.1929 218.1588 415.953 -0.328336 0.07189547
Moved 213.2087 216.7686 406.3802 -0.3315541 0.04727411
Moved 213.2236 217 399.541 -0.3310185 0.02968364
Moved 213.2387 216 387.6667 -0.3333333 -0.0008572864
Moved 213.254 216 375.5779 -0.3333333 -0.03194997
Moved 213.2703 216 365.9998 -0.3333333 -0.05658507
Moved 213.2856 216 357.1425 -0.3333333 -0.07936618
Moved 213.2998 216 348.7702 -0.3333333 -0.1008997
Moved 213.315 216 342.6343 -0.3333333 -0.1166814
Moved 213.3316 216 338.726 -0.3333333 -0.1267336
Moved 213.3464 216 334.7817 -0.3333333 -0.1368785
Moved 213.3609 216 330.6113 -0.3333333 -0.1476048
Moved 213.3783 216 329.152 -0.3333333 -0.151358
Moved 213.392 216 327.7631 -0.3333333 -0.1549304
Moved 213.4146 226.033 327 -0.3101089 -0.1568931
Stationary 213.4269 226.033 327 -0.3101089 -0.1568931
Moved 213.4384 233.0126 327 -0.2939523 -0.1568931
Moved 213.4545 239.1546 327 -0.2797347 -0.1568931
Moved 213.4715 263.3839 354.6533 -0.2236485 -0.08576844
Moved 213.4858 286.1234 377.1234 -0.1710107 -0.02797499
Moved 213.5 303.4832 394.851 -0.1308259 0.01762084
Moved 213.5158 322.2502 412.231 -0.08738378 0.06232234
Moved 213.5314 337.5 431.7273 -0.05208333 0.1124672
Moved 213.5463 348.3694 446.9617 -0.02692272 0.1516505
Moved 213.5621 357.8431 460.329 -0.004992733 0.1860312
Moved 213.5769 374.8376 481.4924 0.03434619 0.2404639
Moved 213.5938 382.6649 494.8865 0.0524651 0.2749139
Moved 213.609 390.9187 506.8781 0.07157117 0.3057564
Moved 213.6235 396.5346 515.3019 0.08457075 0.3274225
Moved 213.6393 400.2975 521.8291 0.09328116 0.3442106
Moved 213.6544 402.1557 526.4672 0.09758264 0.3561397
Moved 213.6701 403.5 529 0.1006944 0.3626543
Moved 213.6858 404 529.6229 0.1018518 0.3642564
Moved 213.7004 404 531.0055 0.1018518 0.3678124
Stationary 213.7202 404 531 0.1018518 0.3677982
Moved 213.7343 404 532.5 0.1018518 0.3716563
Stationary 213.7472 404 532.5 0.1018518 0.3716563
Stationary 213.7616 404 532.5 0.1018518 0.3716563
Moved 213.7769 394.1278 532 0.07899959 0.3703703
Moved 213.7932 389.9917 522.9813 0.06942521 0.3471742
Moved 213.8082 380.3322 513.3322 0.04706532 0.3223564
Moved 213.823 371.7802 504.7803 0.02726912 0.3003607
Moved 213.8392 361.8105 491.3007 0.004190902 0.2656909
Moved 213.8553 351 476.5 -0.02083332 0.2276234
Moved 213.8706 339.3587 456.6661 -0.04778087 0.1766104
Moved 213.8858 328.2593 437.2037 -0.0734739 0.1265528
Moved 213.9005 320.5 419.5 -0.09143516 0.08101848
Moved 213.9161 312.2953 399.1458 -0.1104276 0.02866694
Moved 213.9321 306.1924 380.3752 -0.1245547 -0.01961108
Moved 213.9479 301.2348 362.3508 -0.1360306 -0.06597032
Moved 213.9622 297.062 344.2685 -0.1456899 -0.1124782
Moved 213.9778 294.2617 327.5704 -0.1521719 -0.1554261
Moved 213.9938 293.2466 310.7123 -0.1545218 -0.1987851
Moved 214.0131 293 296.5358 -0.1550926 -0.2352476
Moved 214.026 293 287.5465 -0.1550926 -0.2583681
Moved 214.04 293 275.1733 -0.1550926 -0.2901922
Moved 214.0548 293 265.0481 -0.1550926 -0.3162343
Moved 214.071 302.6274 255.3726 -0.1328068 -0.34112
Moved 214.0854 304.291 249.1816 -0.128956 -0.3570432
Moved 214.1004 308.4452 242.2581 -0.1193399 -0.3748507
Moved 214.116 315.5 237 -0.1030092 -0.3883744
Moved 214.1329 319.7673 234.6163 -0.09313132 -0.3945054
Moved 214.1474 324.8741 232.0629 -0.08130982 -0.4010729
Moved 214.1631 330.4326 229.2837 -0.06844293 -0.4082211
Moved 214.1795 336.0165 230 -0.05551736 -0.4063786
Moved 214.1931 340.4205 230 -0.04532292 -0.4063786
Moved 214.2085 349 230 -0.02546296 -0.4063786
Moved 214.224 357.4197 239.171 -0.005972832 -0.3827906
Moved 214.2404 367.0753 246.4823 0.01637796 -0.3639858
Moved 214.2556 375.3242 254.0337 0.03547261 -0.3445636
Moved 214.2707 389.3503 272.6433 0.06794064 -0.2966994
Moved 214.2893 397.8713 288.7427 0.08766512 -0.2552916
Moved 214.302 406.713 308.0538 0.108132 -0.2056229
Moved 214.3166 413.643 326.0718 0.1241736 -0.1592805
Moved 214.3329 419.2439 341.4208 0.1371388 -0.1198026
Moved 214.3464 424.1049 359.1214 0.1483911 -0.07427623
Moved 214.3631 427.4476 370.3429 0.1561288 -0.04541436
Moved 214.3803 431.4203 383.401 0.1653247 -0.01182878
Moved 214.3938 434 392.5 0.1712963 0.01157403
Moved 214.4086 434.8997 398.4985 0.173379 0.02700236
Moved 214.4252 436.2878 404.1514 0.1765923 0.04154154
Moved 214.44 437 408.0275 0.1782407 0.05151089
Moved 214.4549 438.0677 412.2031 0.1807123 0.0622508
Moved 214.4703 438 414.9225 0.1805556 0.06924519
Moved 214.4872 438 418.1047 0.1805556 0.07742979
Moved 214.5015 438.9422 420.8843 0.1827365 0.08457894
Moved 214.5165 439 423.6639 0.1828703 0.091728
Moved 214.5313 439 425.4341 0.1828703 0.09628099
Moved 214.5507 439 428.212 0.1828703 0.103426
Moved 214.5622 439 429.4973 0.1828703 0.1067316
Moved 214.5779 439 430 0.1828703 0.1080246
Stationary 214.5935 439 430 0.1828703 0.1080246
Moved 214.6081 439 431.1504 0.1828703 0.1109835
Ended 214.6247 439 431 0.1828703 0.1105966
Candidates 214.7612 12 watch rewatch reading search hatch trading frederick sexual switch which radical such
Began 215.2849 406 401 0.1064815 0.03343609
Stationary 215.3014 406 401 0.1064815 0.03343609
Stationary 215.3159 406 401 0.1064815 0.03343609
Stationary 215.3314 406 401 0.1064815 0.03343609
Stationary 215.3467 406 401 0.1064815 0.03343609
Stationary 215.3621 406 401 0.1064815 0.03343609
Stationary 215.3797 406 401 0.1064815 0.03343609
Moved 215.3931 406 418.8079 0.1064815 0.07923836
Moved 215.4095 413.0357 425.0306 0.1227679 0.09524333
Moved 215.4312 419.5626 447.4692 0.1378765 0.1529556
Stationary 215.4424 419.5626 447.4692 0.1378765 0.1529556
Moved 215.4545 422.3289 457.1511 0.1442798 0.1778577
Moved 215.4723 425 465 0.150463 0.1980452
Moved 215.4859 426.8908 472.7269 0.1548398 0.217919
Moved 215.5015 429.6825 479.7062 0.161302 0.2358698
Moved 215.5163 430.5 484 0.1631944 0.2469135
Moved 215.5327 431.8063 489.4191 0.1662184 0.2608514
Moved 215.5479 432 493.5851 0.1666667 0.2715665
Moved 215.5633 433 496.1732 0.1689814 0.2782231
Moved 215.5783 433 497.9325 0.1689814 0.2827481
Moved 215.594 433 499.3173 0.1689814 0.2863099
Ended 215.6099 433 500 0.1689814 0.2880658
Accept 215.6364 0 watch
Began 216.4525 406 304 0.1064815 -0.2160494
Stationary 216.4795 406 304 0.1064815 -0.2160494
Stationary 216.4905 406 304 0.1064815 -0.2160494
Stationary 216.5009 406 304 0.1064815 -0.2160494
Stationary 216.5158 406 304 0.1064815 -0.2160494
Stationary 216.5322 406 304 0.1064815 -0.2160494
Stationary 216.5479 406 304 0.1064815 -0.2160494
Stationary 216.5629 406 304 0.1064815 -0.2160494
Stationary 216.5806 406 304 0.1064815 -0.2160494
Stationary 216.5958 406 304 0.1064815 -0.2160494
Stationary 216.6112 406 304 0.1064815 -0.2160494
Stationary 216.626 406 304 0.1064815 -0.2160494
Stationary 216.6405 406 304 0.1064815 -0.2160494
Moved 216.6563 394.8021 314.1979 0.08056034 -0.1898202
Moved 216.6729 390.5574 318.4426 0.07073472 -0.1789028
Moved 216.6881 387.7677 321.2323 0.06427705 -0.1717276
Moved 216.7028 384.1292 327.7417 0.05585452 -0.1549853
Moved 216.7239 375.8576 339.5706 0.03670752 -0.1245612
Stationary 216.7346 375.8576 339.5706 0.03670752 -0.1245612
Moved 216.7482 372.8207 345.3586 0.02967745 -0.1096743
Moved 216.7642 368.5743 352.3762 0.01984795 -0.0916251
Moved 216.7796 364.3904 359.3493 0.01016299 -0.07369014
Moved 216.7952 362.1439 364.6402 0.004962782 -0.06008187
Moved 216.811 358.1238 372.7524 -0.004343043 -0.03921721
Moved 216.8262 352.6047 383.7534 -0.01711875 -0.01092228
Moved 216.8412 346.7361 392.3958 -0.03070335 0.01130583
Moved 216.8571 341.2237 399.2203 -0.04346361 0.02885889
Moved 216.8718 334.102 408.7406 -0.05994916 0.05334516
Moved 216.887 326.8531 417.3762 -0.07672881 0.07555604
Moved 216.9023 320.5 426.5 -0.09143516 0.09902258
Moved 216.9188 314.5735 434.7971 -0.1051539 0.1203628
Moved 216.9353 304.474 446.5918 -0.1285325 0.150699
Moved 216.9554 290.7711 462.0747 -0.1602522 0.1905213
Stationary 216.9666 290.7711 462.0747 -0.1602522 0.1905213
Moved 216.9798 283.8221 469.1779 -0.1763378 0.2087909
Moved 216.9951 276.2147 478.0471 -0.1939474 0.2316025
Moved 217.0106 269.9173 485.0827 -0.2085247 0.2496982
Moved 217.0264 266.8329 489.2227 -0.2156644 0.2603464
Moved 217.0416 262.6553 496.2411 -0.225335 0.278398
Moved 217.0567 260.326 499.674 -0.2307268 0.2872272
Moved 217.0717 258.7755 502.4491 -0.2343161 0.2943649
Moved 217.088 257.3917 506.8248 -0.2375191 0.3056194
Moved 217.1033 255.9986 509.0014 -0.240744 0.3112175
Moved 217.1187 254.6127 511.7747 -0.2439522 0.3183504
Moved 217.1348 254.3981 513.6019 -0.2444489 0.3230501
Moved 217.1491 254 515.7528 -0.2453704 0.3285822
Moved 217.1645 252.7376 517.2625 -0.2482927 0.3324651
Moved 217.1857 251.9684 520.0316 -0.2500732 0.3395874
Stationary 217.1973 251.9684 520.0316 -0.2500732 0.3395874
Stationary 217.2097 252 520 -0.25 0.3395061
Moved 217.2264 252 521.8118 -0.25 0.3441661
Stationary 217.2416 252 522 -0.25 0.3446501
Moved 217.2557 252 523.2036 -0.25 0.3477457
Stationary 217.2706 252 523.2036 -0.25 0.3477457
Moved 217.2873 252 524.3611 -0.25 0.3507228
Stationary 217.3019 252 524 -0.25 0.3497942
Moved 217.3182 276.924 524 -0.1923057 0.3497942
Moved 217.3339 303.2321 513.0956 -0.1314073 0.3217478
Moved 217.349 325.7462 504.2239 -0.07929121 0.2989298
Moved 217.3656 347.5418 495.9104 -0.02883841 0.2775473
Moved 217.3804 375.6425 485.7664 0.03620942 0.2514567
Moved 217.4015 411.3824 471.0068 0.1189407 0.2134947
Stationary 217.4122 411.3824 471.0068 0.1189407 0.2134947
Moved 217.4253 423.4986 465.2507 0.1469875 0.1986899
Moved 217.4409 436.5056 459.2473 0.1770962 0.183249
Moved 217.4561 444.8036 454.1309 0.1963047 0.1700898
Moved 217.4738 457.2111 448.5728 0.2250257 0.1557942
Moved 217.4897 462.0251 444.6499 0.2361693 0.1457044
Moved 217.5038 471.931 439.7126 0.2590995 0.1330057
Moved 217.5185 480.2135 436.5955 0.2782719 0.1249884
Moved 217.5336 485.8778 432.8489 0.2913839 0.115352
Moved 217.5487 491.8781 429.0914 0.3052732 0.1056878
Moved 217.565 498.798 424.9212 0.3212916 0.09496186
Moved 217.5806 504.2336 419.7664 0.3338742 0.08170351
Moved 217.5961 509.225 415.62 0.3454283 0.07103904
Moved 217.6154 513.5356 411.4644 0.3554066 0.06035062
Moved 217.6266 517.5 407.5 0.3645833 0.05015428
Moved 217.6415 522.8597 403.1403 0.37699 0.03894115
Moved 217.6576 527.0624 400.2917 0.3867186 0.0316143
Moved 217.6727 530.4536 396.5464 0.3945685 0.02198156
Moved 217.6868 534.3157 393.7896 0.4035085 0.01489082
Moved 217.7031 536.9592 391.0408 0.4096276 0.007821032
Moved 217.72 538.579 389.421 0.4133773 0.003654731
Moved 217.7339 539.9563 388.0437 0.4165655 0.0001123609
Moved 217.749 541.3458 386.6542 0.419782 -0.003461524
Moved 217.764 542.7302 386 0.4229867 -0.005144111
Moved 217.7804 543 384.892 0.4236111 -0.007993792
Moved 217.7954 544.4823 383.5177 0.4270423 -0.01152863
Moved 217.8152 544.8757 382.1243 0.4279531 -0.01511256
Ended 217.8281 546 381 0.4305556 -0.01800419
Candidates 217.8838 12 bell neil hell neill gel merrill mel feel brill cell fell geek
Began 218.8082 440 415 0.1851852 0.06944436
Stationary 218.8449 440 415 0.1851852 0.06944436
Stationary 218.8575 440 415 0.1851852 0.06944436
Stationary 218.8732 440 415 0.1851852 0.06944436
Stationary 218.8881 440 415 0.1851852 0.06944436
Stationary 218.9035 440 415 0.1851852 0.06944436
Ended 218.9188 440 415 0.1851852 0.06944436
NextCandidatePanel 218.9626
Began 219.4856 439 410 0.1828703 0.05658428
Stationary 219.5034 439 410 0.1828703 0.05658428
Stationary 219.5182 439 410 0.1828703 0.05658428
Stationary 219.5341 439 410 0.1828703 0.05658428
Stationary 219.5496 439 410 0.1828703 0.05658428
Stationary 219.5639 439 410 0.1828703 0.05658428
Ended 219.5803 439 410 0.1828703 0.05658428
NextCandidatePanel 219.64
Began 220.1953 439 403 0.1828703 0.03858017
Stationary 220.2129 439 403 0.1828703 0.03858017
Stationary 220.228 439 403 0.1828703 0.03858017
Stationary 220.2429 439 403 0.1828703 0.03858017
Stationary 220.2586 439 403 0.1828703 0.03858017
Stationary 220.274 439 403 0.1828703 0.03858017
Ended 220.2948 439 403 0.1828703 0.03858017
NextCandidatePanel 220.348
Began 221.0861 454 415 0.2175926 0.06944436
Stationary 221.1054 454 415 0.2175926 0.06944436
Stationary 221.1218 454 415 0.2175926 0.06944436
Stationary 221.1364 454 415 0.2175926 0.06944436
Stationary 221.1507 454 415 0.2175926 0.06944436
Stationary 221.1659 454 415 0.2175926 0.06944436
Stationary 221.1826 454 415 0.2175926 0.06944436
Ended 221.198 454 415 0.2175926 0.06944436
NextCandidatePanel 221.2563
Began 221.7337 447 408 0.2013889 0.05144025
Stationary 221.7507 447 408 0.2013889 0.05144025
Stationary 221.7659 447 408 0.2013889 0.05144025
Stationary 221.781 447 408 0.2013889 0.05144025
Stationary 221.7971 447 408 0.2013889 0.05144025
Stationary 221.8122 447 408 0.2013889 0.05144025
Stationary 221.8304 447 408 0.2013889 0.05144025
Ended 221.845 447 408 0.2013889 0.05144025
NextCandidatePanel 221.9034
Began 222.7501 467 411 0.2476852 0.05915629
Stationary 222.7678 467 411 0.2476852 0.05915629
Stationary 222.7827 467 411 0.2476852 0.05915629
Stationary 222.7978 467 411 0.2476852 0.05915629
Stationary 222.8164 467 411 0.2476852 0.05915629
Stationary 222.829 467 411 0.2476852 0.05915629
Stationary 222.8438 467 411 0.2476852 0.05915629
Moved 222.86 479.964 411 0.2776944 0.05915629
Moved 222.8766 484.4185 411 0.2880059 0.05915629
Moved 222.8919 492.0197 411 0.3056011 0.05915629
Moved 222.9068 497.6718 411 0.3186845 0.05915629
Moved 222.9291 512.2811 411 0.3525024 0.05915629
Stationary 222.9411 512.2811 411 0.3525024 0.05915629
Moved 222.9529 518.1559 411 0.3661018 0.05915629
Moved 222.9671 525.1376 411 0.3822629 0.05915629
Moved 222.9831 530.6625 411 0.395052 0.05915629
Moved 223.0031 535.7913 411 0.4069244 0.05915629
Moved 223.0154 540.0237 411 0.4167215 0.05915629
Moved 223.0305 544.2006 411 0.4263902 0.05915629
Moved 223.0452 547.2515 411 0.4334524 0.05915629
Moved 223.0605 551.5 411 0.443287 0.05915629
Moved 223.0763 553.7946 411 0.4485987 0.05915629
Moved 223.0908 555.2795 411 0.4520359 0.05915629
Moved 223.1058 557.5011 411 0.4571784 0.05915629
Moved 223.122 558.7191 405.9668 0.4599979 0.04621082
Moved 223.1372 560.1119 404 0.4632221 0.04115226
Moved 223.1514 562.9781 404 0.4698566 0.04115226
Stationary 223.1672 562.9781 404 0.4698566 0.04115226
Ended 223.1895 565 402 0.474537 0.03600815
Accept 223.2106 10 fell
Began 223.6275 498 554 0.3194444 0.4269547
Stationary 223.6461 498 554 0.3194444 0.4269547
Stationary 223.6614 498 554 0.3194444 0.4269547
Stationary 223.6758 498 554 0.3194444 0.4269547
Stationary 223.691 498 554 0.3194444 0.4269547
Stationary 223.7057 498 554 0.3194444 0.4269547
Stationary 223.721 498 554 0.3194444 0.4269547
Stationary 223.7363 498 554 0.3194444 0.4269547
Stationary 223.7522 498 554 0.3194444 0.4269547
Stationary 223.7682 498 554 0.3194444 0.4269547
Stationary 223.7883 498 554 0.3194444 0.4269547
Stationary 223.7992 498 554 0.3194444 0.4269547
Stationary 223.8128 498 554 0.3194444 0.4269547
Stationary 223.8283 498 554 0.3194444 0.4269547
Stationary 223.8446 498 554 0.3194444 0.4269547
Moved 223.8604 489 554 0.2986111 0.4269547
Moved 223.8753 487.6754 554 0.2955447 0.4269547
Stationary 223.8913 487.6754 554 0.2955447 0.4269547
Moved 223.9065 485.8967 554 0.2914276 0.4269547
Moved 223.9239 484.5109 554 0.2882197 0.4269547
Moved 223.9375 483.1195 547.8364 0.2849988 0.4111018
Moved 223.9569 481.0671 543.1342 0.2802478 0.3990075
Moved 223.9686 479.643 536.215 0.2769514 0.3812114
Moved 223.9837 476.5259 523.8408 0.269736 0.3493846
Moved 223.9988 473.7179 507.1662 0.2632358 0.3064974
Moved 224.0143 470.4298 489.1489 0.2556244 0.2601565
Moved 224.0319 467.1834 470.1923 0.2481098 0.2114
Moved 224.0462 461.7809 444.2095 0.235604 0.1445716
Moved 224.0635 460 426 0.2314815 0.09773654
Moved 224.0766 455.0414 404.9465 0.2200031 0.04358652
Moved 224.092 454 378.5132 0.2175926 -0.02440033
Moved 224.1073 452.5 363 0.2141203 -0.06430049
Moved 224.1293 451 338.3293 0.2106482 -0.127754
Stationary 224.1404 451 338.3293 0.2106482 -0.127754
Moved 224.1528 451 324.8712 0.2106482 -0.1623683
Moved 224.1696 451 313.4269 0.2106482 -0.1918032
Moved 224.1857 451 306.1491 0.2106482 -0.2105219
Moved 224.1993 451 296.5 0.2106482 -0.2353395
Moved 224.2149 451 288.2678 0.2106482 -0.2565129
Moved 224.2312 451 282.6552 0.2106482 -0.2709485
Moved 224.2453 456.0675 276.1043 0.2223785 -0.2877976
Moved 224.2616 458 270.5482 0.2268519 -0.302088
Moved 224.2788 458 268 0.2268519 -0.308642
Moved 224.2964 459 264.9854 0.2291666 -0.3163956
Moved 224.3082 459 262.0909 0.2291666 -0.3238404
Moved 224.3222 460.3444 259.3113 0.2322786 -0.3309895
Moved 224.3385 460 257.2706 0.2314815 -0.3362383
Moved 224.3536 460 255.8846 0.2314815 -0.3398029
Moved 224.3717 460 254.5 0.2314815 -0.3433642
Moved 224.386 460 254.1071 0.2314815 -0.3443749
Moved 224.3996 460 252.7177 0.2314815 -0.3479484
Moved 224.415 460 251.7687 0.2314815 -0.3503892
Moved 224.4294 460.702 251 0.2331064 -0.3523664
Moved 224.4459 461 249.9121 0.2337964 -0.3551644
Moved 224.4676 461 249 0.2337964 -0.3575103
Stationary 224.478 461 249 0.2337964 -0.3575103
Moved 224.4919 461 247.7479 0.2337964 -0.3607307
Stationary 224.507 461 247.7479 0.2337964 -0.3607307
Moved 224.5219 461 246.6394 0.2337964 -0.3635818
Moved 224.5378 461 245.9547 0.2337964 -0.3653429
Stationary 224.5538 461 245.9547 0.2337964 -0.3653429
Ended 224.5679 461 246 0.2337964 -0.3652264
Candidates 224.6582 12 in on inn ion pin um yum upon jim him kim tim
Began 225.1383 408 389 0.1111111 0.002572016
Stationary 225.1552 408 389 0.1111111 0.002572016
Stationary 225.1732 408 389 0.1111111 0.002572016
Stationary 225.1853 408 389 0.1111111 0.002572016
Moved 225.1994 408 402.9394 0.1111111 0.03842424
Moved 225.2154 408 410.5386 0.1111111 0.0579695
Moved 225.2326 419.7493 422.7493 0.1383086 0.08937576
Moved 225.2457 420.3957 433.9786 0.1398049 0.1182578
Moved 225.2623 422.6202 441.8607 0.1449542 0.1385306
Moved 225.2769 425.2577 453.1595 0.1510594 0.1675914
Moved 225.2932 427.5152 462.6066 0.1562853 0.1918893
Moved 225.3078 428.9014 469.6055 0.1594939 0.2098906
Moved 225.3233 430.2837 473.851 0.1626937 0.2208101
Moved 225.3434 431 478.0085 0.1643519 0.2315032
Moved 225.3546 432.0622 481.1243 0.1668106 0.2395173
Moved 225.3689 432 482.4438 0.1666667 0.242911
Moved 225.3847 432.5399 483.5399 0.1679164 0.24573
Moved 225.3993 433 484 0.1689814 0.2469135
Ended 225.4152 433 484 0.1689814 0.2469135
Accept 225.4723 0 in
Began 226.1673 347 556 -0.0300926 0.4320986
Stationary 226.1865 347 556 -0.0300926 0.4320986
Stationary 226.2006 347 556 -0.0300926 0.4320986
Stationary 226.2161 347 556 -0.0300926 0.4320986
Stationary 226.2344 347 556 -0.0300926 0.4320986
Stationary 226.2471 347 556 -0.0300926 0.4320986
Stationary 226.2612 347 556 -0.0300926 0.4320986
Stationary 226.2791 347 556 -0.0300926 0.4320986
Stationary 226.2927 347 556 -0.0300926 0.4320986
Stationary 226.3084 347 556 -0.0300926 0.4320986
Moved 226.3247 347 545.3835 -0.0300926 0.4047928
Moved 226.3401 347 540.212 -0.0300926 0.3914917
Moved 226.355 347 534.6226 -0.0300926 0.3771157
Moved 226.3703 353.6145 526.3304 -0.01478131 0.3557881
Moved 226.3897 355.338 517.972 -0.01079162 0.33429
Moved 226.4015 356.5 511 -0.008101861 0.3163579
Moved 226.4164 360.2964 499.1108 0.0006861488 0.2857787
Moved 226.432 363.3069 488.926 0.007654727 0.2595832
Moved 226.4472 367.5 475 0.01736114 0.2237653
Moved 226.4626 370.7598 465.5605 0.02490689 0.1994868
Moved 226.4782 374.9503 454.4659 0.03460705 0.1709514
Moved 226.4935 378.1203 444.3458 0.04194518 0.1449222
Moved 226.5086 383.3655 433.2689 0.05408695 0.1164323
Moved 226.5245 388.6495 422.701 0.06631831 0.08925147
Moved 226.5458 397.7675 402.465 0.08742471 0.03720417
Stationary 226.5561 397.7675 402.465 0.08742471 0.03720417
Moved 226.5695 402.0166 393.9667 0.09726068 0.01534654
Moved 226.5859 405.1804 386.6392 0.1045843 -0.003500141
Moved 226.6017 409.3317 378.3365 0.1141938 -0.02485456
Moved 226.6162 418 362.5 0.1342593 -0.06558649
Moved 226.6334 425.9879 349.3536 0.1527496 -0.0993994
Moved 226.6471 436.4272 333.8274 0.1769148 -0.1393328
Moved 226.6632 443.5758 321.1635 0.1934626 -0.1719046
Moved 226.6798 448.1392 314.4348 0.2040258 -0.1892111
Moved 226.702 453.4885 306.5115 0.2164086 -0.20959
Stationary 226.7123 453.4885 306.5115 0.2164086 -0.20959
Moved 226.7235 454 305.1227 0.2175926 -0.2131619
Moved 226.7392 455.2668 305 0.2205251 -0.2134774
Stationary 226.7545 455 305 0.2199073 -0.2134774
Stationary 226.7702 455 305 0.2199073 -0.2134774
Moved 226.7851 455 318.5891 0.2199073 -0.1785262
Moved 226.8014 442.3779 327.1465 0.1906897 -0.1565163
Moved 226.8164 435.4223 336.4088 0.1745888 -0.1326936
Moved 226.8319 428.5091 346.0873 0.1585859 -0.1078003
Moved 226.8512 418.165 355.835 0.1346413 -0.08272909
Moved 226.8631 407.0344 366.1506 0.1088759 -0.05619708
Moved 226.878 391.3076 379.4103 0.0724712 -0.0220929
Moved 226.8931 378.2182 392.7818 0.04217168 0.01229875
Moved 226.9083 362.9872 407.1025 0.006914834 0.04913196
Moved 226.9247 343.6505 422.4175 -0.03784612 0.08852229
Moved 226.9396 330.0015 435.9985 -0.069441 0.1234527
Moved 226.955 315.232 449.6982 -0.1036296 0.1586886
Moved 226.9718 302.8514 460.6877 -0.1322885 0.1869538
Moved 226.9867 291.9788 470.6556 -0.1574565 0.2125915
Moved 227.005 276.9106 483.2032 -0.1923366 0.2448642
Moved 227.0168 264.7112 494.0345 -0.220576 0.2727225
Moved 227.0329 254.0992 504.2506 -0.2451407 0.2989984
Moved 227.0478 246.824 511.176 -0.2619815 0.3168105
Moved 227.0628 239.8741 518.1259 -0.2780693 0.3346859
Moved 227.0809 234.5648 522.4352 -0.2903593 0.3457695
Moved 227.0944 232.1743 524.8257 -0.2958927 0.3519178
Moved 227.1091 230.7214 526.2786 -0.299256 0.3556547
Moved 227.1243 228.3342 528.6658 -0.3047819 0.3617946
Moved 227.1408 227.5 529.5 -0.306713 0.3639403
Moved 227.1616 225.5 531.5 -0.3113426 0.3690843
Stationary 227.1726 225.5 531.5 -0.3113426 0.3690843
Moved 227.1867 226 531 -0.3101852 0.3677982
Moved 227.2021 224.5 532.5 -0.3136574 0.3716563
Stationary 227.2178 224.5 532.5 -0.3136574 0.3716563
Moved 227.2327 224 532 -0.3148148 0.3703703
Moved 227.2474 222.5463 533.4537 -0.3181798 0.3741091
Ended 227.2643 221.5 533 -0.3206019 0.3729423
Candidates 227.399 12 the tune time there threw emmett tube rubber hunger june under hunter
Began 227.8513 363 442 0.006944438 0.1388888
Stationary 227.8675 363 442 0.006944438 0.1388888
Stationary 227.8782 363 442 0.006944438 0.1388888
Stationary 227.893 363 442 0.006944438 0.1388888
Stationary 227.9093 363 442 0.006944438 0.1388888
Moved 227.9266 363 448.4848 0.006944438 0.1555678
Moved 227.9407 363 458.2467 0.006944438 0.1806756
Moved 227.9569 363 468.0148 0.006944438 0.2057992
Moved 227.9716 363 479.6964 0.006944438 0.2358447
Moved 227.9878 363 491.2399 0.006944438 0.2655345
Moved 228.0029 363 499.7682 0.006944438 0.2874695
Moved 228.022 363 505.7476 0.006944438 0.3028487
Moved 228.0347 363 510.2301 0.006944438 0.3143778
Moved 228.0489 363 513.933 0.006944438 0.3239016
Moved 228.0639 363 515.8539 0.006944438 0.3288424
Moved 228.0795 363 517.2469 0.006944438 0.3324251
Moved 228.0949 363 518.2476 0.006944438 0.3349988
Ended 228.1105 363 519 0.006944438 0.3369341
Accept 228.1374 0 the
Began 228.6472 324 553 -0.08333336 0.4243826
Stationary 228.6707 324 553 -0.08333336 0.4243826
Stationary 228.6815 324 553 -0.08333336 0.4243826
Stationary 228.6944 324 553 -0.08333336 0.4243826
Stationary 228.7092 324 553 -0.08333336 0.4243826
Stationary 228.7265 324 553 -0.08333336 0.4243826
Stationary 228.7403 324 553 -0.08333336 0.4243826
Stationary 228.7555 324 553 -0.08333336 0.4243826
Stationary 228.7713 324 553 -0.08333336 0.4243826
Moved 228.7864 313.442 540.0957 -0.1077733 0.3911926
Moved 228.8071 309 536 -0.1180555 0.3806583
Moved 228.8194 301.2783 528.2783 -0.1359298 0.3607981
Moved 228.8336 293.0022 518.6693 -0.1550875 0.3360834
Moved 228.8483 276.8052 505.2616 -0.1925805 0.3015987
Moved 228.864 256.2754 486.3904 -0.2401033 0.2530616
Moved 228.8796 235.5 465.5 -0.2881945 0.1993312
Moved 228.8947 224.6585 454.6585 -0.3132905 0.1714467
Moved 228.9101 212.2791 441.314 -0.3419465 0.1371244
Moved 228.9258 202.5676 428.8727 -0.3644268 0.1051251
Moved 228.9453 196.0483 419.8345 -0.3795178 0.08187883
Moved 228.9569 190.5071 411.2606 -0.3923447 0.05982662
Moved 228.9723 187.4682 405.447 -0.3993792 0.04487379
Moved 228.9867 184.209 399.418 -0.4069236 0.02936712
Moved 229.0032 182.0847 395.1695 -0.4118409 0.01843998
Moved 229.0184 179.3416 389.6831 -0.4181908 0.004328896
Moved 229.0335 178.2867 385.1468 -0.4206326 -0.007338543
Moved 229.0487 176.9016 379.6063 -0.423839 -0.02158891
Moved 229.0648 175.5087 376.5261 -0.4270632 -0.02951108
Moved 229.0876 173.7552 368.5104 -0.4311222 -0.05012771
Stationary 229.0993 173.7552 368.5104 -0.4311222 -0.05012771
Moved 229.1102 174 366 -0.4305556 -0.05658444
Moved 229.1263 174 362.7905 -0.4305556 -0.06483949
Moved 229.142 174 359.7597 -0.4305556 -0.0726345
Moved 229.1565 174 356.4641 -0.4305556 -0.08111082
Moved 229.1721 174 353.2091 -0.4305556 -0.08948275
Moved 229.1878 174 350.4164 -0.4305556 -0.09666552
Moved 229.203 174 347.6491 -0.4305556 -0.1037832
Moved 229.2246 174 342.8138 -0.4305556 -0.1162196
Stationary 229.2365 174 342.8138 -0.4305556 -0.1162196
Moved 229.2481 174 341.5 -0.4305556 -0.1195988
Moved 229.2657 174 340.1052 -0.4305556 -0.1231863
Moved 229.2839 174 339.5 -0.4305556 -0.1247429
Stationary 229.2969 174 339.5 -0.4305556 -0.1247429
Moved 229.3095 174 339 -0.4305556 -0.1260288
Moved 229.3285 181.8807 339 -0.4123132 -0.1260288
Moved 229.3418 184 339 -0.4074074 -0.1260288
Moved 229.3609 193.0521 349.3751 -0.3864534 -0.09934397
Moved 229.3735 204.0351 359.7807 -0.36103 -0.07258058
Moved 229.3882 216.1665 372.1666 -0.3329478 -0.04072393
Moved 229.4029 230.2533 387.2787 -0.3003395 -0.001855308
Moved 229.4198 244.1172 402.5289 -0.2682472 0.03736853
Moved 229.4343 259.2529 417.447 -0.2332108 0.07573814
Moved 229.4498 269.3894 428.5879 -0.2097468 0.1043926
Moved 229.4658 277.6661 437.8744 -0.1905876 0.1282777
Moved 229.4812 289.2928 451.9544 -0.1636741 0.1644918
Moved 229.5 298.2681 462.3127 -0.142898 0.1911335
Moved 229.5114 308.0995 470.6567 -0.1201402 0.2125942
Moved 229.5264 316.792 479.792 -0.1000185 0.2360904
Moved 229.5419 325.2829 488.283 -0.08036359 0.2579294
Moved 229.5563 331.9938 494.395 -0.06482914 0.2736497
Moved 229.5741 336.9355 498.9355 -0.05339007 0.2853278
Moved 229.5879 343.1421 506.1705 -0.03902296 0.3039365
Moved 229.603 347.2668 510.2668 -0.02947494 0.3144721
Moved 229.6186 351.4342 515.4342 -0.01982828 0.3277628
Moved 229.638 355.5923 518.3948 -0.01020302 0.3353776
Moved 229.6498 357.1768 521.1768 -0.006535301 0.3425327
Moved 229.6645 359.9603 523.9603 -9.189049E-05 0.3496921
Moved 229.68 362.7327 525.3663 0.006325642 0.3533084
Moved 229.6958 363.3571 527.7143 0.007771154 0.3593474
Moved 229.7114 364.8471 528.8471 0.01122018 0.3622611
Moved 229.7266 366.2332 530.2332 0.0144286 0.3658259
Moved 229.7422 366 531.6157 0.01388888 0.3693819
Moved 229.7578 366 532.5 0.01388888 0.3716563
Moved 229.7763 366 533.1944 0.01388888 0.3734423
Stationary 229.7874 366 533.1944 0.01388888 0.3734423
Stationary 229.8032 366 533.1944 0.01388888 0.3734423
Moved 229.8187 366 535.2371 0.01388888 0.3786962
Moved 229.8332 359.7646 535.6235 -0.0005449851 0.3796901
Moved 229.8497 350.9333 537.0133 -0.02098769 0.3832646
Moved 229.8658 343.9843 537 -0.0370733 0.3832304
Moved 229.8811 335.426 537 -0.05688434 0.3832304
Moved 229.8956 325.7469 537 -0.07928967 0.3832304
Moved 229.9155 318 537 -0.09722222 0.3832304
Moved 229.9292 309.7971 537 -0.1162104 0.3832304
Moved 229.9419 299.0475 537 -0.1410938 0.3832304
Moved 229.9568 289.3391 537 -0.163567 0.3832304
Moved 229.9728 278.6229 529.2318 -0.188373 0.3632504
Moved 229.9885 268.9162 525.5355 -0.210842 0.3537435
Moved 230.0033 261.3171 523.9268 -0.2284326 0.3496059
Moved 230.0184 253.4571 521.1523 -0.2466271 0.3424699
Moved 230.0347 249.0013 519.0007 -0.2569414 0.3369358
Moved 230.0539 240.6177 514.8088 -0.2763479 0.3261544
Moved 230.0661 235.8634 512.4317 -0.2873532 0.3200403
Moved 230.0813 231.4764 509.6509 -0.2975083 0.3128882
Moved 230.0965 226 507 -0.3101852 0.3060699
Moved 230.1111 223.1376 505.0917 -0.3168111 0.3011618
Moved 230.1263 221.6561 503.6561 -0.3202406 0.2974693
Moved 230.1414 220.5 502.5 -0.3229167 0.2944958
Moved 230.1566 220 502 -0.3240741 0.2932098
Stationary 230.1727 220 502 -0.3240741 0.2932098
Stationary 230.1918 220 502 -0.3240741 0.2932098
Moved 230.2038 220 500.5 -0.3240741 0.2893518
Moved 230.2188 220 501 -0.3240741 0.2906378
Stationary 230.2354 220 501 -0.3240741 0.2906378
Stationary 230.249 220 501 -0.3240741 0.2906378
Moved 230.2643 228.2343 501 -0.3050133 0.2906378
Moved 230.2796 235.6007 501 -0.2879614 0.2906378
Moved 230.2955 242.9362 501 -0.2709811 0.2906378
Moved 230.3113 252.6923 501 -0.2483974 0.2906378
Moved 230.3307 262.3972 501 -0.2259324 0.2906378
Moved 230.3426 269.7631 501 -0.2088818 0.2906378
Moved 230.3579 279.5 501 -0.1863426 0.2906378
Moved 230.3743 283.4705 505.8588 -0.1771515 0.3031346
Moved 230.3885 289.9223 508 -0.1622168 0.3086419
Moved 230.404 294.1002 509.3668 -0.1525459 0.3121573
Moved 230.4196 297.2693 509 -0.14521 0.3112139
Moved 230.4349 300.2334 509 -0.1383486 0.3112139
Moved 230.4575 303.8911 509 -0.1298818 0.3112139
Stationary 230.4685 303.8911 509 -0.1298818 0.3112139
Moved 230.4809 305.2771 509 -0.1266734 0.3112139
Stationary 230.4958 305.2771 509 -0.1266734 0.3112139
Moved 230.5105 306 509 -0.125 0.3112139
Stationary 230.5257 306 509 -0.125 0.3112139
Stationary 230.5415 306 509 -0.125 0.3112139
Stationary 230.5559 306 509 -0.125 0.3112139
Ended 230.5787 306 509 -0.125 0.3112139
Candidates 230.7264 12 rate water treated tested taste rated waste treasury treasure faster reader wasted
Began 231.646 313 412 -0.1087963 0.06172835
Stationary 231.667 313 412 -0.1087963 0.06172835
Stationary 231.6843 313 412 -0.1087963 0.06172835
Stationary 231.6986 313 412 -0.1087963 0.06172835
Stationary 231.7117 313 412 -0.1087963 0.06172835
Moved 231.7281 294.5754 412 -0.1514459 0.06172835
Moved 231.7497 270 412 -0.2083333 0.06172835
Stationary 231.7621 270 412 -0.2083333 0.06172835
Moved 231.7737 251.8579 406.6671 -0.2503289 0.048012
Moved 231.7897 238.6531 405 -0.2808957 0.04372424
Moved 231.8055 230.3023 404 -0.3002262 0.04115226
Moved 231.8211 225.2198 404 -0.3119912 0.04115226
Moved 231.8358 219.7347 404 -0.3246882 0.04115226
Moved 231.8506 217.5899 404 -0.3296529 0.04115226
Moved 231.8696 214.8136 402.9068 -0.3360796 0.03834049
Moved 231.8823 213.8946 403 -0.338207 0.03858017
Moved 231.8968 211 403 -0.3449074 0.03858017
Moved 231.9127 210.0819 403 -0.3470325 0.03858017
Moved 231.9281 208.6847 401.6847 -0.3502669 0.03519718
Moved 231.9436 207.3057 402 -0.353459 0.03600815
Moved 231.9588 205.9269 402 -0.3566508 0.03600815
Stationary 231.9751 206 402 -0.3564815 0.03600815
Moved 231.9966 204.5 402 -0.3599537 0.03600815
Stationary 232.0082 204.5 402 -0.3599537 0.03600815
Stationary 232.0208 204.5 402 -0.3599537 0.03600815
Moved 232.0346 205 402 -0.3587963 0.03600815
Ended 232.0507 205 402 -0.3587963 0.03600815
Accept 232.0935 1 water
PhraseEnd 233.1883
