the location of the crime
the location of the crime
Basic
0.6 0.6
432 388.8
Began 4800.082 355 571 -0.01157408 0.4706789
Stationary 4800.098 355 571 -0.01157408 0.4706789
Stationary 4800.112 355 571 -0.01157408 0.4706789
Stationary 4800.129 355 571 -0.01157408 0.4706789
Stationary 4800.145 355 571 -0.01157408 0.4706789
Stationary 4800.16 355 571 -0.01157408 0.4706789
Stationary 4800.174 355 571 -0.01157408 0.4706789
Stationary 4800.19 355 571 -0.01157408 0.4706789
Stationary 4800.205 355 571 -0.01157408 0.4706789
Stationary 4800.22 355 571 -0.01157408 0.4706789
Stationary 4800.236 355 571 -0.01157408 0.4706789
Stationary 4800.251 355 571 -0.01157408 0.4706789
Moved 4800.268 355 561.9783 -0.01157408 0.4474751
Moved 4800.282 355 559.0789 -0.01157408 0.4400177
Moved 4800.298 355 556.1984 -0.01157408 0.432609
Moved 4800.313 361.871 555.0184 0.004331072 0.429574
Moved 4800.33 363.4055 550.7833 0.007883211 0.4186813
Moved 4800.344 365.8495 549.3009 0.01354059 0.4148685
Moved 4800.36 368.5765 547.7117 0.01985301 0.4107811
Moved 4800.375 370.4639 544.5361 0.02422203 0.4026132
Moved 4800.391 372.1747 542.8253 0.02818227 0.398213
Moved 4800.406 374.6119 539.7762 0.03382385 0.3903708
Moved 4800.423 376.5743 537.4257 0.03836641 0.3843253
Moved 4800.438 378.1324 535.8677 0.04197299 0.3803181
Moved 4800.452 380.5719 531.2842 0.04762024 0.3685292
Moved 4800.468 382.0119 526.9644 0.05095343 0.3574185
Moved 4800.484 384.9432 519.642 0.05773882 0.3385854
Moved 4800.5 386.8021 513.4948 0.06204178 0.3227746
Moved 4800.514 388.3473 506.2637 0.06561865 0.304176
Moved 4800.53 391 499 0.07175922 0.2854938
Moved 4800.545 391.8698 494.5209 0.07377268 0.2739733
Moved 4800.561 394.6089 487.4777 0.08011321 0.2558582
Moved 4800.577 396.4981 478.5056 0.0844864 0.2327817
Moved 4800.591 400.6066 469.7869 0.09399673 0.2103571
Moved 4800.607 402.2811 461.7973 0.09787281 0.1898078
Moved 4800.623 405.1543 454.6142 0.1045239 0.1713327
Moved 4800.638 408 449 0.1111111 0.156893
Moved 4800.655 410.3134 441.0599 0.1164662 0.1364708
Moved 4800.667 413.1761 432.4718 0.1230927 0.1143822
Moved 4800.684 416 424 0.1296297 0.09259254
Moved 4800.699 419.8989 416.2023 0.1386548 0.07253666
Moved 4800.714 422.8102 407.5693 0.1453941 0.05033242
Moved 4800.732 424.6989 398.0536 0.1497661 0.02585815
Moved 4800.745 427.5766 390.5585 0.1564273 0.006580587
Moved 4800.761 428.2952 384.2288 0.1580907 -0.009699574
Moved 4800.776 429 381.3248 0.1597223 -0.01716888
Moved 4800.792 430.2696 378.4609 0.162661 -0.02453478
Moved 4800.808 430 376.2795 0.162037 -0.03014529
Moved 4800.822 430 374.84 0.162037 -0.03384775
Stationary 4800.837 430 374.84 0.162037 -0.03384775
Moved 4800.853 421.5858 374 0.1425598 -0.03600823
Moved 4800.869 412.1701 374 0.1207641 -0.03600823
Moved 4800.885 395.3081 386.4612 0.08173168 -0.003957709
Moved 4800.9 379.9946 397.0038 0.0462839 0.0231578
Moved 4800.916 362.779 409.9158 0.006432831 0.05636765
Moved 4800.931 350.0756 421.0439 -0.02297312 0.08498937
Moved 4800.946 335.8047 433.8758 -0.05600775 0.1179933
Moved 4800.969 313.737 454.3551 -0.1070902 0.1706663
Stationary 4800.979 313.737 454.3551 -0.1070902 0.1706663
Moved 4800.992 301.149 468.1678 -0.1362292 0.2061928
Moved 4801.007 291.6811 477.3189 -0.1581456 0.2297296
Moved 4801.023 284.0003 486.1996 -0.1759252 0.252571
Moved 4801.04 275.1336 495.5107 -0.1964499 0.2765194
Moved 4801.053 267.5844 503.4156 -0.2139251 0.2968509
Moved 4801.069 262 510.5 -0.2268519 0.3150719
Moved 4801.084 259.5718 514.1422 -0.2324726 0.3244398
Ended 4801.1 255.8355 519.2193 -0.2411215 0.3374981
Candidates 4801.235 12 the tiger other there threw trigger tune higher roger huge time rubber
Began 4801.758 388 392 0.06481478 0.01028803
Stationary 4801.78 388 392 0.06481478 0.01028803
Stationary 4801.794 388 392 0.06481478 0.01028803
Stationary 4801.81 388 392 0.06481478 0.01028803
Moved 4801.825 388 403.4278 0.06481478 0.03968054
Moved 4801.841 388 417.9478 0.06481478 0.07702619
Moved 4801.856 399.6819 436.4093 0.09185612 0.1245094
Moved 4801.871 402.9358 452.6792 0.09938847 0.166356
Moved 4801.885 405.8215 484.0362 0.1060683 0.2470066
Ended 4801.903 407 509 0.1087963 0.3112139
Accept 4801.961 0 the
Began 4802.438 545 392 0.4282407 0.01028803
Stationary 4802.455 545 392 0.4282407 0.01028803
Stationary 4802.47 545 392 0.4282407 0.01028803
Stationary 4802.486 545 392 0.4282407 0.01028803
Stationary 4802.501 545 392 0.4282407 0.01028803
Stationary 4802.516 545 392 0.4282407 0.01028803
Stationary 4802.532 545 392 0.4282407 0.01028803
Moved 4802.548 534.3705 407.259 0.4036354 0.04953447
Moved 4802.563 532.371 412.5724 0.399007 0.06320054
Moved 4802.582 530.1431 423.9979 0.3938498 0.09258717
Moved 4802.595 530 432.7807 0.3935185 0.1151766
Moved 4802.61 529 441.4302 0.3912036 0.1374234
Moved 4802.625 529 448.8854 0.3912036 0.1565982
Moved 4802.641 529 455.4478 0.3912036 0.1734768
Moved 4802.656 529 464.3831 0.3912036 0.1964585
Moved 4802.672 529 467.2761 0.3912036 0.2038993
Moved 4802.687 529 474.2242 0.3912036 0.2217699
Moved 4802.703 529 480.9882 0.3912036 0.239167
Moved 4802.718 529 485.3215 0.3912036 0.2503125
Moved 4802.732 529 488.7788 0.3912036 0.2592047
Moved 4802.749 529 494.3125 0.3912036 0.2734374
Moved 4802.764 529 498.0676 0.3912036 0.2830954
Moved 4802.782 529 501.7242 0.3912036 0.2925005
Moved 4802.805 529 512.0106 0.3912036 0.3189571
Moved 4802.816 529 515.3559 0.3912036 0.3275614
Stationary 4802.828 529 515.3559 0.3912036 0.3275614
Moved 4802.843 528.3756 518.2488 0.3897583 0.3350021
Moved 4802.856 528 520.0632 0.3888889 0.3396685
Moved 4802.872 526.4995 522.5005 0.3854156 0.3459374
Moved 4802.887 525.3078 523.6922 0.3826569 0.3490025
Moved 4802.904 523.9766 524 0.3795755 0.3497942
Moved 4802.919 522.538 525.462 0.3762454 0.3535543
Moved 4802.934 521.1119 526 0.3729442 0.3549381
Moved 4802.95 519.6671 527.3329 0.3695997 0.3583665
Moved 4802.966 516.4579 527 0.3621712 0.3575102
Moved 4802.981 513.5899 527 0.3555322 0.3575102
Moved 4802.995 511 527 0.349537 0.3575102
Moved 4803.011 507.6364 527 0.3417509 0.3575102
Moved 4803.027 503.3148 527 0.3317472 0.3575102
Moved 4803.042 500.6638 522.3232 0.3256106 0.3454815
Moved 4803.057 496.6832 517.7888 0.3163963 0.3338189
Moved 4803.073 493.3528 514.3528 0.3086869 0.3249814
Moved 4803.088 490.0218 510.0327 0.3009765 0.3138701
Moved 4803.103 485.6673 504.223 0.2908965 0.2989275
Moved 4803.119 481.8328 500.291 0.2820203 0.2888141
Moved 4803.134 477.0667 494.0889 0.2709876 0.2728624
Moved 4803.149 468.5731 482.7642 0.2513266 0.2437349
Moved 4803.165 454.2005 465.6507 0.2180567 0.1997189
Moved 4803.181 442.6644 451.0804 0.1913527 0.1622439
Moved 4803.195 428.972 433.0528 0.1596575 0.1158764
Moved 4803.211 416.6248 417.2809 0.1310758 0.07531103
Moved 4803.228 408.5609 407.2012 0.1124096 0.04938561
Moved 4803.242 395.5046 394.1915 0.08218656 0.0159246
Moved 4803.258 382.9215 381.9215 0.05305896 -0.01563406
Moved 4803.274 372.9041 370.9042 0.02987067 -0.04397082
Moved 4803.288 359.9958 357.9958 -9.685756E-06 -0.07717133
Moved 4803.304 349.8966 349.3399 -0.02338757 -0.09943448
Moved 4803.32 342.5323 343.4259 -0.0404344 -0.1146454
Moved 4803.335 336.9982 337.9982 -0.05324493 -0.1286055
Moved 4803.349 330.2494 332.6871 -0.0688671 -0.1422658
Moved 4803.365 325.3584 328.3584 -0.08018881 -0.1533993
Moved 4803.381 321.0302 325.3535 -0.090208 -0.1611279
Moved 4803.403 315.5945 320.7972 -0.1027905 -0.1728467
Stationary 4803.415 315.5945 320.7972 -0.1027905 -0.1728467
Moved 4803.426 312.3575 319.3574 -0.1102837 -0.1765499
Moved 4803.443 309.5901 318.1967 -0.1166897 -0.1795355
Moved 4803.458 305.4671 318 -0.1262335 -0.1800412
Moved 4803.473 297.9174 318 -0.1437097 -0.1800412
Moved 4803.489 290.7125 318 -0.1603878 -0.1800412
Moved 4803.504 279.5342 328.9772 -0.1862634 -0.1518078
Moved 4803.519 268.4176 336.7017 -0.2119963 -0.1319401
Moved 4803.535 255.6912 346.5735 -0.2414555 -0.1065497
Moved 4803.55 242.7219 356.0225 -0.2714772 -0.08224659
Moved 4803.565 232.3354 363.7604 -0.2955199 -0.06234455
Moved 4803.581 222.2645 370.954 -0.3188323 -0.04384272
Moved 4803.599 214.8756 375.2995 -0.335936 -0.03266598
Moved 4803.613 207.6693 379.7984 -0.3526174 -0.02109472
Moved 4803.634 194.2711 389.5831 -0.3836318 0.004071797
Stationary 4803.646 194.2711 389.5831 -0.3836318 0.004071797
Moved 4803.658 190.5 393.5 -0.3923611 0.01414597
Moved 4803.674 187.628 397.058 -0.3990093 0.02329736
Moved 4803.689 184.7604 400.2396 -0.4056472 0.03148032
Moved 4803.705 183.4366 405.6901 -0.4087115 0.04549913
Moved 4803.72 183 410.036 -0.4097222 0.05667694
Moved 4803.737 183 414.3518 -0.4097222 0.06777724
Moved 4803.751 183 422.3476 -0.4097222 0.08834253
Moved 4803.767 183 429.6552 -0.4097222 0.1071376
Moved 4803.781 192.0586 435.7645 -0.3887533 0.1228511
Moved 4803.798 199.2098 448.0518 -0.3721995 0.1544542
Moved 4803.812 206.4129 456.6955 -0.3555256 0.1766858
Moved 4803.828 216.0006 465.2862 -0.333332 0.1987812
Moved 4803.844 224.9289 475.0837 -0.3126646 0.2239806
Moved 4803.858 236.1432 483.5513 -0.2867056 0.2457595
Moved 4803.875 245.1912 491.1593 -0.2657611 0.2653273
Moved 4803.89 252.7534 496.5381 -0.248256 0.2791618
Moved 4803.904 265.1236 504.9454 -0.2196212 0.3007855
Moved 4803.92 275.2029 510.0869 -0.1962897 0.3140094
Moved 4803.936 285.8659 516.433 -0.1716067 0.3303317
Moved 4803.95 296.3217 521.6609 -0.1474034 0.3437779
Moved 4803.966 305.1456 526.0728 -0.1269777 0.3551255
Moved 4803.981 315.5675 530.3861 -0.1028529 0.3662193
Moved 4803.997 322.4833 531.9139 -0.08684421 0.3701488
Moved 4804.013 332.2569 534.6448 -0.06422012 0.3771729
Moved 4804.028 342.3331 536.7619 -0.04089554 0.382618
Moved 4804.044 352.423 539.4066 -0.01753941 0.3894201
Moved 4804.059 362.5036 540.6434 0.00579526 0.3926012
Moved 4804.076 373.6398 541 0.03157357 0.3935184
Moved 4804.09 383.5 542.5 0.05439818 0.3973764
Moved 4804.104 394.176 542 0.07911116 0.3960905
Moved 4804.121 405.8175 542 0.106059 0.3960905
Moved 4804.135 418.5 542 0.1354167 0.3960905
Moved 4804.151 427.8439 542 0.157046 0.3960905
Moved 4804.167 437.9435 530.6359 0.1804248 0.3668618
Moved 4804.183 445.288 532 0.1974259 0.3703703
Moved 4804.197 452.4474 530.7105 0.2139985 0.3670537
Moved 4804.213 461.5 528 0.2349537 0.3600822
Moved 4804.229 468.162 526.3352 0.2503751 0.3558004
Moved 4804.244 478.0004 524.7142 0.2731491 0.3516312
Moved 4804.259 483.6165 523 0.2861494 0.3472221
Moved 4804.274 489.6648 520.6676 0.3001499 0.3412232
Moved 4804.291 495.4064 519.3984 0.3134408 0.3379588
Moved 4804.305 501.1144 516.9428 0.3266536 0.331643
Moved 4804.325 506.9387 515.5153 0.3401359 0.3279714
Moved 4804.338 509.6261 514.4579 0.3463567 0.3252518
Moved 4804.352 512.9838 514 0.3541293 0.324074
Moved 4804.367 515.8452 512.5775 0.3607526 0.3204151
Moved 4804.383 518.7249 512 0.3674188 0.31893
Moved 4804.398 520.3146 509.3709 0.3710985 0.3121679
Moved 4804.414 521.7526 509.2474 0.3744274 0.3118502
Moved 4804.429 522 506.6173 0.375 0.3050856
Moved 4804.444 523.2278 504.5443 0.3778422 0.2997538
Moved 4804.459 523 492.1205 0.3773148 0.2677995
Moved 4804.477 513.5477 477.0031 0.3554344 0.2289173
Moved 4804.491 504.3114 457.6228 0.3340541 0.1790709
Moved 4804.506 489.3083 427.6165 0.2993247 0.1018942
Moved 4804.523 478.0524 402.5982 0.2732694 0.03754675
Moved 4804.537 464.6294 374.3847 0.2421977 -0.03501884
Moved 4804.552 456.9243 357.8377 0.2243617 -0.07757799
Moved 4804.567 444.2492 333.123 0.1950212 -0.1411447
Moved 4804.583 436.4679 314.1229 0.177009 -0.1900131
Moved 4804.598 431.9529 302.2078 0.1665576 -0.2206591
Moved 4804.614 426.6312 290.2623 0.1542388 -0.2513829
Moved 4804.63 422.3562 279.2832 0.1443431 -0.2796214
Moved 4804.644 420.3386 271.6929 0.1396727 -0.2991438
Moved 4804.661 418.31 266.62 0.1349768 -0.3121914
Moved 4804.675 416.7631 261.0523 0.1313961 -0.3265115
Moved 4804.691 415.3195 256.639 0.1280544 -0.3378626
Ended 4804.707 413.867 252.601 0.124692 -0.3482487
Candidates 4804.796 12 location population patron occasion latin insertion fixation passion pain houston liberation litigation
Began 4805.304 407 346 0.1087963 -0.1080248
Stationary 4805.325 407 346 0.1087963 -0.1080248
Stationary 4805.338 407 346 0.1087963 -0.1080248
Moved 4805.353 407 382.8947 0.1087963 -0.01313111
Moved 4805.368 407 396.5654 0.1087963 0.02203039
Moved 4805.385 414.4831 417.0351 0.1261182 0.07467866
Moved 4805.4 414 434 0.125 0.1183127
Moved 4805.415 414 444.1616 0.125 0.1444484
Moved 4805.431 414 461.7183 0.125 0.1896047
Ended 4805.446 414 479 0.125 0.2340534
Accept 4805.49 0 location
Began 4806.011 507 545 0.3402778 0.4038065
Stationary 4806.032 507 545 0.3402778 0.4038065
Stationary 4806.046 507 545 0.3402778 0.4038065
Stationary 4806.062 507 545 0.3402778 0.4038065
Moved 4806.078 499.4669 539.7268 0.32284 0.3902437
Moved 4806.093 490.9918 533.1934 0.3032217 0.3734398
Moved 4806.108 486.1043 528.1043 0.2919082 0.3603505
Moved 4806.124 481.8587 525.4293 0.2820803 0.3534704
Moved 4806.146 470.0773 515.6619 0.2548087 0.3283483
Stationary 4806.156 470.0773 515.6619 0.2548087 0.3283483
Moved 4806.169 462.8836 510.9302 0.2381565 0.3161784
Moved 4806.187 457.1186 508.0593 0.2248115 0.3087944
Moved 4806.201 449.4155 503.1662 0.2069802 0.2962092
Moved 4806.216 443.5738 498.9303 0.1934578 0.2853144
Moved 4806.231 437.5901 495.795 0.1796066 0.2772506
Moved 4806.247 431.478 492.2868 0.1654584 0.2682273
Moved 4806.263 422.9688 487.9844 0.1457611 0.2571614
Moved 4806.277 415.8844 484.4422 0.129362 0.2480509
Moved 4806.293 410.1457 480.3593 0.116078 0.2375495
Moved 4806.31 403.7121 477.0272 0.1011853 0.2289793
Moved 4806.325 397.6105 473.8052 0.08706132 0.2206924
Moved 4806.339 392 471 0.07407407 0.2134772
Moved 4806.354 386.4953 467.1215 0.06133169 0.2035016
Moved 4806.372 379.6699 463.8679 0.04553209 0.1951334
Moved 4806.387 374 458 0.03240744 0.180041
Moved 4806.401 366.254 454.1524 0.01447678 0.170145
Moved 4806.417 360.4322 449.8242 0.001000464 0.1590126
Moved 4806.434 353.6782 446.3391 -0.01463388 0.1500491
Moved 4806.448 346.698 442.2188 -0.03079166 0.1394516
Moved 4806.463 341.452 439.0712 -0.04293526 0.1313558
Moved 4806.479 332.7932 435.3173 -0.06297866 0.1217007
Moved 4806.494 326.8372 431.1279 -0.07676572 0.1109257
Moved 4806.509 320.3549 428.542 -0.09177103 0.1042746
Moved 4806.524 315.5043 424.5043 -0.1029993 0.0938895
Moved 4806.539 310.1781 422.7854 -0.1153285 0.08946858
Moved 4806.555 305.8529 420.951 -0.1253405 0.08475044
Moved 4806.571 302.66 418.7733 -0.1327315 0.0791494
Moved 4806.587 298.8138 416.8138 -0.1416346 0.07410959
Moved 4806.601 294.9984 414.9995 -0.1504666 0.06944311
Moved 4806.617 292.1132 413.5566 -0.1571453 0.06573191
Moved 4806.633 289.1169 412.1169 -0.1640812 0.06202906
Moved 4806.648 286.3475 410.6738 -0.1704919 0.05831718
Moved 4806.663 283.4706 409.2353 -0.1771514 0.05461751
Moved 4806.679 282.1187 409 -0.1802809 0.05401234
Moved 4806.694 280.7231 407.7231 -0.1835113 0.05072802
Moved 4806.71 279.2815 407 -0.1868483 0.04886827
Moved 4806.728 277.8461 405.8461 -0.1901711 0.0459003
Moved 4806.742 276.5 406 -0.193287 0.04629618
Moved 4806.756 275.9812 406 -0.1944879 0.04629618
Stationary 4806.777 276 406 -0.1944444 0.04629618
Stationary 4806.788 276 406 -0.1944444 0.04629618
Stationary 4806.801 276 406 -0.1944444 0.04629618
Ended 4806.816 276 406 -0.1944444 0.04629618
Candidates 4807.032 12 of if is odd id off odds ps oops his kids pd
Began 4807.723 409 383 0.113426 -0.01286016
Stationary 4807.749 409 383 0.113426 -0.01286016
Stationary 4807.764 409 383 0.113426 -0.01286016
Stationary 4807.774 409 383 0.113426 -0.01286016
Moved 4807.788 409 392.5479 0.113426 0.01169703
Moved 4807.803 409 402.5 0.113426 0.03729416
Moved 4807.818 398.1963 431.8225 0.08841723 0.1127121
Moved 4807.836 395.9613 445.2324 0.08324365 0.1472027
Moved 4807.851 390.1901 472.5969 0.06988455 0.2175844
Moved 4807.866 388.1922 489.8466 0.06525983 0.261951
Ended 4807.881 383.9614 516.5778 0.0554662 0.330704
Accept 4807.939 0 of
Began 4808.646 336 588 -0.05555556 0.5144032
Stationary 4808.667 336 588 -0.05555556 0.5144032
Stationary 4808.683 336 588 -0.05555556 0.5144032
Stationary 4808.699 336 588 -0.05555556 0.5144032
Stationary 4808.712 336 588 -0.05555556 0.5144032
Stationary 4808.728 336 588 -0.05555556 0.5144032
Stationary 4808.742 336 588 -0.05555556 0.5144032
Stationary 4808.758 336 588 -0.05555556 0.5144032
Stationary 4808.773 336 588 -0.05555556 0.5144032
Stationary 4808.79 336 588 -0.05555556 0.5144032
Stationary 4808.805 336 588 -0.05555556 0.5144032
Stationary 4808.821 336 588 -0.05555556 0.5144032
Stationary 4808.835 336 588 -0.05555556 0.5144032
Moved 4808.85 336 575.4063 -0.05555556 0.482012
Moved 4808.867 336 571.5 -0.05555556 0.471965
Moved 4808.884 336 567.4698 -0.05555556 0.4615993
Moved 4808.897 336 564.413 -0.05555556 0.453737
Moved 4808.913 336 558.7957 -0.05555556 0.4392892
Moved 4808.929 336 555.6713 -0.05555556 0.4312533
Moved 4808.952 343.3195 544.8174 -0.03861238 0.4033369
Stationary 4808.962 343.3195 544.8174 -0.03861238 0.4033369
Moved 4808.976 344.4849 540.5454 -0.03591467 0.3923492
Moved 4808.991 345.4066 537.7803 -0.03378113 0.3852372
Moved 4809.005 347.9954 530.0116 -0.02778853 0.3652561
Moved 4809.022 349.4283 521.4305 -0.02447163 0.3431853
Moved 4809.038 350.8809 514.5957 -0.02110913 0.3256062
Moved 4809.051 353.6392 507.4021 -0.01472418 0.3071041
Moved 4809.067 354.7569 502.7294 -0.0121369 0.2950858
Moved 4809.084 356.2045 497.1819 -0.008785823 0.2808175
Moved 4809.097 357.2285 493.086 -0.006415546 0.2702829
Moved 4809.113 361.2557 482.7367 0.00290672 0.2436643
Moved 4809.13 363.2016 474.9919 0.007411142 0.2237445
Moved 4809.145 366.2665 467.8338 0.01450578 0.2053337
Moved 4809.16 369.1438 460.6405 0.02116621 0.1868325
Moved 4809.177 372.5358 454.4404 0.02901802 0.1708858
Moved 4809.189 375.9205 449.1193 0.03685295 0.1571997
Moved 4809.206 379.0827 443.8622 0.0441729 0.1436784
Moved 4809.221 384.9221 436.5974 0.05769004 0.1249933
Moved 4809.238 392.5904 423.6144 0.0754406 0.09160081
Moved 4809.252 398.4992 413.3764 0.08911848 0.06526844
Moved 4809.268 403.2518 407.9352 0.10012 0.05127376
Moved 4809.283 409.019 398.2167 0.1134699 0.02627757
Moved 4809.298 414.7257 391.5929 0.1266798 0.009240947
Moved 4809.313 419.4412 384.8381 0.1375954 -0.008132408
Moved 4809.331 422.5139 378.9722 0.1447081 -0.02321957
Moved 4809.345 424.6996 375.9012 0.1497676 -0.03111843
Moved 4809.36 425 372.7263 0.150463 -0.03928416
Moved 4809.377 426 370.4122 0.1527777 -0.04523619
Moved 4809.391 426 367.9479 0.1527777 -0.05157439
Moved 4809.406 426 366.5309 0.1527777 -0.05521884
Moved 4809.422 426 365 0.1527777 -0.05915646
Stationary 4809.439 426 365 0.1527777 -0.05915646
Moved 4809.452 406.4182 365 0.1074494 -0.05915646
Moved 4809.474 384.5089 384.8145 0.05673359 -0.008193318
Moved 4809.486 363.0362 403.302 0.007028183 0.03935696
Moved 4809.499 344.9363 419.5154 -0.03486956 0.08105803
Moved 4809.514 327.4306 437.7835 -0.07539213 0.1280439
Moved 4809.53 313.5 450 -0.1076389 0.1594649
Moved 4809.545 300.251 464.749 -0.1383079 0.1973997
Moved 4809.56 285.3143 482.0228 -0.1728836 0.2418282
Moved 4809.576 272.4572 494.1586 -0.2026453 0.2730417
Moved 4809.593 261.6174 503.2733 -0.2277376 0.2964848
Moved 4809.607 252.0576 512.452 -0.2498667 0.3200925
Moved 4809.623 243.422 519.6483 -0.2698564 0.3386016
Moved 4809.637 236.1009 526.899 -0.2868034 0.3572505
Ended 4809.653 230 530 -0.3009259 0.3652262
Candidates 4809.772 12 the there threw where tiger trigger other tune urge rubber tube else
Began 4810.266 372 367 0.02777775 -0.05401234
Stationary 4810.285 372 367 0.02777775 -0.05401234
Stationary 4810.299 372 367 0.02777775 -0.05401234
Stationary 4810.314 372 367 0.02777775 -0.05401234
Stationary 4810.333 372 367 0.02777775 -0.05401234
Moved 4810.346 372 384.6546 0.02777775 -0.008604418
Moved 4810.362 372 394.7643 0.02777775 0.01739777
Moved 4810.379 383.2402 407.6453 0.05379687 0.05052786
Moved 4810.394 382.7021 420.2129 0.05255123 0.08285204
Ended 4810.408 384 434 0.0555556 0.1183127
Accept 4810.466 0 the
Began 4811.006 314 284 -0.1064815 -0.2674897
Stationary 4811.026 314 284 -0.1064815 -0.2674897
Stationary 4811.041 314 284 -0.1064815 -0.2674897
Stationary 4811.055 314 284 -0.1064815 -0.2674897
Stationary 4811.07 314 284 -0.1064815 -0.2674897
Moved 4811.095 314 298.01 -0.1064815 -0.2314558
Stationary 4811.104 314 298.01 -0.1064815 -0.2314558
Moved 4811.117 314 303 -0.1064815 -0.2186215
Moved 4811.132 314 309.5323 -0.1064815 -0.2018201
Moved 4811.148 314 316.7258 -0.1064815 -0.1833183
Moved 4811.163 305.4265 325.9338 -0.1263276 -0.1596353
Moved 4811.179 303.7744 335.5791 -0.1301518 -0.1348274
Moved 4811.195 302.3271 340.6918 -0.1335022 -0.1216776
Moved 4811.209 300.8824 344.2352 -0.1368462 -0.1125639
Moved 4811.225 299.5 350 -0.1400463 -0.09773669
Moved 4811.24 297.6962 355.6075 -0.1442217 -0.083314
Moved 4811.256 295.9083 360.2751 -0.1483604 -0.07130902
Moved 4811.272 293.4666 365.6003 -0.1540125 -0.05761244
Moved 4811.287 292.028 368.9441 -0.1573427 -0.04901218
Moved 4811.302 289.1786 374.6427 -0.1639383 -0.03435527
Moved 4811.316 288.1453 380.419 -0.1663304 -0.01949852
Moved 4811.334 288 384.8816 -0.1666667 -0.008020637
Moved 4811.348 286.7303 389.0789 -0.1696058 0.00277476
Moved 4811.364 286.1909 397.0453 -0.1708544 0.02326475
Moved 4811.379 286 402.965 -0.1712963 0.03849018
Moved 4811.394 285 410.4311 -0.1736111 0.05769309
Moved 4811.41 285 419.8808 -0.1736111 0.08199786
Moved 4811.427 284.4309 426.8453 -0.1749284 0.09991076
Moved 4811.441 284 435.0372 -0.1759259 0.1209804
Moved 4811.456 284 440.465 -0.1759259 0.1349408
Moved 4811.472 284 449.3704 -0.1759259 0.1578456
Moved 4811.487 284 456.0134 -0.1759259 0.1749315
Moved 4811.502 284 462.7733 -0.1759259 0.192318
Moved 4811.518 284 467.6509 -0.1759259 0.2048633
Moved 4811.541 284 474.5281 -0.1759259 0.2225516
Stationary 4811.552 284 474.5281 -0.1759259 0.2225516
Moved 4811.563 284 476.7814 -0.1759259 0.2283471
Moved 4811.58 284 479.5822 -0.1759259 0.2355507
Moved 4811.595 284 481.7376 -0.1759259 0.2410945
Moved 4811.609 284 484.3541 -0.1759259 0.2478244
Moved 4811.626 290.1872 487.8561 -0.1616037 0.2568316
Moved 4811.641 299.272 492.1632 -0.140574 0.2679094
Moved 4811.657 309.4832 496.4928 -0.116937 0.2790452
Moved 4811.672 324.6622 498.4437 -0.08180052 0.284063
Moved 4811.688 340.8922 500.0743 -0.04423112 0.288257
Moved 4811.703 359.5 501.5 -0.001157423 0.2919238
Moved 4811.717 376.6253 501 0.03848453 0.2906378
Moved 4811.733 389.6705 501 0.06868184 0.2906378
Moved 4811.749 409.0436 501 0.113527 0.2906378
Moved 4811.765 430.3234 501 0.1627858 0.2906378
Moved 4811.779 444 501 0.1944444 0.2906378
Moved 4811.795 460.0059 504.3353 0.2314952 0.2992163
Moved 4811.811 472.1917 508.8219 0.2597029 0.3107558
Moved 4811.828 480.2933 513.1467 0.2784567 0.3218792
Moved 4811.841 488.9062 518.6041 0.2983939 0.3359159
Moved 4811.856 492.7706 521.1804 0.3073394 0.3425421
Moved 4811.872 497.0782 524.0522 0.3173108 0.3499284
Moved 4811.889 499.9297 525.4648 0.3239114 0.3535618
Moved 4811.904 501.7782 526.3891 0.3281903 0.3559389
Moved 4811.918 502.9721 526.9721 0.330954 0.3574385
Moved 4811.935 504.4107 527 0.334284 0.3575102
Stationary 4811.949 504.4107 527 0.334284 0.3575102
Moved 4811.969 505 527 0.3356481 0.3575102
Stationary 4811.983 505 527 0.3356481 0.3575102
Moved 4811.997 506.3724 527 0.338825 0.3575102
Moved 4812.011 507.1207 515.7927 0.3405572 0.3286847
Moved 4812.028 507 496.0797 0.3402778 0.2779825
Moved 4812.042 507 477.871 0.3402778 0.2311497
Moved 4812.057 507 457.2927 0.3402778 0.1782218
Moved 4812.074 507 434.5659 0.3402778 0.1197681
Moved 4812.088 507 412.6664 0.3402778 0.0634423
Moved 4812.102 507 387.5179 0.3402778 -0.001239934
Moved 4812.118 507 371.0583 0.3402778 -0.04357444
Moved 4812.135 507 349.4353 0.3402778 -0.09918903
Moved 4812.15 507.8727 330.4009 0.3422977 -0.1481458
Moved 4812.165 509.3185 315.8151 0.3456447 -0.1856609
Moved 4812.18 510.7598 304.6814 0.348981 -0.2142969
Moved 4812.195 512.1999 294.6009 0.3523145 -0.240224
Moved 4812.211 512 286.4382 0.3518519 -0.2612187
Moved 4812.227 512 281.6813 0.3518519 -0.2734535
Moved 4812.242 512 279.783 0.3518519 -0.2783359
Moved 4812.257 504.6828 280 0.3349138 -0.2777778
Moved 4812.272 494.4041 280 0.3111207 -0.2777778
Moved 4812.289 478.6238 293.3009 0.2745922 -0.2435677
Moved 4812.303 464.2234 305.7989 0.2412579 -0.2114227
Moved 4812.318 449.6719 316.0297 0.2075739 -0.185109
Moved 4812.335 436.1517 330.8483 0.1762772 -0.1469953
Moved 4812.35 421.2688 345.7313 0.1418259 -0.1087159
Moved 4812.365 408.3248 358.6752 0.111863 -0.0754241
Moved 4812.388 386.0284 386.2533 0.06025086 -0.00449263
Stationary 4812.397 386.0284 386.2533 0.06025086 -0.00449263
Moved 4812.411 376.1387 399.594 0.03735811 0.02981994
Moved 4812.427 367.031 412.4535 0.01627544 0.06289474
Moved 4812.442 360.5 423 0.001157423 0.09002049
Moved 4812.458 348.9016 438.1312 -0.0256907 0.1289381
Moved 4812.474 339.2385 452.1422 -0.04805898 0.1649748
Moved 4812.489 331.6447 462.9145 -0.06563723 0.1926813
Moved 4812.504 320.9966 476.0043 -0.09028563 0.2263483
Moved 4812.519 312.3644 490.3926 -0.1102675 0.2633553
Moved 4812.536 302.6693 501.2191 -0.1327099 0.2912013
Moved 4812.55 292.808 512.5052 -0.1555371 0.3202293
Moved 4812.566 284.3303 523.3372 -0.1751613 0.3480893
Ended 4812.58 274 540 -0.199074 0.3909464
Candidates 4812.717 12 crime some front dome stronger stone daytime cytometry aimee come done summer
Began 4813.239 376 390 0.03703703 0.005143954
Stationary 4813.259 376 390 0.03703703 0.005143954
Stationary 4813.275 376 390 0.03703703 0.005143954
Stationary 4813.289 376 390 0.03703703 0.005143954
Moved 4813.305 376 411.3283 0.03703703 0.06000075
Moved 4813.321 376 432.3704 0.03703703 0.1141213
Moved 4813.335 381.2321 465.3124 0.0491484 0.1988486
Moved 4813.352 386.4395 497.7681 0.06120245 0.2823252
Ended 4813.367 388.5 517 0.06597221 0.33179
Accept 4813.428 0 crime
PhraseEnd 4814.297
