my favorite place to visit
my favorite place to visit
Basic
0.6 0.6
432 388.8
Began 4721.49 535 241 0.4050927 -0.3780865
Stationary 4721.509 535 241 0.4050927 -0.3780865
Stationary 4721.525 535 241 0.4050927 -0.3780865
Stationary 4721.539 535 241 0.4050927 -0.3780865
Stationary 4721.554 535 241 0.4050927 -0.3780865
Moved 4721.57 535 249.0869 0.4050927 -0.3572868
Moved 4721.586 522.1174 260.198 0.3752719 -0.328709
Moved 4721.601 518 274 0.3657407 -0.2932099
Moved 4721.616 515.1894 283.7291 0.3592347 -0.2681865
Moved 4721.632 510.5742 298.4193 0.3485515 -0.2304032
Moved 4721.647 505.7035 312.7413 0.3372765 -0.1935667
Moved 4721.662 499.897 327.2576 0.3238356 -0.1562306
Moved 4721.681 493.6689 341.6622 0.3094187 -0.1191816
Moved 4721.694 486.5114 359.5679 0.2928505 -0.07312775
Moved 4721.708 479.324 374.352 0.276213 -0.0351029
Moved 4721.725 476.8975 379.205 0.2705961 -0.02262107
Moved 4721.74 471.1716 389.571 0.2573417 0.004040596
Moved 4721.754 465.5786 395.4214 0.2443949 0.01908801
Moved 4721.77 460.8236 401.1765 0.2333879 0.03389001
Moved 4721.785 456.2927 405.7073 0.2228998 0.04554336
Moved 4721.8 449.2941 412.7059 0.2066993 0.06354386
Moved 4721.816 441.2856 420.7144 0.188161 0.08414193
Moved 4721.832 436.1766 425.8234 0.1763348 0.09728243
Moved 4721.847 423.7319 441.9266 0.1475276 0.1386999
Moved 4721.863 413.2686 456.0449 0.1233069 0.1750124
Moved 4721.879 405 465.5 0.1041667 0.1993312
Moved 4721.893 395.1114 475.8701 0.0812764 0.2260031
Moved 4721.908 387.9049 484.5141 0.06459464 0.2482357
Moved 4721.924 382.4082 493.3196 0.05187085 0.2708837
Moved 4721.939 378.1819 499.7271 0.04208773 0.2873639
Moved 4721.954 372.4344 509.7397 0.02878348 0.3131166
Moved 4721.971 368.5453 515.273 0.01978069 0.3273482
Moved 4721.987 365.4875 521.025 0.01270254 0.3421425
Moved 4722.001 361.6085 526.0873 0.003723403 0.3551626
Moved 4722.017 359.8659 529.2682 -0.0003104905 0.3633443
Moved 4722.032 357.4267 533.72 -0.005956789 0.3747942
Ended 4722.048 356 539 -0.009259283 0.3883744
Candidates 4722.198 12 my mit mi nyt mt nmt nutty more ny not blue might
Began 4723.062 392 356 0.07407407 -0.0823046
Stationary 4723.083 392 356 0.07407407 -0.0823046
Stationary 4723.094 392 356 0.07407407 -0.0823046
Stationary 4723.109 392 356 0.07407407 -0.0823046
Moved 4723.125 395.0703 370.8248 0.08118133 -0.0441749
Moved 4723.142 399.8866 385.8656 0.09232998 -0.005489788
Moved 4723.157 403.9562 412.0558 0.1017504 0.06187176
Moved 4723.172 406 428.5 0.1064815 0.1041665
Moved 4723.188 405.859 438.5898 0.1061551 0.1301177
Ended 4723.203 407.3052 464.7995 0.1095029 0.1975295
Accept 4723.246 0 my
Began 4723.939 367 369 0.01620372 -0.04886839
Stationary 4723.958 367 369 0.01620372 -0.04886839
Stationary 4723.975 367 369 0.01620372 -0.04886839
Stationary 4723.992 367 369 0.01620372 -0.04886839
Stationary 4724.007 367 369 0.01620372 -0.04886839
Stationary 4724.021 367 369 0.01620372 -0.04886839
Moved 4724.034 354.2851 369 -0.013229 -0.04886839
Moved 4724.05 347.5 358.5 -0.02893518 -0.07587456
Moved 4724.066 333.0669 358.2371 -0.06234522 -0.07655077
Moved 4724.082 320.1154 356.6795 -0.09232536 -0.08055691
Moved 4724.097 308.3704 357 -0.119513 -0.07973259
Moved 4724.112 297.5497 357 -0.144561 -0.07973259
Moved 4724.128 288.7691 357 -0.1648863 -0.07973259
Moved 4724.144 279.413 355.9161 -0.1865439 -0.08252029
Moved 4724.158 272.5 356 -0.2025463 -0.0823046
Moved 4724.174 264.8357 355 -0.2202877 -0.08487654
Moved 4724.189 256.5822 353.9304 -0.239393 -0.08762767
Moved 4724.205 249.5 352.5 -0.255787 -0.09130666
Moved 4724.22 238.3466 353 -0.2816051 -0.09002065
Moved 4724.235 228.4192 353 -0.3045853 -0.09002065
Moved 4724.25 219.9916 353 -0.3240934 -0.09002065
Moved 4724.266 212.7582 353 -0.3408374 -0.09002065
Moved 4724.282 209.065 353 -0.3493865 -0.09002065
Moved 4724.296 202.7228 353 -0.3640675 -0.09002065
Moved 4724.312 198.4 353 -0.374074 -0.09002065
Moved 4724.328 195.1139 353 -0.3816808 -0.09002065
Moved 4724.344 191.8501 353 -0.3892359 -0.09002065
Moved 4724.358 187.9646 353 -0.3982301 -0.09002065
Moved 4724.374 184.1263 353 -0.407115 -0.09002065
Moved 4724.389 181.8896 360.3864 -0.4122926 -0.07102275
Moved 4724.404 179 361.5 -0.4189815 -0.06815843
Moved 4724.434 174.5966 365.4033 -0.4291744 -0.05811911
Moved 4724.445 171.3105 368.6895 -0.4367812 -0.04966704
Moved 4724.457 168.4071 370.2964 -0.4435022 -0.0455339
Stationary 4724.467 168.4071 370.2964 -0.4435022 -0.0455339
Moved 4724.481 166.5317 372.7341 -0.4478432 -0.03926406
Moved 4724.497 165.1323 374.7355 -0.4510827 -0.03411658
Moved 4724.513 163.7389 377.5223 -0.4543082 -0.02694895
Moved 4724.528 162.3023 379.3954 -0.4576336 -0.02213129
Moved 4724.543 160.8613 381.1387 -0.4609692 -0.01764745
Moved 4724.56 160 383.576 -0.462963 -0.01137879
Moved 4724.575 160 384.9722 -0.462963 -0.007787751
Moved 4724.591 158.6012 386.3988 -0.4662009 -0.004118342
Stationary 4724.605 158.6012 386.3988 -0.4662009 -0.004118342
Moved 4724.621 158 387.989 -0.4675925 -2.837475E-05
Moved 4724.636 158 389.4361 -0.4675925 0.003693624
Moved 4724.651 158 390.5 -0.4675925 0.006429962
Moved 4724.666 158 390 -0.4675925 0.005143954
Stationary 4724.682 158 390 -0.4675925 0.005143954
Moved 4724.697 166.3472 390 -0.4482703 0.005143954
Moved 4724.713 172.5 390 -0.4340278 0.005143954
Moved 4724.73 178.6428 390 -0.4198084 0.005143954
Moved 4724.744 187.0343 390 -0.4003835 0.005143954
Moved 4724.758 202.9271 381.7682 -0.3635946 -0.0160284
Moved 4724.775 215.4913 378.8908 -0.3345107 -0.02342907
Moved 4724.79 229.3893 374.0492 -0.3023396 -0.03588178
Moved 4724.805 241.4966 369.1888 -0.2743135 -0.04838284
Moved 4724.822 255.6882 364.8936 -0.2414624 -0.05943015
Moved 4724.836 261.3015 363.3424 -0.2284687 -0.06341981
Moved 4724.852 272.3019 358.3491 -0.2030048 -0.07626271
Moved 4724.867 279.6503 352.6798 -0.1859948 -0.0908441
Moved 4724.885 285.2558 349.4961 -0.1730189 -0.09903276
Moved 4724.898 290.7927 346.6036 -0.160202 -0.1064722
Moved 4724.914 293.916 343.7227 -0.1529724 -0.1138819
Moved 4724.93 297.1609 340.8391 -0.1454608 -0.1212988
Moved 4724.944 298.1466 339.8533 -0.1431791 -0.1238341
Moved 4724.96 300.6358 338.3642 -0.1374171 -0.1276643
Moved 4724.978 303.1491 335.8509 -0.1315993 -0.1341284
Moved 4724.993 305.0295 334.4852 -0.1272465 -0.1376409
Moved 4725.006 307.9099 332.0901 -0.1205789 -0.1438013
Moved 4725.022 309.3976 329.2048 -0.1171352 -0.1512222
Moved 4725.039 312.6705 326.4943 -0.109559 -0.1581938
Moved 4725.053 314.8868 323.1697 -0.1044286 -0.1667446
Moved 4725.067 320.465 320.2675 -0.09151612 -0.1742091
Moved 4725.083 324.3896 313.8138 -0.08243144 -0.190808
Moved 4725.098 329.9507 309.2869 -0.06955847 -0.2024514
Moved 4725.113 332.3687 305.6312 -0.06396125 -0.2118539
Moved 4725.129 335.2777 302.7223 -0.05722746 -0.2193357
Moved 4725.144 337.5711 300.8577 -0.05191868 -0.2241313
Moved 4725.16 338.7728 299.2272 -0.04913703 -0.2283252
Moved 4725.177 340.1397 297.8603 -0.04597296 -0.2318409
Stationary 4725.194 340.1397 297.8603 -0.04597296 -0.2318409
Moved 4725.207 342.0176 297 -0.041626 -0.2340535
Stationary 4725.223 342.0176 297 -0.041626 -0.2340535
Moved 4725.236 343.9083 297 -0.03724923 -0.2340535
Moved 4725.251 345.3481 297 -0.03391653 -0.2340535
Moved 4725.268 348 312 -0.0277778 -0.1954732
Moved 4725.284 351.6501 319.8337 -0.01932849 -0.175325
Moved 4725.299 354.6448 327.612 -0.01239628 -0.1553189
Moved 4725.315 358.5399 338.6198 -0.003379732 -0.1270067
Moved 4725.33 362.6339 348.4791 0.006096959 -0.1016485
Moved 4725.345 370.8322 367.6644 0.02507448 -0.05230366
Moved 4725.361 376.279 379.6511 0.03768295 -0.02147361
Moved 4725.376 382 391 0.05092591 0.007715971
Moved 4725.392 384.8135 397.627 0.05743871 0.0247608
Moved 4725.406 389.1297 404.173 0.06742994 0.04159711
Moved 4725.424 394.9278 414.3736 0.08085142 0.06783321
Moved 4725.438 398.8192 420.6384 0.08985926 0.08394653
Moved 4725.453 408.4638 435.8716 0.1121847 0.1231266
Moved 4725.468 415.9797 445.7756 0.1295826 0.1485998
Moved 4725.485 420.7129 453.1882 0.1405391 0.167665
Moved 4725.5 425.0378 458.2972 0.1505503 0.1808055
Moved 4725.515 433.9483 468.9483 0.1711766 0.2082002
Moved 4725.531 442.2872 480.9308 0.1904797 0.2390194
Moved 4725.546 449.9579 490.6176 0.2082359 0.263934
Moved 4725.569 461.634 506.7233 0.2352638 0.3053581
Stationary 4725.581 461.634 506.7233 0.2352638 0.3053581
Moved 4725.592 467.9031 513.9031 0.2497756 0.3238247
Moved 4725.607 471.1398 517.1398 0.2572681 0.3321496
Moved 4725.623 474.5034 521.5101 0.2650541 0.3433902
Moved 4725.638 476.8978 524.8978 0.2705968 0.3521034
Moved 4725.653 478.38 526.3801 0.2740279 0.3559158
Moved 4725.668 479 527.8296 0.275463 0.3596439
Moved 4725.686 479 529.2575 0.275463 0.3633165
Stationary 4725.7 479 529.2575 0.275463 0.3633165
Moved 4725.713 480.375 530.3751 0.278646 0.3661909
Moved 4725.73 480 531.1241 0.2777778 0.3681176
Moved 4725.746 480 531.722 0.2777778 0.3696553
Moved 4725.761 480 532.5 0.2777778 0.3716563
Moved 4725.778 469.0032 533 0.2523222 0.3729423
Moved 4725.791 461.8566 533 0.2357792 0.3729423
Moved 4725.807 451.6371 533 0.2121229 0.3729423
Moved 4725.822 443.241 533 0.1926875 0.3729423
Moved 4725.838 431.8671 533 0.166359 0.3729423
Moved 4725.854 418.9557 533 0.1364714 0.3729423
Moved 4725.869 408.8367 533 0.113048 0.3729423
Moved 4725.884 398.637 533 0.08943756 0.3729423
Moved 4725.9 388.5609 525.223 0.06611308 0.3529396
Moved 4725.915 379.6767 523.7795 0.04554798 0.349227
Moved 4725.932 370.5 522.5 0.02430558 0.3459361
Moved 4725.947 365.3508 521.2701 0.01238604 0.3427729
Moved 4725.962 359.3121 519.8281 -0.001592288 0.3390639
Moved 4725.977 353.1558 519 -0.01584316 0.3369341
Moved 4725.991 348.8179 517.9393 -0.02588456 0.3342059
Moved 4726.007 345.5157 517.5052 -0.03352856 0.3330896
Moved 4726.023 342.1305 517 -0.04136468 0.33179
Moved 4726.039 339.2447 517 -0.04804462 0.33179
Moved 4726.054 337.2653 517 -0.05262658 0.33179
Moved 4726.069 334.1362 516 -0.05986983 0.329218
Moved 4726.084 332.6291 514.6291 -0.06335859 0.325692
Moved 4726.1 329.3705 514.1852 -0.07090161 0.3245505
Moved 4726.115 326.4848 514 -0.07758155 0.324074
Moved 4726.131 325.3035 513 -0.08031596 0.321502
Moved 4726.147 322.7247 511.8624 -0.08628542 0.3185759
Moved 4726.164 320.6659 512 -0.09105126 0.31893
Moved 4726.178 318.6638 511 -0.09568568 0.3163579
Moved 4726.194 316.8912 509.8912 -0.09978886 0.313506
Moved 4726.215 313.008 508.0081 -0.1087777 0.3086626
Stationary 4726.226 313.008 508.0081 -0.1087777 0.3086626
Moved 4726.238 310.1469 506.5734 -0.1154007 0.3049727
Moved 4726.253 309.1248 506.1248 -0.1177666 0.3038189
Moved 4726.269 307.9886 506 -0.1203967 0.3034978
Moved 4726.29 306.5452 505.5452 -0.1237379 0.3023282
Moved 4726.3 305.1023 505 -0.127078 0.3009258
Moved 4726.314 304.5 505 -0.1284722 0.3009258
Moved 4726.332 304 504.2189 -0.1296296 0.2989167
Moved 4726.345 302.7837 504 -0.1324452 0.2983539
Stationary 4726.36 302.7837 504 -0.1324452 0.2983539
Stationary 4726.375 302.7837 504 -0.1324452 0.2983539
Stationary 4726.391 303 504 -0.1319445 0.2983539
Moved 4726.412 302 504 -0.1342593 0.2983539
Stationary 4726.423 302 504 -0.1342593 0.2983539
Stationary 4726.438 302 504 -0.1342593 0.2983539
Stationary 4726.453 302 504 -0.1342593 0.2983539
Stationary 4726.468 302 504 -0.1342593 0.2983539
Moved 4726.484 314 504 -0.1064815 0.2983539
Moved 4726.5 328.1459 511.4306 -0.07373631 0.3174654
Moved 4726.515 342.6806 514.7361 -0.04009118 0.3259674
Moved 4726.531 360.646 517.6077 0.001495481 0.333353
Moved 4726.545 374.0955 519.2328 0.03262848 0.337533
Moved 4726.562 385.8387 520 0.05981167 0.3395061
Moved 4726.578 395.941 520 0.08319676 0.3395061
Moved 4726.592 404 521.5 0.1018518 0.3433641
Moved 4726.608 408.0527 521 0.1112331 0.3420781
Moved 4726.625 412.3884 521 0.1212695 0.3420781
Moved 4726.64 415.1121 522 0.1275743 0.3446501
Moved 4726.652 417.0005 522 0.1319457 0.3446501
Stationary 4726.668 417 522 0.1319444 0.3446501
Moved 4726.684 418 522 0.1342593 0.3446501
Stationary 4726.699 418 522 0.1342593 0.3446501
Stationary 4726.714 418 522 0.1342593 0.3446501
Stationary 4726.73 418 522 0.1342593 0.3446501
Moved 4726.746 405.4304 523.1427 0.1051629 0.3475892
Moved 4726.762 391.33 525.4822 0.07252325 0.3536066
Moved 4726.777 377.3045 527.1696 0.0400568 0.3579463
Moved 4726.792 360.2498 528.6136 0.0005781651 0.3616606
Moved 4726.807 346.5081 530.0547 -0.03123134 0.3653669
Moved 4726.824 336.6542 530 -0.0540411 0.3652262
Moved 4726.839 323.5439 530 -0.084389 0.3652262
Moved 4726.854 313.5428 530 -0.1075398 0.3652262
Moved 4726.87 300.5 530 -0.1377315 0.3652262
Moved 4726.885 293.3357 521.0959 -0.1543156 0.3423247
Moved 4726.9 281.8417 516.8156 -0.180922 0.3313158
Moved 4726.916 270.3219 513.3305 -0.2075882 0.322352
Moved 4726.934 261.356 510.1335 -0.2283426 0.3141292
Moved 4726.946 248.5496 507.2333 -0.257987 0.3066699
Moved 4726.962 237.2496 505.1785 -0.2841444 0.301385
Ended 4726.978 223.3667 503.7367 -0.3162807 0.2976766
Candidates 4727.163 12 favorite favorites favored safire favors capture babies factories score habits acute facilities
Began 4727.854 435 372 0.1736111 -0.04115226
Stationary 4727.875 435 372 0.1736111 -0.04115226
Stationary 4727.89 435 372 0.1736111 -0.04115226
Stationary 4727.902 435 372 0.1736111 -0.04115226
Moved 4727.918 435 395.6818 0.1736111 0.01975758
Moved 4727.934 435 430.1135 0.1736111 0.1083164
Moved 4727.949 435 471.4376 0.1736111 0.2146028
Moved 4727.973 435 515.7573 0.1736111 0.3285939
Stationary 4727.984 435 515.7573 0.1736111 0.3285939
Ended 4727.995 435 530 0.1736111 0.3652262
Accept 4728.041 0 favorite
Began 4728.515 607 558 0.5717592 0.4372427
Stationary 4728.536 607 558 0.5717592 0.4372427
Stationary 4728.55 607 558 0.5717592 0.4372427
Stationary 4728.567 607 558 0.5717592 0.4372427
Stationary 4728.582 607 558 0.5717592 0.4372427
Stationary 4728.596 607 558 0.5717592 0.4372427
Stationary 4728.61 607 558 0.5717592 0.4372427
Stationary 4728.628 607 558 0.5717592 0.4372427
Moved 4728.643 607 543.4677 0.5717592 0.3998652
Moved 4728.658 607 537.4965 0.5717592 0.3845072
Moved 4728.674 607 528.4752 0.5717592 0.3613045
Moved 4728.69 607 523.4832 0.5717592 0.348465
Moved 4728.704 607 516.228 0.5717592 0.3298043
Moved 4728.719 607 510.4882 0.5717592 0.3150416
Moved 4728.736 607 506 0.5717592 0.3034978
Moved 4728.751 607 502.2634 0.5717592 0.2938873
Moved 4728.765 607 497.9703 0.5717592 0.2828453
Moved 4728.782 607 493.6378 0.5717592 0.271702
Moved 4728.796 607 491.795 0.5717592 0.2669623
Moved 4728.811 607 489.3403 0.5717592 0.2606489
Moved 4728.827 607 486.811 0.5717592 0.2541434
Moved 4728.843 607 485.5 0.5717592 0.2507715
Moved 4728.858 607 484.3253 0.5717592 0.2477501
Moved 4728.875 607 481.7774 0.5717592 0.241197
Moved 4728.89 607 479.437 0.5717592 0.2351775
Moved 4728.904 607 476.0239 0.5717592 0.2263987
Moved 4728.919 607 471.6955 0.5717592 0.2152661
Moved 4728.935 607 467.4694 0.5717592 0.2043965
Moved 4728.95 596.42 464.355 0.5472685 0.1963862
Moved 4728.965 595.0458 459.7277 0.5440875 0.1844846
Moved 4728.983 590.4002 455.4002 0.5333338 0.1733544
Moved 4728.997 587.3967 451.095 0.5263811 0.1622814
Moved 4729.012 582.7786 446.7786 0.5156912 0.1511793
Moved 4729.028 580.8267 443.6533 0.5111728 0.1431412
Moved 4729.043 577.7704 440.7704 0.5040982 0.1357264
Moved 4729.059 574.8908 438.9454 0.4974324 0.1310323
Moved 4729.078 572.9604 436.9604 0.492964 0.125927
Moved 4729.091 571.5309 434.5309 0.4896549 0.1196783
Moved 4729.104 569.1762 432.1762 0.4842042 0.1136219
Moved 4729.122 567.6642 430.6642 0.4807043 0.1097331
Moved 4729.137 564.4321 428.2161 0.4732223 0.1034363
Moved 4729.15 562.7702 425.5404 0.4693754 0.09655442
Moved 4729.166 561.3348 424.3348 0.4660527 0.0934536
Moved 4729.184 559.3304 421.4955 0.461413 0.08615105
Moved 4729.197 556.5602 419.7802 0.4550006 0.08173899
Moved 4729.212 553.6732 416.6732 0.4483176 0.07374787
Moved 4729.229 549.6908 413.7939 0.4390991 0.06634218
Moved 4729.245 544.2833 409.37 0.4265816 0.05496389
Moved 4729.259 539.0413 406.0275 0.4144475 0.04636706
Moved 4729.274 530.4502 403.1501 0.3945606 0.03896627
Moved 4729.29 519.7951 400.359 0.3698961 0.0317875
Moved 4729.305 507.496 399.0451 0.3414259 0.02840815
Moved 4729.322 493.0639 396.2128 0.3080184 0.02112333
Moved 4729.336 474.9485 396.1624 0.2660844 0.02099363
Moved 4729.352 455.1747 394.7267 0.2203118 0.01730126
Moved 4729.368 438.4219 392.3615 0.1815323 0.01121768
Moved 4729.385 420.3448 390.9454 0.139687 0.00757547
Moved 4729.398 404.526 389.5024 0.1030696 0.003864068
Moved 4729.414 388.3919 388.3594 0.06572197 0.0009244753
Moved 4729.429 373.2775 388 0.03073484 -3.924585E-08
Moved 4729.445 355.2427 388 -0.01101231 -3.924585E-08
Moved 4729.459 341.3287 388 -0.04322052 -3.924585E-08
Moved 4729.474 328.4156 388 -0.07311191 -3.924585E-08
Moved 4729.49 316.5903 388 -0.1004855 -3.924585E-08
Moved 4729.506 307.322 388 -0.1219399 -3.924585E-08
Moved 4729.521 297.3752 388 -0.1449649 -3.924585E-08
Moved 4729.537 285.2097 388 -0.1731257 -3.924585E-08
Moved 4729.552 275.1165 388 -0.1964897 -3.924585E-08
Moved 4729.567 266.4505 392.9692 -0.2165497 0.01278092
Moved 4729.583 259.2404 396.1519 -0.2332399 0.02096682
Moved 4729.598 252.0235 397.5953 -0.2499456 0.02467921
Moved 4729.613 245.885 398 -0.264155 0.02572008
Moved 4729.637 234.5 401.5 -0.2905093 0.03472222
Stationary 4729.647 234.5 401.5 -0.2905093 0.03472222
Moved 4729.659 230.0497 402 -0.3008109 0.03600815
Moved 4729.677 224.3278 403.418 -0.3140559 0.03965542
Moved 4729.69 221.4429 404 -0.3207339 0.04115226
Moved 4729.706 218.4104 404 -0.3277537 0.04115226
Moved 4729.721 215.5388 404 -0.334401 0.04115226
Moved 4729.736 214.1217 404 -0.3376812 0.04115226
Moved 4729.751 212.7231 404 -0.3409187 0.04115226
Moved 4729.767 211.2803 404 -0.3442585 0.04115226
Moved 4729.783 210.5 404 -0.3460648 0.04115226
Moved 4729.798 211 399.7964 -0.3449074 0.03034058
Moved 4729.813 211 393.8876 -0.3449074 0.01514305
Moved 4729.829 216.1931 384.1674 -0.3328863 -0.009857538
Moved 4729.845 227.3985 373.5771 -0.306948 -0.03709589
Moved 4729.86 238.9787 361.0213 -0.2801419 -0.06938966
Moved 4729.875 251.8908 348.1092 -0.2502528 -0.1025999
Moved 4729.89 265.0465 336.8343 -0.2197997 -0.1315991
Moved 4729.907 275.2108 329.4208 -0.1962713 -0.1506666
Moved 4729.921 287.0039 317.7466 -0.1689725 -0.180693
Moved 4729.938 296.0741 307.7468 -0.1479766 -0.2064125
Moved 4729.953 304 300 -0.1296296 -0.2263375
Moved 4729.968 308.0965 295.6776 -0.120147 -0.2374548
Moved 4729.983 312.6427 292.5715 -0.1096235 -0.2454437
Moved 4729.998 315.3133 291.3434 -0.1034414 -0.2486024
Moved 4730.013 317.0974 289.9026 -0.09931156 -0.2523082
Moved 4730.031 320 290 -0.09259259 -0.2520577
Moved 4730.045 321.9608 290 -0.08805359 -0.2520577
Moved 4730.06 324.8307 302.7379 -0.08141051 -0.2192955
Moved 4730.076 325.5233 313.8502 -0.07980709 -0.1907147
Moved 4730.091 326 329.6708 -0.07870371 -0.1500236
Moved 4730.106 326 346.8743 -0.07870371 -0.105776
Moved 4730.13 313.8322 388.0873 -0.1068699 0.0002246433
Stationary 4730.141 313.8322 388.0873 -0.1068699 0.0002246433
Moved 4730.151 305.6084 408.7108 -0.1259064 0.05326847
Moved 4730.168 299.3144 425.8854 -0.1404759 0.09744188
Moved 4730.185 291.792 443.9338 -0.157889 0.1438627
Moved 4730.199 280.8764 462.56 -0.1831565 0.1917695
Moved 4730.215 271.0764 482.9791 -0.2058416 0.2442876
Moved 4730.231 263.7172 496.1364 -0.2228769 0.2781284
Moved 4730.245 255.9113 508.1183 -0.2409461 0.3089461
Moved 4730.26 247.3528 520.9708 -0.2607575 0.3420031
Ended 4730.276 245 526 -0.2662037 0.3549381
Candidates 4730.38 12 place plane lane planet phage leave last plant lance pace glance laser
Began 4730.834 407 404 0.1087963 0.04115226
Stationary 4730.845 407 404 0.1087963 0.04115226
Stationary 4730.861 407 404 0.1087963 0.04115226
Stationary 4730.877 407 404 0.1087963 0.04115226
Stationary 4730.892 407 404 0.1087963 0.04115226
Moved 4730.907 407 433.7374 0.1087963 0.1176373
Moved 4730.923 407 456.025 0.1087963 0.1749614
Moved 4730.939 407 484.4703 0.1087963 0.2481231
Moved 4730.955 407 501.3879 0.1087963 0.2916354
Ended 4730.969 407 522.4099 0.1087963 0.3457044
Accept 4730.997 0 place
Began 4731.661 288 547 -0.1666667 0.4089505
Stationary 4731.68 288 547 -0.1666667 0.4089505
Stationary 4731.695 288 547 -0.1666667 0.4089505
Stationary 4731.71 288 547 -0.1666667 0.4089505
Stationary 4731.726 288 547 -0.1666667 0.4089505
Stationary 4731.739 288 547 -0.1666667 0.4089505
Stationary 4731.754 288 547 -0.1666667 0.4089505
Stationary 4731.77 288 547 -0.1666667 0.4089505
Moved 4731.792 305.9219 538.0391 -0.1251808 0.3859029
Stationary 4731.804 305.9219 538.0391 -0.1251808 0.3859029
Moved 4731.816 313.0968 536.5806 -0.1085723 0.3821517
Moved 4731.833 318.4437 534.1391 -0.09619523 0.3758721
Moved 4731.848 325.4981 531.4008 -0.07986555 0.368829
Moved 4731.863 331.9648 530.2588 -0.06489619 0.3658918
Moved 4731.88 338.8499 527.66 -0.04895866 0.3592078
Moved 4731.895 345.2459 526.7924 -0.03415306 0.3569762
Moved 4731.91 356.076 525.2748 -0.00908345 0.3530731
Moved 4731.925 363.8432 523.8314 0.008896391 0.3493604
Moved 4731.941 370.994 522.4012 0.025449 0.3456821
Moved 4731.957 377.1622 520.9595 0.03972729 0.3419738
Moved 4731.971 381.4374 519.5209 0.04962365 0.3382738
Moved 4731.987 389.6036 517.1586 0.06852696 0.332198
Moved 4732.001 394.9602 516.0079 0.08092651 0.3292384
Moved 4732.019 404.9946 513.1444 0.1041542 0.3218734
Moved 4732.033 411.3418 512.1317 0.1188468 0.3192686
Moved 4732.048 418.541 510.6918 0.1355115 0.3155653
Moved 4732.065 424.0191 509 0.1481923 0.3112139
Moved 4732.081 429.7655 507.8086 0.1614943 0.3081496
Moved 4732.093 434.5235 507.3691 0.1725082 0.3070193
Moved 4732.11 439.2429 507 0.1834326 0.3060699
Moved 4732.126 444.754 507 0.1961899 0.3060699
Moved 4732.14 449.8958 507 0.2080921 0.3060699
Moved 4732.155 455.2868 507 0.2205712 0.3060699
Moved 4732.172 460.5272 507 0.2327019 0.3060699
Moved 4732.188 465.7968 507 0.2449 0.3060699
Moved 4732.203 470.1998 507 0.2550921 0.3060699
Moved 4732.217 474.8634 507 0.2658876 0.3060699
Moved 4732.247 483.1201 515.3734 0.2850001 0.3276063
Moved 4732.26 487.4137 515.8046 0.2949392 0.3287154
Moved 4732.273 490.4911 517.2455 0.3020627 0.3324217
Moved 4732.286 493.3646 518 0.3087144 0.3343621
Stationary 4732.296 493.3646 518 0.3087144 0.3343621
Moved 4732.311 495.117 519.117 0.3127708 0.337235
Moved 4732.326 496.5 519 0.3159723 0.3369341
Moved 4732.342 497.6956 520 0.3187398 0.3395061
Moved 4732.356 499.1248 520 0.3220481 0.3395061
Stationary 4732.372 499.1248 520 0.3220481 0.3395061
Moved 4732.387 500 520 0.324074 0.3395061
Stationary 4732.404 500 520 0.324074 0.3395061
Moved 4732.418 501 520.8894 0.3263889 0.3417936
Ended 4732.434 502.332 521 0.3294721 0.3420781
Candidates 4732.507 12 to too rio trip ep ri tripp trio rep rip rp wp
Began 4732.911 440 380 0.1851852 -0.02057613
Stationary 4732.929 440 380 0.1851852 -0.02057613
Stationary 4732.943 440 380 0.1851852 -0.02057613
Stationary 4732.957 440 380 0.1851852 -0.02057613
Stationary 4732.972 440 380 0.1851852 -0.02057613
Moved 4732.988 440 394.4844 0.1851852 0.01667784
Moved 4733.004 440 406 0.1851852 0.04629618
Moved 4733.02 440 424.6631 0.1851852 0.09429798
Moved 4733.036 440 437.4571 0.1851852 0.1272043
Moved 4733.049 436.5959 454.3494 0.1773053 0.1706516
Moved 4733.064 433 472.1447 0.1689814 0.2164215
Ended 4733.08 430.2447 488.1541 0.1626036 0.2575979
Accept 4733.123 0 to
Began 4733.708 370 326 0.02314816 -0.1594652
Stationary 4733.73 370 326 0.02314816 -0.1594652
Stationary 4733.755 370 326 0.02314816 -0.1594652
Stationary 4733.774 370 326 0.02314816 -0.1594652
Stationary 4733.785 370 326 0.02314816 -0.1594652
Stationary 4733.794 370 326 0.02314816 -0.1594652
Stationary 4733.805 370 326 0.02314816 -0.1594652
Moved 4733.82 377.2536 338.4347 0.03993879 -0.1274829
Moved 4733.836 380.6949 347.3899 0.04790495 -0.1044499
Moved 4733.851 385.0271 357.0632 0.05793313 -0.07956995
Moved 4733.867 392.1776 369.9196 0.07448515 -0.04650312
Moved 4733.882 398.5348 381.0696 0.08920093 -0.017825
Moved 4733.897 403.0016 390.0032 0.09954074 0.005152078
Moved 4733.912 409.0851 398.399 0.113623 0.02674629
Moved 4733.93 412.6853 405.3706 0.1219568 0.04467744
Moved 4733.942 416.8358 413.6716 0.1315643 0.06602785
Moved 4733.959 424.6313 426.8101 0.1496093 0.09982007
Moved 4733.975 429.4872 437.1367 0.1608499 0.1263804
Moved 4733.989 433.8358 445.6715 0.1709161 0.148332
Moved 4734.005 438.1552 453.2587 0.1809148 0.1678465
Moved 4734.021 441.9982 461.9944 0.1898106 0.1903148
Moved 4734.036 445.1563 468.5938 0.1971209 0.2072884
Moved 4734.051 449.197 478.5253 0.2064746 0.2328326
Moved 4734.066 453.5 485.5 0.2164352 0.2507715
Moved 4734.083 455.9099 495.7746 0.2220136 0.277198
Moved 4734.105 459.6534 509.1336 0.2306793 0.3115575
Stationary 4734.116 459.6534 509.1336 0.2306793 0.3115575
Moved 4734.128 461.2654 515.0617 0.2344107 0.3268048
Moved 4734.145 461 521.5 0.2337964 0.3433641
Moved 4734.16 462.8011 527.2043 0.2379654 0.3580356
Moved 4734.175 464.2363 531.7089 0.2412878 0.3696216
Moved 4734.192 464 538.05 0.2407408 0.3859311
Moved 4734.22 465 544.5621 0.2430555 0.4026803
Moved 4734.237 465 546.0034 0.2430555 0.4063872
Moved 4734.25 465 547.4077 0.2430555 0.409999
Stationary 4734.266 465 547.4077 0.2430555 0.409999
Moved 4734.283 465 548 0.2430555 0.4115225
Stationary 4734.297 465 548 0.2430555 0.4115225
Stationary 4734.312 465 548 0.2430555 0.4115225
Moved 4734.327 453.277 548 0.2159191 0.4115225
Moved 4734.344 447.3132 548 0.2021138 0.4115225
Moved 4734.359 440.4643 538.0357 0.18626 0.3858942
Moved 4734.375 432.8394 534.3368 0.1686097 0.3763805
Moved 4734.389 422.3813 525.0411 0.1444011 0.352472
Moved 4734.405 411.2224 515.3196 0.1185704 0.3274681
Moved 4734.422 401.2879 507.3484 0.09557377 0.306966
Moved 4734.438 391.2174 499.1863 0.07226248 0.285973
Moved 4734.454 376.816 487.6528 0.0389259 0.2563085
Moved 4734.467 367.995 480.7107 0.01850694 0.2384533
Moved 4734.482 357.3889 472.3111 -0.006044259 0.2168494
Moved 4734.506 329.6166 453.0778 -0.07033184 0.167381
Stationary 4734.518 329.6166 453.0778 -0.07033184 0.167381
Moved 4734.531 319.1274 445.6624 -0.09461249 0.1483086
Moved 4734.545 309.8307 440.9153 -0.1161326 0.1360991
Moved 4734.56 302.3431 436.6058 -0.1334651 0.1250149
Moved 4734.575 294.0829 432.2498 -0.1525858 0.113811
Moved 4734.59 287.2852 428.6426 -0.1683212 0.1045335
Moved 4734.606 280.2081 425.6832 -0.1847035 0.09692176
Moved 4734.622 273.6286 422.8143 -0.1999338 0.08954275
Moved 4734.637 267.891 420.9727 -0.2132153 0.08480629
Moved 4734.652 263.5934 419.5311 -0.2231634 0.08109853
Moved 4734.668 260.2005 417.1003 -0.2310174 0.07484639
Moved 4734.685 257.3118 417 -0.2377042 0.0745884
Moved 4734.7 256.5 415.5 -0.2395834 0.07073037
Moved 4734.714 255.1171 416 -0.2427844 0.07201634
Stationary 4734.729 255 416 -0.2430556 0.07201634
Stationary 4734.744 255 416 -0.2430556 0.07201634
Stationary 4734.76 255 416 -0.2430556 0.07201634
Stationary 4734.775 255 416 -0.2430556 0.07201634
Moved 4734.791 273.6702 434.5362 -0.1998374 0.1196918
Moved 4734.806 298.3609 453.3937 -0.142683 0.1681935
Moved 4734.822 314.6342 463.3988 -0.1050134 0.1939269
Moved 4734.838 338.0889 475.0414 -0.05072022 0.2238719
Moved 4734.853 355.3697 483.6849 -0.01071831 0.246103
Moved 4734.875 380.312 498.3211 0.04701843 0.2837476
Stationary 4734.886 380.312 498.3211 0.04701843 0.2837476
Moved 4734.898 393.4287 504.1021 0.07738124 0.2986164
Moved 4734.914 402.2101 508.605 0.0977085 0.3101981
Moved 4734.931 410.9978 511.7491 0.1180504 0.3182848
Moved 4734.946 419.0851 514.634 0.136771 0.3257047
Moved 4734.961 425.0058 517.5029 0.1504763 0.3330834
Moved 4734.976 427.3649 517.6825 0.1559374 0.3335454
Moved 4734.991 429.1148 519.1148 0.159988 0.3372293
Moved 4735.007 430 519.557 0.162037 0.3383667
Moved 4735.022 430.993 520 0.1643356 0.3395061
Stationary 4735.037 431 520 0.1643519 0.3395061
Stationary 4735.053 431 520 0.1643519 0.3395061
Moved 4735.068 431 521.9507 0.1643519 0.3445233
Moved 4735.084 421.2415 523.394 0.1417627 0.3482356
Moved 4735.099 413.1664 526.6667 0.1230704 0.3566531
Moved 4735.115 400.6161 529.5298 0.09401867 0.3640169
Moved 4735.131 390.3657 531.4086 0.07029106 0.3688491
Moved 4735.146 380.1124 533.7528 0.04655639 0.3748786
Moved 4735.161 362.4258 537.8248 0.005615254 0.3853518
Moved 4735.177 352.5656 540.4299 -0.01720925 0.3920521
Moved 4735.193 340.7805 542.1525 -0.04448955 0.3964826
Moved 4735.208 331.4699 543.5883 -0.06604179 0.4001756
Ended 4735.231 314.6217 545 -0.1050422 0.4038065
Candidates 4735.344 12 visit just judy foster busy closure virtue figure budget gift fifty tissue
Began 4735.813 369 431 0.02083332 0.1105966
Stationary 4735.825 369 431 0.02083332 0.1105966
Stationary 4735.838 369 431 0.02083332 0.1105966
Moved 4735.854 369 439.0002 0.02083332 0.1311732
Moved 4735.87 369 453.9255 0.02083332 0.1695615
Moved 4735.884 382.1597 485.6387 0.05129556 0.2511283
Moved 4735.9 390.8191 515.4057 0.07134059 0.3276894
Moved 4735.916 399.5649 557.3969 0.09158543 0.4356914
Ended 4735.931 407.5 587 0.1099537 0.5118312
Accept 4735.977 0 visit
PhraseEnd 4736.635
