with each step forward
with each step forward
Basic
0.6 0.6
432 388.8
Began 515.0352 385 333 0.05787035 -0.141461
Stationary 515.0531 385 333 0.05787035 -0.141461
Stationary 515.0679 385 333 0.05787035 -0.141461
Stationary 515.0836 385 333 0.05787035 -0.141461
Stationary 515.0997 385 333 0.05787035 -0.141461
Stationary 515.1127 385 333 0.05787035 -0.141461
Stationary 515.1299 385 333 0.05787035 -0.141461
Moved 515.1437 367.1924 333 0.01664917 -0.141461
Moved 515.1597 360.6161 333 0.00142624 -0.141461
Moved 515.1763 350.2725 342.2365 -0.02251729 -0.1177044
Moved 515.192 341.8213 347.7858 -0.04208028 -0.1034317
Moved 515.2064 336.4495 350.2753 -0.05451515 -0.0970287
Moved 515.2213 330.6895 353.1553 -0.06784836 -0.08962128
Moved 515.2377 324.9236 355.0382 -0.08119538 -0.08477835
Moved 515.2518 320.1102 356.9633 -0.09233748 -0.07982701
Moved 515.2682 315.793 359.1035 -0.1023311 -0.07432231
Moved 515.2847 311.9749 361.0125 -0.1111691 -0.06941234
Moved 515.2986 307.1527 362.9491 -0.1223318 -0.06443133
Moved 515.3138 302.8087 364.3971 -0.1323873 -0.06070713
Moved 515.3289 299.5027 365.8324 -0.14004 -0.05701544
Moved 515.3447 295.1733 368.5511 -0.1500618 -0.05002284
Moved 515.3601 290.8727 370.4182 -0.1600169 -0.04522072
Moved 515.3752 288.3207 372.6793 -0.1659242 -0.03940527
Moved 515.3893 279.3828 380.3862 -0.1866138 -0.01958297
Moved 515.4065 275.0099 384.9901 -0.1967363 -0.00774152
Moved 515.4221 270.6796 389.3204 -0.2067602 0.003396179
Moved 515.4367 268 392 -0.212963 0.01028803
Moved 515.4518 265.0387 393.9612 -0.2198178 0.01533241
Moved 515.4677 263.5754 396.8491 -0.223205 0.02276008
Moved 515.4835 261 397.5 -0.2291666 0.02443408
Moved 515.4987 258.039 400.961 -0.2360208 0.03333586
Moved 515.5137 253.6892 406.7477 -0.2460897 0.04821922
Moved 515.5299 250.1256 411.7488 -0.2543389 0.06108236
Moved 515.5443 246.089 417.2147 -0.2636829 0.07514051
Moved 515.5605 243.5089 421.2367 -0.2696554 0.08548524
Moved 515.577 240.6196 426.7608 -0.2763435 0.0996933
Moved 515.5908 238 432 -0.2824074 0.1131687
Moved 515.6064 234.7107 439.5786 -0.2900214 0.1326608
Moved 515.6223 231.5785 447.0538 -0.2972721 0.1518873
Moved 515.6369 228.6924 452.6153 -0.3039529 0.1661915
Moved 515.653 226.9141 458.3437 -0.3080693 0.180925
Moved 515.6682 225.4719 461.5843 -0.3114076 0.1892599
Moved 515.6838 224.0277 465.9169 -0.3147506 0.2004034
Moved 515.6993 222.5862 470.2415 -0.3180875 0.2115263
Moved 515.7134 220.8894 473.2211 -0.3220153 0.2191901
Moved 515.7312 219.0033 478.9869 -0.3263814 0.2340198
Moved 515.7452 216.1239 484.7522 -0.3330465 0.2488482
Moved 515.7618 214.1125 489.6625 -0.3377026 0.2614777
Moved 515.7759 211.3561 495.2877 -0.344083 0.2759457
Moved 515.7916 208.4536 500.3196 -0.3508019 0.2888879
Moved 515.8071 206.7847 504.6459 -0.3546651 0.3000151
Moved 515.8221 205.761 506.4779 -0.3570346 0.304727
Moved 515.838 204.2368 508.5264 -0.360563 0.3099958
Moved 515.8527 204 511.4037 -0.3611111 0.3173963
Moved 515.868 203 512.6457 -0.3634259 0.3205907
Moved 515.8832 203 514.085 -0.3634259 0.3242925
Moved 515.8994 203 516.045 -0.3634259 0.3293338
Moved 515.9142 209.7954 518.9415 -0.3476958 0.3367837
Moved 515.9294 218.2735 523.1368 -0.3280706 0.347574
Moved 515.9444 235.9095 529.9638 -0.2872466 0.3651332
Moved 515.961 253.9433 536.6226 -0.2455017 0.3822597
Moved 515.9774 271.3824 542.4608 -0.2051333 0.3972757
Moved 515.9915 286.27 544.6155 -0.1706712 0.4028177
Moved 516.0067 300.6627 546.2663 -0.1373549 0.4070634
Moved 516.0218 313.9787 547 -0.1065309 0.4089505
Moved 516.038 324.7841 547.8649 -0.0815182 0.4111751
Moved 516.0535 342.5234 548 -0.04045501 0.4115225
Moved 516.0683 352.9651 548 -0.01628454 0.4115225
Moved 516.0836 366.4908 548 0.01502494 0.4115225
Moved 516.0993 376.1687 548 0.03742754 0.4115225
Moved 516.1144 385.2287 548 0.05839974 0.4115225
Moved 516.131 392.3978 548 0.07499497 0.4115225
Moved 516.1539 406.0551 540.9228 0.1066092 0.3933198
Stationary 516.1646 406.0551 540.9228 0.1066092 0.3933198
Moved 516.1765 413.2827 539.5435 0.1233396 0.3897722
Moved 516.1915 419.5764 539 0.1379085 0.3883744
Moved 516.2072 425.3566 537.6609 0.1512883 0.3849302
Moved 516.2228 432.1272 536 0.1669611 0.3806583
Moved 516.238 437.8954 534.7761 0.1803135 0.3775105
Moved 516.2527 440 533.5 0.1851852 0.3742283
Moved 516.2681 443.6123 533.1938 0.193547 0.3734409
Moved 516.2845 445.2445 531.7555 0.1973253 0.3697414
Moved 516.2991 446 530.3199 0.199074 0.3660491
Moved 516.3145 446 527.7488 0.199074 0.3594362
Moved 516.3306 446 522.7267 0.199074 0.3465191
Moved 516.3452 446 518.9548 0.199074 0.3368177
Moved 516.3608 446 514.6208 0.199074 0.3256708
Moved 516.3763 446 511.8638 0.199074 0.3185796
Moved 516.3916 446 507.98 0.199074 0.3085905
Moved 516.4066 446 504.6603 0.199074 0.300052
Moved 516.4227 437.9939 500.3313 0.1805415 0.2889179
Moved 516.4379 433.007 497.338 0.1689975 0.2812189
Moved 516.4523 427.1334 494.4534 0.1554013 0.2737997
Moved 516.4683 417.4829 491.5665 0.1330624 0.2663748
Moved 516.4842 410.5369 489.582 0.1169835 0.2612705
Moved 516.4988 395.477 488 0.08212257 0.2572016
Moved 516.5145 384.8766 486.8395 0.05758465 0.2542168
Moved 516.5302 374.7509 487 0.03414561 0.2546296
Moved 516.5445 364.6108 487 0.01067321 0.2546296
Moved 516.562 357.6009 487 -0.005553513 0.2546296
Moved 516.5769 349.3522 487 -0.02464776 0.2546296
Moved 516.5916 343.8292 487 -0.03743251 0.2546296
Moved 516.6069 336.5236 487 -0.05434354 0.2546296
Moved 516.6229 332.286 487 -0.06415283 0.2546296
Moved 516.6378 329.2371 487 -0.07121036 0.2546296
Moved 516.6535 325.3572 487 -0.08019164 0.2546296
Moved 516.6684 323.7361 487 -0.0839441 0.2546296
Moved 516.687 321.2947 487 -0.08959552 0.2546296
Moved 516.699 320.1533 487 -0.09223774 0.2546296
Moved 516.7148 319.5 487 -0.09375001 0.2546296
Moved 516.7304 318.3219 487 -0.09647708 0.2546296
Moved 516.7456 317.5 487 -0.09837966 0.2546296
Moved 516.7603 318 487 -0.09722222 0.2546296
Moved 516.7755 316.9948 487 -0.09954919 0.2546296
Stationary 516.7908 317 487 -0.09953702 0.2546296
Moved 516.8084 317 494 -0.09953702 0.2726337
Stationary 516.8237 317 494 -0.09953702 0.2726337
Moved 516.8378 317 495.4667 -0.09953702 0.2764061
Moved 516.8576 317 496 -0.09953702 0.2777777
Moved 516.8696 317 497.348 -0.09953702 0.2812446
Moved 516.8855 317 498.5 -0.09953702 0.2842077
Moved 516.8993 317 499.1185 -0.09953702 0.2857986
Moved 516.9144 317 500.5 -0.09953702 0.2893518
Moved 516.9296 317 501.7853 -0.09953702 0.2926575
Moved 516.9459 317 502.5 -0.09953702 0.2944958
Moved 516.9604 317 503.6719 -0.09953702 0.2975101
Moved 516.975 317 504.5 -0.09953702 0.2996398
Stationary 516.9921 317 504.5 -0.09953702 0.2996398
Moved 517.0077 317 504.9699 -0.09953702 0.3008485
Stationary 517.0233 317 505 -0.09953702 0.3009258
Stationary 517.0386 317 505 -0.09953702 0.3009258
Stationary 517.0535 317 505 -0.09953702 0.3009258
Stationary 517.069 317 505 -0.09953702 0.3009258
Stationary 517.084 317 505 -0.09953702 0.3009258
Stationary 517.0984 317 505 -0.09953702 0.3009258
Stationary 517.1136 317 505 -0.09953702 0.3009258
Stationary 517.1305 317 505 -0.09953702 0.3009258
Stationary 517.1452 317 505 -0.09953702 0.3009258
Stationary 517.1592 317 505 -0.09953702 0.3009258
Stationary 517.1756 317 505 -0.09953702 0.3009258
Stationary 517.1926 317 505 -0.09953702 0.3009258
Stationary 517.2059 317 505 -0.09953702 0.3009258
Stationary 517.2219 317 505 -0.09953702 0.3009258
Moved 517.2365 323.2345 495.3281 -0.0851054 0.2760495
Moved 517.2534 325.96 491.08 -0.07879629 0.2651234
Moved 517.2692 328.842 481.053 -0.07212504 0.2393339
Moved 517.2847 332.732 471.67 -0.06312048 0.2152006
Moved 517.2997 336.9329 460.5123 -0.05339617 0.1865028
Moved 517.3143 340.9887 452.517 -0.0440077 0.1659387
Moved 517.3308 345.5312 443.9377 -0.0334927 0.1438726
Moved 517.3456 349.2407 437.8983 -0.0249058 0.1283392
Moved 517.3616 353.266 431.101 -0.01558801 0.1108564
Moved 517.3759 357.5736 425.2351 -0.005616596 0.09576923
Moved 517.3922 360.6529 418.0413 0.001511375 0.07726657
Moved 517.4134 367.0487 407.4269 0.01631647 0.04996637
Stationary 517.423 367.0487 407.4269 0.01631647 0.04996637
Moved 517.4382 369.9286 401.1786 0.02298276 0.03389547
Moved 517.4529 374.2616 396.7385 0.03301293 0.02247543
Moved 517.4687 376 393.5 0.03703703 0.01414597
Moved 517.485 379.9278 388.1083 0.04612923 0.0002784494
Moved 517.5078 386.6886 379.4671 0.06177912 -0.02194683
Stationary 517.5187 386.6886 379.4671 0.06177912 -0.02194683
Moved 517.5297 389.5686 375.1471 0.06844579 -0.03305796
Moved 517.5462 391.4496 372.5504 0.07279991 -0.03973658
Moved 517.5605 393.154 369.6921 0.07674525 -0.04708835
Moved 517.5767 394.5 368.5 0.07986108 -0.0501544
Moved 517.5923 395.365 366.635 0.0818633 -0.0549511
Ended 517.6082 397.1211 363.7579 0.08592834 -0.06235131
Candidates 517.7427 12 drug network faith jewish stuff brief seth varied married keith carried grid
Began 518.8231 453 343 0.2152778 -0.1157408
Stationary 518.8392 453 343 0.2152778 -0.1157408
Stationary 518.8521 453 343 0.2152778 -0.1157408
Stationary 518.8677 453 343 0.2152778 -0.1157408
Ended 518.8858 453 343 0.2152778 -0.1157408
NextCandidatePanel 518.9441
Began 519.343 450 338 0.2083333 -0.1286009
Stationary 519.3612 450 338 0.2083333 -0.1286009
Stationary 519.3771 450 338 0.2083333 -0.1286009
Stationary 519.3926 450 338 0.2083333 -0.1286009
Stationary 519.4084 450 338 0.2083333 -0.1286009
Stationary 519.4246 450 338 0.2083333 -0.1286009
Stationary 519.4393 450 338 0.2083333 -0.1286009
Ended 519.4535 450 338 0.2083333 -0.1286009
NextCandidatePanel 519.5128
Began 519.7765 439 334 0.1828703 -0.1388889
Stationary 519.7931 439 334 0.1828703 -0.1388889
Stationary 519.8091 439 334 0.1828703 -0.1388889
Stationary 519.8242 439 334 0.1828703 -0.1388889
Stationary 519.8386 439 334 0.1828703 -0.1388889
Ended 519.8547 439 334 0.1828703 -0.1388889
NextCandidatePanel 519.9135
Began 520.2346 433 323 0.1689814 -0.1671811
Stationary 520.2553 433 323 0.1689814 -0.1671811
Stationary 520.2697 433 323 0.1689814 -0.1671811
Stationary 520.285 433 323 0.1689814 -0.1671811
Stationary 520.2999 433 323 0.1689814 -0.1671811
Stationary 520.3169 433 323 0.1689814 -0.1671811
Stationary 520.3325 433 323 0.1689814 -0.1671811
Stationary 520.3463 433 323 0.1689814 -0.1671811
Ended 520.3618 433 323 0.1689814 -0.1671811
NextCandidatePanel 520.4206
Began 520.7763 443 335 0.1921296 -0.1363169
Stationary 520.7982 443 335 0.1921296 -0.1363169
Stationary 520.8096 443 335 0.1921296 -0.1363169
Ended 520.8246 443 335 0.1921296 -0.1363169
NextCandidatePanel 520.8692
Began 520.9139 440 336 0.1851852 -0.1337449
Stationary 520.9335 440 336 0.1851852 -0.1337449
Stationary 520.9478 440 336 0.1851852 -0.1337449
Stationary 520.963 440 336 0.1851852 -0.1337449
Ended 520.9847 440 336 0.1851852 -0.1337449
Cancel 521.021
Began 521.3311 385 359 0.05787035 -0.07458848
Stationary 521.3491 385 359 0.05787035 -0.07458848
Stationary 521.3654 385 359 0.05787035 -0.07458848
Stationary 521.3801 385 359 0.05787035 -0.07458848
Stationary 521.3947 385 359 0.05787035 -0.07458848
Stationary 521.4083 385 359 0.05787035 -0.07458848
Stationary 521.4256 385 359 0.05787035 -0.07458848
Stationary 521.4445 385 359 0.05787035 -0.07458848
Moved 521.4586 374.9712 359 0.03465543 -0.07458848
Moved 521.4801 366.3399 371.6602 0.01467566 -0.04202642
Stationary 521.4919 366.3399 371.6602 0.01467566 -0.04202642
Moved 521.5061 362.0043 374.6638 0.004639626 -0.03430096
Moved 521.5201 356.7025 379.2975 -0.00763307 -0.02238309
Moved 521.548 345 392 -0.03472224 0.01028803
Moved 521.5625 339.9177 397.0823 -0.04648675 0.02335972
Moved 521.5784 334.1388 401.6459 -0.05986398 0.03509753
Moved 521.5924 326.7071 408.6343 -0.07706687 0.05307162
Moved 521.6089 318.3753 414.4164 -0.09635345 0.06794341
Moved 521.6241 310 420 -0.1157407 0.08230445
Moved 521.6399 303.1232 424.9261 -0.1316593 0.09497438
Moved 521.6546 295.9169 430.6664 -0.1483404 0.1097387
Moved 521.6698 291.2112 434.431 -0.1592334 0.1194213
Moved 521.6852 282.38 442.6833 -0.1796759 0.1406464
Moved 521.706 274.0276 450.9724 -0.1990101 0.1619659
Moved 521.7169 268.8389 456.1611 -0.211021 0.1753114
Moved 521.7327 263.3293 460.5031 -0.2237749 0.186479
Moved 521.7488 259.1704 464.8296 -0.2334017 0.1976069
Moved 521.7623 254.8783 468.0811 -0.2433371 0.2059699
Moved 521.7797 252.7588 470.2412 -0.2482436 0.2115256
Moved 521.7925 247.5868 473.2066 -0.2602157 0.2191527
Moved 521.8096 240.7889 478.1689 -0.2759516 0.2319157
Moved 521.8249 230.6136 486.9026 -0.2995054 0.254379
Moved 521.8392 219.5522 497.5168 -0.3251106 0.2816789
Moved 521.8547 212.1379 504.8621 -0.3422733 0.3005713
Moved 521.8695 205.7467 510.44 -0.3570678 0.3149176
Moved 521.8856 201.2846 513.7866 -0.3673968 0.323525
Moved 521.9008 198.3094 516.6906 -0.3742838 0.3309943
Backspace 521.9008
Moved 521.9164 193.6313 519.7896 -0.3851127 0.3389648
Moved 521.933 191.7726 522.4549 -0.3894154 0.3458202
Moved 521.9467 188.7134 523.6433 -0.3964968 0.3488767
Moved 521.9646 186.9157 525.0844 -0.4006582 0.3525831
Moved 521.9944 185 527 -0.4050926 0.3575102
Moved 522.0089 183.8991 528.1008 -0.4076409 0.3603415
Stationary 522.0255 183.8991 528.1008 -0.4076409 0.3603415
Moved 522.0411 184 529.374 -0.4074074 0.363616
Moved 522.056 184 530.2111 -0.4074074 0.3657691
Moved 522.0754 192.6275 531.8627 -0.3874362 0.3700172
Moved 522.0871 205.7391 533.3043 -0.3570855 0.373725
Moved 522.1023 222.5 536 -0.318287 0.3806583
Moved 522.1175 247.151 539.7001 -0.2612247 0.390175
Moved 522.1331 273.2213 540 -0.2008767 0.3909464
Moved 522.1478 287.2719 540 -0.1683521 0.3909464
Moved 522.1636 300.5345 540 -0.1376517 0.3909464
Moved 522.1786 310.2902 540 -0.115069 0.3909464
Moved 522.1942 320.3701 540 -0.09173592 0.3909464
Moved 522.2101 334.9289 529.5498 -0.05803496 0.3640683
Moved 522.2255 343.2074 530.8714 -0.03887171 0.3674675
Moved 522.2407 358.0433 528.9957 -0.004529407 0.3626431
Moved 522.256 370.8882 526.136 0.02520402 0.3552879
Moved 522.2711 382.8079 526.1192 0.05279601 0.3552448
Moved 522.287 395.8934 524.6785 0.08308668 0.3515394
Moved 522.3026 408.853 524.2386 0.1130856 0.3504078
Moved 522.3179 419.3865 524 0.1374688 0.3497942
Moved 522.3326 426.6898 524 0.1543745 0.3497942
Moved 522.3483 434.4958 523 0.1724441 0.3472221
Moved 522.3637 441.9359 521.8128 0.1896663 0.3441687
Moved 522.3788 448.5428 522 0.2049603 0.3446501
Moved 522.3945 452.1515 522 0.2133136 0.3446501
Moved 522.4105 456.0315 522 0.2222951 0.3446501
Moved 522.4309 458.906 522 0.2289491 0.3446501
Moved 522.442 460.0285 522 0.2315475 0.3446501
Moved 522.4568 461.4786 522 0.2349043 0.3446501
Moved 522.4717 462.9188 522 0.238238 0.3446501
Moved 522.4875 464.3586 522 0.2415708 0.3446501
Moved 522.503 465.7906 521 0.2448856 0.3420781
Moved 522.5176 468.4884 519.7558 0.2511306 0.3388779
Moved 522.5327 471.342 519 0.257736 0.3369341
Moved 522.5488 473.7077 518.1462 0.2632122 0.334738
Moved 522.5642 477.7609 516.7463 0.2725947 0.3311376
Moved 522.579 479.6955 516.3046 0.2770728 0.3300014
Moved 522.5941 481.1427 516 0.280423 0.329218
Moved 522.6098 482.5 516 0.2835648 0.329218
Ended 522.6248 482.5 516 0.2835648 0.329218
Candidates 522.7463 12 hero ferry veto ceo hey dru neo grey keep metro dry step
Backspace 523.9625
Began 524.9626 263 495 -0.2245371 0.2752057
Stationary 524.9828 263 495 -0.2245371 0.2752057
Stationary 524.9974 263 495 -0.2245371 0.2752057
Stationary 525.0186 263 495 -0.2245371 0.2752057
Stationary 525.0287 263 495 -0.2245371 0.2752057
Stationary 525.0416 263 495 -0.2245371 0.2752057
Stationary 525.0569 263 495 -0.2245371 0.2752057
Stationary 525.0713 263 495 -0.2245371 0.2752057
Stationary 525.0885 263 495 -0.2245371 0.2752057
Stationary 525.1039 263 495 -0.2245371 0.2752057
Stationary 525.1194 263 495 -0.2245371 0.2752057
Stationary 525.1349 263 495 -0.2245371 0.2752057
Stationary 525.1502 263 495 -0.2245371 0.2752057
Stationary 525.1641 263 495 -0.2245371 0.2752057
Stationary 525.1813 263 495 -0.2245371 0.2752057
Stationary 525.1949 263 495 -0.2245371 0.2752057
Moved 525.2102 255.8606 495 -0.2410635 0.2752057
Moved 525.2274 252.7648 495 -0.2482296 0.2752057
Moved 525.2412 251.3233 495 -0.2515664 0.2752057
Moved 525.2576 248.7638 495 -0.2574913 0.2752057
Moved 525.2744 247.4404 495 -0.2605546 0.2752057
Moved 525.2887 245.999 495 -0.2638912 0.2752057
Moved 525.3034 244.935 495 -0.2663543 0.2752057
Moved 525.3256 238.0636 495 -0.2822601 0.2752057
Stationary 525.337 238.0636 495 -0.2822601 0.2752057
Moved 525.3495 233.7714 495 -0.2921959 0.2752057
Moved 525.3658 226.7085 495 -0.3085452 0.2752057
Moved 525.3818 222.108 495 -0.3191943 0.2752057
Moved 525.3958 216.7968 495 -0.3314889 0.2752057
Moved 525.4121 213.2932 495 -0.339599 0.2752057
Moved 525.4266 210.3647 495 -0.346378 0.2752057
Moved 525.4415 206.4824 495 -0.3553647 0.2752057
Moved 525.4575 203.6009 503.3967 -0.3620349 0.2968022
Moved 525.4718 202.3609 502.6391 -0.3649054 0.2948535
Moved 525.4879 200.9296 503 -0.3682185 0.2957818
Stationary 525.5039 201 503 -0.3680556 0.2957818
Moved 525.5186 199.5 504.5 -0.3715278 0.2996398
Stationary 525.5349 199.5 504.5 -0.3715278 0.2996398
Stationary 525.5494 199.5 504.5 -0.3715278 0.2996398
Moved 525.5645 200 505.8928 -0.3703704 0.3032222
Moved 525.5806 217.994 510.1525 -0.3287175 0.3141781
Moved 525.5967 240.9829 518.9351 -0.2755026 0.3367672
Moved 525.6162 273.3693 531.4923 -0.2005341 0.3690645
Moved 525.6306 300 538 -0.1388889 0.3858024
Moved 525.6429 317.8649 543.1639 -0.09753501 0.3990841
Moved 525.6575 333.3244 544 -0.06174907 0.4012345
Moved 525.6731 345.6837 544 -0.03313964 0.4012345
Moved 525.6889 355.787 544 -0.009752215 0.4012345
Moved 525.7037 366.4406 539.5593 0.01490891 0.389813
Moved 525.719 377.9851 532.0074 0.04163215 0.3703894
Moved 525.7361 388.0771 529.1208 0.0649934 0.3629649
Moved 525.7514 395.9069 526.8837 0.08311789 0.3572111
Moved 525.7655 405.918 524.0234 0.1062918 0.3498544
Moved 525.7814 413.6068 521.131 0.1240899 0.3424152
Moved 525.7967 422.2642 517.3679 0.1441302 0.3327362
Moved 525.812 430.931 515.6782 0.1641921 0.3283903
Moved 525.8282 438.562 511.4793 0.1818566 0.3175907
Moved 525.8416 445.985 509.803 0.1990393 0.3132792
Moved 525.858 451.0916 507.5634 0.2108602 0.3075189
Moved 525.8737 456.8135 507.2966 0.2241053 0.3068328
Moved 525.8945 462.5476 507 0.2373787 0.3060699
Moved 525.9061 466.7158 507 0.2470273 0.3060699
Moved 525.9191 471.0708 507 0.2571083 0.3060699
Moved 525.9348 473.902 507 0.2636619 0.3060699
Moved 525.9516 476.7839 507 0.2703331 0.3060699
Moved 525.968 478.0336 507 0.273226 0.3060699
Moved 525.9811 479.4833 507 0.2765818 0.3060699
Moved 525.9957 480.9227 507 0.2799136 0.3060699
Moved 526.0121 482.3634 507 0.2832486 0.3060699
Moved 526.028 483.5 507 0.2858797 0.3060699
Moved 526.0422 484.1174 507 0.2873088 0.3060699
Stationary 526.0575 484.1174 507 0.2873088 0.3060699
Moved 526.0737 485.375 507 0.29022 0.3060699
Stationary 526.0909 485.375 507 0.29022 0.3060699
Stationary 526.1049 485.375 507 0.29022 0.3060699
Stationary 526.1194 485.375 507 0.29022 0.3060699
Stationary 526.144 485.375 507 0.29022 0.3060699
Stationary 526.1743 485.375 507 0.29022 0.3060699
Stationary 526.185 485.375 507 0.29022 0.3060699
Stationary 526.1979 485 507 0.2893518 0.3060699
Stationary 526.2096 485 507 0.2893518 0.3060699
Stationary 526.226 485 507 0.2893518 0.3060699
Stationary 526.2424 485 507 0.2893518 0.3060699
Moved 526.2576 473.0551 512.1535 0.2617017 0.3193248
Moved 526.2734 467.3352 515.1662 0.2484612 0.3270735
Moved 526.2895 459 516.5 0.2291666 0.3305041
Moved 526.3044 449.4804 516 0.2071306 0.329218
Moved 526.32 432.8433 516 0.1686187 0.329218
Moved 526.3357 418.1852 517 0.134688 0.33179
Moved 526.3512 404.5472 517 0.1031186 0.33179
Moved 526.366 391.5381 517 0.07300477 0.33179
Moved 526.3818 380.4535 517 0.04734606 0.33179
Moved 526.3967 366.2007 517 0.01435339 0.33179
Moved 526.4119 360.5943 517 0.001375675 0.33179
Moved 526.4345 338.5179 509 -0.04972711 0.3112139
Stationary 526.4456 338.5179 509 -0.04972711 0.3112139
Moved 526.4584 330.4451 509 -0.06841406 0.3112139
Moved 526.4734 324.0767 509 -0.08315572 0.3112139
Moved 526.4894 318.3336 509 -0.09645011 0.3112139
Moved 526.5037 312.5577 509 -0.1098201 0.3112139
Moved 526.5203 309.4284 509 -0.1170638 0.3112139
Moved 526.5364 304.9241 509 -0.1274905 0.3112139
Moved 526.5507 301.7346 509 -0.1348736 0.3112139
Moved 526.566 298.8471 509 -0.1415576 0.3112139
Moved 526.5817 296.9857 509 -0.1458665 0.3112139
Moved 526.5974 295.5492 509 -0.1491916 0.3112139
Moved 526.6117 294.1068 509 -0.1525305 0.3112139
Moved 526.6279 293.5 509 -0.1539352 0.3112139
Moved 526.6434 292.8142 509 -0.1555227 0.3112139
Moved 526.659 293 506.2317 -0.1550926 0.3040938
Moved 526.6746 293 502.0251 -0.1550926 0.2932743
Moved 526.6952 301.4831 493.3644 -0.1354557 0.2709988
Stationary 526.7066 301.4831 493.3644 -0.1354557 0.2709988
Moved 526.7195 306.2033 487.7966 -0.1245293 0.2566785
Moved 526.7362 310.3731 483.627 -0.1148771 0.245954
Moved 526.7521 317.9284 478.381 -0.09738789 0.2324614
Moved 526.7665 324.978 472.2133 -0.08106951 0.2165978
Moved 526.7816 334.3388 465.758 -0.0594009 0.1999947
Moved 526.7985 344.4208 460.0452 -0.03606294 0.1853015
Moved 526.8134 351.5308 454.3128 -0.01960457 0.1705576
Moved 526.827 358.8672 448.5062 -0.002622108 0.155623
Moved 526.8428 366.6919 443.9234 0.01549045 0.1438359
Moved 526.8595 374.5916 435.4764 0.03377686 0.1221102
Moved 526.8749 380.4911 429.5089 0.04743308 0.1067615
Moved 526.8893 387.0481 419.7134 0.0626113 0.08156741
Moved 526.9052 391.7652 414.2348 0.07353057 0.0674763
Moved 526.9273 399.2728 398.318 0.0909093 0.02653801
Stationary 526.9384 399.2728 398.318 0.0909093 0.02653801
Moved 526.9496 402 394.5 0.09722222 0.01671807
Moved 526.9659 403.3362 390.9957 0.1003153 0.007704903
Moved 526.9816 405.1099 387.7803 0.104421 -0.0005651796
Moved 526.9974 406.5 385 0.1076389 -0.007716127
Moved 527.0121 406.9915 382.0169 0.1087767 -0.01538869
Moved 527.0271 407 379.1353 0.1087963 -0.02280035
Moved 527.0417 407.8735 377.1265 0.1108183 -0.02796675
Ended 527.0587 408.5 376.5 0.1122685 -0.02957819
Candidates 527.1818 12 with worth work truth worn depth ruth growth weigh wish south written
Began 527.6424 412 447 0.1203704 0.1517489
Stationary 527.6587 412 447 0.1203704 0.1517489
Stationary 527.6749 412 447 0.1203704 0.1517489
Stationary 527.6932 412 447 0.1203704 0.1517489
Stationary 527.709 412 447 0.1203704 0.1517489
Ended 527.7205 412 447 0.1203704 0.1517489
NextCandidatePanel 527.784
Began 528.69 428 401 0.1574074 0.03343609
Stationary 528.7062 428 401 0.1574074 0.03343609
Stationary 528.7202 428 401 0.1574074 0.03343609
Stationary 528.7351 428 401 0.1574074 0.03343609
Stationary 528.7509 428 401 0.1574074 0.03343609
Stationary 528.7661 428 401 0.1574074 0.03343609
Ended 528.7817 428 401 0.1574074 0.03343609
NextCandidatePanel 528.8444
Began 528.9331 413 394 0.1226852 0.01543206
Stationary 528.9526 413 394 0.1226852 0.01543206
Stationary 528.9719 413 394 0.1226852 0.01543206
Stationary 528.9829 413 394 0.1226852 0.01543206
Ended 528.9982 413 394 0.1226852 0.01543206
NextCandidatePanel 529.0414
Began 529.2421 414 360 0.125 -0.07201654
Stationary 529.2598 414 360 0.125 -0.07201654
Stationary 529.2746 414 360 0.125 -0.07201654
Stationary 529.2906 414 360 0.125 -0.07201654
Stationary 529.3046 414 360 0.125 -0.07201654
Moved 529.3206 414 372.361 0.125 -0.04022394
Moved 529.3363 414 393.3932 0.125 0.01387149
Moved 529.3523 414 432.7735 0.125 0.1151581
Moved 529.3672 414 472.272 0.125 0.216749
Moved 529.3839 449.1225 573.3265 0.206302 0.4766628
Ended 529.399 467 621 0.2476852 0.5992797
Accept 529.4257 0 with
Began 530.2422 409 333 0.113426 -0.141461
Stationary 530.2603 409 333 0.113426 -0.141461
Stationary 530.2784 409 333 0.113426 -0.141461
Stationary 530.2892 409 333 0.113426 -0.141461
Stationary 530.305 409 333 0.113426 -0.141461
Stationary 530.3219 409 333 0.113426 -0.141461
Stationary 530.3387 409 333 0.113426 -0.141461
Stationary 530.352 409 333 0.113426 -0.141461
Moved 530.3668 394.0194 340.1651 0.07874857 -0.1230322
Moved 530.383 389.245 345.7551 0.06769668 -0.1086547
Moved 530.3991 383.2168 352.479 0.05374262 -0.09136058
Moved 530.4138 376.5381 359.462 0.03828257 -0.07340034
Moved 530.4381 363.1666 371.8334 0.007330179 -0.0415809
Stationary 530.4482 363.1666 371.8334 0.007330179 -0.0415809
Moved 530.4597 357.3511 380.4733 -0.006131679 -0.0193588
Moved 530.4756 352.4969 386.5051 -0.0173682 -0.003844877
Moved 530.4906 347.2715 392.7285 -0.02946402 0.01216162
Moved 530.507 342.823 399.9617 -0.03976156 0.03076553
Moved 530.5219 339.5071 404.4929 -0.0474373 0.04241994
Moved 530.5369 335.172 410.104 -0.05747229 0.05685178
Moved 530.5521 330.8681 416.8425 -0.06743486 0.07418342
Moved 530.5679 326.5515 424.897 -0.07742713 0.09489974
Moved 530.5843 322.094 431.3589 -0.08774528 0.1115198
Moved 530.5984 315.088 441.0959 -0.1039629 0.1365635
Moved 530.615 309.2758 450.0863 -0.1174172 0.1596869
Moved 530.6299 303.5089 458.4911 -0.1307663 0.1813042
Moved 530.6458 297.7873 466.3191 -0.1440109 0.2014379
Moved 530.6671 283.2618 487.5418 -0.1776346 0.2560231
Stationary 530.678 283.2618 487.5418 -0.1776346 0.2560231
Moved 530.69 276.789 497.3164 -0.192618 0.2811635
Moved 530.7064 268.0197 508.9736 -0.2129173 0.311146
Moved 530.7226 261.3799 516.6201 -0.2282873 0.3308129
Moved 530.7377 256.9042 523.8263 -0.2386476 0.3493474
Moved 530.7525 250.5643 530.2476 -0.2533233 0.365863
Moved 530.7678 246.2384 537.2693 -0.263337 0.383923
Moved 530.7836 240.9314 542.7581 -0.2756217 0.3980403
Moved 530.7998 238.3402 546.4896 -0.2816198 0.4076379
Moved 530.8146 235.5947 549.4053 -0.2879751 0.415137
Moved 530.8301 232.7037 553.2963 -0.2946674 0.4251448
Moved 530.8463 230.9105 555.0895 -0.2988183 0.4297568
Moved 530.867 227.0276 558.9724 -0.3078065 0.4397437
Moved 530.884 225.5861 560.4139 -0.3111432 0.4434513
Stationary 530.8947 225.5861 560.4139 -0.3111432 0.4434513
Moved 530.9063 224.3528 560 -0.3139981 0.4423867
Moved 530.9219 222.0632 560 -0.3192981 0.4423867
Moved 530.9379 215.8929 555.3645 -0.3335811 0.4304641
Moved 530.9545 208.7022 542.9831 -0.3502263 0.398619
Moved 530.9678 200.2166 530.3248 -0.3698691 0.3660617
Moved 530.985 192.0364 515.3318 -0.3888046 0.3274995
Moved 530.998 183.9572 501.2619 -0.4075066 0.2913114
Moved 531.0137 177.5 491 -0.4224537 0.2649176
Moved 531.0296 171.1636 473.9089 -0.4371214 0.220959
Moved 531.045 166.5384 461.7689 -0.4478279 0.1897347
Moved 531.0646 163.8105 454.0263 -0.4541423 0.1698207
Moved 531.0772 160.9382 445.8147 -0.4607911 0.1487003
Moved 531.0912 159.5318 438.6592 -0.4640467 0.1302962
Moved 531.1068 157.1786 426.8035 -0.4694941 0.09980319
Moved 531.122 157 416.5064 -0.4699074 0.07331891
Moved 531.1369 157 410.0372 -0.4699074 0.05667989
Moved 531.1524 157 403.2481 -0.4699074 0.03921834
Moved 531.1676 157 396.1026 -0.4699074 0.02083998
Moved 531.1835 169.9432 390.8807 -0.4399463 0.007409068
Moved 531.199 177.3266 386.204 -0.4228552 -0.004619276
Moved 531.2147 186.8661 381.2194 -0.4007729 -0.01743984
Moved 531.2307 195.8718 375.4188 -0.3799263 -0.03235915
Moved 531.2454 203.3242 370.0541 -0.3626754 -0.04615713
Moved 531.2648 215.7893 359.2107 -0.333821 -0.07404657
Moved 531.2782 224.8014 351.3322 -0.3129597 -0.0943103
Moved 531.2924 233.4432 344.1307 -0.2929555 -0.1128327
Moved 531.3074 242.9868 334.015 -0.2708638 -0.1388503
Moved 531.3244 250.2186 323.8939 -0.2541235 -0.1648819
Moved 531.3386 259.292 310.062 -0.2331203 -0.200458
Moved 531.3539 263.9141 302.1503 -0.2224211 -0.2208068
Moved 531.3682 271.0417 289.325 -0.2059221 -0.2537937
Moved 531.3846 273.7077 283.5845 -0.1997506 -0.2685584
Moved 531.3999 277.8417 276.5972 -0.1901812 -0.28653
Moved 531.4151 280.4563 266.6311 -0.1841289 -0.3121629
Moved 531.4307 283.339 259.1525 -0.1774561 -0.3313979
Moved 531.4503 285.6099 253.1704 -0.1721994 -0.346784
Moved 531.4623 287.598 249.603 -0.1675973 -0.3559594
Moved 531.4767 289.1767 245.47 -0.1639429 -0.3665896
Moved 531.4925 290.6181 242.7638 -0.1606063 -0.37355
Moved 531.5069 292.0625 240.9375 -0.1572627 -0.3782471
Moved 531.5222 292 239.5004 -0.1574074 -0.3819436
Moved 531.5382 293 239 -0.1550926 -0.3832304
Moved 531.5543 294.3781 237.6219 -0.1519025 -0.3867748
Moved 531.5702 295.5 238 -0.1493056 -0.3858025
Moved 531.584 298.7544 238 -0.1417722 -0.3858025
Moved 531.6 303.0788 250.2363 -0.1317621 -0.3543305
Moved 531.6155 308.1902 255.1902 -0.1199301 -0.341589
Moved 531.6373 324.455 279.5005 -0.08228019 -0.2790624
Stationary 531.6477 324.455 279.5005 -0.08228019 -0.2790624
Moved 531.6617 334.8568 293.1016 -0.05820195 -0.2440803
Moved 531.6767 349 310 -0.02546296 -0.2006174
Moved 531.6928 358.601 325.4016 -0.00323832 -0.1610043
Moved 531.7095 367.8289 341.5197 0.01812249 -0.1195482
Moved 531.7236 373.3448 352.1035 0.0308908 -0.09232658
Moved 531.7379 378.0971 361.1943 0.04189153 -0.06894484
Moved 531.7521 382.3716 369.7431 0.051786 -0.04695711
Moved 531.7677 387.7458 378.4917 0.06422649 -0.0244555
Moved 531.7834 392.0702 389.8538 0.07423659 0.004767979
Moved 531.798 395.0341 392.3788 0.08109737 0.01126219
Moved 531.8186 398.7072 399.512 0.08959998 0.02960884
Moved 531.8303 401.6877 404.0316 0.09649922 0.04123338
Moved 531.8448 402.7847 407.5693 0.09903858 0.05033261
Moved 531.8608 404.2232 410.4464 0.1023685 0.05773234
Moved 531.8772 405.6672 413.3344 0.105711 0.06516029
Ended 531.8914 406 415.1096 0.1064815 0.06972615
Candidates 532.0018 12 beach heavy meant branch crack heck teach neck stack next fresh break
Began 532.8116 434 408 0.1712963 0.05144025
Stationary 532.8328 434 408 0.1712963 0.05144025
Stationary 532.8462 434 408 0.1712963 0.05144025
Stationary 532.8617 434 408 0.1712963 0.05144025
Stationary 532.8849 434 408 0.1712963 0.05144025
Ended 532.895 434 408 0.1712963 0.05144025
NextCandidatePanel 532.9507
Began 533.5815 426 398 0.1527777 0.02572008
Stationary 533.6 426 398 0.1527777 0.02572008
Stationary 533.6139 426 398 0.1527777 0.02572008
Stationary 533.6309 426 398 0.1527777 0.02572008
Stationary 533.6478 426 398 0.1527777 0.02572008
Stationary 533.6642 426 398 0.1527777 0.02572008
Ended 533.6766 426 398 0.1527777 0.02572008
NextCandidatePanel 533.7224
Began 534.2744 427 373 0.1550926 -0.03858032
Stationary 534.2924 427 373 0.1550926 -0.03858032
Stationary 534.3085 427 373 0.1550926 -0.03858032
Stationary 534.3252 427 373 0.1550926 -0.03858032
Ended 534.3387 427 373 0.1550926 -0.03858032
NextCandidatePanel 534.398
Began 534.8384 420 363 0.1388889 -0.06430049
Stationary 534.85 420 363 0.1388889 -0.06430049
Stationary 534.8618 420 363 0.1388889 -0.06430049
Stationary 534.8779 420 363 0.1388889 -0.06430049
Stationary 534.8933 420 363 0.1388889 -0.06430049
Stationary 534.9163 420 363 0.1388889 -0.06430049
Stationary 534.9263 420 363 0.1388889 -0.06430049
Ended 534.9387 420 363 0.1388889 -0.06430049
Began 534.9982 422 372 0.1435185 -0.04115226
NextCandidatePanel 534.9982
Stationary 535.0154 422 372 0.1435185 -0.04115226
Stationary 535.0331 422 372 0.1435185 -0.04115226
Stationary 535.048 422 372 0.1435185 -0.04115226
Stationary 535.0625 422 372 0.1435185 -0.04115226
Stationary 535.0784 422 372 0.1435185 -0.04115226
Stationary 535.0938 422 372 0.1435185 -0.04115226
Stationary 535.1138 422 372 0.1435185 -0.04115226
Ended 535.1263 422 372 0.1435185 -0.04115226
Cancel 535.1841
Backspace 536.5563
Began 537.5403 346 382 -0.03240739 -0.01543218
Stationary 537.564 346 382 -0.03240739 -0.01543218
Stationary 537.5754 346 382 -0.03240739 -0.01543218
Stationary 537.5869 346 382 -0.03240739 -0.01543218
Stationary 537.6024 346 382 -0.03240739 -0.01543218
Stationary 537.6168 346 382 -0.03240739 -0.01543218
Stationary 537.6383 346 382 -0.03240739 -0.01543218
Moved 537.6498 330.9763 395.2797 -0.06718457 0.01872329
Moved 537.6647 326.8764 399.1237 -0.07667506 0.02861019
Moved 537.6804 319.7446 406.2554 -0.09318387 0.04695319
Moved 537.6957 313.9788 412.0212 -0.1065306 0.06178299
Moved 537.7114 309.9416 417.0585 -0.115876 0.07473882
Moved 537.7261 304.4801 421.3899 -0.1285182 0.08587927
Moved 537.7418 301.2908 425.7092 -0.1359009 0.09698868
Moved 537.757 297.9752 430.0372 -0.1435759 0.1081202
Moved 537.772 295.8754 432.1246 -0.1484365 0.113489
Moved 537.7893 291.4283 436.5717 -0.1587307 0.1249271
Moved 537.808 288.0695 439.9305 -0.1665057 0.133566
Moved 537.8206 283.8565 444.1435 -0.1762581 0.1444019
Moved 537.8341 281.3457 446.6543 -0.1820701 0.1508597
Moved 537.8494 278.4843 450.7736 -0.1886938 0.1614545
Moved 537.8641 274.8811 453.1189 -0.1970345 0.1674868
Moved 537.8805 271.3952 455.7366 -0.2051038 0.1742195
Moved 537.8951 267.1984 459.8016 -0.2148185 0.1846749
Moved 537.9106 260.8983 465.1017 -0.2294022 0.1983069
Moved 537.9258 256.5842 469.4158 -0.2393884 0.2094027
Moved 537.9417 252.2599 472.7401 -0.2493984 0.2179528
Moved 537.9567 248.963 477.0556 -0.2570302 0.2290523
Moved 537.978 244.6231 481.8359 -0.2670763 0.2413475
Moved 537.9883 240.343 487.3212 -0.2769837 0.2554556
Moved 538.0029 234.0572 494.9314 -0.2915343 0.2750293
Moved 538.0182 228.2506 502.1868 -0.3049755 0.2936901
Moved 538.0351 222.4712 508.5288 -0.3183538 0.310002
Moved 538.049 216.7027 514.2973 -0.3317067 0.3248386
Moved 538.0648 211.7264 520.0315 -0.343226 0.3395872
Moved 538.0801 207.4042 524.5958 -0.3532311 0.3513266
Moved 538.0955 203.5 528.5 -0.3622685 0.3613682
Moved 538.1109 201.453 530.547 -0.3670069 0.3666331
Moved 538.1274 198.5782 533.4218 -0.3736615 0.374027
Moved 538.1458 197.349 535.3021 -0.376507 0.3788632
Moved 538.1588 195.9085 537.0915 -0.3798414 0.3834657
Moved 538.1735 195 538.5314 -0.3819444 0.3871691
Moved 538.1875 195 539.9686 -0.3819444 0.3908658
Moved 538.204 195 541.41 -0.3819444 0.394573
Moved 538.2193 202.1406 545.0402 -0.3654153 0.4039098
Moved 538.2343 216.623 549.8586 -0.3318913 0.4163028
Moved 538.2493 230.9838 552.7968 -0.2986487 0.4238599
Moved 538.2642 248.1615 553 -0.2588854 0.4243826
Moved 538.2811 265.1612 553 -0.2195343 0.4243826
Moved 538.2996 282.9132 553 -0.1784416 0.4243826
Moved 538.3111 299.9608 553 -0.1389797 0.4243826
Moved 538.3266 313.2396 553 -0.1082417 0.4243826
Moved 538.3417 338.0573 553 -0.05079333 0.4243826
Moved 538.3582 358.7465 553 -0.002901554 0.4243826
Moved 538.3724 378.7203 554 0.04333407 0.4269547
Moved 538.3886 398.8939 554 0.09003211 0.4269547
Moved 538.4035 411.8727 554 0.1200755 0.4269547
Moved 538.4183 423.1923 554 0.1462785 0.4269547
Moved 538.4345 431.0154 554 0.1643875 0.4269547
Moved 538.4539 438.2216 554 0.1810686 0.4269547
Moved 538.4657 444.5429 554 0.1957011 0.4269547
Moved 538.4796 450.2938 554 0.2090134 0.4269547
Moved 538.4954 453.3078 554 0.2159902 0.4269547
Moved 538.511 456.4201 554 0.2231948 0.4269547
Moved 538.525 457.6514 554 0.226045 0.4269547
Moved 538.542 459.6173 554 0.2305957 0.4269547
Moved 538.5571 461.1829 554 0.2342196 0.4269547
Moved 538.5726 462.6261 554 0.2375605 0.4269547
Moved 538.5876 464.0656 554 0.2408925 0.4269547
Moved 538.6075 465.5086 550.4396 0.2442329 0.4177971
Moved 538.6217 466.5 543.5 0.2465278 0.3999484
Moved 538.6335 467.1947 545.8053 0.2481359 0.4058777
Moved 538.6494 468.6396 545.3604 0.2514805 0.4047334
Moved 538.6647 469.9728 545 0.2545668 0.4038065
Moved 538.6807 470 543.5857 0.2546296 0.4001689
Moved 538.6967 471.8557 542.1443 0.2589253 0.3964615
Moved 538.7119 473.2972 540.7028 0.262262 0.392754
Moved 538.7274 474.7292 539.2708 0.2655769 0.3890707
Moved 538.7426 476.1748 537.8253 0.268923 0.3853529
Moved 538.7639 477.3129 536.6871 0.2715577 0.3824256
Stationary 538.7748 477.3129 536.6871 0.2715577 0.3824256
Moved 538.7874 478.085 535.915 0.2733449 0.3804398
Stationary 538.8043 478.085 535.915 0.2733449 0.3804398
Moved 538.8184 478 534.9824 0.2731481 0.378041
Moved 538.8331 479.4944 535 0.2766073 0.3780863
Stationary 538.8488 479.4944 535 0.2766073 0.3780863
Moved 538.8647 479 533.6255 0.275463 0.3745512
Moved 538.8833 479 532.81 0.275463 0.3724536
Stationary 538.8963 479 532.81 0.275463 0.3724536
Moved 538.9149 479 531.6255 0.275463 0.369407
Moved 538.9278 479 530.6255 0.275463 0.366835
Moved 538.942 479 529.8984 0.275463 0.3649651
Moved 538.9582 479 529 0.275463 0.3626543
Moved 538.9728 470.1793 526.7948 0.2550446 0.3569825
Moved 538.9885 466.3846 525.8461 0.2462606 0.3545424
Moved 539.0037 451.7847 519.3923 0.2124646 0.3379431
Moved 539.0197 439.1795 514.7265 0.1832858 0.3259425
Moved 539.0354 425.6895 511.4612 0.152059 0.3175441
Moved 539.0493 415.1977 511 0.1277725 0.3163579
Moved 539.069 405.0811 509.583 0.1043543 0.3127134
Moved 539.0834 394.96 510 0.08092582 0.3137859
Moved 539.0951 389.1945 510 0.06757984 0.3137859
Moved 539.1113 379.252 510 0.0445648 0.3137859
Moved 539.1267 371.1499 510 0.0258099 0.3137859
Moved 539.1425 364.8913 510 0.0113224 0.3137859
Moved 539.1584 356.4133 510 -0.008302529 0.3137859
Moved 539.1731 349.1638 510 -0.02508367 0.3137859
Moved 539.1884 341.1973 510 -0.0435248 0.3137859
Moved 539.2043 335.991 510 -0.05557646 0.3137859
Moved 539.225 330.2899 510 -0.06877333 0.3137859
Moved 539.2355 326.1387 510 -0.07838265 0.3137859
Moved 539.2504 321.8058 510 -0.08841246 0.3137859
Moved 539.2664 317.5087 510 -0.09835958 0.3137859
Moved 539.2833 315.1063 510 -0.1039206 0.3137859
Moved 539.296 312.2308 510 -0.1105768 0.3137859
Moved 539.3118 309.7628 510 -0.1162899 0.3137859
Moved 539.3277 308 510 -0.1203704 0.3137859
Stationary 539.3429 307.8186 510 -0.1207902 0.3137859
Moved 539.3582 307 510 -0.1226852 0.3137859
Stationary 539.3777 307 510 -0.1226852 0.3137859
Moved 539.3884 307 508.3114 -0.1226852 0.3094428
Moved 539.4042 307 506.8602 -0.1226852 0.3057102
Moved 539.4183 307 504 -0.1226852 0.2983539
Moved 539.4338 313.5292 501.0413 -0.1075713 0.2907439
Moved 539.4503 324.6599 494.5287 -0.08180588 0.2739935
Moved 539.4662 334.2237 489.3882 -0.05966738 0.260772
Moved 539.4821 345.7202 483.1555 -0.03305504 0.2447413
Moved 539.4956 354.5335 477.311 -0.01265387 0.2297093
Moved 539.5153 364.1087 470.4456 0.009510915 0.2120514
Moved 539.5278 372.847 464.7686 0.02973855 0.19745
Moved 539.5423 380.1978 458.1161 0.04675418 0.1803398
Moved 539.558 389.1685 446.97 0.06751975 0.1516718
Moved 539.5735 395.2115 442.0914 0.08150796 0.139124
Moved 539.5887 401.8156 430.0728 0.09679525 0.1082117
Moved 539.6041 406.4312 423.425 0.1074797 0.09111381
Moved 539.6192 410.1639 416.0903 0.1161201 0.0722486
Moved 539.6364 413.0354 409.9291 0.1227672 0.05640198
Moved 539.6559 416.2289 404.6186 0.1301594 0.04274325
Moved 539.6674 420.0898 396.2754 0.1390969 0.02128444
Moved 539.6819 421.9834 391.0497 0.1434801 0.007843873
Moved 539.6959 424.8548 385.2905 0.1501268 -0.006969044
Moved 539.7114 425.8662 381.2676 0.1524681 -0.01731598
Moved 539.7271 426 377.0813 0.1527777 -0.02808316
Moved 539.7417 427 374.5019 0.1550926 -0.03471743
Moved 539.7573 427 372.1747 0.1550926 -0.04070305
Ended 539.7731 427 371 0.1550926 -0.04372435
Candidates 539.9097 12 depth with network drug keith faith truth jewish grief worth stuff seth
Began 540.6328 414 407 0.125 0.04886827
Stationary 540.6506 414 407 0.125 0.04886827
Moved 540.6655 382.7639 398.981 0.05269418 0.02824332
Moved 540.6815 349.1476 395.7562 -0.02512132 0.0199489
Moved 540.697 286.612 410.597 -0.1698796 0.05811977
Moved 540.7126 225.9798 424.9349 -0.310232 0.09499718
Moved 540.7302 173.5756 435.5742 -0.431538 0.1223616
Ended 540.7455 168.5 433.5 -0.4432871 0.1170266
Accept 540.7858 1 with
Began 541.7085 361 566 0.002314846 0.4578188
Stationary 541.7314 361 566 0.002314846 0.4578188
Stationary 541.743 361 566 0.002314846 0.4578188
Stationary 541.7587 361 566 0.002314846 0.4578188
Stationary 541.7761 361 566 0.002314846 0.4578188
Stationary 541.8052 361 566 0.002314846 0.4578188
Moved 541.8297 347.91 566 -0.02798612 0.4578188
Moved 541.8596 343.0708 566 -0.03918797 0.4578188
Moved 541.8776 341.6451 575.4847 -0.04248833 0.4822137
Moved 541.8889 339.3868 574 -0.04771565 0.478395
Stationary 541.9002 339.3868 574 -0.04771565 0.478395
Moved 541.9131 337.733 575.267 -0.05154406 0.4816537
Moved 541.9313 336.5 576.5 -0.05439813 0.484825
Moved 541.9461 335.1743 577.8257 -0.05746688 0.4882347
Moved 541.9598 333.7386 578 -0.06079038 0.488683
Moved 541.9749 331.5842 579.7079 -0.06577726 0.4930757
Moved 541.989 329.8674 581.1326 -0.06975129 0.4967401
Moved 542.0087 328.4078 582 -0.07313008 0.4989711
Moved 542.02 326.9699 583.0301 -0.07645856 0.5016205
Moved 542.0371 324.0934 584.4532 -0.08311704 0.5052809
Moved 542.0512 322.8971 584.5515 -0.08588627 0.5055335
Moved 542.0658 319.0153 585.9949 -0.09487207 0.5092462
Moved 542.0816 316.1471 586 -0.1015114 0.5092591
Moved 542.0974 313.2413 586.8793 -0.1082377 0.5115209
Moved 542.1122 309.0522 587 -0.1179346 0.5118312
Moved 542.1299 305.724 587 -0.1256389 0.5118312
Moved 542.1474 302.6086 587 -0.1328505 0.5118312
Moved 542.1603 300.4887 587 -0.1377576 0.5118312
Moved 542.1732 296.7015 587 -0.1465244 0.5118312
Moved 542.1891 293.5923 587 -0.1537216 0.5118312
Moved 542.2061 288.0582 582.4692 -0.1665319 0.5001779
Moved 542.2202 283.7519 575.6693 -0.1765002 0.4826883
Moved 542.2353 279.4531 570.9375 -0.1864511 0.4705181
Moved 542.25 275.1385 566.1385 -0.1964387 0.458175
Moved 542.2662 271.8462 561.795 -0.2040597 0.4470034
Moved 542.2874 265.1741 551.2321 -0.2195045 0.4198356
Stationary 542.2978 265.1741 551.2321 -0.2195045 0.4198356
Moved 542.3113 263.6187 548.2373 -0.223105 0.4121329
Moved 542.3278 261.1842 544.5527 -0.2287402 0.402656
Moved 542.3424 258.4971 541.4971 -0.2349604 0.394797
Moved 542.3595 257.3102 537.9305 -0.2377079 0.3856237
Moved 542.3747 256.1753 535.3506 -0.2403349 0.3789882
Moved 542.39 253.621 532.621 -0.2462477 0.3719674
Moved 542.4052 251.3699 529.1099 -0.2514584 0.3629368
Moved 542.4245 249.9353 525.8707 -0.2547793 0.3546057
Moved 542.4371 247 521.5 -0.2615741 0.3433641
Moved 542.451 245.1799 518.2698 -0.2657873 0.3350561
Moved 542.4671 243.7364 514.2091 -0.2691288 0.3246118
Moved 542.4825 241 512 -0.275463 0.31893
Moved 542.4972 240.1753 509.3506 -0.277372 0.3121156
Moved 542.5131 238.7298 505.1895 -0.280718 0.3014131
Moved 542.5287 236.2946 503.2946 -0.2863552 0.2965394
Moved 542.5444 236 500.5903 -0.287037 0.289584
Moved 542.5654 232.9219 496.9219 -0.2941624 0.2801488
Stationary 542.5757 232.9219 496.9219 -0.2941624 0.2801488
Moved 542.5901 231.5 495.5 -0.2974537 0.2764916
Moved 542.606 230.3934 493.3934 -0.3000152 0.2710736
Moved 542.6227 228.9573 490.9146 -0.3033397 0.2646978
Moved 542.6368 226.0314 488.0314 -0.3101125 0.2572824
Moved 542.6523 224.0736 485.1472 -0.3146444 0.2498642
Moved 542.6674 221.2579 482.2579 -0.3211623 0.2424328
Moved 542.6841 217.3657 477.5485 -0.330172 0.2303202
Moved 542.7042 211.3947 470.3947 -0.3439937 0.2119204
Stationary 542.7153 211.3947 470.3947 -0.3439937 0.2119204
Moved 542.7287 205.6664 464.4998 -0.3572536 0.1967587
Moved 542.7441 201.1879 458.9172 -0.3676205 0.1824002
Moved 542.7596 196.8514 453.8514 -0.3776587 0.1693709
Moved 542.7748 193.6801 449.5201 -0.3849998 0.1582306
Moved 542.7912 190.2007 446.2007 -0.3930538 0.1496932
Moved 542.8054 186.92 441.8801 -0.4006481 0.1385804
Moved 542.822 184.7842 439.7842 -0.4055922 0.1331896
Moved 542.8398 181.2479 435.2479 -0.4137781 0.1215222
Moved 542.8516 177.9514 430.9271 -0.4214088 0.1104092
Moved 542.8671 176.5343 426.6028 -0.4246892 0.09928691
Moved 542.8824 173.2023 422.3034 -0.4324021 0.0882288
Moved 542.8969 171.66 417.9799 -0.4359723 0.07710881
Moved 542.9119 170.2118 415.4236 -0.4393245 0.07053402
Moved 542.9285 168.2079 412.3119 -0.4439632 0.06253054
Moved 542.9438 168 409.4028 -0.4444444 0.05504843
Moved 542.9595 166.2529 405.7586 -0.4484887 0.04567535
Moved 542.9831 164 398.735 -0.4537037 0.02761048
Stationary 542.9942 164 398.735 -0.4537037 0.02761048
Moved 543.0063 164 394.7813 -0.4537037 0.01744156
Moved 543.0213 164 392 -0.4537037 0.01028803
Moved 543.0369 164 388.8355 -0.4537037 0.002148946
Moved 543.0527 164 383.7263 -0.4537037 -0.01099222
Moved 543.0688 164 375 -0.4537037 -0.03343629
Moved 543.0834 174.8463 368.205 -0.4285965 -0.05091318
Moved 543.1055 187.3373 351.6627 -0.3996822 -0.09346016
Stationary 543.1162 187.3373 351.6627 -0.3996822 -0.09346016
Moved 543.1285 194.3604 344.6396 -0.383425 -0.1115238
Moved 543.1442 202 340 -0.3657407 -0.1234569
Moved 543.1597 210.6504 332.964 -0.3457166 -0.1415536
Moved 543.1755 218.2427 328.2544 -0.3281419 -0.1536667
Moved 543.1906 227.4305 322.2556 -0.3068739 -0.1690956
Moved 543.2068 236.8574 314.2651 -0.2850522 -0.1896475
Moved 543.2328 251.0002 299.9999 -0.2523144 -0.2263377
Moved 543.2454 258.1866 291.3762 -0.2356792 -0.2485182
Moved 543.2592 263.3611 286.0485 -0.2237011 -0.2622209
Stationary 543.2708 263.3611 286.0485 -0.2237011 -0.2622209
Moved 543.2828 269.1313 278.8358 -0.2103442 -0.2807721
Moved 543.2995 273.4229 273.1028 -0.2004101 -0.2955174
Moved 543.3146 279.6274 263.4657 -0.1860476 -0.3203043
Moved 543.3296 284.0924 254.8151 -0.175712 -0.3425539
Moved 543.3513 291.7179 244.0428 -0.1580605 -0.3702601
Stationary 543.3622 291.7179 244.0428 -0.1580605 -0.3702601
Moved 543.3757 293.5204 241.2194 -0.1538879 -0.3775223
Moved 543.3918 296.5829 236.6256 -0.1467988 -0.3893375
Moved 543.4051 299.4658 232.3013 -0.1401254 -0.4004598
Moved 543.4216 301.6743 228.6514 -0.1350132 -0.4098473
Moved 543.438 304.2126 225.7875 -0.1291376 -0.4172134
Moved 543.4528 306.108 222.892 -0.1247501 -0.4246606
Moved 543.472 307.99 221.01 -0.1203935 -0.429501
Moved 543.4837 309.057 218.886 -0.1179237 -0.434964
Stationary 543.4992 309.057 218.886 -0.1179237 -0.434964
Moved 543.5137 310 217.0486 -0.1157407 -0.4396899
Moved 543.5319 311.409 215.5911 -0.1124792 -0.4434387
Moved 543.5451 311 215 -0.113426 -0.4449589
Moved 543.5604 312.29 215 -0.1104397 -0.4449589
Moved 543.5749 312.7229 214 -0.1094378 -0.4475308
Moved 543.5981 316.3571 214 -0.1010254 -0.4475308
Stationary 543.6106 316.3571 214 -0.1010254 -0.4475308
Moved 543.623 326.8401 229.5701 -0.07675897 -0.4074844
Moved 543.6382 336.0486 240.2234 -0.0554431 -0.3800839
Moved 543.6519 347.2904 254.5162 -0.02942041 -0.3433225
Moved 543.6678 356.2368 267.3552 -0.008711069 -0.3103003
Moved 543.6833 363.931 278.8619 0.009099443 -0.280705
Moved 543.6992 368.057 287.7997 0.01865049 -0.257717
Moved 543.7186 373.0747 298.1495 0.03026555 -0.231097
Moved 543.7319 378.8905 309.781 0.04372805 -0.2011806
Moved 543.7446 388.39 322.2157 0.06571759 -0.1691984
Moved 543.7614 398.4536 339.2061 0.08901288 -0.1254987
Moved 543.7755 407.7571 349.55 0.1105488 -0.09889413
Moved 543.7911 415.1194 360.791 0.1275911 -0.06998219
Moved 543.8061 420 366.5 0.1388889 -0.05529835
Moved 543.8226 426.2601 374.8901 0.1533798 -0.03371886
Moved 543.8447 436.0975 388.4958 0.1761516 0.001275098
Stationary 543.8561 436.0975 388.4958 0.1761516 0.001275098
Moved 543.8676 441.5527 396.829 0.1887794 0.02270836
Moved 543.8835 445.7401 400.7401 0.1984724 0.03276758
Moved 543.8992 450.0556 406.0741 0.208462 0.04648679
Moved 543.914 452.92 410.3801 0.2150927 0.05756186
Moved 543.9305 457.2573 412.693 0.2251327 0.06351071
Moved 543.9443 462.0258 417.0258 0.236171 0.07465484
Moved 543.9667 468.783 425.6744 0.2518124 0.0968992
Stationary 543.9778 468.783 425.6744 0.2518124 0.0968992
Moved 543.9913 471.6431 427.3215 0.2584331 0.1011356
Moved 544.0054 473.5355 431.3032 0.2628137 0.1113765
Ended 544.0234 475 433.5 0.2662037 0.1170266
Candidates 544.1418 12 track teach reach each tech rank rabbi tank tracy taxi stack deck
Began 545.0377 427 438 0.1550926 0.1286007
Stationary 545.0544 427 438 0.1550926 0.1286007
Moved 545.073 418.5465 421.093 0.1355244 0.08511575
Moved 545.0845 401.0224 383.0485 0.09495914 -0.01273544
Moved 545.1006 387.6159 319.7375 0.06392578 -0.1755724
Moved 545.1145 381.6627 258.2899 0.05014519 -0.3336165
Moved 545.1312 383 194.8075 0.05324075 -0.4968943
Moved 545.1466 394.5613 134.5988 0.08000294 -0.6517521
Moved 545.1622 403.589 97.46741 0.1009005 -0.7472545
Moved 545.1771 417.787 55.69055 0.1337662 -0.8547055
Ended 545.1973 425.6589 45.4729 0.1519882 -0.8809854
Accept 545.2334 3 each
Began 546.1527 362 329 0.004629592 -0.151749
Stationary 546.1637 362 329 0.004629592 -0.151749
Stationary 546.176 362 329 0.004629592 -0.151749
Stationary 546.192 362 329 0.004629592 -0.151749
Stationary 546.2079 362 329 0.004629592 -0.151749
Stationary 546.2271 362 329 0.004629592 -0.151749
Moved 546.2388 351.7733 329 -0.01904319 -0.151749
Moved 546.2549 347.5399 329 -0.02884293 -0.151749
Moved 546.2708 343.963 329 -0.03712272 -0.151749
Moved 546.2847 336.9426 329 -0.05337362 -0.151749
Moved 546.3007 331.196 342.0589 -0.06667583 -0.1181613
Moved 546.3155 325.429 342.7855 -0.08002534 -0.1162926
Moved 546.3309 320.9753 347.0247 -0.09033486 -0.1053893
Moved 546.3504 315.8607 349.5696 -0.1021743 -0.09884359
Moved 546.3627 311.3157 352.4562 -0.1126952 -0.09141922
Moved 546.3776 307.5 355 -0.1215278 -0.08487654
Moved 546.3925 303.5671 357.6219 -0.1306317 -0.07813285
Moved 546.408 299.2428 360.5048 -0.1406416 -0.07071828
Moved 546.424 296.6105 362.3895 -0.1467349 -0.06587079
Moved 546.4398 293.736 364.132 -0.1533889 -0.06138892
Moved 546.4545 290.8499 366.1501 -0.1600697 -0.05619826
Moved 546.4736 287.9578 368.0211 -0.1667644 -0.05138601
Moved 546.4855 285.0751 369.4625 -0.1734372 -0.04767885
Moved 546.5005 282.295 370.5683 -0.1798726 -0.04483462
Moved 546.5162 278.978 372.011 -0.187551 -0.041124
Moved 546.533 276.0951 373.4525 -0.1942244 -0.03741653
Moved 546.5474 272.3441 374.8853 -0.2029072 -0.03373126
Moved 546.5615 269.3465 376.3267 -0.209846 -0.03002394
Moved 546.5771 263.8983 379.5509 -0.2224577 -0.02173129
Moved 546.5969 259.3767 383.6233 -0.2329243 -0.01125712
Moved 546.6099 253.943 387.8456 -0.2455023 -0.0003972858
Moved 546.6236 248.2038 392.7962 -0.2587875 0.01233591
Moved 546.6398 243.8248 396.1168 -0.2689241 0.02087656
Moved 546.6547 240.4928 399.0048 -0.276637 0.02830454
Moved 546.6694 237.1097 401.8903 -0.2844683 0.03572609
Moved 546.6852 235.6053 404.7894 -0.2879508 0.04318264
Moved 546.7039 234.1724 406.6553 -0.2912677 0.04798159
Moved 546.7173 233.0424 407.9576 -0.2938834 0.05133134
Moved 546.7305 231.6187 409.3813 -0.2971789 0.05499298
Moved 546.7463 231 411.7915 -0.2986111 0.06119206
Moved 546.7616 231 414.4728 -0.2986111 0.06808854
Moved 546.7795 231 417.0258 -0.2986111 0.07465465
Moved 546.7941 231 421.3094 -0.2986111 0.08567236
Moved 546.8157 251.3624 440.3624 -0.2514758 0.134677
Stationary 546.8275 251.3624 440.3624 -0.2514758 0.134677
Moved 546.8401 265.9431 453.8573 -0.2177244 0.169386
Moved 546.8538 281.5 463.5 -0.181713 0.1941872
Moved 546.8692 293.6171 472.7447 -0.1536642 0.2179646
Moved 546.8856 305.1882 481.3912 -0.1268792 0.2402036
Moved 546.9012 314.0717 489.0717 -0.1063154 0.2599581
Moved 546.92 321.4359 495.1487 -0.08926879 0.2755881
Moved 546.9379 336.2396 506.493 -0.05500093 0.304766
Stationary 546.9503 336.2396 506.493 -0.05500093 0.304766
Moved 546.9632 343.6095 512.2877 -0.03794089 0.3196699
Moved 546.9796 348.2843 515.5228 -0.02711977 0.3279908
Moved 546.9945 353.8115 519.6086 -0.01432523 0.3384995
Moved 547.0101 358.2943 523.2943 -0.003948261 0.347979
Moved 547.0319 366.5 528 0.0150463 0.3600822
Moved 547.046 368.9114 529.6371 0.02062837 0.364293
Stationary 547.0569 368.9114 529.6371 0.02062837 0.364293
Moved 547.0709 372.1512 532.1511 0.02812763 0.3707589
Moved 547.0864 373.5 533.5 0.03125002 0.3742283
Moved 547.1028 374.9587 533.9587 0.03462662 0.3754082
Moved 547.1182 376.3921 534 0.03794461 0.3755144
Moved 547.1406 377.2866 536.2866 0.04001518 0.3813954
Stationary 547.1537 377 536 0.03935188 0.3806583
Stationary 547.1638 377 536 0.03935188 0.3806583
Moved 547.1771 377 537 0.03935188 0.3832304
Moved 547.1921 377 538.2443 0.03935188 0.3864308
Stationary 547.2086 377 538.2443 0.03935188 0.3864308
Moved 547.2243 365.6566 539 0.01309395 0.3883744
Moved 547.2464 349.9399 539 -0.02328719 0.3883744
Stationary 547.2588 349.9399 539 -0.02328719 0.3883744
Moved 547.2708 342.3192 539 -0.04092768 0.3883744
Moved 547.2846 331 539 -0.06712963 0.3883744
Moved 547.3002 319.8995 539 -0.09282514 0.3883744
Moved 547.3167 311.266 528.8104 -0.1128101 0.3621664
Moved 547.3328 302.5788 530.1158 -0.1329195 0.3655241
Moved 547.3531 288.9403 526.235 -0.1644901 0.3555427
Stationary 547.3643 288.9403 526.235 -0.1644901 0.3555427
Moved 547.3781 283.5253 525.105 -0.1770248 0.3526364
Moved 547.3932 277.7997 522.3998 -0.1902784 0.3456785
Moved 547.4086 272.0572 519.5286 -0.2035714 0.3382936
Moved 547.4242 267.4784 516.6523 -0.2141703 0.3308957
Moved 547.4385 263.1647 513.1647 -0.2241558 0.3219255
Moved 547.4581 258.837 509.8913 -0.2341737 0.3135063
Moved 547.4699 255.5128 507.5043 -0.2418686 0.3073669
Moved 547.4859 252.5614 505.5614 -0.2487004 0.3023698
Moved 547.5004 249.8485 503.9243 -0.2549802 0.298159
Moved 547.5167 247.9627 502.4814 -0.2593455 0.2944479
Moved 547.533 246.0358 501.0358 -0.2638061 0.2907298
Moved 547.5475 244.6062 499.6062 -0.2671152 0.2870529
Moved 547.5694 241.7163 497.7163 -0.2738048 0.2821921
Stationary 547.5815 241.7163 497.7163 -0.2738048 0.2821921
Moved 547.5934 240.5 498 -0.2766204 0.2829217
Moved 547.6088 240.1618 497 -0.2774032 0.2803498
Moved 547.6248 238.7331 495.7331 -0.2807105 0.2770912
Moved 547.6407 238 495 -0.2824074 0.2752057
Moved 547.6554 238 493.8357 -0.2824074 0.272211
Moved 547.6738 236.5 492.5 -0.2858796 0.2687756
Moved 547.6865 237 491.975 -0.2847222 0.2674253
Moved 547.7011 237 490.5212 -0.2847222 0.2636862
Moved 547.7156 237 489.5909 -0.2847222 0.2612935
Moved 547.7331 247.0006 489 -0.2615727 0.2597736
Moved 547.747 257.996 488 -0.2361204 0.2572016
Moved 547.7625 271.8608 488 -0.2040259 0.2572016
Moved 547.7858 303.2656 488 -0.1313297 0.2572016
Stationary 547.7962 303.2656 488 -0.1313297 0.2572016
Moved 547.8091 320.596 488 -0.09121288 0.2572016
Moved 547.8247 340.5004 488 -0.0451379 0.2572016
Moved 547.8405 361.2035 496.767 0.002785822 0.2797503
Moved 547.8553 380.8804 499.4115 0.0483343 0.2865522
Moved 547.8703 398.4858 500 0.08908749 0.2880658
Moved 547.8901 415.0688 501.0972 0.1274741 0.2908877
Moved 547.9022 428.7839 501 0.1592219 0.2906378
Moved 547.9171 442.8272 501 0.1917298 0.2906378
Moved 547.9316 450.3621 501 0.2091715 0.2906378
Moved 547.9467 463.5511 501 0.2397015 0.2906378
Moved 547.9633 473.6903 501 0.2631719 0.2906378
Moved 547.9805 483.7804 501 0.2865288 0.2906378
Moved 547.9971 493.0314 501 0.3079431 0.2906378
Moved 548.0095 502.9861 501 0.3309864 0.2906378
Moved 548.0244 511.5806 493.2839 0.3508809 0.2707918
Moved 548.04 519.1884 491.2319 0.3684916 0.265514
Moved 548.0554 529.1608 489.6913 0.3915759 0.2615517
Moved 548.0707 537.7287 488.2543 0.4114091 0.2578556
Moved 548.0863 546.1231 486.8128 0.4308406 0.2541481
Moved 548.1058 554.7781 484.3703 0.4508752 0.247866
Moved 548.1179 560.21 484 0.463449 0.2469135
Moved 548.1321 567.5 482.5 0.4803241 0.2430555
Moved 548.1485 571.1361 483 0.488741 0.2443414
Moved 548.1625 574.1144 483 0.4956352 0.2443414
Moved 548.182 578.496 483 0.5057777 0.2443414
Moved 548.1932 580.8638 483 0.5112587 0.2443414
Moved 548.2136 582 483 0.513889 0.2443414
Moved 548.2246 582.8126 483 0.5157698 0.2443414
Ended 548.2405 583.5 483 0.517361 0.2443414
Candidates 548.298 12 step steep strip cruel crop ceo veto deep stop drop steel creek
Began 548.8519 462 250 0.2361111 -0.3549383
Stationary 548.8715 462 250 0.2361111 -0.3549383
Stationary 548.8865 462 250 0.2361111 -0.3549383
Moved 548.9053 454.0998 268.9003 0.2178235 -0.3063265
Moved 548.9175 440.8066 328.0816 0.1870524 -0.1541112
Moved 548.9329 428.8171 394.0975 0.1592988 0.01568272
Moved 548.9472 424.7992 463.0135 0.1499982 0.1929359
Ended 548.9628 426 524 0.1527777 0.3497942
Accept 548.9913 0 step
Began 549.6681 414 350 0.125 -0.09773669
Stationary 549.6959 414 350 0.125 -0.09773669
Stationary 549.7079 414 350 0.125 -0.09773669
Stationary 549.7178 414 350 0.125 -0.09773669
Stationary 549.7319 414 350 0.125 -0.09773669
Stationary 549.7468 414 350 0.125 -0.09773669
Stationary 549.7621 414 350 0.125 -0.09773669
Stationary 549.7808 414 350 0.125 -0.09773669
Moved 549.7971 403.3226 350 0.1002838 -0.09773669
Moved 549.811 400.457 341.0994 0.09365042 -0.120629
Moved 549.826 399.2778 343 0.09092072 -0.1157408
Moved 549.8416 397.8447 341.8447 0.08760342 -0.1187123
Moved 549.8571 396.399 342 0.08425692 -0.1183128
Moved 549.8716 394.9576 342 0.08092026 -0.1183128
Moved 549.8874 392.0154 342 0.07410983 -0.1183128
Moved 549.908 391.369 341.369 0.07261346 -0.1199357
Moved 549.9194 389.9367 341 0.06929795 -0.1208849
Moved 549.9328 388.5 341 0.06597221 -0.1208849
Moved 549.9489 385.1065 341 0.05811701 -0.1208849
Moved 549.9636 382.2239 341 0.05144427 -0.1208849
Moved 549.9804 380.1705 341 0.0466909 -0.1208849
Moved 549.9949 376.187 341 0.03746996 -0.1208849
Moved 550.0145 373.1249 341 0.03038178 -0.1208849
Moved 550.0259 366.6873 347.6253 0.01547992 -0.1038445
Moved 550.0411 362.1915 350.2695 0.005072951 -0.09704362
Moved 550.0568 356.1937 353.4031 -0.008810957 -0.08898377
Moved 550.0717 350.3851 356.3074 -0.02225672 -0.0815138
Moved 550.0871 345.222 358.1854 -0.03420845 -0.07668389
Moved 550.103 339.8707 361.0646 -0.04659554 -0.0692782
Moved 550.1222 336.7624 363.1584 -0.05379076 -0.06389312
Moved 550.1358 329.5 366 -0.07060184 -0.05658444
Moved 550.1487 325.0273 369.9818 -0.08095543 -0.04634316
Moved 550.164 320.7513 374.2487 -0.09085352 -0.03536852
Moved 550.1808 313.6737 380.3263 -0.1072367 -0.0197369
Moved 550.1948 307.7883 388.8175 -0.1208604 0.002102636
Moved 550.2097 302.7363 395.0183 -0.1325549 0.01805117
Moved 550.2294 300.1925 399.615 -0.1384433 0.0298739
Moved 550.2426 298.7332 402.5335 -0.1418212 0.0373803
Moved 550.2573 296.3448 406.9658 -0.1473501 0.04878016
Moved 550.2722 296 410.1934 -0.1481481 0.05708164
Moved 550.2876 294.5 414.5 -0.1516204 0.0681584
Moved 550.3028 295 417.9385 -0.150463 0.07700233
Moved 550.3177 295 420.8099 -0.150463 0.08438762
Moved 550.3378 300.6434 424.8811 -0.1373996 0.09485872
Moved 550.3505 310.5656 431.6277 -0.1144314 0.1122111
Moved 550.3647 322.0366 441.657 -0.08787835 0.1380066
Moved 550.3812 336.4659 451.9772 -0.0544772 0.1645504
Moved 550.3958 353.2077 461.8712 -0.01572286 0.1899977
Moved 550.4112 366.116 467.8464 0.0141574 0.2053661
Moved 550.4262 380.5055 472.4517 0.04746646 0.217211
Moved 550.4474 413.7784 484.1946 0.1244869 0.2474139
Stationary 550.4594 413.7784 484.1946 0.1244869 0.2474139
Moved 550.4721 431.1032 487.3505 0.1645908 0.2555311
Moved 550.4872 444.0863 490.2173 0.1946441 0.2629045
Moved 550.5026 458.3781 493.0756 0.227727 0.2702562
Moved 550.518 468.5 494.5 0.2511574 0.2739197
Moved 550.5356 477.5244 497.8641 0.2720473 0.2825723
Moved 550.5529 484.8889 499.3777 0.2890945 0.2864653
Moved 550.5654 489.8279 500.3655 0.3005274 0.2890059
Moved 550.5806 499.5516 505.7758 0.3230362 0.3029213
Moved 550.5945 505.4669 508.7335 0.3367289 0.3105283
Moved 550.6099 512.2211 513.4158 0.3523636 0.3225715
Moved 550.6274 517.9725 517.7293 0.365677 0.3336658
Moved 550.6439 522.0526 521.0526 0.3751218 0.3422135
Moved 550.6609 525.2222 524.2222 0.3824588 0.3503657
Moved 550.6733 527.2755 525.1378 0.3872119 0.3527205
Moved 550.6871 529.2783 528.2783 0.391848 0.3607981
Moved 550.7029 530 530.0826 0.3935185 0.3654386
Moved 550.7176 531 531.5225 0.3958333 0.369142
Moved 550.7358 531 532.9625 0.3958333 0.3728457
Stationary 550.7498 531 533 0.3958333 0.3729423
Moved 550.7687 531 535.8453 0.3958333 0.3802603
Moved 550.7809 531 536.9684 0.3958333 0.3831492
Moved 550.7949 519.8983 541.1631 0.3701348 0.393938
Moved 550.8123 513.9345 543.5328 0.3563299 0.4000328
Moved 550.8269 504.0033 546.5705 0.3333408 0.4078459
Moved 550.8405 493.9278 547.7246 0.3100182 0.4108142
Moved 550.8575 483.8661 549.162 0.2867271 0.4145112
Moved 550.88 465.5757 549 0.2443882 0.4140946
Stationary 550.8906 465.5757 549 0.2443882 0.4140946
Moved 550.9029 453.7534 549 0.2170217 0.4140946
Moved 550.9177 443.943 549 0.1943124 0.4140946
Moved 550.9354 435.8949 549 0.1756826 0.4140946
Moved 550.9493 425.7923 549 0.152297 0.4140946
Moved 550.9641 415.6732 549 0.1288731 0.4140946
Moved 550.9885 399.5 549 0.09143522 0.4140946
Stationary 550.9998 399.5 549 0.09143522 0.4140946
Moved 551.0121 391.5032 541.0719 0.0729242 0.3937033
Moved 551.0266 382.7827 538.2609 0.05273759 0.3864734
Moved 551.0423 373.9309 537.1862 0.0322475 0.3837092
Moved 551.0577 366.7237 535.7448 0.01556407 0.3800018
Moved 551.0761 360.2131 534.3033 0.0004933278 0.3762943
Moved 551.0883 353.3257 532.8651 -0.01544987 0.3725954
Moved 551.1032 348 531.5 -0.0277778 0.3690843
Moved 551.1188 341.6003 530.3201 -0.04259194 0.3660494
Moved 551.1341 335.5217 528.8804 -0.05666266 0.3623467
Moved 551.1487 329.7367 525.8683 -0.07005403 0.3545996
Moved 551.1685 324.9843 523.9948 -0.08105496 0.3497806
Moved 551.1833 320.6598 521.1066 -0.09106521 0.3423522
Moved 551.1956 317.2446 520.1223 -0.09897093 0.3398207
Moved 551.2112 313.0457 518.6819 -0.1086906 0.3361159
Moved 551.2298 311.4124 517.7062 -0.1124713 0.3336064
Moved 551.2426 307.5013 515.1671 -0.1215247 0.3270759
Moved 551.2617 303.1677 512.4451 -0.1315563 0.3200749
Moved 551.275 297.8445 510.2815 -0.1438785 0.3145099
Moved 551.2889 293.52 507.68 -0.153889 0.3078188
Moved 551.3036 288.6029 506.4008 -0.1652711 0.3045286
Moved 551.3183 281.7575 506 -0.1811168 0.3034978
Moved 551.3348 277.5058 504.8765 -0.1909589 0.3006082
Moved 551.3535 270.5902 505 -0.2069671 0.3009258
Moved 551.3663 262.7372 505 -0.2251453 0.3009258
Moved 551.3823 257.0763 505 -0.2382494 0.3009258
Moved 551.3959 251.3151 505 -0.2515853 0.3009258
Moved 551.4112 246.9127 505 -0.2617762 0.3009258
Moved 551.4265 239.8189 512.7953 -0.278197 0.3209755
Moved 551.4463 235.3317 513.9171 -0.288584 0.3238606
Moved 551.4583 231.0452 516.6365 -0.2985064 0.3308552
Moved 551.4736 226.7066 517.7645 -0.3085494 0.3337562
Moved 551.489 223.5715 519.2142 -0.3158067 0.3374851
Moved 551.5045 220.7057 520 -0.3224404 0.3395061
Moved 551.519 218.9042 521.0958 -0.3266105 0.3423244
Moved 551.5402 216.2558 521.7442 -0.3327412 0.3439922
Stationary 551.5516 216.2558 521.7442 -0.3327412 0.3439922
Moved 551.5645 214.8916 522 -0.3358991 0.3446501
Moved 551.5807 213.5 522 -0.3391204 0.3446501
Stationary 551.5959 213.5 522 -0.3391204 0.3446501
Moved 551.6105 211.5648 522 -0.3436 0.3446501
Moved 551.6343 207.3787 522 -0.3532901 0.3446501
Stationary 551.6442 207.3787 522 -0.3532901 0.3446501
Moved 551.6565 205 522 -0.3587963 0.3446501
Moved 551.6738 202.2838 512.4257 -0.3650837 0.320025
Moved 551.6898 199.4082 508.1123 -0.3717403 0.3089307
Moved 551.7033 195.5223 501.3058 -0.3807354 0.2914242
Moved 551.724 192.6409 495.2819 -0.3874053 0.2759307
Moved 551.7366 189.758 489.8951 -0.3940786 0.2620758
Moved 551.7498 186.8751 481.6254 -0.4007519 0.2408061
Moved 551.7649 184 473 -0.4074074 0.2186213
Moved 551.7827 181.8376 467.0939 -0.4124131 0.2034307
Moved 551.796 178.9581 458.8745 -0.4190784 0.1822901
Moved 551.8173 175.0984 446.3938 -0.4280128 0.1501898
Stationary 551.8288 175.0984 446.3938 -0.4280128 0.1501898
Moved 551.842 173.6576 440.6302 -0.4313482 0.1353658
Moved 551.8582 171.2162 432.0809 -0.4369996 0.1133768
Moved 551.873 168.5702 424.9255 -0.4431245 0.09497301
Moved 551.889 167.7466 420.9863 -0.445031 0.08484134
Moved 551.9097 164.7761 409.1046 -0.4519071 0.05428118
Stationary 551.92 164.7761 409.1046 -0.4519071 0.05428118
Moved 551.934 163.3338 405.0014 -0.4552458 0.04372781
Moved 551.9494 163 401.7802 -0.4560185 0.03544289
Moved 551.9656 161.4462 397.8923 -0.4596154 0.02544317
Moved 551.9807 161 395.0095 -0.4606481 0.01802837
Moved 552.0004 159.9369 392.8738 -0.463109 0.01253556
Moved 552.0127 160 390.4718 -0.462963 0.006357436
Moved 552.0267 159.04 388.08 -0.4651852 0.000205766
Moved 552.0415 159 385.1819 -0.4652778 -0.007248277
Moved 552.0577 159 382.3037 -0.4652778 -0.01465103
Moved 552.0735 159 380.7068 -0.4652778 -0.01875834
Moved 552.0956 159 377.1273 -0.4652778 -0.02796479
Stationary 552.1078 159 377.1273 -0.4652778 -0.02796479
Moved 552.1197 159 375.7325 -0.4652778 -0.03155226
Stationary 552.1354 159 375.7325 -0.4652778 -0.03155226
Moved 552.1497 159 373.8391 -0.4652778 -0.03642227
Moved 552.1677 159 372.4006 -0.4652778 -0.0401219
Moved 552.1858 167.3244 372 -0.4460084 -0.04115226
Moved 552.1968 168.4804 370.5196 -0.4433323 -0.04495997
Moved 552.2128 171.3768 371 -0.4366277 -0.04372435
Moved 552.2271 175.0701 371 -0.4280785 -0.04372435
Moved 552.2432 177.9268 371 -0.4214657 -0.04372435
Moved 552.258 181.8067 371 -0.4124846 -0.04372435
Moved 552.2802 189.3262 371 -0.3950782 -0.04372435
Stationary 552.2911 189.3262 371 -0.3950782 -0.04372435
Moved 552.3023 192.4295 379.5034 -0.3878946 -0.0218535
Moved 552.3185 198 382.5 -0.375 -0.01414617
Moved 552.3348 201.908 388.635 -0.3659537 0.001633216
Moved 552.3503 207.6514 394.6514 -0.3526587 0.0171075
Moved 552.3692 212.416 401.02 -0.3416297 0.03348755
Moved 552.3806 217.1385 408.2309 -0.3306979 0.05203415
Moved 552.3971 222.9281 415.4102 -0.3172959 0.07049929
Moved 552.4124 232.5231 427.2846 -0.2950855 0.1010406
Moved 552.4264 238.4112 437.4696 -0.2814555 0.1272366
Moved 552.4417 244.4113 445.3522 -0.2675664 0.1475108
Moved 552.4621 250.5598 453.4717 -0.2533339 0.1683941
Moved 552.4742 256.4079 460.7598 -0.2397966 0.1871393
Moved 552.4882 262.1318 467.1318 -0.2265467 0.2035283
Moved 552.5042 266.6825 472.91 -0.2160127 0.21839
Moved 552.5195 274.3215 482.9858 -0.1983298 0.2443049
Moved 552.535 282.6393 491.6393 -0.1790756 0.266562
Moved 552.5568 295.2117 507.854 -0.1499729 0.3082664
Stationary 552.5679 295.2117 507.854 -0.1499729 0.3082664
Moved 552.5804 301.3335 514.3334 -0.1358022 0.3249316
Moved 552.5964 307 520 -0.1226852 0.3395061
Moved 552.6115 311.7992 524.8494 -0.1115759 0.3519789
Moved 552.6271 316.1673 530.5564 -0.1014646 0.3666573
Moved 552.6487 325.9051 540.8813 -0.07892345 0.3932132
Stationary 552.6601 325.9051 540.8813 -0.07892345 0.3932132
Moved 552.6738 330.2392 545.2392 -0.06889075 0.4044217
Moved 552.6884 332.6991 549.5486 -0.06319661 0.4155057
Moved 552.7035 334.289 551.289 -0.05951613 0.4199819
Moved 552.7191 335.732 553.732 -0.05617599 0.4262653
Moved 552.7417 336 555.1719 -0.05555556 0.4299687
Stationary 552.7521 336 555.1719 -0.05555556 0.4299687
Moved 552.7649 337.374 556.374 -0.05237509 0.4330606
Stationary 552.7812 337.374 556.374 -0.05237509 0.4330606
Stationary 552.7964 337.374 556.374 -0.05237509 0.4330606
Moved 552.8102 337 556 -0.05324075 0.4320986
Moved 552.8353 330.023 556 -0.06939123 0.4320986
Stationary 552.8466 330.023 556 -0.06939123 0.4320986
Moved 552.8585 325.7058 543.1173 -0.07938474 0.3989641
Moved 552.8738 319.5 539.5 -0.09375001 0.3896604
Moved 552.8881 314.2069 534.2586 -0.1060026 0.3761794
Moved 552.9055 308.404 529.803 -0.1194351 0.3647197
Moved 552.9263 301.4554 517.9108 -0.1355199 0.3341325
Stationary 552.9382 301.4554 517.9108 -0.1355199 0.3341325
Moved 552.9496 296.1447 512.1447 -0.1478133 0.319302
Moved 552.9658 292.6599 506.3197 -0.1558799 0.3043201
Moved 552.9819 290 502.5 -0.162037 0.2944958
Moved 552.9974 286.5602 498.1205 -0.1699995 0.2832316
Moved 553.0164 282.5214 491.2023 -0.1793486 0.265438
Moved 553.0283 278.1772 483.962 -0.1894045 0.2468158
Moved 553.0428 275.9551 478.8653 -0.1945484 0.2337069
Moved 553.0588 272.0066 468.5164 -0.2036885 0.2070895
Moved 553.0735 269.1205 459.4218 -0.2103692 0.183698
Moved 553.0889 267.6523 453.6094 -0.2137677 0.1687483
Moved 553.1115 265.1304 441.652 -0.2196056 0.1379938
Stationary 553.1226 265.1304 441.652 -0.2196056 0.1379938
Moved 553.1348 263.6891 433.1345 -0.2229419 0.1160865
Moved 553.1503 263 422.7227 -0.2245371 0.08930728
Moved 553.1665 263 415.0336 -0.2245371 0.0695307
Moved 553.1846 263 408.4547 -0.2245371 0.05260978
Moved 553.2026 263 397.3582 -0.2245371 0.02406944
Stationary 553.2141 263 397.3582 -0.2245371 0.02406944
Moved 553.2274 263 392.0636 -0.2245371 0.0104516
Moved 553.2432 263 386.677 -0.2245371 -0.003402812
Moved 553.2599 263 379.5 -0.2245371 -0.02186214
Moved 553.2745 263 375.1083 -0.2245371 -0.0331578
Moved 553.2962 263 367.3066 -0.2245371 -0.05322373
Stationary 553.3081 263 367.3066 -0.2245371 -0.05322373
Moved 553.3206 263 365.0692 -0.2245371 -0.05897843
Moved 553.3356 263 363.6047 -0.2245371 -0.06274509
Moved 553.35 263 360.3218 -0.2245371 -0.07118876
Moved 553.3654 263 358.7263 -0.2245371 -0.07529247
Ended 553.3864 263 359 -0.2245371 -0.07458848
Candidates 553.5641 12 forward appeared appears howard forests toward towards repeated repeats situated guard suppressed
Began 553.9966 415 304 0.1273148 -0.2160494
Stationary 554.0129 415 304 0.1273148 -0.2160494
Stationary 554.0289 415 304 0.1273148 -0.2160494
Moved 554.0431 403.7542 311.8721 0.1012828 -0.1958023
Moved 554.0651 384.8638 443.4905 0.05755514 0.1427224
Stationary 554.0775 384.8638 443.4905 0.05755514 0.1427224
Ended 554.0904 398.5 542.5 0.08912037 0.3973764
Accept 554.1329 0 forward
PhraseEnd 555.4124
