a very traditional way to dress
a very traditional way to dress
FixStart
0.6 0.6
432 388.8
Began 479.2788 474 548 0.2638889 0.4115225
Stationary 479.2951 474 548 0.2638889 0.4115225
Stationary 479.3134 474 548 0.2638889 0.4115225
Moved 479.3256 460.2758 548 0.2321199 0.4115225
Moved 479.3411 449.6696 548 0.2075686 0.4115225
Moved 479.3575 433.2848 548 0.1696408 0.4115225
Moved 479.373 413.0289 543.9335 0.122752 0.4010635
Moved 479.3884 393.7955 541 0.07823031 0.3935184
Moved 479.4041 380.9741 541 0.04855116 0.3935184
Moved 479.418 359.5 541 -0.001157423 0.3935184
Moved 479.435 343.2324 541 -0.0388139 0.3935184
Moved 479.4522 326.4866 553.3851 -0.07757733 0.4253731
Moved 479.4661 312.2197 551 -0.1106026 0.4192385
Moved 479.481 301.5889 551 -0.1352109 0.4192385
Moved 479.4958 294.7974 552 -0.150932 0.4218106
Moved 479.5121 289.6812 552 -0.162775 0.4218106
Moved 479.5279 286.5728 552 -0.1699702 0.4218106
Moved 479.5427 282.6941 552 -0.1789488 0.4218106
Moved 479.557 279.8167 552 -0.1856096 0.4218106
Moved 479.5724 277 552 -0.1921296 0.4218106
Moved 479.5879 275.0673 552 -0.1966036 0.4218106
Moved 479.6036 273.5989 552 -0.2000025 0.4218106
Moved 479.6202 272.5 552 -0.2025463 0.4218106
Moved 479.6343 271.0591 552 -0.2058816 0.4218106
Moved 479.6493 270.5 552 -0.2071759 0.4218106
Moved 479.6659 269.179 552 -0.2102338 0.4218106
Stationary 479.6805 269 552 -0.2106481 0.4218106
Ended 479.6962 267 552 -0.2152778 0.4218106
Candidates 479.8341 12 a as gas ass faa aa da fda has ga aaa sa
Began 480.0932 480 378 0.2777778 -0.02572024
Stationary 480.1142 480 378 0.2777778 -0.02572024
Stationary 480.127 480 378 0.2777778 -0.02572024
Stationary 480.1421 480 378 0.2777778 -0.02572024
Moved 480.158 468.9358 386.5109 0.2521661 -0.003829964
Moved 480.1746 450.3589 418.722 0.2091641 0.07901741
Moved 480.1907 431.199 482.8036 0.1648124 0.2438363
Moved 480.2064 415.6088 545.8177 0.1287242 0.4059096
Moved 480.2201 410.2231 591.9558 0.1162573 0.5245776
Moved 480.2366 417.7793 657.4194 0.1337484 0.6929511
Moved 480.2508 430.4381 695.2047 0.1630511 0.7901353
Ended 480.2675 434 701 0.1712963 0.8050409
Accept 480.2935 0 a
Began 480.511 451 609 0.2106482 0.5684156
Stationary 480.5285 451 609 0.2106482 0.5684156
Stationary 480.5438 451 609 0.2106482 0.5684156
Moved 480.5595 451 593.2202 0.2106482 0.5278295
Moved 480.5751 451 576.6838 0.2106482 0.4852978
Moved 480.5909 451 562.3882 0.2106482 0.4485293
Moved 480.6063 451 546.3784 0.2106482 0.4073518
Moved 480.6211 451 537.5 0.2106482 0.3845164
Moved 480.6368 461.3666 522.85 0.234645 0.3468364
Moved 480.6513 465.3785 506.4859 0.2439317 0.3047476
Moved 480.6678 468 496 0.25 0.2777777
Moved 480.6833 472.9758 485.0564 0.2615182 0.2496305
Moved 480.6987 475.7667 476.6999 0.2679784 0.2281375
Moved 480.7134 478.5508 467.5721 0.2744232 0.2046608
Moved 480.729 482.6423 458.7153 0.2838944 0.1818809
Moved 480.7442 483.2695 454.9219 0.2853461 0.1721241
Moved 480.76 487.5896 445.2312 0.2953463 0.1471995
Moved 480.7755 489.2341 439.0636 0.2991531 0.1313364
Moved 480.7907 491.6776 433.2894 0.3048093 0.1164849
Moved 480.8062 493.1173 428.6481 0.3081418 0.1045477
Moved 480.8228 494 424.7758 0.3101851 0.09458792
Moved 480.8366 494 420.999 0.3101851 0.08487399
Moved 480.8524 494 418.8503 0.3101851 0.07934739
Moved 480.8677 494 416 0.3101851 0.07201634
Moved 480.8837 494 410.0663 0.3101851 0.05675492
Moved 480.8981 494 407.1475 0.3101851 0.0492477
Moved 480.9147 494 402.4002 0.3101851 0.03703753
Moved 480.9288 494 399.3894 0.3101851 0.02929369
Moved 480.944 486.2509 396.5019 0.2922475 0.02186689
Moved 480.9608 485.1239 395.1239 0.2896386 0.01832271
Moved 480.9742 485 392.4505 0.2893518 0.01144664
Moved 480.9903 483.2873 392.2872 0.2853872 0.01102671
Moved 481.0074 481.8485 390.8486 0.2820568 0.007326534
Moved 481.0218 480.4098 390.4097 0.2787263 0.006197863
Moved 481.0371 477.9361 390 0.2730003 0.005143954
Moved 481.0523 473.6501 390 0.2630789 0.005143954
Moved 481.0687 468.6075 390 0.2514063 0.005143954
Moved 481.0912 449.1867 413.8133 0.2064506 0.06639213
Stationary 481.1018 449.1867 413.8133 0.2064506 0.06639213
Moved 481.113 437.8595 427.9257 0.1802302 0.1026894
Moved 481.1287 428.8985 441.1523 0.1594872 0.1367084
Moved 481.1445 423.8642 449.4877 0.1478338 0.1581473
Moved 481.1616 419.3214 455.9048 0.137318 0.1746521
Moved 481.1754 415.5 462.5 0.1284723 0.1916151
Moved 481.1905 411.0179 470.9642 0.118097 0.2133853
Moved 481.207 407.6344 482.4625 0.1102648 0.242959
Moved 481.2216 401.4766 497.3085 0.09601066 0.2811432
Moved 481.2369 395.7494 511.6266 0.08275311 0.3179697
Moved 481.2523 390.9904 531.5528 0.07173697 0.3692201
Moved 481.2687 387.1524 548.3903 0.0628529 0.4125263
Moved 481.284 384.2242 565.6547 0.05607456 0.4569307
Moved 481.2981 381.953 579.2819 0.05081723 0.49198
Moved 481.3144 380.0708 596.1509 0.04646013 0.5353674
Moved 481.3302 378.7153 612.4158 0.04332254 0.5772011
Moved 481.3447 377.263 626.1069 0.03996064 0.6124147
Moved 481.3619 377 643.1312 0.03935188 0.6562017
Moved 481.3766 376.3738 654.3833 0.0379023 0.6851422
Moved 481.3913 374.943 666.5129 0.03459026 0.7163396
Moved 481.4072 375 670.5175 0.03472219 0.7266395
Moved 481.4222 373.4007 675.3973 0.03102005 0.7391906
Moved 481.4375 371.9626 681.1497 0.02769113 0.7539857
Moved 481.4533 370.5195 686.922 0.02435068 0.7688322
Moved 481.4686 370.0816 689.8367 0.02333711 0.7763289
Moved 481.484 368.6396 694.0812 0.01999905 0.7872459
Moved 481.4986 367.2012 699.3963 0.01666953 0.8009163
Moved 481.5145 367 703.6031 0.01620372 0.8117363
Moved 481.5302 365.6975 707.9074 0.01318872 0.8228071
Moved 481.5471 366 713.2642 0.01388888 0.8365849
Moved 481.5609 364.8057 718.7771 0.01112441 0.850764
Moved 481.5764 365 721.8948 0.01157403 0.8587829
Moved 481.5916 365 725.1491 0.01157403 0.8671529
Moved 481.6074 365 729.5 0.01157403 0.8783434
Moved 481.6236 364 730.4373 0.009259283 0.8807543
Moved 481.6375 364 733.1381 0.009259283 0.8877008
Moved 481.6549 364 735.0066 0.009259283 0.8925065
Moved 481.669 364 736.9299 0.009259283 0.8974531
Moved 481.6839 364 739.7596 0.009259283 0.9047316
Moved 481.6989 369.7235 741.6353 0.02250811 0.9095556
Moved 481.7161 377.3026 744.5211 0.04005234 0.9169778
Moved 481.7304 382 748.5 0.05092591 0.9272117
Moved 481.7458 387.1472 749.7868 0.06284088 0.9305215
Moved 481.7618 394.1454 751.2291 0.07904013 0.934231
Moved 481.7809 399.7107 752 0.09192288 0.9362137
Moved 481.7931 404.3422 752 0.1026441 0.9362137
Moved 481.8064 408.6682 752 0.1126577 0.9362137
Moved 481.8235 411.9952 752 0.1203592 0.9362137
Moved 481.8385 414.8729 752 0.1270205 0.9362137
Moved 481.8549 417.1495 752 0.1322905 0.9362137
Moved 481.8688 419.0089 752 0.1365948 0.9362137
Moved 481.8843 421.9038 752 0.1432958 0.9362137
Moved 481.9001 423.8922 752 0.1478986 0.9362137
Moved 481.9145 426.6394 752 0.1542578 0.9362137
Moved 481.9312 430.3098 752 0.1627541 0.9362137
Moved 481.9464 434.6339 752 0.1727636 0.9362137
Moved 481.9617 437.7126 752 0.1798904 0.9362137
Moved 481.9764 443.2623 752 0.1927369 0.9362137
Moved 481.9917 448.7881 752 0.2055279 0.9362137
Moved 482.0078 452.9004 745 0.2150472 0.9182098
Moved 482.0234 456.1548 745 0.2225806 0.9182098
Moved 482.0382 460.4971 745 0.2326321 0.9182098
Moved 482.0556 463.9154 745 0.2405449 0.9182098
Moved 482.0692 466.0424 745 0.2454684 0.9182098
Moved 482.0853 468.9353 743.5323 0.2521651 0.9144349
Moved 482.1005 470.9039 744 0.2567221 0.9156379
Moved 482.1149 473.6847 744 0.2631591 0.9156379
Moved 482.1309 474.7773 744 0.2656882 0.9156379
Ended 482.1463 477.4284 744 0.2718249 0.9156379
Candidates 482.3152 12 bet very betty beer cry net barry ccr bay nasty bat ct
Began 482.959 462 619 0.2361111 0.5941358
Stationary 482.979 462 619 0.2361111 0.5941358
Moved 482.9939 447.8482 619 0.2033524 0.5941358
Moved 483.0114 432.6183 619 0.1680978 0.5941358
Moved 483.0254 401.218 619 0.09541193 0.5941358
Moved 483.0403 361.3122 619 0.003037453 0.5941358
Moved 483.0582 321.2303 619 -0.08974478 0.5941358
Moved 483.0734 298 619 -0.1435185 0.5941358
Moved 483.0938 263.9212 619 -0.2224046 0.5941358
Stationary 483.1052 263.9212 619 -0.2224046 0.5941358
Moved 483.1175 250.4924 609.0477 -0.2534899 0.5685383
Ended 483.1328 242.6834 605.8417 -0.2715661 0.5602925
Accept 483.1618 1 very
Began 483.6091 424 513 0.1481481 0.321502
Stationary 483.626 424 513 0.1481481 0.321502
Stationary 483.6408 424 513 0.1481481 0.321502
Stationary 483.6561 424 513 0.1481481 0.321502
Stationary 483.6714 424 513 0.1481481 0.321502
Stationary 483.6908 424 513 0.1481481 0.321502
Stationary 483.702 424 513 0.1481481 0.321502
Moved 483.7195 414.9044 513 0.1270935 0.321502
Moved 483.7344 415 527.5877 0.1273148 0.3590218
Moved 483.7498 415 542.4918 0.1273148 0.3973553
Moved 483.7651 415 553.3425 0.1273148 0.4252636
Moved 483.7812 419.3518 569.253 0.1373884 0.4661856
Moved 483.795 425.8306 584.3223 0.1523855 0.504944
Moved 483.8105 431.4934 601.4803 0.1654941 0.5490748
Moved 483.8264 434.4186 608.8372 0.1722653 0.5679967
Moved 483.8418 437.8024 617.473 0.1800981 0.5902081
Moved 483.8578 442.053 626.106 0.1899374 0.6124123
Moved 483.8724 445.5623 634.6869 0.1980609 0.6344826
Moved 483.8881 448.4466 645.7863 0.2047375 0.6630304
Moved 483.9056 451.3362 655.0085 0.2114263 0.6867503
Moved 483.9186 453.1123 663.6738 0.2155378 0.7090374
Moved 483.9333 453.5504 668.6511 0.2165517 0.721839
Moved 483.9497 454 672.8991 0.2175926 0.732765
Moved 483.9657 454 677.1896 0.2175926 0.7438004
Moved 483.9807 454 681.0095 0.2175926 0.7536252
Moved 484.0036 454 685.3656 0.2175926 0.7648291
Stationary 484.0143 454 685.3656 0.2175926 0.7648291
Moved 484.0262 454 688.6337 0.2175926 0.7732348
Moved 484.0414 454 690.2505 0.2175926 0.777393
Moved 484.0601 443.5 691.5 0.193287 0.7806069
Moved 484.0721 443.3865 693.8068 0.1930244 0.7865399
Moved 484.0882 439.2633 695.2455 0.18348 0.7902403
Moved 484.1056 434.9236 696.6921 0.1734343 0.793961
Moved 484.1191 430.5967 697 0.1634183 0.7947529
Moved 484.1337 425.2708 697 0.1510898 0.7947529
Moved 484.15 418.9266 697 0.1364042 0.7947529
Moved 484.1656 413.1695 697 0.1230774 0.7947529
Moved 484.1813 407.2974 697 0.1094846 0.7947529
Moved 484.196 400.0972 697 0.09281755 0.7947529
Moved 484.2117 392.8831 697 0.07611831 0.7947529
Moved 484.2266 384.0843 687.4647 0.05575071 0.7702281
Moved 484.2422 375.1937 684.3979 0.03517051 0.7623401
Moved 484.2584 367.6289 678.8145 0.01765956 0.7479795
Moved 484.2731 357.8396 673.3369 -0.005000979 0.7338912
Moved 484.2885 352.8653 669.0922 -0.0165155 0.7229738
Moved 484.3035 345.2332 663.7399 -0.03418232 0.7092075
Moved 484.3188 338.0287 659.4172 -0.0508595 0.6980896
Moved 484.3359 329.8261 653.4609 -0.06984706 0.6827696
Moved 484.3521 320.4992 645.5707 -0.091437 0.6624761
Moved 484.3667 312.3089 640.2059 -0.110396 0.6486776
Moved 484.3808 301.1166 629.1166 -0.1363042 0.6201558
Moved 484.3964 295.2011 622.2413 -0.1499975 0.6024723
Moved 484.4137 286.6654 613.6654 -0.1697561 0.580415
Moved 484.4334 266.8821 594.6174 -0.2155506 0.5314233
Stationary 484.4442 266.8821 594.6174 -0.2155506 0.5314233
Moved 484.4579 258.0708 587.0708 -0.2359473 0.5120133
Moved 484.4737 250.2851 579.2851 -0.2539697 0.4919883
Moved 484.4893 243.1013 570.5215 -0.2705989 0.4694483
Moved 484.5048 238.7552 565.007 -0.2806592 0.4552647
Moved 484.5199 234.7072 559.6096 -0.2900298 0.4413825
Moved 484.5353 231.4668 555.9335 -0.2975306 0.4319277
Moved 484.5524 229.0559 552.0839 -0.3031113 0.4220265
Moved 484.5677 227.5932 550.5932 -0.3064972 0.4181923
Moved 484.5824 227 549.1476 -0.3078704 0.4144743
Moved 484.5962 227 547.7052 -0.3078704 0.4107643
Moved 484.6127 227 546.5 -0.3078704 0.4076646
Moved 484.6276 227 545.1509 -0.3078704 0.4041945
Moved 484.6434 239.9186 543.7081 -0.2779662 0.4004837
Moved 484.6591 244.6453 542.2709 -0.2670248 0.3967873
Moved 484.6736 251.8264 542 -0.2504019 0.3960905
Moved 484.6893 264.05 542 -0.2221066 0.3960905
Moved 484.7048 280.5556 542 -0.1838991 0.3960905
Moved 484.7196 300.5542 558.1497 -0.1376061 0.4376278
Moved 484.7346 318.3455 565.1727 -0.09642248 0.4556911
Moved 484.7512 338.1422 576.0829 -0.05059679 0.4837524
Moved 484.7678 349.474 583.1713 -0.02436573 0.5019836
Moved 484.7819 358.348 587.674 -0.003824035 0.5135648
Moved 484.7964 369.5571 595.9178 0.02212296 0.534768
Moved 484.8124 380.3896 602.8497 0.04719824 0.5525969
Moved 484.8338 394.3397 614.0717 0.07948995 0.5814601
Stationary 484.8445 394.3397 614.0717 0.07948995 0.5814601
Moved 484.858 401.9342 618.3605 0.09706994 0.592491
Moved 484.8734 406.687 622.687 0.1080719 0.6036187
Moved 484.89 412.6764 627.0073 0.1219361 0.6147307
Moved 484.9072 418.435 631.3263 0.1352663 0.6258391
Moved 484.9204 422.5 635.5 0.144676 0.636574
Moved 484.9361 425.9248 641.8998 0.1526037 0.6530343
Moved 484.9513 428.1249 645.1874 0.1576965 0.6614901
Moved 484.9675 431 651 0.1643519 0.6764401
Moved 484.9821 432.9716 655.9147 0.1689157 0.6890811
Moved 484.9972 434.4067 660.2202 0.1722378 0.7001547
Moved 485.0136 435.8399 663.6798 0.1755553 0.7090529
Moved 485.0285 436 666.5536 0.1759259 0.7164442
Moved 485.0435 437.7299 669.4597 0.1799302 0.7239189
Moved 485.0602 438 670.8563 0.1805556 0.727511
Moved 485.0751 439.2322 671 0.1834079 0.7278805
Moved 485.0904 440.6756 672.6756 0.1867491 0.7321903
Stationary 485.106 441 673 0.1875 0.7330247
Moved 485.1216 443.1064 674 0.1923759 0.7355967
Moved 485.1368 446.9845 674 0.2013529 0.7355967
Moved 485.1524 451.3006 674 0.211344 0.7355967
Moved 485.1733 467.9434 674 0.2498689 0.7355967
Stationary 485.1833 467.9434 674 0.2498689 0.7355967
Moved 485.1976 477.9866 674 0.2731171 0.7355967
Moved 485.2138 488.2144 674 0.2967926 0.7355967
Moved 485.2288 496.8489 674 0.3167799 0.7355967
Moved 485.2438 507.2635 674 0.3408876 0.7355967
Moved 485.2605 516.1076 674 0.3613602 0.7355967
Moved 485.275 524 674 0.3796296 0.7355967
Moved 485.2903 531.5779 668.9908 0.3971712 0.722713
Moved 485.3053 537.6306 667 0.4111818 0.7175924
Moved 485.3205 542.3838 667 0.4221847 0.7175924
Moved 485.3365 547.1041 667 0.4331113 0.7175924
Moved 485.3515 549.4748 667 0.4385991 0.7175924
Moved 485.3673 550.915 667 0.4419328 0.7175924
Moved 485.3828 552.3616 667 0.4452815 0.7175924
Moved 485.3973 553.3781 667 0.4476345 0.7175924
Stationary 485.4149 553.3781 667 0.4476345 0.7175924
Stationary 485.4297 553.3781 667 0.4476345 0.7175924
Stationary 485.4434 553.3781 667 0.4476345 0.7175924
Moved 485.4593 553 662.4749 0.4467593 0.7059537
Moved 485.4748 547.3961 657.1981 0.4337872 0.6923817
Moved 485.4905 540.4525 648.0419 0.4177141 0.6688318
Moved 485.5112 537.4539 643.0898 0.4107729 0.6560951
Moved 485.5219 530.9581 633.5969 0.3957364 0.6316792
Moved 485.5367 526.6407 625.2815 0.3857425 0.6102918
Moved 485.5543 523.4399 618.7595 0.378333 0.5935172
Moved 485.5672 520.999 612.998 0.3726829 0.5786986
Moved 485.5829 519.5608 608.6824 0.3693537 0.5675988
Moved 485.598 518.1246 604.2491 0.3660291 0.5561961
Moved 485.614 517.0392 602.0785 0.3635168 0.5506133
Moved 485.6295 517 600.6149 0.3634259 0.546849
Moved 485.644 516 598.1761 0.3611111 0.5405764
Moved 485.6607 516 596.7374 0.3611111 0.536876
Moved 485.6754 515.3006 595.3006 0.3594921 0.5331805
Moved 485.6905 515 593.8627 0.3587963 0.5294822
Stationary 485.7068 515 593.8627 0.3587963 0.5294822
Moved 485.7219 515 592.6266 0.3587963 0.5263028
Moved 485.7361 515 591.9446 0.3587963 0.5245489
Moved 485.7535 515 591.4342 0.3587963 0.5232361
Moved 485.7698 515 590.5 0.3587963 0.5208333
Stationary 485.783 515 590.5 0.3587963 0.5208333
Moved 485.7984 515 589.751 0.3587963 0.5189069
Moved 485.8206 524.5 589 0.3807871 0.5169753
Stationary 485.8318 524.5 589 0.3807871 0.5169753
Moved 485.8438 526.6801 587.16 0.3858335 0.5122426
Moved 485.8611 528.2761 585.7239 0.3895279 0.5085492
Moved 485.8757 530.7184 584.2816 0.3951816 0.5048392
Moved 485.8918 532.1605 580.5186 0.3985196 0.4951608
Moved 485.9076 534.5959 575.6163 0.4041572 0.4825522
Moved 485.9223 536.0376 568.8119 0.4074944 0.465051
Moved 485.938 537.4762 558.6665 0.4108245 0.4389569
Moved 485.9535 537 545.9819 0.4097222 0.406332
Moved 485.9684 537 535.5164 0.4097222 0.3794144
Moved 485.983 537 524.9963 0.4097222 0.3523568
Moved 485.9996 537 515.3217 0.4097222 0.3274735
Moved 486.0151 537 502.4991 0.4097222 0.2944937
Moved 486.0296 531.2837 488.2006 0.39649 0.2577174
Moved 486.0451 528.7396 479.6979 0.3906008 0.2358484
Moved 486.0612 529 475.9045 0.3912036 0.2260918
Moved 486.0766 529 468.1666 0.3912036 0.2061897
Moved 486.0915 529 459.4584 0.3912036 0.1837921
Moved 486.1074 529 447.842 0.3912036 0.1539146
Moved 486.127 529 433.7382 0.3912036 0.1176394
Moved 486.1391 529 427.7303 0.3912036 0.102187
Moved 486.1527 529 420.9401 0.3912036 0.0847225
Moved 486.1682 529 417.8243 0.3912036 0.0767085
Moved 486.184 529 415.9507 0.3912036 0.07188958
Moved 486.1998 529 412.1582 0.3912036 0.06213521
Moved 486.2151 529 410.5 0.3912036 0.05787029
Moved 486.2302 529 410.6234 0.3912036 0.05818759
Moved 486.245 529 409.8602 0.3912036 0.05622463
Moved 486.2603 528 408.2808 0.3888889 0.05216237
Moved 486.276 528 407.1265 0.3888889 0.04919374
Moved 486.291 528 406.5 0.3888889 0.04758226
Moved 486.3081 527.2969 405.2969 0.3872614 0.04448792
Moved 486.322 527 403.8534 0.3865741 0.04077507
Stationary 486.3384 527 403.8534 0.3865741 0.04077507
Moved 486.3536 526 401.9797 0.3842592 0.03595588
Moved 486.3683 524.5532 400.5532 0.3809102 0.03228702
Stationary 486.3854 524.5532 400.5532 0.3809102 0.03228702
Moved 486.4065 523.0166 400 0.3773533 0.03086416
Moved 486.4162 523 398.5779 0.3773148 0.02720644
Moved 486.4301 521.1489 398.1489 0.3730299 0.02610312
Moved 486.4456 521 396.709 0.3726852 0.02239961
Moved 486.4608 519.2588 397 0.3686546 0.02314815
Ended 486.4774 517.8334 394.6667 0.365355 0.01714695
Began 486.5191 502 392 0.3287037 0.01028803
Stationary 486.5396 502 392 0.3287037 0.01028803
Moved 486.5554 489.6044 399.2308 0.3000102 0.02888566
Candidates 486.5554 12 duration train reason rain twin grain retain station fusion drain hussein tradition
Moved 486.5703 476.5 412.5 0.2696759 0.06301432
Moved 486.5849 463.4584 422.5925 0.239487 0.08897252
Moved 486.6008 449.0805 434.1356 0.206205 0.1186613
Moved 486.6164 439.1598 442.0722 0.1832402 0.1390746
Moved 486.6302 422.7396 452.5069 0.1452306 0.1659127
Moved 486.6468 405.4815 462.6358 0.1052813 0.1919644
Moved 486.6622 387.8859 470.9713 0.06455074 0.2134034
Moved 486.6768 368.3943 479.5453 0.01943131 0.2354559
Moved 486.6968 349.2132 489.8934 -0.02496938 0.2620714
Moved 486.7106 329.0452 499.9774 -0.07165462 0.2880077
Moved 486.7229 314.8025 507.0988 -0.1046239 0.3063239
Moved 486.739 297.7617 514.6191 -0.1440701 0.3256665
Moved 486.7556 286.2187 520.3907 -0.17079 0.340511
Moved 486.7711 276.5 524.5 -0.193287 0.3510802
Moved 486.7855 269.1671 528.8997 -0.2102613 0.3623963
Moved 486.8008 264.7365 530.4212 -0.2205175 0.3663096
Moved 486.8149 264 531.8532 -0.2222222 0.3699927
Moved 486.8304 264 532.5 -0.2222222 0.3716563
Moved 486.8472 264 535.5184 -0.2222222 0.3794196
Moved 486.864 285.2867 543.3147 -0.1729475 0.3994718
Moved 486.8771 302.4489 550.4371 -0.1332201 0.4177908
Moved 486.8924 309.5739 552.7148 -0.1167271 0.423649
Moved 486.9096 317.9065 553 -0.09743869 0.4243826
Moved 486.9234 322.7758 553 -0.08616721 0.4243826
Moved 486.9385 327.0757 553 -0.07621358 0.4243826
Moved 486.9583 332.4766 553 -0.06371165 0.4243826
Moved 486.9704 337.7059 553 -0.05160664 0.4243826
Moved 486.9855 343.0363 553 -0.03926793 0.4243826
Moved 487.0009 350.2185 553 -0.02264241 0.4243826
Moved 487.0159 357.431 546 -0.005946706 0.4063785
Moved 487.0317 365.9514 546 0.01377642 0.4063785
Moved 487.0472 371.5 546 0.02662033 0.4063785
Moved 487.0639 378.5321 546 0.04289846 0.4063785
Moved 487.0778 384.3655 546 0.05640169 0.4063785
Moved 487.0927 389.1258 546 0.0674207 0.4063785
Moved 487.1091 392.4524 546 0.07512123 0.4063785
Moved 487.1234 396.993 546 0.0856318 0.4063785
Moved 487.1402 400.2124 546 0.09308438 0.4063785
Moved 487.1557 404.5 546 0.1030092 0.4063785
Moved 487.1708 405.6519 546 0.1056757 0.4063785
Moved 487.1853 408.1833 546 0.1115354 0.4063785
Moved 487.2072 410.961 546 0.1179652 0.4063785
Stationary 487.2201 410.961 546 0.1179652 0.4063785
Moved 487.2308 412.4195 546 0.1213415 0.4063785
Moved 487.2466 413.5 546 0.1238426 0.4063785
Moved 487.2641 414.1407 546 0.1253256 0.4063785
Stationary 487.2783 414 546 0.125 0.4063785
Moved 487.2932 415.8073 546 0.1291836 0.4063785
Stationary 487.3097 416 546 0.1296297 0.4063785
Moved 487.3235 417.5 546 0.1331019 0.4063785
Moved 487.3387 418.0644 546 0.1344084 0.4063785
Moved 487.3575 419.5 546 0.1377314 0.4063785
Moved 487.3709 420.0031 546 0.138896 0.4063785
Moved 487.3864 421.093 546 0.1414191 0.4063785
Stationary 487.4015 421.093 546 0.1414191 0.4063785
Moved 487.4155 422.0021 546 0.1435233 0.4063785
Stationary 487.4319 422 546 0.1435185 0.4063785
Moved 487.4531 423.2849 546 0.1464928 0.4063785
Moved 487.4651 424.0055 546 0.1481607 0.4063785
Ended 487.4775 424.0055 546 0.1481607 0.4063785
Accept 487.5514 0 duration
Backspace 494.6577
Began 495.8116 519 548 0.3680556 0.4115225
Stationary 495.8311 519 548 0.3680556 0.4115225
Stationary 495.8453 519 548 0.3680556 0.4115225
Stationary 495.8618 519 548 0.3680556 0.4115225
Stationary 495.877 519 548 0.3680556 0.4115225
Stationary 495.8923 519 548 0.3680556 0.4115225
Moved 495.9198 507 548 0.3402778 0.4115225
Moved 495.9313 500.2794 548 0.3247209 0.4115225
Stationary 495.9417 500.2794 548 0.3247209 0.4115225
Moved 495.9527 490.7201 548 0.3025928 0.4115225
Moved 495.9693 478.6734 541 0.274707 0.3935184
Moved 495.9851 463.2358 539.9363 0.2389718 0.3907827
Moved 495.999 449.9521 540 0.2082226 0.3909464
Moved 496.0158 431.8286 540 0.16627 0.3909464
Moved 496.0307 418.5499 540 0.1355321 0.3909464
Moved 496.0458 411.0755 540 0.1182304 0.3909464
Moved 496.062 401.44 540 0.09592593 0.3909464
Moved 496.0772 391.4161 538.6309 0.07272243 0.387425
Moved 496.0924 382.9431 538 0.05310903 0.3858024
Moved 496.1097 375.7617 536.7523 0.03648539 0.3825933
Moved 496.1263 369.2515 536.3129 0.02141555 0.381463
Moved 496.1381 362.3544 536 0.00545005 0.3806583
Moved 496.1532 358.4153 534.8538 -0.003668417 0.3777103
Moved 496.1698 353.0755 535 -0.01602898 0.3780863
Moved 496.1859 348.7591 533.9197 -0.02602071 0.3753077
Moved 496.2017 345.443 534 -0.03369684 0.3755144
Moved 496.2158 342.0844 534 -0.04147132 0.3755144
Moved 496.2316 337.7987 534 -0.05139187 0.3755144
Moved 496.2455 334.4771 534 -0.05908092 0.3755144
Moved 496.2614 332.0723 534 -0.06464755 0.3755144
Moved 496.2761 329.2104 534 -0.0712721 0.3755144
Moved 496.2918 325.3296 534 -0.08025567 0.3755144
Moved 496.3085 322.4519 534 -0.08691688 0.3755144
Moved 496.3224 319.5704 534 -0.09358694 0.3755144
Moved 496.3378 317.8587 534 -0.09754936 0.3755144
Moved 496.3605 315.5 534 -0.1030092 0.3755144
Stationary 496.3724 315.5 534 -0.1030092 0.3755144
Moved 496.3837 314.9489 534 -0.1042848 0.3755144
Moved 496.3998 313.4496 534 -0.1077555 0.3755144
Stationary 496.4151 313 534 -0.1087963 0.3755144
Moved 496.4307 311.5643 534 -0.1121196 0.3755144
Moved 496.4467 310.5 534 -0.1145833 0.3755144
Moved 496.4613 309.8451 534 -0.1160993 0.3755144
Stationary 496.4769 309.8451 534 -0.1160993 0.3755144
Stationary 496.4933 309.8451 534 -0.1160993 0.3755144
Moved 496.5077 308.9208 534 -0.1182389 0.3755144
Ended 496.5238 309 534 -0.1180555 0.3755144
Candidates 496.6599 12 a as gas ass faa aa da fda ga aaa sa has
Began 497.2928 489 382 0.2986111 -0.01543218
Stationary 497.3165 489 382 0.2986111 -0.01543218
Stationary 497.3263 489 382 0.2986111 -0.01543218
Stationary 497.3388 489 382 0.2986111 -0.01543218
Moved 497.355 477.3706 382 0.2716912 -0.01543218
Moved 497.3708 461.8801 427.0289 0.2358335 0.100383
Moved 497.3863 450.0361 484.7834 0.2084169 0.2489284
Moved 497.4017 447.1329 549.5089 0.2016966 0.4154033
Moved 497.4182 448 592.5874 0.2037037 0.5262021
Ended 497.4336 484 694 0.287037 0.7870369
Accept 497.4605 0 a
Began 497.9075 488 639 0.2962963 0.6455761
Stationary 497.9271 488 639 0.2962963 0.6455761
Stationary 497.9409 488 639 0.2962963 0.6455761
Moved 497.9563 488 624.9601 0.2962963 0.6094652
Moved 497.9767 488 615.5363 0.2962963 0.5852269
Moved 497.988 479.4855 607.9183 0.2765869 0.5656334
Moved 498.0022 479.3452 596.0709 0.276262 0.5351617
Moved 498.0178 478.1967 589.1801 0.2736034 0.5174385
Moved 498.034 476.8286 576.2857 0.2704365 0.4842739
Moved 498.05 474.7818 569.9545 0.2656986 0.4679899
Moved 498.0648 472.9511 560.6575 0.2614608 0.4440778
Moved 498.0799 470.0275 553.5688 0.2546933 0.4258456
Moved 498.0953 468.0736 547.2943 0.2501703 0.4097075
Moved 498.1112 463.9278 538.8556 0.2405736 0.388003
Moved 498.1252 462 532 0.2361111 0.3703703
Moved 498.1413 459.1529 523.4587 0.2295207 0.3484021
Moved 498.1569 456.2752 517.5505 0.2228594 0.3332058
Moved 498.1752 455.2837 512.1348 0.2205641 0.3192766
Moved 498.1914 452.7255 505.3138 0.2146424 0.3017329
Moved 498.2034 451.4224 499.6895 0.2116259 0.2872672
Moved 498.2182 449.991 493.9641 0.2083126 0.2725414
Moved 498.2336 448.5397 489.6191 0.2049531 0.261366
Moved 498.2492 447.468 484.3403 0.2024723 0.2477888
Moved 498.2657 447 479.0922 0.2013889 0.2342905
Moved 498.2806 445.5881 473.3526 0.1981207 0.2195282
Moved 498.2967 445.137 468.5481 0.1970764 0.2071709
Moved 498.3118 445 464.0926 0.1967593 0.1957113
Moved 498.3263 445 460.7744 0.1967593 0.1871769
Moved 498.3415 445 457.6411 0.1967593 0.1791179
Moved 498.3586 445 455.5135 0.1967593 0.1736459
Moved 498.3725 445 453.2416 0.1967593 0.1678025
Moved 498.3929 445 451.7996 0.1967593 0.1640934
Moved 498.405 444.3631 451 0.195285 0.162037
Moved 498.419 443.5 451 0.193287 0.162037
Moved 498.4355 442.4808 451 0.1909277 0.162037
Moved 498.451 439.1096 451 0.1831241 0.162037
Moved 498.4651 435.8518 459.3951 0.175583 0.1836294
Moved 498.4809 427 468 0.1550926 0.2057612
Moved 498.4959 418.3732 478.6268 0.1351232 0.2330935
Moved 498.5112 408.2526 491.5323 0.1116958 0.2662868
Moved 498.5271 400.8546 500.8036 0.09457082 0.2901326
Moved 498.5432 393.6586 509.6097 0.0779134 0.312782
Moved 498.5568 384.7919 522.3121 0.05738864 0.3454529
Moved 498.5726 377.9873 530.8481 0.04163732 0.3674077
Moved 498.5948 366.0727 545.3556 0.01405716 0.4047212
Moved 498.6053 358.669 551.331 -0.003080914 0.4200899
Moved 498.619 351.4703 558.5297 -0.01974458 0.438605
Moved 498.6346 345.269 562.6386 -0.03409967 0.4491733
Moved 498.6514 340.1548 566.8453 -0.04593804 0.4599929
Moved 498.6663 334.8141 569.593 -0.05830064 0.46706
Moved 498.6811 330 572 -0.06944443 0.4732509
Moved 498.6959 324.5193 574.7404 -0.08213133 0.4802992
Moved 498.7127 318.722 577.639 -0.09555081 0.4877544
Moved 498.7267 312.9666 578.7584 -0.1088735 0.4906335
Moved 498.743 305.9974 580.2005 -0.1250059 0.4943427
Moved 498.7589 302.0785 581.6405 -0.1340775 0.4980465
Moved 498.7738 297.7593 583.0803 -0.1440756 0.5017495
Moved 498.7959 292.7819 584.6091 -0.1555974 0.5056817
Stationary 498.8076 292.7819 584.6091 -0.1555974 0.5056817
Moved 498.8188 289.9023 585 -0.1622633 0.5066872
Moved 498.8355 287.0246 586.4877 -0.1689246 0.5105137
Moved 498.8504 286.0707 586.9293 -0.1711325 0.5116492
Moved 498.8674 284.6281 587 -0.1744721 0.5118312
Moved 498.8801 283.1881 588 -0.1778054 0.5144032
Moved 498.8959 282.5 588 -0.1793981 0.5144032
Moved 498.9118 281.8315 589.1685 -0.1809457 0.5174086
Moved 498.9277 280.5 590.5 -0.1840278 0.5208333
Moved 498.9425 279.8653 591.1347 -0.185497 0.5224658
Moved 498.9586 279 592.7074 -0.1875 0.5265107
Moved 498.9775 279 594.1487 -0.1875 0.5302177
Moved 498.9896 278 597.1781 -0.1898148 0.5380095
Moved 499.0035 278 600.0521 -0.1898148 0.5454014
Moved 499.0204 278 603.2889 -0.1898148 0.5537266
Moved 499.0362 278 606.7071 -0.1898148 0.5625181
Moved 499.0517 278 610.0123 -0.1898148 0.5710192
Moved 499.0678 278 612.8981 -0.1898148 0.5784416
Moved 499.081 278 614.8834 -0.1898148 0.5835476
Moved 499.0964 278 616.3187 -0.1898148 0.5872393
Moved 499.1117 278 617.7662 -0.1898148 0.5909623
Moved 499.1275 278 618.8817 -0.1898148 0.5938313
Moved 499.1433 278 620.2731 -0.1898148 0.5974102
Moved 499.1637 278 621.5 -0.1898148 0.6005658
Moved 499.1754 278 622.0787 -0.1898148 0.6020541
Moved 499.1902 278 623.5 -0.1898148 0.6057097
Moved 499.2048 278 624.0043 -0.1898148 0.6070068
Stationary 499.22 278 624.0043 -0.1898148 0.6070068
Moved 499.2346 278 625.3729 -0.1898148 0.6105267
Stationary 499.2509 278 625.3729 -0.1898148 0.6105267
Moved 499.2671 278 626.3217 -0.1898148 0.6129671
Stationary 499.2822 278 626.3217 -0.1898148 0.6129671
Moved 499.2961 278 628.3115 -0.1898148 0.6180849
Stationary 499.3127 278 628.3115 -0.1898148 0.6180849
Moved 499.3275 285 630.1887 -0.1736111 0.6229132
Stationary 499.3476 285 630.1887 -0.1736111 0.6229132
Moved 499.3576 286.7115 631.7115 -0.1696494 0.6268299
Moved 499.3745 287 633.1399 -0.1689815 0.6305037
Moved 499.3889 288.58 634.58 -0.165324 0.6342077
Moved 499.4042 290.0185 637.037 -0.1619941 0.6405272
Moved 499.4207 291.46 639.92 -0.1586573 0.6479424
Moved 499.4363 292.8989 642.7977 -0.1553267 0.6553438
Moved 499.4515 294.34 645.6801 -0.1519907 0.6627573
Moved 499.4672 295.9461 648.4191 -0.148273 0.6698021
Moved 499.483 297.9037 652.7112 -0.1437413 0.6808414
Moved 499.4976 300.6809 655.681 -0.1373127 0.6884798
Moved 499.5142 301.7806 659.5613 -0.134767 0.69846
Moved 499.5357 304.6516 663.6516 -0.1281213 0.7089803
Stationary 499.5475 304.6516 663.6516 -0.1281213 0.7089803
Moved 499.5591 306.0869 665.0869 -0.1247989 0.7126718
Moved 499.575 307.1432 666.1432 -0.1223538 0.7153888
Moved 499.5915 307.6339 667.634 -0.1212177 0.719223
Moved 499.6059 308 669.0682 -0.1203704 0.722912
Moved 499.6212 309.5 669 -0.1168982 0.7227365
Moved 499.6372 309 670 -0.1180555 0.7253085
Moved 499.652 310.3736 671.3736 -0.1148759 0.7288415
Moved 499.6658 310.808 672.808 -0.1138703 0.732531
Moved 499.682 311.9134 673.9134 -0.1113117 0.7353739
Moved 499.7019 314.6383 675.3192 -0.1050039 0.7389894
Moved 499.7139 318.2779 679.2779 -0.09657905 0.7491713
Moved 499.7288 321.373 682.373 -0.08941432 0.7571322
Moved 499.7438 327.5129 688.5129 -0.07520154 0.7729241
Moved 499.7608 334.1517 697.2124 -0.05983403 0.7952992
Moved 499.7744 339.484 703.855 -0.0474907 0.8123841
Moved 499.7902 344 711 -0.03703703 0.8307611
Moved 499.8069 349.8324 717.7905 -0.02353619 0.8482263
Moved 499.821 354.1762 724.9603 -0.01348098 0.8666674
Moved 499.8365 358.6439 732.1097 -0.003139128 0.8850558
Moved 499.8521 362.7886 736.7886 0.006455183 0.89709
Moved 499.8711 364.6995 741.0984 0.01087834 0.9081748
Moved 499.8826 367.3878 744.3878 0.01710127 0.9166349
Moved 499.8982 370 748.5 0.02314816 0.9272117
Moved 499.9138 372.4391 752.8782 0.02879421 0.9384726
Moved 499.9286 375.3154 757.4731 0.03545235 0.9502909
Moved 499.9437 378.1934 761.7901 0.04211435 0.9613941
Moved 499.9612 380.0352 765.0703 0.04637768 0.969831
Moved 499.9767 382.9451 767.9451 0.0531137 0.9772249
Moved 499.9904 383.9153 770.8304 0.0553594 0.9846461
Moved 500.0062 385.349 772.349 0.05867819 0.988552
Moved 500.0222 386.3758 773.3757 0.06105502 0.9911926
Moved 500.0406 387.9257 774.9257 0.06464282 0.9951792
Moved 500.0528 389.3667 777.7335 0.0679785 1.002401
Moved 500.0669 390.8035 777.8035 0.07130444 1.002581
Moved 500.0829 393.4877 779.2438 0.07751773 1.006286
Moved 500.0989 394.6833 780.6833 0.08028537 1.009988
Moved 500.1142 396.1207 781 0.08361269 1.010802
Moved 500.1291 397.1684 782.1685 0.08603801 1.013808
Moved 500.1447 399.6639 782.6639 0.0918145 1.015082
Moved 500.1623 402.2043 783 0.09769499 1.015947
Moved 500.1763 405.0793 783 0.1043503 1.015947
Moved 500.1904 407.9537 783 0.1110039 1.015947
Moved 500.213 414.7037 783.8518 0.1266289 1.018137
Stationary 500.2229 414.7037 783.8518 0.1266289 1.018137
Moved 500.2368 416.8887 784 0.1316868 1.018519
Moved 500.253 419.7227 784 0.1382469 1.018519
Moved 500.2676 421.5985 784 0.1425892 1.018519
Moved 500.2829 424.4861 784 0.1492735 1.018519
Moved 500.2989 426.3523 784 0.1535933 1.018519
Moved 500.3138 428.1199 784 0.157685 1.018519
Moved 500.3291 429.5581 784 0.1610141 1.018519
Moved 500.3448 430.7523 784 0.1637786 1.018519
Moved 500.3603 433.2186 784 0.1694874 1.018519
Moved 500.3804 434.5494 784 0.1725681 1.018519
Moved 500.3917 435.9839 784 0.1758887 1.018519
Moved 500.4064 436.5 784 0.1770833 1.018519
Moved 500.422 437.8646 784 0.1802422 1.018519
Moved 500.4374 439.309 784 0.1835856 1.018519
Moved 500.4556 440.5 784 0.1863426 1.018519
Moved 500.4682 441.8206 784 0.1893994 1.018519
Moved 500.4831 443.261 775.1732 0.1927337 0.9958157
Moved 500.4996 446.4048 776 0.2000112 0.9979422
Moved 500.5154 449.3799 774.8101 0.2068978 0.9948816
Moved 500.5302 452.8971 774 0.2150396 0.9927983
Moved 500.5496 458.2833 772.9292 0.2275075 0.9900442
Moved 500.5612 462.5 773 0.2372685 0.9902263
Moved 500.5766 468.8483 772.3586 0.2519636 0.9885765
Moved 500.5917 477.4844 772 0.2719547 0.9876541
Moved 500.6095 485.6046 772 0.2907512 0.9876541
Moved 500.6226 492.7776 772 0.3073554 0.9876541
Moved 500.6383 499.9835 772 0.3240359 0.9876541
Moved 500.6536 508.1763 772 0.3430006 0.9876541
Moved 500.6685 515.3651 772 0.3596413 0.9876541
Moved 500.6841 519.1204 772 0.3683341 0.9876541
Ended 500.7003 524 772 0.3796296 0.9876541
Candidates 500.8057 12 carry vary carey cat career car barry carter cast carr vast bay
Began 501.4384 480 626 0.2777778 0.6121398
Stationary 501.4547 480 626 0.2777778 0.6121398
Moved 501.4698 460.7487 614.2353 0.2332146 0.5818808
Moved 501.4858 435 600 0.1736111 0.5452674
Moved 501.502 399.4249 584.6531 0.09126127 0.5057949
Moved 501.5168 358.1111 571.6207 -0.004372498 0.4722753
Moved 501.5321 331.7884 564.6971 -0.06530458 0.4544677
Moved 501.5481 312.6427 558.967 -0.1096234 0.4397298
Moved 501.5638 303.5276 557.5055 -0.1307233 0.4359708
Moved 501.5853 289.3556 555 -0.1635287 0.4295266
Stationary 501.5952 289.3556 555 -0.1635287 0.4295266
Moved 501.6081 285.7149 554 -0.1719562 0.4269547
Moved 501.6249 283.9167 554 -0.1761189 0.4269547
Moved 501.6411 282.4696 554 -0.1794686 0.4269547
Moved 501.6552 281.0391 554 -0.1827799 0.4269547
Moved 501.6708 280.5 554 -0.1840278 0.4269547
Moved 501.6851 279.4838 554 -0.1863802 0.4269547
Moved 501.7006 278.5 554 -0.1886574 0.4269547
Moved 501.7185 277.8035 554 -0.1902697 0.4269547
Stationary 501.7361 277.8035 554 -0.1902697 0.4269547
Moved 501.7473 277 554 -0.1921296 0.4269547
Stationary 501.7628 277 554 -0.1921296 0.4269547
Moved 501.778 275.6266 554 -0.1953088 0.4269547
Stationary 501.7939 276 554 -0.1944444 0.4269547
Moved 501.8102 274.5 554 -0.1979167 0.4269547
Moved 501.8259 275 554 -0.1967592 0.4269547
Moved 501.8391 273.5 554 -0.2002315 0.4269547
Moved 501.8556 274 554 -0.199074 0.4269547
Moved 501.8712 272.5583 554 -0.2024115 0.4269547
Stationary 501.891 273 554 -0.2013889 0.4269547
Moved 501.9023 271.991 554 -0.2037245 0.4269547
Stationary 501.917 272 554 -0.2037037 0.4269547
Stationary 501.9327 272 554 -0.2037037 0.4269547
Moved 501.9478 271 554 -0.2060186 0.4269547
Ended 501.9638 271 554 -0.2060186 0.4269547
Accept 502.0062 1 vary
Backspace 503.2263
Began 504.026 489 577 0.2986111 0.4861111
Stationary 504.0448 489 577 0.2986111 0.4861111
Stationary 504.0668 489 577 0.2986111 0.4861111
Stationary 504.0754 489 577 0.2986111 0.4861111
Stationary 504.088 489 577 0.2986111 0.4861111
Stationary 504.1066 489 577 0.2986111 0.4861111
Moved 504.12 478.3037 577 0.2738512 0.4861111
Moved 504.1359 477 577 0.2708333 0.4861111
Moved 504.1513 471.058 582.1485 0.2570787 0.4993531
Moved 504.1669 464.1617 584 0.241115 0.5041152
Moved 504.183 455.6965 585.6148 0.2215198 0.5082684
Moved 504.197 441.3994 586 0.1884247 0.5092591
Moved 504.2173 428.5727 587 0.1587331 0.5118312
Moved 504.2291 416.4936 587.9295 0.1307721 0.5142219
Moved 504.2441 403.6523 588 0.101047 0.5144032
Moved 504.2597 397.7372 589.3232 0.08735468 0.5178066
Moved 504.275 382.0724 589 0.05109359 0.5169753
Moved 504.291 371.7363 589 0.0271674 0.5169753
Moved 504.306 361.7021 589 0.003940066 0.5169753
Moved 504.3221 353.9944 589 -0.01390174 0.5169753
Moved 504.3364 347.434 589 -0.02908806 0.5169753
Moved 504.3524 340.6294 589 -0.04483943 0.5169753
Moved 504.3706 337.5732 589 -0.05191395 0.5169753
Moved 504.382 331.6048 589 -0.06572972 0.5169753
Moved 504.3987 327.9249 589 -0.07424792 0.5169753
Moved 504.4145 322.0779 589 -0.08778274 0.5169753
Moved 504.4292 318.2472 589 -0.09665007 0.5169753
Moved 504.4439 315.302 589 -0.1034676 0.5169753
Moved 504.459 310.6242 583.4564 -0.1142959 0.5027171
Moved 504.4754 307.2819 582 -0.1220327 0.4989711
Moved 504.4903 303.067 580.689 -0.1317894 0.4955991
Moved 504.5065 298.5047 580.2524 -0.1423502 0.4944762
Moved 504.5273 291.7576 578.3788 -0.1579684 0.4896573
Stationary 504.5398 291.7576 578.3788 -0.1579684 0.4896573
Moved 504.5525 288.8736 578 -0.1646445 0.488683
Moved 504.5677 287.5066 578 -0.1678088 0.488683
Moved 504.5836 286.2785 577 -0.1706516 0.4861111
Moved 504.5982 284.9254 577 -0.1737838 0.4861111
Moved 504.6144 283.4808 576.4808 -0.1771278 0.4847756
Moved 504.6298 282.0393 576 -0.1804646 0.483539
Stationary 504.6443 282 576 -0.1805555 0.483539
Ended 504.6604 280 575 -0.1851852 0.480967
Candidates 504.7956 12 a as gas ass faa aa da fda ga has aaa sa
Began 505.4597 429 469 0.1597223 0.2083333
Stationary 505.4779 429 469 0.1597223 0.2083333
Moved 505.4921 418.513 506.2872 0.1354468 0.3042365
Moved 505.5102 408.9632 572.7604 0.1133408 0.4752067
Moved 505.5236 407 643.0262 0.1087963 0.6559315
Moved 505.538 417.8352 717.4919 0.1338778 0.8474585
Ended 505.5556 442 779 0.1898148 1.005658
Accept 505.5812 0 a
Began 506.2602 449 532 0.2060185 0.3703703
Stationary 506.2785 449 532 0.2060185 0.3703703
Stationary 506.2921 449 532 0.2060185 0.3703703
Stationary 506.3094 449 532 0.2060185 0.3703703
Moved 506.3236 449 510.1921 0.2060185 0.3142802
Moved 506.3391 438.3933 501.5731 0.1814659 0.2921117
Moved 506.3564 435.5357 487.6783 0.1748511 0.2563742
Moved 506.3697 431.5 472 0.1655093 0.2160493
Moved 506.3855 429.4904 461.9426 0.1608574 0.1901814
Moved 506.4056 427.8058 450.6406 0.1569579 0.1611127
Moved 506.4184 426.3683 432.0518 0.1536305 0.1133018
Moved 506.4314 426 420.4779 0.1527777 0.08353363
Moved 506.447 425 410.4333 0.150463 0.0576987
Moved 506.4623 425 403.4221 0.150463 0.03966574
Moved 506.478 425 397.9286 0.150463 0.02553661
Moved 506.4926 423.6986 393.7943 0.1474504 0.01490306
Moved 506.5098 424 388.6647 0.1481481 0.001709471
Moved 506.5241 424 384.1866 0.1481481 -0.009808089
Moved 506.5443 424 378.4404 0.1481481 -0.02458745
Moved 506.5591 424 374.71 0.1481481 -0.0341822
Moved 506.5707 424 368.6392 0.1481481 -0.04979655
Moved 506.5859 424 363.9043 0.1481481 -0.06197454
Moved 506.6021 424 361.822 0.1481481 -0.06733026
Moved 506.618 424 357.327 0.1481481 -0.07889155
Moved 506.6324 424 354.9995 0.1481481 -0.08487787
Moved 506.647 424 352.1297 0.1481481 -0.09225907
Moved 506.6644 424 351.1064 0.1481481 -0.09489106
Stationary 506.683 424 351 0.1481481 -0.09516476
Stationary 506.6938 424 351 0.1481481 -0.09516476
Stationary 506.7082 424 351 0.1481481 -0.09516476
Moved 506.7242 419.9472 351 0.1387667 -0.09516476
Moved 506.7407 410.3118 369.4695 0.1164625 -0.04766072
Moved 506.7574 401.6351 383.2748 0.09637742 -0.01215326
Moved 506.7713 395.3389 393.6569 0.08180311 0.01454946
Moved 506.7865 390.6813 401.5312 0.07102151 0.03480232
Moved 506.8025 386.8847 410.3458 0.06223321 0.05747363
Moved 506.821 383.7743 417.4514 0.05503307 0.0757494
Moved 506.8326 378.6334 429.9166 0.0431329 0.10781
Moved 506.8485 374.5 439.5 0.03356477 0.1324588
Moved 506.8642 372.0331 450.8675 0.02785454 0.1616962
Moved 506.8792 367.7336 460.955 0.01790186 0.1876413
Moved 506.8944 364.2848 474.0034 0.009918411 0.221202
Moved 506.9101 360.0761 488.0797 0.0001761317 0.2574066
Moved 506.9252 356.5 497 -0.008101861 0.2803498
Moved 506.9407 353.3776 508.4897 -0.01532972 0.3099016
Moved 506.96 348.0208 524.9378 -0.02772972 0.3522062
Moved 506.9712 343.9156 538.2532 -0.03723244 0.3864537
Moved 506.9862 340.7116 549.0095 -0.04464915 0.414119
Moved 507.0036 338.4154 558.9229 -0.04996429 0.4396163
Moved 507.0176 335.9592 568.1429 -0.05565008 0.4633305
Moved 507.0333 333.0982 581.0582 -0.06227275 0.4965488
Moved 507.0487 331.8529 591.1621 -0.06515538 0.5225362
Moved 507.0652 329.9852 602.1036 -0.06947871 0.5506778
Moved 507.0803 330 609.2879 -0.06944443 0.5691561
Moved 507.0995 329 616.4885 -0.07175927 0.587676
Moved 507.111 329 620.9985 -0.07175927 0.5992758
Moved 507.1255 329 626.0993 -0.07175927 0.6123952
Moved 507.1412 329 630.6115 -0.07175927 0.6240006
Moved 507.1559 329 634.8707 -0.07175927 0.6349555
Moved 507.1716 334.1584 642.9476 -0.05981862 0.6557294
Moved 507.1883 338.3342 649.8356 -0.05015224 0.6734453
Moved 507.2028 342.2204 656.4408 -0.04115651 0.6904341
Moved 507.2176 345.122 661.183 -0.03443971 0.7026311
Moved 507.2393 347.9981 665.4973 -0.02778207 0.7137275
Moved 507.2514 349.9298 668.8597 -0.02331053 0.7223757
Moved 507.2656 352.12 671.12 -0.01824076 0.7281892
Moved 507.2813 355 674 -0.01157408 0.7355967
Moved 507.2952 357.9154 676.9154 -0.004825542 0.7430952
Moved 507.3108 360.8009 678.4005 0.001853903 0.7469146
Moved 507.3262 363.5059 680.8353 0.00811547 0.753177
Moved 507.3423 367.8328 683.5552 0.01813143 0.7601726
Moved 507.356 373.5781 686.1469 0.03143072 0.7668385
Moved 507.3756 378.4631 687.8658 0.04273872 0.7712595
Moved 507.3876 386.5585 690.5195 0.06147792 0.7780849
Moved 507.4034 390.8019 691.7005 0.07130066 0.7811226
Moved 507.4186 396.5734 692 0.08466065 0.7818928
Moved 507.4335 400.75 693 0.09432861 0.784465
Moved 507.4492 405.07 694.0233 0.1043287 0.7870968
Moved 507.4647 407.8604 694 0.110788 0.7870369
Moved 507.4798 411.2714 695 0.1186838 0.7896089
Moved 507.495 412.9375 695 0.1225405 0.7896089
Moved 507.5176 417.6353 695 0.1334152 0.7896089
Stationary 507.528 417.6353 695 0.1334152 0.7896089
Moved 507.5408 419.2551 695 0.1371645 0.7896089
Moved 507.559 420.6932 695 0.1404935 0.7896089
Moved 507.5728 422.1297 695 0.1438188 0.7896089
Moved 507.5877 423.5 695 0.1469907 0.7896089
Stationary 507.6035 423.5 695 0.1469907 0.7896089
Moved 507.6176 425.1225 695 0.1507466 0.7896089
Stationary 507.6338 425.1225 695 0.1507466 0.7896089
Moved 507.6526 426.9916 695 0.1550731 0.7896089
Moved 507.6643 427.5 695 0.15625 0.7896089
Moved 507.6805 428.8704 695 0.1594222 0.7896089
Moved 507.6956 430.3055 695 0.1627441 0.7896089
Moved 507.7112 431.2911 695 0.1650257 0.7896089
Moved 507.7271 433.6668 695 0.1705249 0.7896089
Moved 507.7425 435.2599 695 0.1742127 0.7896089
Moved 507.7582 440.1266 690.0379 0.1854783 0.7768464
Moved 507.7725 444.4067 686.8644 0.195386 0.7686842
Moved 507.794 453.0519 683.974 0.215398 0.7612499
Stationary 507.8046 453.0519 683.974 0.215398 0.7612499
Moved 507.8182 456.3636 684 0.2230639 0.7613168
Moved 507.834 461.8002 683 0.2356486 0.7587448
Moved 507.8508 467.1072 683 0.2479334 0.7587448
Moved 507.8657 469.9541 681.5229 0.2545235 0.7549458
Moved 507.8805 473.8205 682 0.2634734 0.7561726
Moved 507.8958 476.6724 682 0.2700749 0.7561726
Moved 507.9134 478.7853 682 0.2749661 0.7561726
Moved 507.9332 482.6657 682 0.2839485 0.7561726
Stationary 507.9446 482.6657 682 0.2839485 0.7561726
Moved 507.9591 483.7686 681 0.2865013 0.7536006
Moved 507.973 485.2032 681 0.2898221 0.7536006
Ended 507.9872 485.2032 681 0.2898221 0.7536006
Candidates 508.0935 12 very vary cry carry barry carey vast career cat bay betty battery
Began 508.6972 495 348 0.3125 -0.1028807
Stationary 508.7143 495 348 0.3125 -0.1028807
Moved 508.7348 482.0814 410.6265 0.2825958 0.05819575
Stationary 508.7457 482.0814 410.6265 0.2825958 0.05819575
Moved 508.759 482.1381 478.9242 0.2827271 0.2338584
Moved 508.7746 482 550.3386 0.2824074 0.4175375
Moved 508.7896 514.2256 629.6384 0.3570037 0.6214978
Ended 508.8053 532.5 677.5 0.3993056 0.7445986
Accept 508.8485 0 very
Began 509.6966 527 496 0.3865741 0.2777777
Stationary 509.7213 527 496 0.3865741 0.2777777
Stationary 509.7308 527 496 0.3865741 0.2777777
Stationary 509.7448 527 496 0.3865741 0.2777777
Stationary 509.7607 527 496 0.3865741 0.2777777
Stationary 509.7759 527 496 0.3865741 0.2777777
Stationary 509.7907 527 496 0.3865741 0.2777777
Stationary 509.8071 527 496 0.3865741 0.2777777
Stationary 509.8229 527 496 0.3865741 0.2777777
Moved 509.8405 517.7247 488.7859 0.3651036 0.2592229
Moved 509.8529 515 489 0.3587963 0.2597736
Moved 509.868 512.1331 489 0.35216 0.2597736
Moved 509.8833 506.481 489 0.3390764 0.2597736
Moved 509.8991 501.5426 503.0956 0.327645 0.2960277
Moved 509.9145 497.2264 509.0314 0.3176538 0.3112946
Moved 509.9297 494.239 513.0148 0.3107383 0.3215399
Moved 509.945 489.6737 520.8772 0.3001706 0.3417622
Moved 509.9667 484.6922 535.2695 0.2886393 0.3787796
Stationary 509.9775 484.6922 535.2695 0.2886393 0.3787796
Moved 509.9905 482.9105 542.4478 0.2845149 0.397242
Moved 510.0088 482 548.6995 0.2824074 0.4133216
Moved 510.0235 481.0241 553.9276 0.2801485 0.4267685
Moved 510.038 481 558.3553 0.2800926 0.4381565
Moved 510.0552 480.4474 564.7629 0.2788135 0.4546371
Moved 510.0691 480 570.9266 0.2777778 0.4704902
Moved 510.0887 480 576.6808 0.2777778 0.48529
Moved 510.1003 479 586.0331 0.275463 0.5093444
Moved 510.1149 479 593.503 0.275463 0.5285569
Moved 510.1302 479 600.7538 0.275463 0.5472061
Moved 510.1463 479 606.4604 0.275463 0.5618837
Moved 510.1621 479 612.1648 0.275463 0.5765554
Moved 510.1759 479 616.6005 0.275463 0.5879642
Moved 510.1923 479 621.1829 0.275463 0.5997502
Moved 510.2153 479 629.7538 0.275463 0.6217948
Stationary 510.2257 479 629.7538 0.275463 0.6217948
Moved 510.2372 479 634.1442 0.275463 0.6330867
Moved 510.2531 479 637.5 0.275463 0.641718
Moved 510.2687 479 640.7756 0.275463 0.6501429
Moved 510.2838 479 643.6601 0.275463 0.657562
Moved 510.3001 479 645.7713 0.275463 0.662992
Moved 510.3159 479 647.2094 0.275463 0.6666905
Moved 510.3346 489.5 648.5 0.2997685 0.6700101
Moved 510.3459 486 649.0449 0.2916667 0.6714118
Moved 510.3628 486 650.5 0.2916667 0.6751543
Moved 510.3756 487.4828 651.4828 0.295099 0.6776819
Stationary 510.3921 487.4828 651.4828 0.295099 0.6776819
Moved 510.4086 487 652.1746 0.2939814 0.6794613
Stationary 510.4243 487 652.1746 0.2939814 0.6794613
Stationary 510.4386 487 652.1746 0.2939814 0.6794613
Stationary 510.4574 487 652.1746 0.2939814 0.6794613
Moved 510.469 476.4314 652 0.2695171 0.6790121
Moved 510.4848 470.6369 643.0916 0.2561038 0.6560997
Moved 510.5003 462.95 636.76 0.2383102 0.6398147
Moved 510.516 454.5039 627.2546 0.2187591 0.6153666
Moved 510.531 448.4884 619.7861 0.2048343 0.5961577
Moved 510.5459 441.3109 611.173 0.1882196 0.5740045
Moved 510.5619 435.1174 603.5408 0.1738828 0.5543745
Moved 510.5812 426.9055 593.8897 0.1548737 0.5295516
Moved 510.593 422.5317 587.2976 0.1447494 0.5125966
Moved 510.609 413.0183 574.422 0.1227276 0.4794803
Moved 510.624 406.8343 564.7101 0.1084128 0.4545011
Moved 510.6394 401.5642 557.6071 0.09621352 0.436232
Moved 510.6548 397.2513 552.2513 0.08622984 0.4224569
Moved 510.6699 394.3134 546.6268 0.07942925 0.4079907
Moved 510.6841 389.6318 541.6318 0.06859213 0.3951434
Moved 510.7055 387.1598 539.1599 0.06286998 0.3887855
Moved 510.717 380.3216 530.986 0.04704078 0.3677621
Moved 510.7317 376.9145 526.1431 0.03915399 0.3553063
Moved 510.7465 372.3615 521.3615 0.0286146 0.3430079
Moved 510.7614 367.6979 516.0469 0.01781931 0.3293387
Moved 510.7772 363.7308 511.7308 0.008636117 0.3182377
Moved 510.7931 359.3755 506.3755 -0.001445512 0.3044638
Moved 510.8098 356.5705 502.8558 -0.007938643 0.2954108
Moved 510.8283 352.8408 499.8939 -0.01657233 0.2877928
Moved 510.8407 350.0171 495.5256 -0.02310867 0.2765575
Moved 510.8551 348.0669 494.067 -0.02762288 0.2728059
Moved 510.8697 346.6282 491.2565 -0.03095314 0.2655773
Moved 510.8851 345.1894 490.1895 -0.03428375 0.2628328
Moved 510.9011 345 488.7471 -0.03472224 0.2591232
Moved 510.9182 345 487.5 -0.03472224 0.2559156
Stationary 510.9312 345 487.5 -0.03472224 0.2559156
Moved 510.9508 353.7304 487 -0.01451304 0.2546296
Moved 510.9622 368.9074 493.8519 0.02061904 0.2722526
Moved 510.9781 386.4115 503.7057 0.06113778 0.297597
Moved 510.9934 403 513.5 0.09953707 0.3227879
Moved 511.0101 417.0388 522.0259 0.1320344 0.3447167
Moved 511.0244 429.9506 529.1948 0.1619226 0.3631552
Moved 511.0388 437.7958 533.6644 0.1800829 0.3746511
Moved 511.0561 448.7914 538.9106 0.2055358 0.3881446
Moved 511.075 458.5744 543.1033 0.2281814 0.3989282
Moved 511.0875 467.0251 549.61 0.2477432 0.4156637
Moved 511.1013 475.5859 556.3216 0.26756 0.4329258
Moved 511.1164 481.4924 561.0955 0.2812324 0.4452043
Moved 511.1321 488.7024 567.7024 0.2979223 0.4621974
Moved 511.1474 492.8296 570.6222 0.3074759 0.4697072
Moved 511.1635 499.8511 575.8511 0.3237294 0.4831559
Moved 511.1784 505.6193 581.6193 0.3370816 0.4979918
Moved 511.1979 510.3839 586.3839 0.3481108 0.5102464
Moved 511.211 515.069 591.069 0.3589561 0.5222968
Moved 511.2253 520.8986 598.3732 0.3724506 0.5410833
Moved 511.2403 522.8243 600.8243 0.3769082 0.5473876
Moved 511.2559 526.033 605.044 0.3843357 0.5582407
Moved 511.2712 527.4619 607.9237 0.3876432 0.5656473
Moved 511.2869 529.7908 610.6862 0.3930342 0.5727524
Moved 511.3021 531.3338 612.3338 0.396606 0.5769901
Moved 511.3218 531.7733 613.7733 0.3976233 0.5806925
Moved 511.3338 533.2113 615.2113 0.4009521 0.5843911
Moved 511.3472 533.6501 617 0.4019677 0.5889916
Moved 511.3635 534 617.7962 0.4027778 0.5910395
Moved 511.379 534 619.1535 0.4027778 0.5945305
Moved 511.3976 535 620.5988 0.4050927 0.5982477
Moved 511.4105 535 621.5 0.4050927 0.6005658
Moved 511.4252 536.2382 622.2382 0.4079587 0.6024643
Moved 511.4438 536 623.5 0.4074074 0.6057097
Moved 511.4563 537.1769 624.1769 0.4101317 0.6074507
Moved 511.4711 538.5 625.5 0.4131944 0.6108538
Moved 511.4857 540.8113 625.9056 0.4185448 0.6118971
Moved 511.5012 543.6829 627.3414 0.4251918 0.61559
Moved 511.5179 548.3386 628.7795 0.435969 0.6192888
Moved 511.5339 552.6509 630.217 0.4459512 0.622986
Moved 511.5526 556.9588 631 0.4559232 0.6249998
Moved 511.5639 562.3667 631 0.4684414 0.6249998
Moved 511.5786 569.5 631 0.4849537 0.6249998
Moved 511.5944 573.6368 631 0.4945296 0.6249998
Moved 511.6093 581.2017 631 0.512041 0.6249998
Moved 511.6245 591.4736 631 0.5358184 0.6249998
Moved 511.64 599.5771 632 0.5545767 0.6275719
Moved 511.6649 613.0364 633 0.5857325 0.6301439
Moved 511.6776 618.9822 633 0.5994958 0.6301439
Stationary 511.6883 618.9822 633 0.5994958 0.6301439
Moved 511.7014 623.1743 633 0.6091998 0.6301439
Moved 511.7182 628.2841 633 0.6210281 0.6301439
Moved 511.7339 632.7263 634.2421 0.6313109 0.6333387
Moved 511.7485 637.0587 635 0.6413395 0.6352879
Moved 511.768 641.3681 636.1227 0.6513151 0.6381755
Moved 511.7807 644.0638 637 0.6575552 0.6404321
Moved 511.7949 646.9385 637.9692 0.6642094 0.6429248
Moved 511.8101 649.1119 639.056 0.6692405 0.6457199
Moved 511.8255 652.0296 640 0.6759945 0.6481481
Moved 511.8407 653.9549 640 0.6804512 0.6481481
Moved 511.8568 656.7953 640 0.6870261 0.6481481
Moved 511.8752 659.6648 641 0.6936685 0.65072
Moved 511.8868 662.557 642.2785 0.7003634 0.6540084
Moved 511.9025 668.153 642 0.7133172 0.653292
Moved 511.9174 672.3847 642.8462 0.7231128 0.6554686
Moved 511.9335 675.4569 643 0.7302244 0.6558642
Moved 511.9482 678.3382 643.6691 0.736894 0.6575849
Moved 511.9641 680.1088 644 0.7409925 0.6584361
Moved 511.9835 683 644 0.7476853 0.6584361
Stationary 511.9945 683 644 0.7476853 0.6584361
Stationary 512.0099 683.3724 644 0.7485471 0.6584361
Stationary 512.0251 683 644 0.7476853 0.6584361
Stationary 512.0403 683 644 0.7476853 0.6584361
Moved 512.0586 683 629.7662 0.7476853 0.6218265
Moved 512.0716 671.4729 618.8512 0.7210021 0.593753
Moved 512.0916 661.5562 601.8107 0.6980468 0.5499245
Moved 512.1038 650.9757 579.9515 0.6735548 0.4937023
Moved 512.1182 634.4438 551.7396 0.6352866 0.4211409
Moved 512.1339 625 535 0.613426 0.3780863
Moved 512.1488 617.0699 510.6923 0.5950693 0.3155664
Moved 512.1642 606.7163 488.4326 0.5711026 0.2583141
Moved 512.1805 603.5065 471.0262 0.5636725 0.2135447
Moved 512.2 595.5845 450.0306 0.5453346 0.1595436
Ended 512.212 590 431.5 0.5324074 0.1118827
Candidates 512.3636 12 rain reason train grain retain drain station graph trail rail strain season
Began 512.4352 554 332 0.4490741 -0.144033
Stationary 512.4464 554 332 0.4490741 -0.144033
Stationary 512.4566 554 332 0.4490741 -0.144033
Moved 512.472 545.147 332 0.4285809 -0.144033
Moved 512.4926 530.8358 332 0.3954533 -0.144033
Moved 512.5053 520.1848 347.2595 0.370798 -0.1047852
Moved 512.519 505.9027 354.5486 0.3377378 -0.08603751
Moved 512.5349 495.0472 361.7205 0.3126092 -0.06759133
Moved 512.5502 482.3548 370.0968 0.2832287 -0.04604732
Moved 512.5651 468.7565 379.6373 0.2517511 -0.02150916
Moved 512.5807 456.4006 389.9995 0.2231494 0.005142698
Moved 512.6022 432.6888 407.0794 0.1682612 0.04907247
Stationary 512.6129 432.6888 407.0794 0.1682612 0.04907247
Moved 512.6271 423.6539 412.173 0.147347 0.0621734
Moved 512.6429 415.0227 417.9849 0.1273674 0.07712144
Moved 512.6578 408.3375 422.7975 0.1118923 0.08949959
Moved 512.6725 402.5167 427.1124 0.09841829 0.1005977
Moved 512.6893 399.801 429.199 0.09213189 0.1059645
Moved 512.7115 394.355 433.3225 0.07952541 0.1165702
Stationary 512.7228 394.355 433.3225 0.07952541 0.1165702
Moved 512.7342 392.4719 435.5281 0.07516642 0.1222429
Moved 512.7501 390.7937 437.2062 0.07128179 0.1265592
Moved 512.7657 389.3556 438.6443 0.06795287 0.130258
Moved 512.7809 387.9168 440.0832 0.06462236 0.1339588
Moved 512.7955 388 441.5 0.06481478 0.1376028
Moved 512.8181 386 443.0971 0.06018519 0.1417106
Stationary 512.8286 386 443.0971 0.06018519 0.1417106
Moved 512.8421 385 444.5405 0.05787035 0.1454231
Moved 512.8591 385 445.5 0.05787035 0.1478908
Moved 512.8726 384 445.4217 0.0555556 0.1476894
Moved 512.889 384 446.5 0.0555556 0.1504629
Moved 512.905 382.8471 447.1529 0.0528868 0.1521421
Stationary 512.9243 382.8471 447.1529 0.0528868 0.1521421
Stationary 512.9368 382.8471 447.1529 0.0528868 0.1521421
Moved 512.9503 381.9342 447 0.05077352 0.1517489
Moved 512.9651 382 448.5 0.05092591 0.1556069
Moved 512.9803 382 448 0.05092591 0.1543209
Ended 512.9957 382 448 0.05092591 0.1543209
Accept 513.0563 1 reason
Backspace 514.0883
Began 521.2675 467 493 0.2476852 0.2700616
Stationary 521.2872 467 493 0.2476852 0.2700616
Stationary 521.3027 467 493 0.2476852 0.2700616
Stationary 521.3168 467 493 0.2476852 0.2700616
Moved 521.3394 452.249 493 0.2135393 0.2700616
Stationary 521.3492 452.249 493 0.2135393 0.2700616
Moved 521.3633 444.9285 493 0.1965937 0.2700616
Moved 521.3796 437.2688 493 0.1788629 0.2700616
Moved 521.3948 424.0518 493 0.1482681 0.2700616
Moved 521.413 414.6038 493 0.1263976 0.2700616
Moved 521.425 404.518 493 0.103051 0.2700616
Moved 521.4468 394.4261 493 0.07969002 0.2700616
Moved 521.4608 383.4049 493 0.05417804 0.2700616
Moved 521.4717 373.3115 493 0.03081361 0.2700616
Moved 521.487 365.5 493 0.01273145 0.2700616
Moved 521.5046 355.4337 493 -0.01057009 0.2700616
Moved 521.5193 346.7174 493 -0.03074681 0.2700616
Moved 521.5339 339.9092 493 -0.04650652 0.2700616
Moved 521.5548 326.4932 485 -0.07756203 0.2494856
Stationary 521.566 326.4932 485 -0.07756203 0.2494856
Moved 521.5793 320.4265 483.8566 -0.09160529 0.2465447
Moved 521.595 313.5 482.5 -0.1076389 0.2430555
Moved 521.6116 308.3238 481.3309 -0.1196208 0.2400486
Moved 521.6262 301.456 479.8912 -0.1355186 0.2363455
Moved 521.6412 298.3575 479 -0.142691 0.2340534
Moved 521.6618 294.0411 479 -0.1526826 0.2340534
Moved 521.6747 291.142 477.571 -0.1593935 0.230378
Moved 521.688 287.261 478 -0.1683772 0.2314814
Moved 521.703 284.3836 476.6918 -0.1750379 0.2281167
Moved 521.7183 280.9835 477 -0.1829085 0.2289094
Moved 521.7343 278.2268 477 -0.1892897 0.2289094
Moved 521.7498 275.3494 477 -0.1959504 0.2289094
Moved 521.7686 273.4732 477 -0.2002935 0.2289094
Moved 521.7802 271.7938 477 -0.204181 0.2289094
Moved 521.7952 270.3567 477 -0.2075077 0.2289094
Moved 521.8137 268.9169 477 -0.2108404 0.2289094
Moved 521.8265 267.861 477 -0.2132847 0.2289094
Ended 521.842 266 477 -0.2175926 0.2289094
Candidates 521.9785 12 a as gas ass faa aa da fda has ga aaa sa
Began 522.4865 395 363 0.08101851 -0.06430049
Stationary 522.5038 395 363 0.08101851 -0.06430049
Stationary 522.519 395 363 0.08101851 -0.06430049
Stationary 522.5345 395 363 0.08101851 -0.06430049
Moved 522.5505 395 406.0062 0.08101851 0.04631231
Moved 522.5655 379.5959 464.2333 0.04536083 0.1960732
Moved 522.5815 373.7663 529.1873 0.03186653 0.3631358
Moved 522.6032 380.4268 640.3087 0.04728426 0.648942
Stationary 522.6145 380.4268 640.3087 0.04728426 0.648942
Moved 522.6265 395.9207 693.5587 0.08314976 0.7859018
Moved 522.6429 401.4881 701.8834 0.09603728 0.8073131
Ended 522.659 407.5361 710.8041 0.1100372 0.8302575
Accept 522.6859 0 a
Began 523.2073 419 534 0.1365741 0.3755144
Stationary 523.2239 419 534 0.1365741 0.3755144
Stationary 523.2346 419 534 0.1365741 0.3755144
Stationary 523.2448 419 534 0.1365741 0.3755144
Moved 523.2582 419 520.9321 0.1365741 0.3419034
Moved 523.2749 419 512.5165 0.1365741 0.3202583
Moved 523.2902 410.3575 503.5181 0.1165684 0.2971145
Moved 523.3073 409.5 495 0.1145834 0.2752057
Moved 523.3257 407.567 484.5515 0.1101087 0.2483319
Moved 523.3381 404.8553 474.4936 0.1038318 0.2224629
Moved 523.3514 403.5 464.5 0.1006944 0.1967592
Moved 523.3673 404 458.2684 0.1018518 0.1807313
Moved 523.3837 402.6148 449.689 0.09864549 0.1586651
Moved 523.3996 403 443.213 0.09953707 0.1420086
Moved 523.4136 403 436.9383 0.09953707 0.12587
Moved 523.4337 403 432 0.09953707 0.1131687
Moved 523.4458 403 424.2999 0.09953707 0.09336393
Moved 523.4593 403 416.8337 0.09953707 0.07416061
Moved 523.4744 403 409.6451 0.09953707 0.05567146
Moved 523.4901 403 402.6687 0.09953707 0.03772806
Moved 523.5086 403 397.3405 0.09953707 0.0240238
Moved 523.5206 403 392.4752 0.09953707 0.01151026
Moved 523.5401 403 385.383 0.09953707 -0.006731056
Moved 523.5512 403 384.2886 0.09953707 -0.009545769
Moved 523.5683 403 377.4425 0.09953707 -0.02715413
Moved 523.5825 403 373.0154 0.09953707 -0.03854084
Moved 523.5981 403 368.4605 0.09953707 -0.05025597
Moved 523.6137 403 363.1105 0.09953707 -0.06401635
Moved 523.633 403 362.351 0.09953707 -0.06596977
Moved 523.645 403 360.8986 0.09953707 -0.06970543
Moved 523.6606 403 359.8556 0.09953707 -0.07238796
Moved 523.6743 403 358.3681 0.09953707 -0.07621372
Moved 523.6897 403 357.5 0.09953707 -0.07844657
Stationary 523.7059 403 357.5 0.09953707 -0.07844657
Moved 523.7251 402.0366 357 0.09730697 -0.07973259
Moved 523.7369 400.6096 357 0.09400377 -0.07973259
Moved 523.7516 399.1676 357 0.09066571 -0.07973259
Moved 523.7682 397.1409 357 0.08597434 -0.07973259
Moved 523.7838 394.3153 357 0.07943362 -0.07973259
Moved 523.7992 391.4185 365.5815 0.0727281 -0.05766087
Moved 523.8171 388.5375 368.4625 0.06605913 -0.05025094
Moved 523.8284 385.6695 372.9958 0.05942017 -0.03859115
Moved 523.8442 382.7933 380.6201 0.05276233 -0.01898142
Moved 523.8599 378.5 390.5 0.04282405 0.006429962
Moved 523.8746 376.5068 397.4797 0.03821016 0.024382
Moved 523.8911 372.6909 407.8244 0.02937695 0.05098864
Moved 523.9137 364.1555 435.4816 0.009619295 0.1221233
Moved 523.9253 362.6609 440.6868 0.006159544 0.1355111
Moved 523.9385 358.6628 453.0114 -0.003095269 0.1672103
Moved 523.9529 354.9045 467.4773 -0.01179506 0.2044169
Moved 523.9681 353.474 474.6301 -0.01510655 0.2228141
Moved 523.9843 348.8836 494.5236 -0.02573232 0.2739804
Moved 524.0061 344.7726 518.2746 -0.0352487 0.3350684
Stationary 524.0191 344.7726 518.2746 -0.0352487 0.3350684
Moved 524.0316 340.6592 539.067 -0.04477034 0.3885467
Moved 524.0456 339.9924 545.0682 -0.0463138 0.403982
Moved 524.0623 337.8309 560.3529 -0.05131736 0.4432944
Moved 524.0767 338 570.2067 -0.05092591 0.4686385
Moved 524.0958 338 575.2567 -0.05092591 0.4816273
Moved 524.1089 338 593.7711 -0.05092591 0.5292464
Moved 524.1235 338 602.3743 -0.05092591 0.551374
Moved 524.1381 338 610.3185 -0.05092591 0.5718067
Moved 524.1536 338 615.9922 -0.05092591 0.5863997
Moved 524.1692 338 618.8895 -0.05092591 0.5938516
Moved 524.1901 338 628.1799 -0.05092591 0.6177467
Stationary 524.2022 338 628.1799 -0.05092591 0.6177467
Moved 524.2159 338 632.5883 -0.05092591 0.6290849
Moved 524.231 338 639.0776 -0.05092591 0.6457756
Moved 524.2458 338 643.398 -0.05092591 0.6568877
Moved 524.2621 346.6471 649.7059 -0.03090948 0.6731118
Moved 524.2811 346 653.3353 -0.03240739 0.6824465
Moved 524.2936 346 656.2255 -0.03240739 0.6898803
Moved 524.3076 347.5 660.5 -0.02893518 0.7008744
Moved 524.3226 347.6146 661.2291 -0.02866998 0.7027496
Moved 524.3387 348 663.0493 -0.0277778 0.707431
Moved 524.3539 348 665.9932 -0.0277778 0.715003
Moved 524.3737 349.2133 666.2133 -0.02496933 0.7155689
Moved 524.3859 350.3713 667 -0.02228871 0.7175924
Moved 524.4 351.0907 668.0908 -0.02062331 0.7203978
Moved 524.415 353.2481 670.248 -0.01562943 0.7259464
Moved 524.4302 356.8548 671.2849 -0.007280558 0.7286134
Moved 524.4464 360.3249 673.1625 0.0007521113 0.7334424
Moved 524.4675 370.2336 675.2467 0.02368877 0.7388032
Moved 524.4792 378.1255 676.6876 0.0419573 0.7425092
Moved 524.4929 385.6803 678.136 0.0594451 0.7462347
Moved 524.5082 393.4418 678.5737 0.07741163 0.7473602
Moved 524.5239 401.0049 679 0.09491881 0.7484568
Moved 524.5392 406.3194 679 0.1072208 0.7484568
Moved 524.5585 412 680.5 0.1203704 0.7523148
Moved 524.5712 416.3099 680 0.1303469 0.7510287
Moved 524.5858 423.2046 680 0.1463068 0.7510287
Moved 524.6003 425.3856 680 0.1513555 0.7510287
Moved 524.6169 432.155 680 0.1670255 0.7510287
Moved 524.6317 434.0243 680 0.1713524 0.7510287
Moved 524.6519 438.3404 680 0.1813434 0.7510287
Moved 524.6644 442.9201 680 0.1919447 0.7510287
Moved 524.6776 444.0504 680 0.194561 0.7510287
Moved 524.6935 447.3667 680 0.2022377 0.7510287
Moved 524.7086 450.244 680 0.2088983 0.7510287
Moved 524.7247 453.1216 680 0.2155594 0.7510287
Moved 524.7429 456 680 0.2222222 0.7510287
Moved 524.7547 457.441 680 0.225558 0.7510287
Moved 524.7697 459.5015 680 0.2303275 0.7510287
Ended 524.7855 459.5015 680 0.2303275 0.7510287
Candidates 524.9061 12 very cry vary betty bet ccr ct barry carry vast bay beer
Began 525.4274 442 396 0.1898148 0.02057605
Stationary 525.4542 442 396 0.1898148 0.02057605
Moved 525.4659 442 403.1607 0.1898148 0.0389935
Moved 525.4785 442 428.0044 0.1898148 0.1028918
Moved 525.4949 442 484.9528 0.1898148 0.2493642
Moved 525.5099 442 550.1662 0.1898148 0.417094
Moved 525.5255 442 616.7508 0.1898148 0.5883507
Ended 525.5453 455.1942 667.2485 0.2203569 0.7182314
Accept 525.5995 0 very
Began 526.2453 445 475 0.1967593 0.2237653
Stationary 526.2671 445 475 0.1967593 0.2237653
Stationary 526.2802 445 475 0.1967593 0.2237653
Stationary 526.2949 445 475 0.1967593 0.2237653
Moved 526.314 445 490.8202 0.1967593 0.2644552
Moved 526.3268 445 501.6049 0.1967593 0.2921934
Moved 526.3412 434.5 517.5 0.1724537 0.3330761
Moved 526.3574 436.3546 528.7455 0.1767466 0.3619996
Moved 526.3724 434.9107 540.6252 0.1734043 0.3925545
Moved 526.3884 433.5 553.5 0.1701389 0.4256686
Moved 526.4092 431.311 563.4448 0.1650719 0.4512469
Moved 526.4214 430.5917 567.0416 0.1634066 0.4604977
Moved 526.4374 429.8786 569.4855 0.161756 0.4667837
Moved 526.45 427.7191 580.4045 0.1567571 0.4948676
Moved 526.4655 426.7271 584.0915 0.154461 0.5043504
Moved 526.481 425.909 589.5458 0.1525672 0.5183791
Moved 526.5006 423.7547 598.2264 0.1475804 0.5407056
Moved 526.5144 423.3814 604.0928 0.1467163 0.5557941
Moved 526.5271 421.9677 608.0645 0.1434438 0.5660094
Moved 526.5414 421.5303 611.9395 0.1424312 0.5759759
Moved 526.5584 420.8129 613.3741 0.1407707 0.5796659
Moved 526.5727 419.9576 617.0847 0.1387908 0.5892096
Moved 526.5916 418.5061 619.9878 0.1354308 0.5966763
Moved 526.6095 416.349 623.3019 0.1304376 0.6052003
Moved 526.6205 415.6276 624.7448 0.1287676 0.6089114
Moved 526.6344 413.8123 626.1877 0.1245655 0.6126225
Moved 526.6519 409.4909 629.2545 0.1145623 0.6205105
Moved 526.6652 407.3085 630.6915 0.1095105 0.6242063
Moved 526.6844 406.5851 631.4149 0.1078357 0.626067
Moved 526.6966 401.525 633.2375 0.09612272 0.6307548
Moved 526.7117 396.6419 633 0.08481929 0.6301439
Moved 526.7267 391.516 634.121 0.0729537 0.6330271
Moved 526.7422 386.7814 634 0.0619941 0.632716
Moved 526.7573 383.9283 634 0.0553895 0.632716
Moved 526.7762 375.2426 634 0.03528376 0.632716
Moved 526.7889 371.2517 623.6531 0.02604574 0.6061036
Moved 526.8034 367.3513 620.3513 0.01701683 0.5976112
Moved 526.8197 352.2887 607.676 -0.01785015 0.5650102
Moved 526.8345 350.5813 605.5813 -0.02180249 0.5596225
Moved 526.8496 339.7063 593.4476 -0.04697616 0.5284144
Moved 526.8682 332.7841 585.3788 -0.06299968 0.5076616
Moved 526.8798 328.4801 579.6401 -0.07296274 0.4929015
Moved 526.8942 325.3297 575.0616 -0.08025523 0.4811255
Moved 526.911 312.505 557.1071 -0.1099421 0.434946
Moved 526.9273 305.3598 545.9757 -0.1264818 0.4063161
Moved 526.9421 298.5 535 -0.1423611 0.3780863
Moved 526.9625 295.0906 528.3631 -0.1502532 0.3610161
Moved 526.9746 285.9773 515.2955 -0.1713488 0.3274061
Moved 526.9893 283.8134 510.6269 -0.1763578 0.3153983
Moved 527.0039 278.5479 503.3219 -0.1885464 0.2966098
Moved 527.0202 275.2939 499.0585 -0.196079 0.2856443
Moved 527.0359 272.8901 495.8535 -0.2016432 0.2774009
Moved 527.0568 266.426 488.426 -0.2166065 0.2582973
Moved 527.0689 263.7403 483.4807 -0.2228233 0.2455777
Moved 527.0823 260.8671 479.8671 -0.2294744 0.2362835
Moved 527.0964 258.4948 476.9896 -0.2349658 0.2288825
Moved 527.1119 257.7754 475.5507 -0.2366311 0.2251818
Moved 527.1276 255.9357 471.8713 -0.2408897 0.2157184
Moved 527.1465 254.4777 470.4777 -0.2442646 0.2121339
Moved 527.1581 253.7583 469.7582 -0.2459299 0.2102834
Moved 527.1735 254 466.1982 -0.2453704 0.2011271
Moved 527.1895 252.8808 465.8808 -0.2479611 0.2003106
Moved 527.2065 253 463.7227 -0.2476852 0.19476
Stationary 527.2214 253 463.7227 -0.2476852 0.19476
Moved 527.2393 253 462.7823 -0.2476852 0.1923412
Moved 527.252 253 460.7433 -0.2476852 0.187097
Stationary 527.2673 253 460.7433 -0.2476852 0.187097
Moved 527.2819 253 459.7923 -0.2476852 0.1846509
Stationary 527.2969 253 459.7923 -0.2476852 0.1846509
Moved 527.3137 253 458.9023 -0.2476852 0.1823619
Moved 527.3309 253 457.7762 -0.2476852 0.1794656
Stationary 527.3415 253 457.7762 -0.2476852 0.1794656
Moved 527.3577 253 456.8991 -0.2476852 0.1772096
Moved 527.3741 253 455.7998 -0.2476852 0.1743821
Moved 527.389 253 454.8808 -0.2476852 0.1720184
Stationary 527.403 253 454.8808 -0.2476852 0.1720184
Moved 527.4232 253 453.2868 -0.2476852 0.1679187
Stationary 527.4349 253 452.5674 -0.2476852 0.1660683
Stationary 527.4503 253 453 -0.2476852 0.167181
Moved 527.4649 253 451.5 -0.2476852 0.163323
Stationary 527.4803 253 451.5 -0.2476852 0.163323
Stationary 527.4958 253 451.5 -0.2476852 0.163323
Moved 527.5155 253 451 -0.2476852 0.162037
Stationary 527.5273 253 451 -0.2476852 0.162037
Moved 527.5432 253 449.9163 -0.2476852 0.1592497
Stationary 527.5643 253 450 -0.2476852 0.1594649
Stationary 527.5757 253 450 -0.2476852 0.1594649
Moved 527.5891 253 448.8722 -0.2476852 0.1565642
Moved 527.6088 253 447.8587 -0.2476852 0.1539575
Stationary 527.6198 253 447.8587 -0.2476852 0.1539575
Stationary 527.6347 253 447.8587 -0.2476852 0.1539575
Moved 527.6506 253 446.851 -0.2476852 0.1513657
Stationary 527.6659 253 446.851 -0.2476852 0.1513657
Stationary 527.6812 253 446.851 -0.2476852 0.1513657
Stationary 527.701 253 446.851 -0.2476852 0.1513657
Moved 527.7133 253 446 -0.2476852 0.1491768
Stationary 527.7273 253 446 -0.2476852 0.1491768
Stationary 527.742 253 446 -0.2476852 0.1491768
Moved 527.7598 260.6547 444.9065 -0.2299659 0.1463644
Stationary 527.7751 260.6547 444.9065 -0.2299659 0.1463644
Stationary 527.7961 260.6547 444.9065 -0.2299659 0.1463644
Stationary 527.8072 261.0817 445 -0.2289775 0.1466049
Stationary 527.8204 261 445 -0.2291666 0.1466049
Moved 527.8365 262 444 -0.2268519 0.1440329
Moved 527.8532 263.6648 444 -0.2229982 0.1440329
Moved 527.8679 267.3297 444 -0.2145147 0.1440329
Moved 527.886 274.2785 444 -0.1984294 0.1440329
Moved 527.8991 278.5826 444 -0.1884663 0.1440329
Moved 527.9136 291.4384 456.1644 -0.1587073 0.17532
Moved 527.9283 301.4829 460.9924 -0.1354562 0.1877376
Moved 527.9435 307.9753 463.8779 -0.1204277 0.195159
Moved 527.962 321.667 470.143 -0.08873373 0.2112731
Moved 527.9784 327.7686 472.2882 -0.07460967 0.2167906
Stationary 527.9898 327.7686 472.2882 -0.07460967 0.2167906
Moved 528.0054 345.6792 479.8931 -0.03315001 0.2363504
Moved 528.021 352.2463 482.0821 -0.01794835 0.2419806
Moved 528.0359 357.5144 484.5048 -0.005753686 0.2482119
Moved 528.0524 361.7986 485.9329 0.004163484 0.2518848
Moved 528.0735 366.6271 487.8135 0.01534055 0.256722
Stationary 528.0838 366.6271 487.8135 0.01534055 0.256722
Moved 528.0977 370.7969 488 0.02499272 0.2572016
Moved 528.1129 374.4011 489.7005 0.03333578 0.2615753
Moved 528.1286 377.5327 490.8442 0.040585 0.264517
Moved 528.1439 384.0732 493.4293 0.05572487 0.2711657
Moved 528.1667 401.7458 502.2797 0.09663383 0.2939291
Stationary 528.1776 401.7458 502.2797 0.09663383 0.2939291
Moved 528.1911 408.5 508 0.1122685 0.3086419
Moved 528.2062 417.9306 513.9445 0.1340986 0.3239312
Moved 528.2219 426.5745 519.7163 0.1541075 0.3387764
Moved 528.2377 433.6591 524.3279 0.1705073 0.3506376
Moved 528.2563 445.03 531.0167 0.1968287 0.3678411
Moved 528.2689 456.5374 538.2109 0.2234661 0.3863448
Moved 528.2834 468.9445 545.2963 0.2521863 0.4045686
Moved 528.2984 480.5794 552.6121 0.279119 0.423385
Moved 528.3138 493.1067 559.0533 0.3081174 0.4399519
Moved 528.33 504.6227 566.0142 0.3347747 0.4578553
Moved 528.3493 513.5 571 0.3553241 0.4706789
Moved 528.3615 522.8613 577.396 0.3769938 0.4871295
Moved 528.3753 533.2949 584.9249 0.4011455 0.5064939
Moved 528.391 543.3313 591.0938 0.424378 0.5223604
Moved 528.4061 550.2665 596.1998 0.4404316 0.5354933
Moved 528.4223 557.4185 601.9348 0.4569871 0.5502436
Moved 528.4417 563.7514 609.7514 0.4716468 0.5703481
Moved 528.4536 568.1181 615.4908 0.4817548 0.5851101
Moved 528.4677 570.976 617.976 0.4883704 0.591502
Moved 528.4839 573.7567 620.7567 0.4948072 0.598654
Moved 528.4993 575.3206 623.6411 0.4984272 0.6060727
Moved 528.5148 577.7555 625.7555 0.5040637 0.6115109
Moved 528.5344 579.1942 627.1942 0.507394 0.6152113
Moved 528.5461 580.6301 628.6301 0.5107179 0.6189046
Moved 528.5611 581.5 629.5 0.5127315 0.6211419
Moved 528.5762 582.0773 631.1546 0.5140679 0.6253975
Moved 528.5912 584.2291 631.6146 0.5190489 0.6265805
Moved 528.6066 586.0519 633.0519 0.5232683 0.6302773
Moved 528.626 587.4948 634.4948 0.5266083 0.6339886
Moved 528.6379 589.9429 635.9429 0.5322751 0.6377131
Moved 528.6542 590 637.3667 0.5324074 0.6413752
Moved 528.6671 591.8187 637.8187 0.5366172 0.6425377
Moved 528.6831 592.9249 638 0.539178 0.643004
Stationary 528.6979 593 638 0.5393519 0.643004
Stationary 528.7182 593 638 0.5393519 0.643004
Moved 528.7303 594 638 0.5416667 0.643004
Moved 528.7453 594 639 0.5416667 0.6455761
Moved 528.7599 595.1059 639 0.5442266 0.6455761
Stationary 528.7758 595.1059 639 0.5442266 0.6455761
Stationary 528.7904 595 639 0.5439815 0.6455761
Stationary 528.8105 595 639 0.5439815 0.6455761
Stationary 528.8223 595 639 0.5439815 0.6455761
Stationary 528.8374 595 639 0.5439815 0.6455761
Stationary 528.8519 595 639 0.5439815 0.6455761
Stationary 528.8691 595 639 0.5439815 0.6455761
Stationary 528.884 595 639 0.5439815 0.6455761
Stationary 528.9024 595 639 0.5439815 0.6455761
Stationary 528.916 595 639 0.5439815 0.6455761
Stationary 528.9308 595 639 0.5439815 0.6455761
Moved 528.9457 589.184 639 0.5305184 0.6455761
Moved 528.9612 584.6686 639 0.5200661 0.6455761
Moved 528.9763 580.5865 639 0.510617 0.6455761
Moved 528.9952 575.8967 639 0.4997609 0.6455761
Moved 529.0073 570.0553 639 0.4862391 0.6455761
Moved 529.0234 563.5902 629.1885 0.4712737 0.6203408
Moved 529.0378 546.1937 625.0775 0.4310038 0.609767
Moved 529.0541 531.8468 619.3387 0.3977936 0.595007
Moved 529.0684 521.0765 615.5383 0.3728623 0.585232
Moved 529.0879 510.9651 613.7093 0.3494563 0.5805279
Moved 529.0998 497.8396 608.7744 0.3190731 0.5678353
Moved 529.1155 485.5103 606.8138 0.2905332 0.5627925
Moved 529.1311 476.0587 607 0.2686545 0.5632715
Moved 529.1466 461.8962 607 0.2358709 0.5632715
Moved 529.1626 451.8198 607 0.2125459 0.5632715
Moved 529.1828 443.9602 607 0.1943524 0.5632715
Moved 529.1934 434.5724 607 0.1726214 0.5632715
Moved 529.2081 427.589 607 0.156456 0.5632715
Moved 529.2241 419.2975 606 0.1372627 0.5606995
Moved 529.2387 413.9248 606 0.1248259 0.5606995
Moved 529.2585 408.2451 604.5613 0.1116785 0.5569991
Moved 529.2702 404.3404 605 0.1026397 0.5581275
Moved 529.2847 402.6594 603.6594 0.09874851 0.5546793
Moved 529.299 399.4479 604 0.09131452 0.5555555
Moved 529.3145 397.7823 604 0.08745918 0.5555555
Moved 529.3348 396.5 602.5 0.08449078 0.5516974
Stationary 529.346 396.5 602.5 0.08449078 0.5516974
Moved 529.3621 397 600.7652 0.0856481 0.5472355
Moved 529.3779 397 599.3271 0.0856481 0.5435367
Moved 529.3925 397 597.8884 0.0856481 0.5398362
Moved 529.4123 409 595 0.113426 0.5324073
Moved 529.4242 416.924 594.0109 0.1317686 0.5298632
Moved 529.4396 431.2782 594 0.1649958 0.5298353
Moved 529.4552 446.8082 594 0.2009448 0.5298353
Moved 529.4691 470.4409 594 0.2556502 0.5298353
Moved 529.4885 497.5785 606.5898 0.3184686 0.5622165
Moved 529.5019 515.9951 605.8458 0.3610997 0.5603028
Moved 529.5164 533.514 609.8785 0.4016529 0.570675
Moved 529.5314 546.2985 609 0.4312464 0.5684156
Moved 529.5464 557.1109 610.1587 0.4562753 0.5713958
Moved 529.5668 566.5 610 0.4780093 0.5709876
Moved 529.5782 573.0031 612.6672 0.4930626 0.5778475
Moved 529.5926 581.6013 615.2004 0.512966 0.5843631
Moved 529.6089 587.2218 616.5554 0.5259764 0.5878481
Moved 529.6265 592.9908 617.9977 0.5393306 0.5915577
Moved 529.6459 602.6266 621 0.5616358 0.5992797
Stationary 529.6567 602.6266 621 0.5616358 0.5992797
Moved 529.6703 605.6428 622.3214 0.5686177 0.6026784
Moved 529.6857 608.9733 623.3245 0.5763272 0.6052583
Moved 529.7014 611.7446 623.8723 0.5827422 0.6066673
Moved 529.7227 615.7526 624 0.59202 0.6069958
Stationary 529.7338 615.7526 624 0.59202 0.6069958
Moved 529.7464 617.1914 624 0.5953504 0.6069958
Moved 529.7617 618.632 625 0.598685 0.6095678
Moved 529.7776 619.5 625 0.6006944 0.6095678
Moved 529.7968 620.0668 625 0.6020064 0.6095678
Stationary 529.8081 620 625 0.6018518 0.6095678
Stationary 529.8236 620 625 0.6018518 0.6095678
Stationary 529.8389 620 625 0.6018518 0.6095678
Moved 529.8541 620 613.3865 0.6018518 0.5796976
Moved 529.8738 610.6297 604.9683 0.5801613 0.558046
Moved 529.8856 605.0819 590.9474 0.5673192 0.5219839
Moved 529.9006 598.3289 582.3837 0.5516873 0.499958
Moved 529.9158 585.7228 562.9021 0.5225065 0.4498509
Moved 529.9315 576.6408 551.051 0.5014834 0.4193698
Moved 529.9514 568.8258 537.8865 0.483393 0.3855104
Moved 529.965 563.9815 529.6358 0.4721794 0.3642896
Moved 529.9772 557.3759 520.1262 0.4568886 0.3398308
Moved 529.9926 550.1689 510.0364 0.4402057 0.3138796
Moved 530.0113 544.9877 500.2225 0.4282123 0.288638
Moved 530.0278 537.4223 485.9409 0.4106997 0.2519054
Moved 530.0399 531.8162 471.9027 0.3977227 0.215799
Moved 530.0554 527.0413 459.0964 0.3866698 0.182861
Moved 530.0709 518.5698 442.1396 0.3670596 0.1392479
Moved 530.0869 515.4332 434.1552 0.3597991 0.1187118
Moved 530.1062 511.0958 426.4929 0.3497587 0.09900434
Moved 530.1188 509 420.5 0.3449074 0.08359041
Moved 530.1324 506.3864 412.3523 0.3388573 0.06263442
Moved 530.1479 504.751 403.5058 0.3350717 0.03988109
Moved 530.1633 502.3138 393.824 0.32943 0.01497924
Moved 530.1833 499.7224 385.306 0.3234314 -0.006929131
Moved 530.195 498.428 378.7121 0.3204351 -0.02388872
Moved 530.2097 498 372.9752 0.3194444 -0.03864398
Moved 530.2252 496.5591 367.2365 0.316109 -0.05340427
Moved 530.2405 494.8879 360.1076 0.3122404 -0.0717397
Moved 530.2598 494 352.0118 0.3101851 -0.09256229
Moved 530.2718 492.5635 346.254 0.30686 -0.1073713
Moved 530.287 492.1198 335.5992 0.3058329 -0.1347758
Moved 530.301 492 327.082 0.3055556 -0.1566822
Moved 530.3177 491.2351 322.9404 0.3037849 -0.1673345
Moved 530.3387 491 317.2181 0.3032407 -0.1820523
Moved 530.3502 491 315.5773 0.3032407 -0.1862724
Moved 530.3641 490 313.5516 0.300926 -0.1914825
Moved 530.3787 490 311.8371 0.300926 -0.1958923
Moved 530.3935 489 310.3966 0.2986111 -0.1995973
Moved 530.4174 486.5237 310 0.2928789 -0.2006174
Stationary 530.4287 486.5237 310 0.2928789 -0.2006174
Moved 530.4391 478.4118 310 0.2741013 -0.2006174
Moved 530.4553 469.6825 317.2778 0.2538946 -0.1818987
Moved 530.4719 456.0526 330.454 0.222344 -0.1480093
Moved 530.4916 441.6002 344.3998 0.1888893 -0.1121404
Moved 530.5054 423.1968 361.4337 0.146289 -0.068329
Moved 530.5182 407.6412 376.3588 0.1102806 -0.02994137
Moved 530.5334 390.7423 393.2577 0.07116278 0.01352275
Moved 530.5486 378.3503 402.9435 0.04247755 0.03843488
Moved 530.5684 366.547 413.5936 0.01515518 0.06582719
Moved 530.5805 355.0748 422.4439 -0.01140098 0.08859029
Moved 530.5952 342.1378 434.176 -0.04134759 0.1187652
Moved 530.6111 330.0438 443.7172 -0.06934305 0.1433054
Moved 530.626 317.8926 451.4049 -0.09747083 0.1630784
Moved 530.6445 304.9696 460.0203 -0.1273852 0.1852372
Moved 530.658 294.8476 465.8014 -0.1508158 0.2001064
Moved 530.6727 287.5 470 -0.1678241 0.2109053
Moved 530.687 278.2763 475.8421 -0.1891753 0.2259312
Moved 530.7023 269.6985 480.1508 -0.2090313 0.2370132
Moved 530.722 261.8238 483.6705 -0.2272598 0.2460659
Moved 530.7339 255.9037 487.8222 -0.2409636 0.2567442
Moved 530.7485 252.8677 489.4215 -0.2479913 0.2608577
Moved 530.7643 250.8513 491.1486 -0.2526589 0.2652998
Moved 530.7797 248 492.5 -0.2592593 0.2687756
Moved 530.799 247.2986 493 -0.2608828 0.2700616
Moved 530.8107 245.8631 494.1369 -0.2642058 0.2729857
Moved 530.8251 246 495 -0.2638889 0.2752057
Stationary 530.8412 246 495 -0.2638889 0.2752057
Moved 530.8555 246 496.4507 -0.2638889 0.2789369
Stationary 530.8756 246 496.4507 -0.2638889 0.2789369
Moved 530.8865 261.5315 497.1094 -0.2279363 0.2806311
Moved 530.9023 275.7003 497 -0.1951382 0.2803498
Moved 530.9184 299.822 497 -0.139301 0.2803498
Moved 530.9327 325.2906 497 -0.08034591 0.2803498
Moved 530.9528 352.5809 497.7325 -0.01717379 0.2822338
Moved 530.9646 386.0092 499.1743 0.06020645 0.285942
Moved 530.9803 413.5754 500 0.1240172 0.2880658
Moved 530.9954 440.812 501.0427 0.1870647 0.2907476
Moved 531.0113 450.3349 501 0.2091085 0.2906378
Moved 531.0302 473.3886 503.2518 0.2624737 0.2964295
Moved 531.0417 491.7177 504 0.304902 0.2983539
Moved 531.0596 513.4874 504 0.3552949 0.2983539
Moved 531.0721 532.887 504.9382 0.4002015 0.3007668
Moved 531.0878 556.1525 505 0.4540568 0.3009258
Moved 531.1074 568.8058 505 0.4833467 0.3009258
Moved 531.1198 577.613 505 0.5037338 0.3009258
Moved 531.134 590.3219 506.3691 0.5331525 0.3044472
Moved 531.1503 597.0599 507 0.5487496 0.3060699
Moved 531.1639 604.2381 507 0.5653659 0.3060699
Moved 531.1845 609.0758 507.692 0.5765644 0.3078496
Moved 531.1969 613.3949 508 0.5865623 0.3086419
Moved 531.2116 617.144 508 0.5952407 0.3086419
Moved 531.2255 620.2246 508 0.6023718 0.3086419
Moved 531.2413 623.1719 508 0.6091943 0.3086419
Moved 531.2613 624.5258 508 0.6123282 0.3086419
Moved 531.2736 626.9322 508 0.6178986 0.3086419
Moved 531.2881 628.4051 508 0.621308 0.3086419
Moved 531.3033 630.8491 508 0.6269656 0.3086419
Moved 531.3188 632.2809 508 0.63028 0.3086419
Moved 531.3386 633.5 508 0.6331018 0.3086419
Moved 531.3489 635.8486 508 0.6385384 0.3086419
Moved 531.3639 638.562 508 0.6448194 0.3086419
Moved 531.3798 639.7213 508 0.647503 0.3086419
Moved 531.395 641.1567 508 0.6508258 0.3086419
Ended 531.4158 642 508 0.6527777 0.3086419
Candidates 531.4687 12 traditional additional approval rational radical festival seasonal historical regional emotional theoretical spinal
Began 531.9045 494 352 0.3101851 -0.09259266
Stationary 531.9199 494 352 0.3101851 -0.09259266
Moved 531.9351 494 376.2745 0.3101851 -0.03015816
Moved 531.9583 469.0422 476.024 0.2524125 0.2263991
Stationary 531.9697 469.0422 476.024 0.2524125 0.2263991
Moved 531.9811 465.9418 539.6757 0.2452358 0.3901124
Moved 531.9966 466 607.3477 0.2453704 0.5641657
Moved 532.0135 490.1496 664.3211 0.3012722 0.7107024
Moved 532.0317 512.007 717.015 0.351868 0.8462316
Moved 532.0435 523.5146 731.3933 0.3785061 0.883213
Ended 532.0593 529 734 0.3912036 0.8899177
Accept 532.1019 0 traditional
Began 532.5957 486 473 0.2916667 0.2186213
Stationary 532.6178 486 473 0.2916667 0.2186213
Stationary 532.6292 486 473 0.2916667 0.2186213
Stationary 532.6442 486 473 0.2916667 0.2186213
Stationary 532.6604 486 473 0.2916667 0.2186213
Stationary 532.6752 486 473 0.2916667 0.2186213
Moved 532.6942 471.7623 473 0.258709 0.2186213
Moved 532.7061 461.9763 484.6019 0.2360561 0.2484617
Moved 532.7213 454.9336 488.476 0.2197538 0.2584259
Moved 532.7366 441.2722 502.8868 0.1881301 0.2954908
Moved 532.7534 428.4828 515.5172 0.158525 0.3279763
Moved 532.7717 417.7328 526.2672 0.1336408 0.3556253
Moved 532.7842 405.6588 538.3411 0.1056918 0.3866798
Moved 532.7981 397.8206 549.1794 0.08754779 0.4145559
Moved 532.8142 389.7981 559.2827 0.06897707 0.4405417
Moved 532.8299 384.5918 568.7348 0.05692541 0.4648528
Moved 532.8522 369.5081 593.1109 0.02200941 0.5275485
Stationary 532.864 369.5081 593.1109 0.02200941 0.5275485
Moved 532.8758 363.6952 603.2833 0.008553764 0.5537121
Moved 532.8913 357.9438 612.3483 -0.00475968 0.5770275
Moved 532.9072 354.5945 618.811 -0.0125127 0.5936495
Moved 532.9261 351.07 623.5734 -0.02067134 0.6058985
Moved 532.938 349.1824 626.6352 -0.02504076 0.6137736
Moved 532.9528 345.4088 630.5912 -0.03377591 0.6239485
Moved 532.9691 343.7332 633.2668 -0.03765474 0.6308302
Moved 532.9845 341.9317 634 -0.04182478 0.632716
Moved 533.0043 340.4824 636.5176 -0.04517972 0.6391914
Moved 533.0153 339.0503 637 -0.04849464 0.6404321
Moved 533.0294 337.6002 638.3998 -0.05185147 0.6440324
Moved 533.0452 336.5 639.5 -0.05439813 0.6468621
Moved 533.0598 335.0843 639 -0.05767524 0.6455761
Moved 533.0792 333.6384 639 -0.06102224 0.6455761
Moved 533.0908 327.8253 629.4758 -0.07447849 0.6210797
Moved 533.1062 322.0325 618.3069 -0.08788774 0.592353
Moved 533.1224 315.2974 606.2704 -0.1034782 0.5613951
Moved 533.1371 308.4102 588.3485 -0.1194209 0.5152996
Moved 533.1573 303 575 -0.1319445 0.480967
Moved 533.1691 299.9248 562.0828 -0.1390629 0.4477438
Moved 533.1835 297.8713 551.0991 -0.1438164 0.4194935
Moved 533.1989 295.4342 536.6051 -0.1494579 0.3822147
Moved 533.2141 293.9909 525.9269 -0.1527989 0.3547501
Moved 533.2339 292.5551 516.7753 -0.1561226 0.3312122
Moved 533.2459 292 509.5687 -0.1574074 0.3126766
Moved 533.2614 290.6747 502.3736 -0.1604752 0.2941706
Moved 533.2764 289.6769 498.7078 -0.1627848 0.2847421
Moved 533.292 289.1326 491.5305 -0.1640448 0.2662821
Moved 533.3131 288.2616 479.308 -0.1660611 0.2348457
Stationary 533.3243 288.2616 479.308 -0.1660611 0.2348457
Moved 533.3375 288 473.2778 -0.1666667 0.2193359
Moved 533.3536 287 468.1288 -0.1689815 0.2060927
Moved 533.3691 287 462.7587 -0.1689815 0.1922805
Moved 533.3904 287 455.2756 -0.1689815 0.173034
Stationary 533.4015 287 455.2756 -0.1689815 0.173034
Moved 533.4147 287 451.9705 -0.1689815 0.164533
Moved 533.431 287 449.1012 -0.1689815 0.1571532
Moved 533.446 287 447.2098 -0.1689815 0.1522886
Moved 533.467 287 443.2252 -0.1689815 0.1420401
Stationary 533.4778 287 443.2252 -0.1689815 0.1420401
Stationary 533.492 287 443 -0.1689815 0.1414608
Moved 533.5079 287 441.6719 -0.1689815 0.138045
Moved 533.5231 287 440.2274 -0.1689815 0.1343297
Moved 533.5436 307.446 440 -0.1216528 0.1337448
Stationary 533.5549 307.446 440 -0.1216528 0.1337448
Moved 533.568 319.7418 448.7418 -0.09319022 0.1562289
Moved 533.5836 332.5 455.5 -0.06365741 0.173611
Moved 533.5992 345.192 465.0344 -0.03427768 0.1981337
Moved 533.6198 369.0277 485.9249 0.02089739 0.2518644
Moved 533.6332 385.8347 499.8622 0.05980243 0.2877115
Moved 533.6463 402.3538 511.483 0.0980411 0.3176002
Moved 533.6609 416.7757 523.0206 0.1314252 0.347275
Moved 533.6765 436.6393 540.8209 0.1774058 0.3930578
Moved 533.6962 450.3057 554.3057 0.2090409 0.427741
Moved 533.7079 466 573 0.2453704 0.4758229
Moved 533.722 474.6097 582.2621 0.2653002 0.4996452
Moved 533.7381 484.8579 594.1233 0.2890229 0.5301524
Moved 533.7553 493.5616 603.5616 0.3091704 0.5544279
Moved 533.7723 501.8866 611.8866 0.3284411 0.5758399
Moved 533.7859 506.3838 615.7878 0.3388514 0.585874
Moved 533.8004 512.1388 621.1388 0.3521731 0.5996367
Moved 533.8167 514.9468 622.4734 0.3586731 0.6030692
Moved 533.8312 517.1552 624.5776 0.3637852 0.6084813
Moved 533.85 519.0176 626.0176 0.3680964 0.6121852
Moved 533.8618 520.4563 627.4563 0.3714266 0.6158854
Moved 533.877 520 628 0.3703704 0.6172838
Ended 533.8922 520 629.3414 0.3703704 0.620734
Candidates 534.0139 12 way easy east war ready west eat essay wary great water fray
Began 534.3236 449 376 0.2060185 -0.03086435
Stationary 534.3405 449 376 0.2060185 -0.03086435
Moved 534.3548 449 388.7099 0.2060185 0.001825874
Moved 534.3694 449 421.5378 0.2060185 0.08625984
Moved 534.3853 449 489.3679 0.2060185 0.2607198
Moved 534.4082 460.0921 641.8041 0.2316947 0.6527883
Stationary 534.4189 460.0921 641.8041 0.2316947 0.6527883
Moved 534.4308 491.928 715.4858 0.3053889 0.8422986
Moved 534.4471 504.6766 734.4119 0.3348996 0.8909771
Ended 534.4636 511 742 0.349537 0.9104937
Accept 534.522 0 way
Began 534.9882 466 507 0.2453704 0.3060699
Stationary 535.0029 466 507 0.2453704 0.3060699
Stationary 535.0164 466 507 0.2453704 0.3060699
Stationary 535.0316 466 507 0.2453704 0.3060699
Stationary 535.0512 466 507 0.2453704 0.3060699
Stationary 535.0648 466 507 0.2453704 0.3060699
Stationary 535.0789 466 507 0.2453704 0.3060699
Moved 535.0931 456.9922 519.611 0.2245189 0.3385055
Moved 535.1102 452.9797 531.0677 0.2152307 0.3679725
Moved 535.1324 448.1049 564.0558 0.2039465 0.4528185
Stationary 535.1432 448.1049 564.0558 0.2039465 0.4528185
Moved 535.1558 445.3246 585.0651 0.1975107 0.5068547
Moved 535.1727 445 601.3048 0.1967593 0.5486234
Moved 535.1868 445 614.9279 0.1967593 0.5836622
Moved 535.2092 444 642.0156 0.1944444 0.653332
Stationary 535.2205 444 642.0156 0.1944444 0.653332
Moved 535.2319 444 654.6971 0.1944444 0.6859493
Moved 535.248 444 664.114 0.1944444 0.7101694
Moved 535.2656 444 673.7042 0.1944444 0.7348359
Moved 535.2857 444 681.6819 0.1944444 0.7553546
Stationary 535.2965 444 681.6819 0.1944444 0.7553546
Moved 535.3102 444 684.5521 0.1944444 0.7627369
Moved 535.3255 444 685.5 0.1944444 0.7651749
Moved 535.3408 444 686.856 0.1944444 0.7686622
Moved 535.3619 444 688.2968 0.1944444 0.772368
Moved 535.3716 444 688.7384 0.1944444 0.773504
Moved 535.386 444 689.5 0.1944444 0.7754627
Stationary 535.4014 444 689.5 0.1944444 0.7754627
Stationary 535.416 444 689.5 0.1944444 0.7754627
Stationary 535.4354 444 689.5 0.1944444 0.7754627
Stationary 535.4485 444 689.5 0.1944444 0.7754627
Moved 535.4641 444 689 0.1944444 0.7741769
Moved 535.4805 451.9493 680.1014 0.2128456 0.7512897
Moved 535.4954 454.8462 676.1538 0.2195514 0.7411361
Moved 535.5151 461.8119 669.1882 0.2356756 0.7232204
Moved 535.5269 466.994 664.8048 0.2476713 0.7119465
Moved 535.5413 474.1847 660.2892 0.2643164 0.700332
Moved 535.5563 480.3523 657.3239 0.2785933 0.6927052
Moved 535.5715 492.1935 652.7742 0.3060036 0.6810035
Moved 535.5912 505.8002 649.64 0.3375005 0.6729423
Moved 535.6043 523.4504 647.3792 0.3783575 0.6671273
Moved 535.6177 537.5443 645.9395 0.4109822 0.6634245
Moved 535.6334 554.9881 643.002 0.4513613 0.6558692
Moved 535.6483 566.415 642.065 0.4778125 0.6534592
Moved 535.6712 587.9429 642 0.5276455 0.653292
Stationary 535.681 587.9429 642 0.5276455 0.653292
Moved 535.6938 597.7668 642 0.5503861 0.653292
Moved 535.71 605.295 642 0.5678126 0.653292
Moved 535.7271 611.7906 641 0.5828486 0.65072
Moved 535.7457 616.4022 641 0.5935235 0.65072
Moved 535.7588 620.152 641 0.6022036 0.65072
Moved 535.7726 622.4997 641 0.6076381 0.65072
Moved 535.7886 624.1002 641 0.611343 0.65072
Moved 535.803 626.5405 641 0.6169918 0.65072
Moved 535.8229 627.9806 641 0.6203254 0.65072
Moved 535.8342 630.8386 641 0.6269411 0.65072
Moved 535.8497 634.5522 641 0.6355376 0.65072
Moved 535.8652 637.5839 641 0.6425553 0.65072
Moved 535.8801 640 641 0.6481482 0.65072
Moved 535.8993 641.7382 648 0.6521716 0.6687242
Moved 535.9119 643.3082 649.3082 0.6558059 0.6720888
Moved 535.9257 644.7433 649.7433 0.6591281 0.6732081
Ended 535.9421 645.5 650.5 0.6608796 0.6751543
Candidates 536.0003 12 to too top trip tip tripp rio tp ttp rip trio grip
Began 536.3707 480 398 0.2777778 0.02572008
Stationary 536.3889 480 398 0.2777778 0.02572008
Moved 536.4077 480 413.2386 0.2777778 0.06491414
Moved 536.4197 480 456.4399 0.2777778 0.1760286
Moved 536.4357 480 516.2288 0.2777778 0.3298064
Moved 536.455 484.9148 596.2469 0.2891546 0.5356143
Moved 536.467 509.3683 685.0475 0.3457601 0.764011
Moved 536.4813 550.5969 769.5936 0.4411964 0.981465
Moved 536.498 562.5216 776.4397 0.4688 0.9990731
Ended 536.5111 566 774 0.4768519 0.9927983
Accept 536.5707 0 to
Began 537.0639 490 581 0.300926 0.496399
Stationary 537.0826 490 581 0.300926 0.496399
Stationary 537.0967 490 581 0.300926 0.496399
Moved 537.113 482.3884 581 0.2833064 0.496399
Moved 537.1348 474.7842 572.4244 0.2657041 0.4743426
Moved 537.1451 469.9524 571.4881 0.2545195 0.4719343
Moved 537.1584 463.2538 569.1016 0.2390135 0.4657961
Moved 537.1753 459.9425 569 0.2313484 0.4655349
Moved 537.1898 452.6755 567.5351 0.2145267 0.4617671
Moved 537.2095 445.4689 567 0.1978447 0.4603909
Moved 537.2209 439.6192 567 0.1843038 0.4603909
Moved 537.2364 432.8528 567 0.1686408 0.4603909
Moved 537.2512 425.872 567 0.1524814 0.4603909
Moved 537.2662 419.2895 567 0.1372442 0.4603909
Moved 537.2864 413.8279 567 0.1246015 0.4603909
Moved 537.2985 408.0614 567 0.1112534 0.4603909
Moved 537.314 405.0127 567 0.104196 0.4603909
Moved 537.3291 401.7736 574.7924 0.09669811 0.480433
Moved 537.3457 399 574 0.09027779 0.478395
Moved 537.3634 397.0081 575 0.08566698 0.480967
Moved 537.3757 394.1628 575 0.07908046 0.480967
Moved 537.3906 393.3571 575 0.07721543 0.480967
Moved 537.4055 392.0421 575 0.07417162 0.480967
Moved 537.4222 390.5954 575 0.07082274 0.480967
Moved 537.4426 389.1619 576 0.06750434 0.483539
Moved 537.4538 388.5 576 0.06597221 0.483539
Moved 537.4677 388 576 0.06481478 0.483539
Moved 537.4836 386.8423 577.1577 0.06213496 0.4865166
Stationary 537.4985 386.8423 577.1577 0.06213496 0.4865166
Stationary 537.5174 386.8423 577.1577 0.06213496 0.4865166
Moved 537.5287 386 579.1776 0.06018519 0.4917119
Moved 537.5448 386 587.4818 0.06018519 0.5130703
Moved 537.5616 386 598.3219 0.06018519 0.5409513
Moved 537.5771 396.5 608.5 0.08449078 0.5671295
Moved 537.5947 399.7196 617.5093 0.09194354 0.5903018
Moved 537.6063 404.104 624.84 0.1020926 0.6091563
Moved 537.6218 409.7608 633.8173 0.1151871 0.6322461
Moved 537.6378 420.3203 648.1504 0.1396302 0.6691111
Moved 537.6526 426.3998 658.4497 0.1537033 0.695601
Moved 537.6716 435.0054 667.0054 0.1736237 0.7176065
Moved 537.6832 440.9705 674.2131 0.1874316 0.7361447
Moved 537.6985 445.0502 678.7336 0.1968754 0.7477714
Moved 537.7145 449.3311 683.3311 0.206785 0.7595964
Moved 537.73 452.401 686.401 0.2138912 0.7674921
Moved 537.7508 455.2524 690.2524 0.2204917 0.7773981
Moved 537.7618 457.063 693.126 0.2246829 0.7847891
Moved 537.7758 458 695.0096 0.2268519 0.7896336
Moved 537.7913 458.9464 696.9464 0.2290426 0.7946151
Moved 537.806 459 698.3891 0.2291666 0.7983258
Moved 537.826 459 699.7972 0.2291666 0.8019474
Moved 537.8381 459 700.5 0.2291666 0.8037551
Moved 537.8518 459 702.2396 0.2291666 0.8082293
Moved 537.8681 459 703.7242 0.2291666 0.8120477
Moved 537.8835 459 705.1595 0.2291666 0.8157394
Moved 537.9034 459 706.6033 0.2291666 0.8194528
Moved 537.9152 459 709.0924 0.2291666 0.8258548
Moved 537.9301 445.6743 710.4807 0.19832 0.8294254
Moved 537.9462 444.9403 711.6865 0.1966211 0.832527
Moved 537.961 439.9409 714.0295 0.1850484 0.8385532
Moved 537.9833 428.3165 716 0.15814 0.8436211
Stationary 537.994 428.3165 716 0.15814 0.8436211
Moved 538.007 422.6647 717.3338 0.1450571 0.8470519
Moved 538.023 416.1402 717 0.1299541 0.8461932
Moved 538.0381 411.366 717 0.1189028 0.8461932
Moved 538.0605 402.4276 717 0.09821197 0.8461932
Stationary 538.0706 402.4276 717 0.09821197 0.8461932
Moved 538.0832 397.1116 717 0.08590648 0.8461932
Moved 538.1006 392.9956 712.3231 0.07637878 0.8341644
Moved 538.1154 388.6831 708.8944 0.06639619 0.8253456
Moved 538.1344 384.9076 708 0.05765647 0.8230453
Moved 538.1459 382.0047 707.0023 0.05093674 0.8204792
Moved 538.163 379.1517 705.5758 0.04433255 0.81681
Moved 538.1766 377.2001 706 0.03981501 0.8179011
Moved 538.1921 375.0499 704.025 0.03483772 0.8128213
Moved 538.2158 371.1407 702.1407 0.02578864 0.8079749
Stationary 538.2274 371.1407 702.1407 0.02578864 0.8079749
Moved 538.2393 368.3932 700.6966 0.01942873 0.8042606
Moved 538.2543 367.2673 700 0.01682242 0.8024691
Moved 538.2733 365.8286 697.6572 0.01349211 0.7964432
Moved 538.2857 364.8201 696.8201 0.01115759 0.7942904
Moved 538.2996 363.3157 694.3157 0.00767529 0.7878489
Moved 538.3163 361.8737 690.6213 0.00433743 0.7783467
Moved 538.3307 361.4354 686.8708 0.00332276 0.7687007
Moved 538.3496 361 682.0092 0.002314846 0.7561964
Moved 538.3615 361 674.6716 0.002314846 0.737324
Moved 538.3765 361 668.5262 0.002314846 0.7215177
Moved 538.3918 361 662.9657 0.002314846 0.7072161
Moved 538.4133 361 653.7976 0.002314846 0.6836357
Moved 538.425 361 646.5956 0.002314846 0.665112
Moved 538.4384 361 635.4432 0.002314846 0.636428
Moved 538.454 367.1351 626.3987 0.01651635 0.6131653
Moved 538.4694 370.2091 618.9546 0.02363215 0.5940189
Moved 538.4886 371.6472 612.411 0.02696127 0.5771887
Moved 538.5004 373.6016 606.9961 0.03148506 0.5632614
Moved 538.5151 375.1653 601.3389 0.03510485 0.5487111
Moved 538.5304 376.5988 594.6048 0.03842314 0.5313908
Moved 538.5508 378.0435 587.7826 0.04176736 0.513844
Moved 538.5634 379 581.5496 0.04398147 0.4978126
Moved 538.5773 379.9313 578.1373 0.04613737 0.4890362
Moved 538.5922 380 575.2814 0.04629632 0.4816909
Moved 538.6093 380 573 0.04629632 0.4758229
Moved 538.6267 381 571.0593 0.04861106 0.4708313
Moved 538.6384 381 568.2411 0.04861106 0.4635831
Moved 538.6544 381 567.1813 0.04861106 0.4608571
Moved 538.67 381 565.7431 0.04861106 0.4571581
Moved 538.6898 381 564.3015 0.04861106 0.4534503
Moved 538.7015 381 562.8463 0.04861106 0.4497074
Moved 538.7151 381 561.5 0.04861106 0.4462448
Moved 538.7318 381 559 0.04861106 0.4398148
Stationary 538.7469 381 558.9355 0.04861106 0.439649
Ended 538.7662 381 559 0.04861106 0.4398148
Candidates 538.9138 12 stress dress fred streets staff gates des dates fees areas freed sees
Began 539.6672 476 549 0.2685185 0.4140946
Moved 539.688 461.137 549 0.2341133 0.4140946
Moved 539.7097 384.0653 540.6196 0.0557068 0.39254
Stationary 539.7203 384.0653 540.6196 0.0557068 0.39254
Moved 539.7321 331.5547 541 -0.06584565 0.3935184
Moved 539.7478 282.1929 541 -0.1801089 0.3935184
Moved 539.7685 255 539.5 -0.2430556 0.3896604
Moved 539.7815 239.695 537.4492 -0.2784838 0.3843856
Moved 539.795 226.0412 535.7823 -0.3100898 0.3800986
Ended 539.8104 213 533 -0.3402778 0.3729423
Accept 539.8669 1 dress
PhraseEnd 540.7788
