you must be getting old
you must be getting old
Basic
0.6 0.6
432 388.8
Began 452.7766 412 516 0.1203704 0.329218
Stationary 452.7985 412 516 0.1203704 0.329218
Stationary 452.811 412 516 0.1203704 0.329218
Stationary 452.8259 412 516 0.1203704 0.329218
Stationary 452.8424 412 516 0.1203704 0.329218
Stationary 452.8569 412 516 0.1203704 0.329218
Stationary 452.872 412 516 0.1203704 0.329218
Moved 452.8887 402.4911 516 0.09835899 0.329218
Moved 452.9052 398.9657 516 0.09019832 0.329218
Moved 452.9197 396.0882 516 0.0835376 0.329218
Moved 452.9353 393.2056 516 0.07686476 0.329218
Moved 452.9503 391.1638 516 0.07213841 0.329218
Moved 452.9668 389.7228 516 0.06880273 0.329218
Stationary 452.9809 390 516 0.06944448 0.329218
Stationary 452.9978 390 516 0.06944448 0.329218
Stationary 453.0125 390 516 0.06944448 0.329218
Stationary 453.0291 390 516 0.06944448 0.329218
Moved 453.042 397.1822 516 0.08607 0.329218
Moved 453.0573 403.2006 516 0.1000014 0.329218
Moved 453.0736 410.9233 516 0.117878 0.329218
Moved 453.0898 418.143 516 0.1345903 0.329218
Moved 453.1047 428 529.5 0.1574074 0.3639403
Moved 453.1286 454.1216 530.4122 0.217874 0.3662863
Moved 453.1429 473.9282 532.9107 0.2637227 0.3727126
Stationary 453.1541 473.9282 532.9107 0.2637227 0.3727126
Moved 453.1676 489.7704 533 0.3003944 0.3729423
Moved 453.1881 517.0932 534 0.3636417 0.3755144
Stationary 453.1988 517.0932 534 0.3636417 0.3755144
Moved 453.2115 528.5 534 0.3900464 0.3755144
Moved 453.2265 536.1536 534 0.407763 0.3755144
Moved 453.2422 543.8907 534 0.4256729 0.3755144
Moved 453.2567 548.8367 534 0.4371219 0.3755144
Moved 453.2722 553.1469 534 0.4470993 0.3755144
Moved 453.2897 555.9753 530.5864 0.4536465 0.3667346
Moved 453.3038 557.921 527 0.4581504 0.3575102
Moved 453.3196 558 525.6409 0.4583333 0.3540147
Moved 453.3344 559.3768 526 0.4615205 0.3549381
Stationary 453.3499 559.3768 526 0.4615205 0.3549381
Stationary 453.3661 559 526 0.4606481 0.3549381
Moved 453.3813 559 525 0.4606481 0.3523662
Moved 453.3961 546.5803 523.758 0.4318987 0.3491718
Moved 453.411 529.8143 520.9628 0.3930885 0.3419825
Moved 453.4278 510.5228 520 0.3484324 0.3395061
Moved 453.4431 490.8696 517.5411 0.3029389 0.3331817
Moved 453.4579 454.2892 518 0.218262 0.3343621
Moved 453.4754 430.9725 518 0.1642883 0.3343621
Moved 453.492 413.2314 518 0.1232208 0.3343621
Moved 453.5049 399.0928 518 0.09049257 0.3343621
Moved 453.5216 387.7719 518 0.06428679 0.3343621
Moved 453.5371 380.1297 524.8184 0.04659643 0.3518991
Moved 453.5519 375.8595 526.0351 0.03671179 0.3550284
Moved 453.567 370.0249 526 0.02320588 0.3549381
Moved 453.5825 369.0522 527 0.02095401 0.3575102
Ended 453.5979 369 528.4059 0.02083332 0.3611262
Candidates 453.7325 12 you toy your type tour root i rope hype utility roy output
Began 454.1486 431 330 0.1643519 -0.149177
Stationary 454.1676 431 330 0.1643519 -0.149177
Stationary 454.1815 431 330 0.1643519 -0.149177
Stationary 454.1975 431 330 0.1643519 -0.149177
Stationary 454.2141 431 330 0.1643519 -0.149177
Moved 454.2304 431 350.5635 0.1643519 -0.09628743
Moved 454.2449 431 376.2808 0.1643519 -0.03014223
Moved 454.2608 431 391.5 0.1643519 0.009002057
Moved 454.2761 431 416.9484 0.1643519 0.07445559
Moved 454.2919 431 438.899 0.1643519 0.130913
Moved 454.3056 431 450.7774 0.1643519 0.1614644
Moved 454.321 431 460.908 0.1643519 0.1875205
Moved 454.3366 431 465.5969 0.1643519 0.1995805
Ended 454.3528 431 469.5 0.1643519 0.2096193
Accept 454.3969 0 you
Began 454.706 450 361 0.2083333 -0.06944452
Stationary 454.7215 450 361 0.2083333 -0.06944452
Stationary 454.7364 450 361 0.2083333 -0.06944452
Stationary 454.7516 450 361 0.2083333 -0.06944452
Stationary 454.767 450 361 0.2083333 -0.06944452
Stationary 454.7829 450 361 0.2083333 -0.06944452
Stationary 454.7999 450 361 0.2083333 -0.06944452
Stationary 454.8146 450 361 0.2083333 -0.06944452
Stationary 454.8293 450 361 0.2083333 -0.06944452
Stationary 454.8474 450 361 0.2083333 -0.06944452
Stationary 454.8594 450 361 0.2083333 -0.06944452
Stationary 454.8749 450 361 0.2083333 -0.06944452
Moved 454.8918 450 349.2213 0.2083333 -0.09973957
Moved 454.907 450 346.313 0.2083333 -0.1072198
Moved 454.9218 450 345.2302 0.2083333 -0.1100046
Moved 454.9384 450 344.0615 0.2083333 -0.1130106
Moved 454.9542 459.3822 342.6597 0.2300515 -0.1166161
Stationary 454.9677 459.3822 342.6597 0.2300515 -0.1166161
Moved 454.9831 457 340.7716 0.2245371 -0.1214723
Stationary 454.9984 457 340.7716 0.2245371 -0.1214723
Moved 455.0139 458.3756 339.6245 0.2277212 -0.1244228
Moved 455.0291 458 338.7202 0.2268519 -0.1267486
Stationary 455.045 458 338.7202 0.2268519 -0.1267486
Moved 455.0609 458 337.6799 0.2268519 -0.129424
Stationary 455.0762 458 337.6799 0.2268519 -0.129424
Moved 455.0922 459.2497 336.7504 0.2297446 -0.131815
Stationary 455.1067 459.2497 336.7504 0.2297446 -0.131815
Moved 455.127 459 335.7523 0.2291666 -0.1343821
Stationary 455.1389 459 335.7523 0.2291666 -0.1343821
Stationary 455.1533 459 335.7523 0.2291666 -0.1343821
Moved 455.1679 459 334.8288 0.2291666 -0.1367573
Stationary 455.1827 459 334.8288 0.2291666 -0.1367573
Stationary 455.198 459 334.8288 0.2291666 -0.1367573
Moved 455.2133 459 333.9736 0.2291666 -0.1389568
Stationary 455.2286 459 333.9736 0.2291666 -0.1389568
Stationary 455.2478 459 333.9736 0.2291666 -0.1389568
Stationary 455.2625 459 333.9736 0.2291666 -0.1389568
Moved 455.2775 460 332.424 0.2314815 -0.1429424
Moved 455.2919 462.0124 327.9753 0.2361397 -0.1543846
Moved 455.308 466.3223 316.4738 0.2461165 -0.1839666
Moved 455.323 470.6911 303.7207 0.2562294 -0.2167678
Moved 455.3392 474.9872 292.3675 0.2661741 -0.2459685
Moved 455.3532 478.5325 281.87 0.2743807 -0.2729681
Moved 455.3696 481.418 271.5369 0.2810602 -0.2995452
Moved 455.3843 483.4345 264.4792 0.2857281 -0.3176974
Moved 455.401 484.7107 255.4468 0.2886821 -0.3409292
Moved 455.4154 486.1478 248.261 0.2920088 -0.359411
Moved 455.4307 486.5874 244.8252 0.2930264 -0.3682479
Moved 455.4467 487 240.8861 0.2939814 -0.3783793
Moved 455.4619 487 238.0724 0.2939814 -0.3856163
Moved 455.4774 487 237.0953 0.2939814 -0.3881293
Moved 455.4922 487 235.9645 0.2939814 -0.3910379
Moved 455.5081 487 234.511 0.2939814 -0.3947763
Moved 455.5239 487 233.5 0.2939814 -0.3973766
Stationary 455.5386 487 233.5 0.2939814 -0.3973766
Stationary 455.5549 487 233.5 0.2939814 -0.3973766
Moved 455.5696 473.6935 249.1357 0.2631792 -0.3571612
Moved 455.5846 463.169 267.3521 0.2388171 -0.3103084
Moved 455.6009 455.0593 282.184 0.2200447 -0.2721604
Moved 455.6162 442.8987 311.1366 0.1918951 -0.197694
Moved 455.6309 438.2853 330.144 0.1812161 -0.1488067
Moved 455.6471 433.6587 355.1619 0.1705061 -0.08446006
Moved 455.661 429.879 382.0889 0.161757 -0.01520361
Moved 455.6807 429 407.9073 0.1597223 0.05120191
Moved 455.6929 429 429.7506 0.1597223 0.1073832
Moved 455.7087 429 444.7386 0.1597223 0.1459327
Moved 455.7234 441.3413 468.936 0.1882901 0.2081685
Moved 455.739 448.9401 492.2083 0.2058798 0.2680253
Moved 455.7549 456.2121 505.2667 0.2227133 0.3016119
Moved 455.7702 463.3226 519.6453 0.2391728 0.3385937
Moved 455.7863 467.8445 529.9778 0.2496401 0.3651693
Moved 455.8013 472.4544 538.9088 0.2603112 0.3881398
Moved 455.816 473.5 545.5 0.2627315 0.4050925
Moved 455.831 474.709 548.4181 0.2655302 0.4125979
Moved 455.8469 475 551.3038 0.2662037 0.42002
Moved 455.8671 475 553.5908 0.2662037 0.4259022
Stationary 455.8787 475 554 0.2662037 0.4269547
Moved 455.8926 475 555.4706 0.2662037 0.430737
Moved 455.9082 460.598 555 0.2328657 0.4295266
Moved 455.9246 447.8161 555 0.2032779 0.4295266
Moved 455.9389 437.7543 544.4034 0.1799868 0.4022722
Moved 455.9538 404.2097 525.3956 0.1023372 0.3533836
Moved 455.9698 380.7202 510.7001 0.04796346 0.3155867
Moved 455.9861 347.2968 485.1453 -0.0294055 0.2498594
Moved 456.0013 316.5498 460.3975 -0.1005792 0.1862074
Moved 456.0173 295.6018 442.9016 -0.14907 0.1412076
Moved 456.0304 273.6245 421.6245 -0.1999433 0.08648279
Moved 456.0472 258.4718 406.4719 -0.2350189 0.04750985
Moved 456.0616 244.2512 393.9261 -0.267937 0.01524191
Moved 456.0773 232.1124 383.2233 -0.2960362 -0.01228568
Moved 456.0923 222.6713 374.7808 -0.3178906 -0.03400009
Moved 456.1087 214.0313 367.0313 -0.3378904 -0.05393181
Moved 456.1243 208.2655 362.6992 -0.3512372 -0.06507426
Moved 456.1389 203.3734 358.3734 -0.3625615 -0.07620014
Moved 456.1545 201.0249 356.025 -0.3679978 -0.0822404
Moved 456.1705 198.1558 354.5779 -0.3746393 -0.08596232
Moved 456.186 198 354.1334 -0.375 -0.08710547
Moved 456.2009 196.6947 354 -0.3780215 -0.08744855
Stationary 456.2157 196.6947 354 -0.3780215 -0.08744855
Stationary 456.2312 197 354 -0.3773148 -0.08744855
Stationary 456.2469 197 354 -0.3773148 -0.08744855
Moved 456.2625 197 360.2662 -0.3773148 -0.07133185
Moved 456.2787 207.0045 372.0045 -0.3541562 -0.04114072
Moved 456.2948 219.4866 389.6082 -0.3252625 0.004136317
Moved 456.3093 230.9588 403.9485 -0.2987065 0.04101973
Moved 456.3243 248.2021 424.0691 -0.2587915 0.09277026
Moved 456.3407 264.8494 441.7343 -0.220256 0.1382055
Moved 456.356 280.6191 458.9481 -0.1837521 0.1824795
Moved 456.3711 289 467 -0.1643519 0.2031892
Moved 456.3862 304.7158 487.459 -0.1279727 0.2558101
Moved 456.4017 314.9982 499.2836 -0.1041709 0.2862233
Moved 456.4166 325.4283 510.1663 -0.08002713 0.3142137
Moved 456.4325 330 515.5 -0.06944443 0.327932
Moved 456.4479 337.7133 524.256 -0.05158956 0.3504525
Moved 456.4669 344.2073 531.2073 -0.03655716 0.3683314
Moved 456.4778 350 537 -0.02314816 0.3832304
Stationary 456.4967 350 537 -0.02314816 0.3832304
Moved 456.5089 354.0415 542.0415 -0.01379276 0.3961972
Moved 456.5242 358.4839 546.4839 -0.003509472 0.4076232
Moved 456.54 360.8529 547 0.001974205 0.4089505
Ended 456.5554 361 547 0.002314846 0.4089505
Candidates 456.6881 12 must most midst murray murder boat mouse noisy busy boost initiate nurse
Began 457.0923 434 321 0.1712963 -0.1723252
Stationary 457.1115 434 321 0.1712963 -0.1723252
Stationary 457.1245 434 321 0.1712963 -0.1723252
Stationary 457.1404 434 321 0.1712963 -0.1723252
Moved 457.1561 434 332.0637 0.1712963 -0.1438692
Moved 457.1717 434 348.2025 0.1712963 -0.1023599
Moved 457.1877 434 373.0581 0.1712963 -0.03843096
Moved 457.205 434 399.0438 0.1712963 0.0284047
Moved 457.2177 425.3961 418.1241 0.15138 0.07747979
Moved 457.2335 427 439.4908 0.1550926 0.1324351
Moved 457.2503 427 452.3889 0.1550926 0.1656093
Ended 457.2639 427 456 0.1550926 0.174897
Accept 457.3223 0 must
Began 457.6642 452 215 0.2129629 -0.4449589
Stationary 457.6807 452 215 0.2129629 -0.4449589
Stationary 457.6952 452 215 0.2129629 -0.4449589
Stationary 457.71 452 215 0.2129629 -0.4449589
Stationary 457.726 452 215 0.2129629 -0.4449589
Stationary 457.7412 452 215 0.2129629 -0.4449589
Stationary 457.7595 452 215 0.2129629 -0.4449589
Stationary 457.773 452 215 0.2129629 -0.4449589
Stationary 457.7881 452 215 0.2129629 -0.4449589
Stationary 457.8025 452 215 0.2129629 -0.4449589
Stationary 457.8181 452 215 0.2129629 -0.4449589
Stationary 457.8416 452 215 0.2129629 -0.4449589
Stationary 457.8528 452 215 0.2129629 -0.4449589
Stationary 457.8645 452 215 0.2129629 -0.4449589
Moved 457.8803 440.6992 232.126 0.1868038 -0.4009106
Moved 457.897 437.2354 236.6862 0.1787856 -0.3891817
Moved 457.9113 428.9685 246.3701 0.1596493 -0.3642744
Moved 457.9266 422.1415 253.6302 0.1438461 -0.3456012
Moved 457.9417 416.1797 261.0255 0.1300455 -0.3265806
Moved 457.9571 409.3998 271.5504 0.1143513 -0.2995103
Moved 457.9724 402.4773 283.9408 0.09832709 -0.267642
Moved 457.9883 394.3128 293.7621 0.07942776 -0.2423815
Moved 458.0035 386.8599 305.8116 0.06217559 -0.2113899
Moved 458.0187 374.0462 326.5261 0.03251443 -0.158112
Moved 458.0359 358.5 347.5 -0.003472219 -0.1041667
Moved 458.0515 344.3722 369.4728 -0.03617555 -0.0476524
Moved 458.0646 334.1725 386.8472 -0.0597859 -0.002965221
Moved 458.0809 322.0248 403.5359 -0.08790553 0.03995868
Moved 458.0969 313.2537 416.6195 -0.1082091 0.07360972
Moved 458.1104 303 432 -0.1319445 0.1131687
Moved 458.1263 294.2102 445.4441 -0.1522913 0.1477471
Moved 458.1419 285.4544 458.3185 -0.1725593 0.1808602
Moved 458.1571 278.78 469.33 -0.1880092 0.2091821
Moved 458.1726 272.428 480.001 -0.202713 0.236628
Moved 458.1891 268.8276 488.9309 -0.2110471 0.2595958
Moved 458.2036 264.9128 497.1744 -0.2201092 0.2807982
Stationary 458.2191 264.9128 497.1744 -0.2201092 0.2807982
Moved 458.2344 262.7459 503.7623 -0.2251252 0.2977424
Moved 458.252 259.1884 511.5289 -0.2333601 0.3177181
Moved 458.2652 256.6528 517.389 -0.2392297 0.3327906
Moved 458.2805 255.2078 521.5844 -0.2425745 0.3435811
Moved 458.3005 253.7633 524.4734 -0.2459183 0.3510119
Moved 458.3121 253.3177 529.0469 -0.2469497 0.3627748
Moved 458.3269 251.8811 531.1189 -0.2502752 0.368104
Moved 458.3421 250.8244 534.5267 -0.2527213 0.3768691
Moved 458.3587 250 537.6757 -0.2546296 0.3849682
Moved 458.3733 248.874 540.252 -0.2572361 0.3915944
Moved 458.3898 248 541.1266 -0.2592593 0.393844
Ended 458.4059 248 543 -0.2592593 0.3986624
Candidates 458.5241 12 new be me ne net beer mwe mere meet mer met nr
Began 459.1739 439 411 0.1828703 0.05915629
Stationary 459.1924 439 411 0.1828703 0.05915629
Stationary 459.2058 439 411 0.1828703 0.05915629
Moved 459.22 426.8498 411 0.1547448 0.05915629
Moved 459.2372 408.1633 411 0.1114892 0.05915629
Moved 459.2531 386.5219 411 0.06139328 0.05915629
Moved 459.2663 354.2696 418.67 -0.01326477 0.07888382
Moved 459.2817 327.9851 421.2239 -0.07410864 0.08545228
Moved 459.2985 313.0656 423.2579 -0.1086445 0.09068394
Moved 459.313 292.4895 426.6259 -0.1562743 0.09934629
Moved 459.3281 278.3802 428.0688 -0.1889348 0.1030577
Moved 459.3436 270 429.5 -0.2083333 0.1067386
Moved 459.3589 265.1518 429.9494 -0.219556 0.1078945
Moved 459.3737 262.1841 430 -0.2264257 0.1080246
Ended 459.3894 262.1841 430 -0.2264257 0.1080246
Accept 459.4315 1 be
Began 459.8549 386 387 0.06018519 -0.002572055
Stationary 459.8672 386 387 0.06018519 -0.002572055
Stationary 459.882 386 387 0.06018519 -0.002572055
Stationary 459.8975 386 387 0.06018519 -0.002572055
Stationary 459.9132 386 387 0.06018519 -0.002572055
Stationary 459.9296 386 387 0.06018519 -0.002572055
Stationary 459.9441 386 387 0.06018519 -0.002572055
Moved 459.9589 375.6634 387 0.0362578 -0.002572055
Moved 459.9763 369.3376 387 0.02161483 -0.002572055
Moved 459.9931 353.6961 400.9466 -0.01459236 0.03329873
Moved 460.0061 340.6267 410.2903 -0.04484549 0.05733105
Moved 460.0216 329.2743 418.7943 -0.07112424 0.07920324
Moved 460.0383 319.5568 430.2576 -0.09361853 0.1086873
Moved 460.0531 310.8648 441.8469 -0.1137389 0.1384951
Moved 460.0675 305.1079 451.449 -0.127065 0.1631918
Moved 460.0832 301.2933 459.3155 -0.1358951 0.1834245
Moved 460.0995 299.5 463.5 -0.1400463 0.1941872
Moved 460.1131 293.9468 478.4753 -0.152901 0.2327038
Moved 460.1302 291.5 485 -0.1585648 0.2494856
Moved 460.1462 288.1617 499.1437 -0.1662924 0.2858633
Stationary 460.1597 288.1617 499.1437 -0.1662924 0.2858633
Moved 460.1756 285.0149 508.4629 -0.1735767 0.3098325
Moved 460.1919 283.7087 512.5825 -0.1766001 0.3204282
Moved 460.2068 282.0261 516.9217 -0.1804952 0.3315886
Moved 460.2208 279.1936 521.2096 -0.1870518 0.3426172
Moved 460.2376 278.1481 522.8519 -0.1894719 0.3468411
Moved 460.259 274.269 526.731 -0.1984514 0.3568184
Stationary 460.2687 274.269 526.731 -0.1984514 0.3568184
Moved 460.2828 272.8376 528.1625 -0.2017649 0.3605001
Moved 460.2985 271.5 529.5 -0.2048611 0.3639403
Moved 460.3138 271.2848 529.7153 -0.2053594 0.3644939
Stationary 460.3288 271 530 -0.2060186 0.3652262
Moved 460.3478 271 531.5571 -0.2060186 0.3692311
Moved 460.3627 271 532.5 -0.2060186 0.3716563
Moved 460.3759 271 532.5512 -0.2060186 0.371788
Moved 460.3906 271 534.0946 -0.2060186 0.3757577
Moved 460.4061 284.5 535.5 -0.1747685 0.3793723
Moved 460.4223 292.835 536 -0.1554745 0.3806583
Moved 460.4377 307.3273 536 -0.1219276 0.3806583
Moved 460.453 323.3043 536 -0.08494378 0.3806583
Moved 460.469 334.4536 536 -0.05913521 0.3806583
Moved 460.4836 344.4662 536 -0.03595784 0.3806583
Moved 460.4999 352.9863 536 -0.01623541 0.3806583
Moved 460.5157 358.9809 536 -0.002358953 0.3806583
Moved 460.5298 364.3422 536 0.01005143 0.3806583
Moved 460.5458 373.7887 536 0.03191819 0.3806583
Moved 460.5612 383.6028 536 0.0546361 0.3806583
Moved 460.5776 396.4024 536 0.08426478 0.3806583
Moved 460.5932 408.9927 527.1176 0.113409 0.3578127
Moved 460.6082 422.9977 525.8894 0.1458279 0.3546537
Moved 460.6268 433.9969 524.0004 0.171289 0.3497953
Moved 460.6389 443.5361 522.9404 0.1933707 0.3470689
Moved 460.6535 461 520 0.2337964 0.3395061
Moved 460.6692 471.7271 520 0.2586275 0.3395061
Moved 460.6841 481.8172 518.5975 0.2819843 0.3358989
Moved 460.6996 491.0656 517.1558 0.3033926 0.3321907
Moved 460.7152 495.8558 515.7147 0.314481 0.3284843
Moved 460.7293 500.4492 515 0.3251139 0.326646
Moved 460.7462 502.7888 514.1057 0.3305295 0.3243457
Moved 460.7613 504.3002 514 0.3340282 0.324074
Moved 460.7769 506.7382 511.5237 0.3396717 0.3177048
Moved 460.7928 507 508.6233 0.3402778 0.310245
Moved 460.8074 508 504.1241 0.3425926 0.2986731
Moved 460.8222 508 494.5391 0.3425926 0.2740201
Moved 460.8381 504.473 473.9614 0.3344283 0.2210941
Moved 460.8536 496.7662 457.71 0.3165885 0.1792951
Moved 460.8694 487.5989 426.5675 0.2953678 0.09919618
Moved 460.8853 480.5807 399.7742 0.2791219 0.03028351
Moved 460.9001 474.2669 376.0677 0.2645068 -0.03069018
Moved 460.9157 468.5148 357.173 0.2511916 -0.07928745
Moved 460.9302 465.4145 339.4867 0.244015 -0.1247771
Moved 460.9465 461.2814 320.8863 0.2344477 -0.1726176
Moved 460.9656 459 309 0.2291666 -0.2031893
Moved 460.9785 456.5108 293.0651 0.2234047 -0.2441742
Moved 460.9918 453.6294 275.7766 0.2167348 -0.2886406
Moved 461.0067 451.3726 261.6081 0.2115107 -0.3250821
Moved 461.0225 451 249.47 0.2106482 -0.3563015
Moved 461.0384 450 240.481 0.2083333 -0.3794214
Moved 461.0533 449.0603 234.2411 0.2061581 -0.3954704
Moved 461.0691 449 228.476 0.2060185 -0.4102985
Moved 461.0849 449 224.5132 0.2060185 -0.4204908
Moved 461.1001 448 222.1238 0.2037037 -0.4266364
Moved 461.1156 448 220.6243 0.2037037 -0.4304931
Moved 461.1309 446.1775 219.1775 0.1994849 -0.4342143
Moved 461.1467 443.4894 217.7448 0.1932626 -0.4378994
Moved 461.1621 438.5236 218 0.1817676 -0.4372429
Moved 461.1776 430.1993 231.6013 0.1624984 -0.40226
Moved 461.1926 423.9615 238.2115 0.148059 -0.3852583
Moved 461.2091 410.7236 262.8933 0.1174157 -0.3217765
Moved 461.2232 401.3372 280.2151 0.095688 -0.2772246
Moved 461.2391 390.8645 303.0433 0.0714457 -0.2185101
Moved 461.2542 382.7962 326.652 0.05276908 -0.157788
Moved 461.2696 375.6045 345.2284 0.03612141 -0.1100093
Moved 461.2897 370.341 363.8919 0.02393742 -0.06200649
Moved 461.3024 366.8531 377.5876 0.01586368 -0.0267809
Moved 461.3149 362.5112 395.9552 0.005812943 0.02046087
Moved 461.3304 359.1304 410.4133 -0.002013047 0.0576473
Moved 461.3462 357.6301 424.6986 -0.005485813 0.09438934
Moved 461.3631 355.1847 436.8918 -0.01114656 0.1257504
Moved 461.3775 353.7314 445.6114 -0.01451055 0.1481773
Moved 461.3959 353 451.5311 -0.01620372 0.1634031
Moved 461.4078 352.1425 454.715 -0.0181887 0.1715921
Moved 461.423 352 456.252 -0.01851852 0.1755451
Ended 461.4397 352 456.252 -0.01851852 0.1755451
Candidates 461.6208 12 front getting strong wrong ground seeing setting trying dying string stone dropping
Began 462.3349 426 363 0.1527777 -0.06430049
Stationary 462.3478 426 363 0.1527777 -0.06430049
Moved 462.3592 417.4347 363 0.1329506 -0.06430049
Moved 462.379 400.2369 363 0.093141 -0.06430049
Moved 462.394 379.757 363 0.04573365 -0.06430049
Moved 462.4095 352.7191 363 -0.01685391 -0.06430049
Moved 462.4257 326.121 368.0085 -0.07842367 -0.05141851
Moved 462.4481 292.0201 372 -0.1573608 -0.04115226
Moved 462.4625 277.3405 373 -0.1913413 -0.03858032
Stationary 462.4735 277.3405 373 -0.1913413 -0.03858032
Moved 462.4868 267.2636 373 -0.2146676 -0.03858032
Moved 462.5013 261.3209 373 -0.2284239 -0.03858032
Ended 462.5168 260 373 -0.2314815 -0.03858032
Accept 462.5598 1 getting
Began 462.8388 518 443 0.3657407 0.1414608
Stationary 462.8575 518 443 0.3657407 0.1414608
Stationary 462.8712 518 443 0.3657407 0.1414608
Stationary 462.8858 518 443 0.3657407 0.1414608
Stationary 462.9018 518 443 0.3657407 0.1414608
Stationary 462.9175 518 443 0.3657407 0.1414608
Stationary 462.9319 518 443 0.3657407 0.1414608
Stationary 462.9478 518 443 0.3657407 0.1414608
Stationary 462.9632 518 443 0.3657407 0.1414608
Stationary 462.9789 518 443 0.3657407 0.1414608
Stationary 462.9984 518 443 0.3657407 0.1414608
Stationary 463.0132 518 443 0.3657407 0.1414608
Stationary 463.0291 518 443 0.3657407 0.1414608
Stationary 463.04 518 443 0.3657407 0.1414608
Stationary 463.0556 518 443 0.3657407 0.1414608
Stationary 463.0711 518 443 0.3657407 0.1414608
Moved 463.0886 509 443 0.3449074 0.1414608
Moved 463.1021 507.9935 443 0.3425775 0.1414608
Stationary 463.1168 507.9935 443 0.3425775 0.1414608
Stationary 463.133 507.9935 443 0.3425775 0.1414608
Moved 463.1481 508 420.7512 0.3425926 0.08423644
Moved 463.164 508 410.0526 0.3425926 0.05671952
Moved 463.1802 517.0773 398.7382 0.3636048 0.02761872
Moved 463.1958 523.3973 380.4587 0.3782346 -0.01939648
Moved 463.2112 528.3872 366.8384 0.3897851 -0.05442788
Moved 463.2262 532.6898 355.1606 0.3997448 -0.08446343
Moved 463.2417 535.6736 346.6318 0.406652 -0.1063996
Moved 463.2579 538.2256 339.436 0.4125592 -0.1249076
Moved 463.2724 539.5 335.5 0.4155093 -0.1350309
Moved 463.2881 541.3102 332.0347 0.4196994 -0.1439437
Moved 463.3076 543.0975 327.7075 0.4238367 -0.1550733
Moved 463.3216 543.5416 325.9168 0.4248649 -0.1596791
Moved 463.3332 544 324.0204 0.4259259 -0.1645565
Moved 463.3488 544 322.5751 0.4259259 -0.168274
Moved 463.3646 544 321.127 0.4259259 -0.1719986
Moved 463.3808 544 320.5 0.4259259 -0.1736112
Moved 463.3969 544 321 0.4259259 -0.1723252
Moved 463.4104 537.3959 321 0.4106388 -0.1723252
Moved 463.4261 529.6782 321 0.3927737 -0.1723252
Moved 463.4435 514.9709 332.2175 0.358729 -0.1434736
Moved 463.4574 499.3105 342.0751 0.322478 -0.1181197
Moved 463.4726 483.9338 352.1219 0.2868837 -0.09227894
Moved 463.4879 464.5953 363.2313 0.2421189 -0.0637056
Moved 463.5038 450.6353 370.7349 0.2098038 -0.04440621
Moved 463.5194 421.5419 386.2291 0.1424581 -0.004554952
Moved 463.5344 401.705 397.1721 0.09653925 0.02359076
Moved 463.5498 379.9952 408.7359 0.04628509 0.05333296
Moved 463.5663 362.0597 414.6468 0.004767776 0.06853594
Moved 463.5844 346.0138 420.4495 -0.0323754 0.08346063
Moved 463.5979 330.0414 424.3876 -0.06934851 0.09358939
Moved 463.6116 319.8003 425.9111 -0.09305497 0.09750781
Moved 463.6276 305.8578 428.6284 -0.1253292 0.1044969
Moved 463.6426 293.149 429 -0.1547477 0.1054526
Moved 463.6581 281.371 430.2036 -0.1820116 0.1085483
Moved 463.673 272.4778 430 -0.2025977 0.1080246
Moved 463.6881 264.5579 430 -0.2209309 0.1080246
Moved 463.7034 255.3604 430 -0.2422213 0.1080246
Moved 463.719 249.2762 430 -0.2563051 0.1080246
Moved 463.7351 244.6801 430 -0.2669443 0.1080246
Moved 463.7507 239.9071 430 -0.2779928 0.1080246
Moved 463.7656 237.0223 430 -0.2846707 0.1080246
Moved 463.7807 234.1375 430 -0.2913484 0.1080246
Moved 463.7981 233.1338 430 -0.2936717 0.1080246
Moved 463.8109 231.685 430 -0.2970254 0.1080246
Stationary 463.826 231.685 430 -0.2970254 0.1080246
Stationary 463.8469 231.685 430 -0.2970254 0.1080246
Stationary 463.8577 232 430 -0.2962963 0.1080246
Ended 463.872 232 430 -0.2962963 0.1080246
Candidates 464.1017 12 old ld polls pools illness older lhr glass looks la pills one
Began 464.5215 443 315 0.1921296 -0.1877573
Stationary 464.5355 443 315 0.1921296 -0.1877573
Stationary 464.5497 443 315 0.1921296 -0.1877573
Stationary 464.5651 443 315 0.1921296 -0.1877573
Stationary 464.5822 443 315 0.1921296 -0.1877573
Moved 464.5973 434.1468 345.1732 0.1716361 -0.1101514
Moved 464.6131 430.9226 373.2354 0.1641726 -0.03797484
Moved 464.6289 428.0411 399.63 0.1575026 0.02991252
Moved 464.6445 426.959 423.9437 0.1549976 0.09244765
Moved 464.6593 427 449.8937 0.1550926 0.1591916
Moved 464.674 426 464.3203 0.1527777 0.1962969
Moved 464.692 426 477.3358 0.1527777 0.2297731
Ended 464.7091 426 479 0.1527777 0.2340534
Accept 464.7206 0 old
PhraseEnd 465.5515
