interesting observation was made
interesting observation was made
FixStart
0.6 0.6
432 388.8
Began 206.032 242 223 -0.2731481 -0.4243828
Stationary 206.049 242 223 -0.2731481 -0.4243828
Stationary 206.0627 242 223 -0.2731481 -0.4243828
Stationary 206.0778 242 223 -0.2731481 -0.4243828
Stationary 206.0932 242 223 -0.2731481 -0.4243828
Moved 206.1108 251.1723 248.6738 -0.251916 -0.3583493
Moved 206.1253 271.47 281.7833 -0.2049305 -0.2731911
Moved 206.1403 298.1313 325.8035 -0.1432146 -0.1599704
Moved 206.157 316.9908 351.9218 -0.09955823 -0.09279384
Moved 206.1718 333.297 371.3466 -0.06181245 -0.042833
Moved 206.1867 341.4648 380.8755 -0.04290566 -0.01832428
Moved 206.2022 347.187 386.3902 -0.02965982 -0.004140477
Moved 206.2176 351.5385 390.5385 -0.01958693 0.006528862
Moved 206.232 353.5659 391 -0.01489366 0.007715971
Moved 206.2475 354.9493 391 -0.01169135 0.007715971
Moved 206.2637 357.6777 391 -0.005375743 0.007715971
Moved 206.2784 359.6703 377.6487 -0.0007632871 -0.02662384
Moved 206.2953 350.8528 317.6699 -0.0211742 -0.1808902
Moved 206.3109 335.8805 263.2928 -0.05583212 -0.3207489
Moved 206.3246 316.0166 208.7605 -0.1018134 -0.461007
Moved 206.3402 304.2393 171.8374 -0.1290758 -0.5559738
Moved 206.3557 299.9944 157.6478 -0.1389019 -0.5924696
Moved 206.3711 297.5585 146.9547 -0.1445405 -0.6199724
Moved 206.3865 296.1694 140.0165 -0.147756 -0.6378177
Moved 206.4032 294.8518 133.2593 -0.1508059 -0.6551974
Moved 206.4206 292 128 -0.1574074 -0.6687243
Moved 206.434 289.4483 126.2988 -0.1633141 -0.6730996
Moved 206.447 286.3511 124.6755 -0.1704836 -0.6772749
Moved 206.4618 277.2854 125 -0.191469 -0.6764404
Moved 206.4774 266.5843 139.7274 -0.21624 -0.6385612
Moved 206.4929 252.7353 166.1029 -0.2482979 -0.570723
Moved 206.5092 244.9814 191.385 -0.2662467 -0.505697
Moved 206.5245 240.3415 252.5114 -0.2769873 -0.3484791
Moved 206.5402 240 303.5612 -0.2777777 -0.217178
Moved 206.5554 240 340.5001 -0.2777777 -0.1221705
Moved 206.5705 240 358.5502 -0.2777777 -0.07574537
Moved 206.5859 240 368.3622 -0.2777777 -0.05050871
Moved 206.6013 237.8745 376.5425 -0.282698 -0.02946877
Moved 206.6163 233.6736 381.3264 -0.2924222 -0.01716465
Moved 206.6312 227.1598 386.6721 -0.3075004 -0.003415331
Moved 206.6471 220.2882 388 -0.323407 -3.924585E-08
Moved 206.6624 211.5368 388.9233 -0.3436647 0.00237461
Moved 206.6794 195.3765 389 -0.3810728 0.002572016
Moved 206.6947 178.8356 389 -0.4193619 0.002572016
Moved 206.7099 160.2174 389 -0.4624597 0.002572016
Moved 206.7242 148.0545 378.9313 -0.4906146 -0.02332499
Moved 206.7405 142.2203 379.2058 -0.5041198 -0.0226188
Moved 206.7575 134.3423 379 -0.5223557 -0.02314815
Moved 206.771 132.7142 379 -0.5261244 -0.02314815
Moved 206.787 132 379 -0.5277778 -0.02314815
Stationary 206.8037 132 379 -0.5277778 -0.02314815
Moved 206.8244 147.3364 379 -0.4922769 -0.02314815
Stationary 206.8357 147.3364 379 -0.4922769 -0.02314815
Moved 206.8484 157.3443 385.49 -0.4691105 -0.006455865
Moved 206.8642 166.9433 387.2776 -0.4468904 -0.001857977
Moved 206.8803 172.9946 387.6649 -0.4328829 -0.000861996
Moved 206.8953 177.1158 388 -0.4233432 -3.924585E-08
Moved 206.9102 179.8422 388 -0.4170319 -3.924585E-08
Moved 206.9265 181.8033 388 -0.4124925 -3.924585E-08
Moved 206.941 183.1886 388 -0.4092856 -3.924585E-08
Stationary 206.9565 183.1886 388 -0.4092856 -3.924585E-08
Stationary 206.97 183.1886 388 -0.4092856 -3.924585E-08
Stationary 206.9865 183 388 -0.4097222 -3.924585E-08
Moved 207.0044 183 375.3191 -0.4097222 -0.0326155
Moved 207.0187 171.6444 375.4296 -0.4360082 -0.03233128
Moved 207.0329 166.3477 371.5108 -0.4482692 -0.04241049
Moved 207.049 156.7259 365.8173 -0.4705419 -0.05705445
Moved 207.0637 147.5224 359.3732 -0.4918463 -0.07362868
Moved 207.0794 142.1606 356.0964 -0.5042578 -0.08205664
Moved 207.0938 136.6736 352.0052 -0.5169593 -0.09257925
Moved 207.1094 131.1409 347.1409 -0.5297666 -0.1050904
Moved 207.1255 126.6978 342.6978 -0.5400513 -0.116518
Moved 207.1416 122.5397 340.0264 -0.5496767 -0.1233889
Moved 207.1568 122.1355 337.2709 -0.5506123 -0.1304761
Moved 207.1714 120.7564 334.5128 -0.5538046 -0.1375701
Moved 207.1869 118 330.5 -0.5601852 -0.147891
Moved 207.2028 117.3064 324.8381 -0.5617908 -0.1624534
Moved 207.2189 117 316.5629 -0.5625001 -0.1837374
Moved 207.233 117 306.8408 -0.5625001 -0.208743
Moved 207.2492 117 300.8125 -0.5625001 -0.2242478
Moved 207.2646 117 293.9016 -0.5625001 -0.2420227
Moved 207.279 117 287.01 -0.5625001 -0.259748
Moved 207.2936 123.8694 280.0933 -0.5465985 -0.2775379
Moved 207.3102 129.0992 275.9207 -0.5344927 -0.2882701
Moved 207.3268 140.2082 268.9949 -0.5087773 -0.3060832
Moved 207.3414 154.3485 268.2209 -0.4760452 -0.3080738
Moved 207.3566 180.316 268 -0.4159352 -0.308642
Moved 207.3718 234.3596 300.4505 -0.2908342 -0.2251787
Moved 207.3885 290.0955 331.3184 -0.1618161 -0.145786
Moved 207.4035 324.5156 354.0104 -0.08213981 -0.08742187
Moved 207.4189 339.5 361 -0.04745369 -0.06944452
Moved 207.4339 349.5724 365.8965 -0.02413804 -0.05685052
Moved 207.4499 361.3226 371.6613 0.003061593 -0.04202344
Moved 207.4658 373.5 374 0.03125002 -0.03600823
Moved 207.4804 387.2477 375.9373 0.06307343 -0.0310255
Moved 207.4958 401.3428 376 0.09570102 -0.03086435
Moved 207.515 411.2422 376 0.1186161 -0.03086435
Moved 207.5273 418.4341 368.3923 0.1352641 -0.05043147
Moved 207.5419 423.5969 358.9255 0.1472151 -0.07477999
Moved 207.5593 423 331.5 0.1458333 -0.145319
Moved 207.5731 402.1186 269.4418 0.09749671 -0.3049336
Moved 207.5887 387.9059 220.1705 0.06459693 -0.4316602
Moved 207.604 375.4374 187.0935 0.03573477 -0.5167349
Moved 207.6198 367.6649 159.6595 0.01774281 -0.5872955
Moved 207.6332 362.1202 138.9508 0.004907847 -0.6405587
Moved 207.6498 360.7503 131.7517 0.001736879 -0.6590749
Moved 207.6647 358.2463 121.8621 -0.004059474 -0.6845111
Moved 207.6801 356.7371 115.9485 -0.007552952 -0.699721
Moved 207.6956 355.3539 111.0618 -0.01075481 -0.7122896
Moved 207.7118 353.9679 106.9037 -0.01396313 -0.7229844
Moved 207.7264 351.1948 104.1948 -0.02038241 -0.7299516
Moved 207.7415 348.4743 101.2372 -0.02667983 -0.7375587
Moved 207.7571 345.6104 99.80518 -0.03330931 -0.7412419
Moved 207.7723 342.4059 100 -0.04072706 -0.7407408
Moved 207.7887 333.5143 100 -0.06130939 -0.7407408
Moved 207.804 321.8609 108.1237 -0.08828501 -0.7198466
Moved 207.8185 307.9458 123.4596 -0.1204959 -0.6804023
Moved 207.8345 298.5129 137.6226 -0.1423313 -0.6439748
Moved 207.85 290.0488 157.3779 -0.161924 -0.5931637
Moved 207.8652 285 170 -0.1736111 -0.5606995
Moved 207.8803 281.9291 181.2125 -0.1807196 -0.5318606
Moved 207.8952 279.046 190.839 -0.1873935 -0.5071014
Moved 207.9115 276.3033 203.1351 -0.1937423 -0.4754755
Moved 207.9266 272.7896 214.6312 -0.201876 -0.4459074
Moved 207.9427 268.6543 228.1525 -0.2114485 -0.4111305
Ended 207.9604 248 271 -0.2592593 -0.300926
Candidates 208.1094 12 interesting increasing investing undergoing uncertainty obtained intriguing figuring filtering interacting offering focusing
Began 208.5079 303 167 -0.1319445 -0.5684157
Ended 208.5274 303 167 -0.1319445 -0.5684157
Began 208.587 281 227 -0.1828704 -0.4140947
NextCandidatePanel 208.587
Stationary 208.6091 281 227 -0.1828704 -0.4140947
Stationary 208.6203 281 227 -0.1828704 -0.4140947
Moved 208.6346 281 238.0592 -0.1828704 -0.3856502
Moved 208.6508 285.2664 261.456 -0.1729945 -0.3254732
Moved 208.6654 292.9299 305.5232 -0.155255 -0.2121318
Moved 208.6808 299.8287 353.8007 -0.1392855 -0.08796126
Moved 208.697 304 384.5 -0.1296296 -0.009002057
Moved 208.7122 303.6699 397.0482 -0.1303937 0.02327213
Moved 208.7271 304 417.7017 -0.1296296 0.07639323
Moved 208.7422 304 434.121 -0.1296296 0.1186239
Ended 208.7573 304 443 -0.1296296 0.1414608
Accept 208.8016 4 uncertainty
Began 209.511 302 274 -0.1342593 -0.2932099
Stationary 209.5284 302 274 -0.1342593 -0.2932099
Stationary 209.5432 302 274 -0.1342593 -0.2932099
Stationary 209.5608 302 274 -0.1342593 -0.2932099
Ended 209.5758 302 274 -0.1342593 -0.2932099
Candidates 209.6191 7 g h f d j s k
Began 209.6506 309 284 -0.1180555 -0.2674897
Ended 209.6674 309 284 -0.1180555 -0.2674897
Cancel 209.7267
Delete 209.7267 DoubleClick
Backspace 210.8973
Began 211.2061 256 230 -0.2407407 -0.4063786
Stationary 211.2248 256 230 -0.2407407 -0.4063786
Stationary 211.2376 256 230 -0.2407407 -0.4063786
Moved 211.2608 265.0673 246.3212 -0.2197517 -0.3644003
Stationary 211.2723 265.0673 246.3212 -0.2197517 -0.3644003
Moved 211.2843 284.1843 276.5753 -0.1754993 -0.2865862
Moved 211.3012 309.1545 306.1765 -0.117698 -0.2104514
Moved 211.3149 333.021 333.1487 -0.06245131 -0.1410785
Moved 211.3306 344.8704 342.7253 -0.03502215 -0.1164472
Moved 211.3468 361.7594 353.8396 0.004072686 -0.08786111
Moved 211.3636 369.1515 357.5757 0.02118389 -0.07825176
Moved 211.3762 373.6944 360.463 0.03170003 -0.07082582
Moved 211.3921 377.2455 360 0.03992021 -0.07201654
Moved 211.4076 380.0174 360 0.04633655 -0.07201654
Moved 211.4231 384.2188 348.7499 0.05606194 -0.1009519
Moved 211.4384 386 328 0.06018519 -0.1543211
Moved 211.4544 375.6534 283.8621 0.03623476 -0.2678444
Moved 211.4701 360.4264 226.1735 0.0009869536 -0.4162205
Moved 211.485 343.4075 183.3293 -0.03840863 -0.5264164
Moved 211.5006 334.97 160.9161 -0.05793974 -0.5840634
Moved 211.5161 328.0399 144.2959 -0.07398158 -0.626811
Moved 211.5314 324.4484 136.3452 -0.08229539 -0.6472602
Moved 211.547 321.6776 129.194 -0.08870929 -0.6656535
Moved 211.5611 319.692 126.538 -0.09330566 -0.6724847
Moved 211.5783 315.641 121.2307 -0.1026829 -0.6861351
Moved 211.5933 311.0726 119.0242 -0.1132578 -0.6918103
Moved 211.6083 304.2468 119 -0.1290584 -0.6918724
Moved 211.6224 287.3421 133.1154 -0.1681895 -0.6555675
Moved 211.642 267.1689 166.0519 -0.2148868 -0.5708542
Moved 211.6542 249.4955 222.0189 -0.2557974 -0.426906
Moved 211.6697 241.5779 265.6392 -0.2741253 -0.3147139
Moved 211.6858 240 309.1131 -0.2777777 -0.2028985
Moved 211.7013 240 330.2739 -0.2777777 -0.1484726
Moved 211.7173 240 339.8603 -0.2777777 -0.1238162
Moved 211.7305 240 349.7757 -0.2777777 -0.09831361
Moved 211.7472 238.5158 353.4525 -0.2812133 -0.0888567
Moved 211.7626 237.1379 356.7243 -0.2844031 -0.08044168
Moved 211.7773 234.5451 359.4549 -0.2904049 -0.07341863
Moved 211.7932 230.0738 361.4631 -0.3007551 -0.06825341
Moved 211.8092 221.2343 363.3616 -0.321217 -0.06337036
Moved 211.8242 212.6273 365.0621 -0.3411404 -0.05899657
Moved 211.8391 202.9171 365 -0.3636178 -0.05915646
Moved 211.8551 191.2335 365 -0.3906631 -0.05915646
Moved 211.8708 176.7712 365 -0.4241407 -0.05915646
Moved 211.8847 163.7456 360.9132 -0.4542927 -0.06966775
Moved 211.9026 152.8712 355.8613 -0.4794649 -0.08266127
Moved 211.917 141.0817 353.0182 -0.5067553 -0.08997387
Moved 211.9319 132.8283 353 -0.5258604 -0.09002065
Moved 211.9485 129.5031 352 -0.5335577 -0.09259266
Moved 211.9612 127.8677 352 -0.5373433 -0.09259266
Stationary 211.9775 127.8677 352 -0.5373433 -0.09259266
Stationary 211.9924 128 352 -0.5370371 -0.09259266
Moved 212.0149 168.553 372.7706 -0.4431643 -0.03917027
Stationary 212.0248 168.553 372.7706 -0.4431643 -0.03917027
Moved 212.0393 203.4009 382.1694 -0.362498 -0.01499639
Moved 212.0547 214.6898 384.0985 -0.3363662 -0.01003473
Moved 212.0712 221.366 385.4732 -0.3209121 -0.006499035
Moved 212.0856 224.7012 386 -0.3131916 -0.005144111
Moved 212.1031 227.4573 386 -0.3068117 -0.005144111
Moved 212.1223 228.5 386 -0.3043981 -0.005144111
Moved 212.138 228 386 -0.3055556 -0.005144111
Stationary 212.1487 228 386 -0.3055556 -0.005144111
Stationary 212.1619 228 386 -0.3055556 -0.005144111
Moved 212.1776 228 380.4504 -0.3055556 -0.01941783
Moved 212.1933 216.2875 376.6575 -0.3326679 -0.02917317
Moved 212.2085 210.5 374 -0.3460648 -0.03600823
Moved 212.2241 201.4302 371.1434 -0.3670597 -0.0433556
Moved 212.2395 193.1613 368.3871 -0.3862008 -0.05044482
Moved 212.2569 184.5033 365.0638 -0.4062423 -0.0589924
Moved 212.2704 176.1042 362.4417 -0.4256848 -0.06573657
Moved 212.2849 168.0356 358.5178 -0.444362 -0.07582864
Moved 212.3028 162.8391 356.9196 -0.456391 -0.07993941
Moved 212.3169 157.3305 354.1652 -0.4691424 -0.08702368
Moved 212.3314 151.8599 350.1449 -0.4818059 -0.09736402
Moved 212.3546 141.7969 340.7969 -0.5050997 -0.1214071
Stationary 212.3647 141.7969 340.7969 -0.5050997 -0.1214071
Moved 212.3767 137.6026 334.3377 -0.5148087 -0.1380204
Moved 212.3931 133.4698 324.9194 -0.5243756 -0.1622445
Moved 212.4089 129.3231 313.8616 -0.5339743 -0.1906852
Moved 212.4241 126.4649 301.5921 -0.5405905 -0.2222426
Moved 212.4398 126 290.4417 -0.5416667 -0.2509218
Moved 212.4556 126 280.4678 -0.5416667 -0.2765748
Moved 212.4704 126 275.1874 -0.5416667 -0.2901558
Moved 212.486 126 272.9403 -0.5416667 -0.2959355
Moved 212.5011 138.9345 271.1522 -0.5117257 -0.3005344
Moved 212.5172 154.8457 271 -0.4748941 -0.300926
Moved 212.5314 183.0952 285.1284 -0.4095019 -0.2645876
Moved 212.548 214.7408 299.876 -0.3362481 -0.2266563
Moved 212.5636 236.8504 310.9252 -0.2850685 -0.1982377
Moved 212.5783 256.0366 323.7706 -0.240656 -0.1651992
Moved 212.5948 271.3023 334.6941 -0.2053187 -0.1371037
Moved 212.6098 292.2112 348.007 -0.1569185 -0.1028627
Moved 212.6259 311.2722 358.5452 -0.1127959 -0.07575824
Moved 212.6411 328.5699 366.785 -0.07275482 -0.05456547
Moved 212.6622 362.0706 378.8773 0.004793108 -0.02346368
Stationary 212.6736 362.0706 378.8773 0.004793108 -0.02346368
Moved 212.6853 386.8613 383.2939 0.06217897 -0.01210428
Moved 212.7023 419.2981 388.9649 0.1372641 0.002481751
Moved 212.7173 432.3253 388 0.1674197 -3.924585E-08
Moved 212.7319 443.4555 388 0.1931841 -3.924585E-08
Moved 212.7484 450.4828 376.3309 0.209451 -0.03001327
Moved 212.7636 453.6874 360.6889 0.216869 -0.07024466
Moved 212.7786 454 335.8202 0.2175926 -0.1342073
Moved 212.7934 442.3248 307.8121 0.1905668 -0.2062447
Moved 212.8121 430.703 270.2793 0.1636643 -0.3027796
Moved 212.8253 416.7531 230.1433 0.1313728 -0.4060101
Moved 212.8408 396.5631 172.2809 0.08463681 -0.5548331
Moved 212.8571 386.2469 139.3643 0.0607568 -0.6394953
Moved 212.8706 381.8137 127.5653 0.05049467 -0.6698422
Moved 212.8856 377.7851 116.7604 0.04116923 -0.6976328
Moved 212.9023 375.2367 109.5917 0.03527006 -0.7160708
Moved 212.9164 372.4904 105.2356 0.02891312 -0.7272746
Moved 212.9321 370 103 0.02314816 -0.7330247
Moved 212.9552 362.5766 95.57666 0.005964438 -0.7521177
Stationary 212.9667 362.5766 95.57666 0.005964438 -0.7521177
Moved 212.9778 357.1369 94.53418 -0.006627589 -0.7547989
Moved 212.9935 347.5896 94 -0.0287277 -0.7561727
Moved 213.0091 336.6236 94 -0.05411198 -0.7561727
Moved 213.0244 321.1475 112.8524 -0.08993631 -0.7076842
Moved 213.0399 304.2477 135.0658 -0.1290564 -0.650551
Moved 213.0556 293.2792 156.376 -0.1544462 -0.5957409
Moved 213.0714 282.24 185.8701 -0.1800001 -0.5198814
Moved 213.0872 277.6066 206.5736 -0.1907255 -0.4666317
Moved 213.1027 272.095 220.0363 -0.2034838 -0.4320056
Moved 213.1187 269.1761 230.8638 -0.2102405 -0.404157
Moved 213.133 265.0328 239.9344 -0.2198315 -0.380827
Moved 213.1487 262.267 245.4659 -0.2262337 -0.3666
Moved 213.1648 260 251.5 -0.2314815 -0.3510802
Moved 213.1789 258.2293 255.0826 -0.2355803 -0.3418657
Moved 213.1944 256.8497 258.3006 -0.2387738 -0.333589
Moved 213.2099 254 270 -0.2453704 -0.303498
Ended 213.2294 254 270 -0.2453704 -0.303498
Candidates 213.3475 12 interesting increasing investing undergoing uncertainty obtained interacting offering underground intriguing meeting interestingly
Began 213.7155 312 195 -0.1111111 -0.4963993
Stationary 213.7333 312 195 -0.1111111 -0.4963993
Stationary 213.7488 312 195 -0.1111111 -0.4963993
Stationary 213.7644 312 195 -0.1111111 -0.4963993
Moved 213.7798 312 219.8618 -0.1111111 -0.4324541
Moved 213.7952 321.5504 250.4575 -0.08900359 -0.3537616
Moved 213.812 328.9431 299.0131 -0.07189094 -0.2288757
Moved 213.8267 335.8427 339.1509 -0.05591958 -0.1256407
Moved 213.8412 340.041 367.277 -0.0462013 -0.05329987
Moved 213.857 344.1994 404.7944 -0.03657554 0.04319548
Moved 213.8733 346.7885 422.4615 -0.0305823 0.08863559
Moved 213.888 348.1875 439.2503 -0.02734368 0.1318166
Ended 213.9037 349.5 455 -0.02430553 0.172325
Accept 213.9293 0 interesting
Began 214.1171 264 225 -0.2222222 -0.4192387
Stationary 214.1341 264 225 -0.2222222 -0.4192387
Stationary 214.1454 264 225 -0.2222222 -0.4192387
Moved 214.1638 264 231.9847 -0.2222222 -0.4012738
Moved 214.1803 278.1526 246.109 -0.1894617 -0.364946
Moved 214.1969 304.8225 281.2928 -0.1277256 -0.2744527
Moved 214.2117 365.2226 342.2226 0.01208931 -0.1177403
Moved 214.2278 395.0826 368.5688 0.08120964 -0.04997732
Moved 214.2423 399.2568 372.0474 0.09087224 -0.04103052
Moved 214.2577 408.5845 377.9384 0.1124642 -0.02587864
Moved 214.273 413.0914 381.0609 0.1228967 -0.01784752
Moved 214.2883 415.8257 382.4128 0.129226 -0.01437034
Moved 214.3041 418 383.5 0.1342593 -0.01157415
Moved 214.3195 418.0918 383 0.1344718 -0.01286016
Moved 214.3343 412.8965 360.5248 0.1224456 -0.07066663
Moved 214.3507 396.7111 322.085 0.08497933 -0.1695346
Moved 214.3657 367.7022 257.3423 0.01782914 -0.3360539
Moved 214.3841 338.6263 196.4551 -0.04947612 -0.4926566
Moved 214.3967 326.1879 172.157 -0.07826885 -0.5551519
Moved 214.4117 314.6497 151.637 -0.1049776 -0.6079297
Moved 214.4266 304 136 -0.1296296 -0.6481481
Moved 214.4418 298.3378 128.4054 -0.1427365 -0.6676816
Moved 214.4577 291.4066 121.4066 -0.1587809 -0.6856827
Moved 214.4738 285.4479 116.7067 -0.1725742 -0.697771
Moved 214.4886 273.1234 110.7963 -0.2011032 -0.7129725
Moved 214.5039 259.769 107.7538 -0.2320162 -0.7207978
Moved 214.5193 247.5 108 -0.2604167 -0.7201647
Moved 214.5351 226.6505 117.7032 -0.3086795 -0.6952077
Moved 214.55 206.0375 129.1134 -0.3563947 -0.6658606
Moved 214.5651 181.1321 147.3108 -0.4140461 -0.6190566
Moved 214.58 161.7782 165.2218 -0.4588467 -0.5729892
Moved 214.5961 137.3893 190.6954 -0.5153025 -0.5074706
Moved 214.6121 119.9723 221.2008 -0.5556198 -0.4290103
Moved 214.6312 111.7382 241.0807 -0.5746801 -0.3778789
Moved 214.6422 104.807 272.7264 -0.5907246 -0.2964857
Moved 214.6585 105 295.314 -0.5902778 -0.2383901
Moved 214.6731 105 314.0699 -0.5902778 -0.1901494
Moved 214.6875 122.9442 331.9442 -0.5487402 -0.1441765
Moved 214.7049 128.5374 342.8061 -0.5357929 -0.1162395
Moved 214.719 148.997 360.1973 -0.4884329 -0.07150917
Moved 214.7346 163.8916 371.3757 -0.4539547 -0.04275789
Moved 214.7497 178.1528 378.7968 -0.4209426 -0.0236709
Moved 214.7653 195.2285 384.7626 -0.3814155 -0.008326557
Moved 214.7813 207.9743 386.3305 -0.3519113 -0.004294046
Moved 214.7969 216.1943 386 -0.3328836 -0.005144111
Moved 214.812 223.0529 386 -0.3170072 -0.005144111
Moved 214.8266 236.9439 362.4656 -0.2848521 -0.06567488
Moved 214.8596 252 267.9509 -0.25 -0.3087682
Moved 214.8791 241.632 185.6876 -0.2740001 -0.5203508
Stationary 214.8892 241.632 185.6876 -0.2740001 -0.5203508
Moved 214.9029 238.8479 162.7828 -0.2804448 -0.5792623
Moved 214.9207 236.0762 142.0715 -0.2868606 -0.6325321
Moved 214.935 235.6043 132.2518 -0.287953 -0.6577886
Moved 214.9518 235 118.8284 -0.2893518 -0.6923139
Moved 214.9656 233.7415 109.1909 -0.2922649 -0.7171016
Moved 214.9815 233.3405 106.0215 -0.2931933 -0.7252533
Moved 214.9969 231.9619 102.924 -0.2963844 -0.7332202
Moved 215.0128 227.6905 98.69055 -0.306272 -0.7441086
Moved 215.0276 211.8766 95.31274 -0.3428782 -0.7527965
Moved 215.0421 193.5476 95 -0.3853064 -0.7536007
Moved 215.0583 154.1108 110.1556 -0.4765953 -0.7146203
Moved 215.0726 127.1521 131.9935 -0.5389996 -0.6584528
Moved 215.093 99.4847 155.4637 -0.6030447 -0.5980871
Moved 215.1085 80.231 179.0052 -0.6476134 -0.5375381
Moved 215.1195 73.02002 203.532 -0.6643054 -0.4744548
Moved 215.1347 72 227.1992 -0.6666667 -0.4135823
Moved 215.15 72 246.5 -0.6666667 -0.3639403
Moved 215.1667 88.94684 264.7812 -0.6274379 -0.3169209
Moved 215.1812 106.1579 285.1711 -0.5875974 -0.2644777
Moved 215.1971 138.1865 308.79 -0.5134572 -0.2037293
Moved 215.2122 174.6318 326.4233 -0.4290931 -0.1583764
Moved 215.2273 204.4176 338.3019 -0.3601444 -0.1278243
Moved 215.2419 222.9686 342.6082 -0.3172022 -0.1167486
Moved 215.2589 245.6453 345.8495 -0.2647099 -0.1084118
Moved 215.2738 261.6998 346 -0.2275467 -0.1080248
Moved 215.2887 287.6176 350.0449 -0.1675519 -0.09762131
Moved 215.3114 353.5133 352.1093 -0.01501555 -0.09231158
Stationary 215.3219 353.5133 352.1093 -0.01501555 -0.09231158
Moved 215.3351 373.5 353.5 0.03125002 -0.08873464
Moved 215.3503 385.7676 353 0.05964736 -0.09002065
Moved 215.3662 399.7389 353 0.09198814 -0.09002065
Moved 215.3815 412 353 0.1203704 -0.09002065
Moved 215.3972 423.5504 353 0.1471073 -0.09002065
Moved 215.4116 433.9889 353 0.1712705 -0.09002065
Moved 215.4288 441.6371 343.9452 0.1889747 -0.1133097
Moved 215.4432 447.6645 340.2516 0.2029271 -0.1228095
Moved 215.4592 451.9183 334.7755 0.2127739 -0.1368943
Moved 215.4742 455.3775 316.9141 0.2207812 -0.1828342
Moved 215.4892 456 279.9127 0.2222222 -0.2780025
Moved 215.5056 447.1896 236.8469 0.2018279 -0.3887683
Moved 215.5247 434.5 175 0.1724537 -0.5478395
Moved 215.5362 422.7731 133.3193 0.1453081 -0.6550429
Moved 215.5518 413.2767 111.0612 0.1233258 -0.7122913
Moved 215.5683 399.4534 80.20581 0.09132724 -0.7916518
Moved 215.5825 389.7369 63.54895 0.06883542 -0.8344933
Moved 215.5968 381.4099 53.97815 0.04955987 -0.8591098
Moved 215.612 376.5 48 0.03819446 -0.8744856
Moved 215.6277 368.8883 42.59216 0.02057483 -0.8883945
Moved 215.6436 363.0031 38.25232 0.006951591 -0.8995569
Moved 215.6586 358.105 35.73669 -0.004386454 -0.9060271
Moved 215.6742 355.9831 33.98315 -0.009298326 -0.9105371
Moved 215.6902 354.6008 32.60083 -0.01249815 -0.9140925
Ended 215.7044 354.6008 32.60083 -0.01249815 -0.9140925
Candidates 215.7783 12 observation obstruction instruction infection indication induction investigation incubation inactivation imagination preservation invention
Began 216.2572 327 116 -0.07638887 -0.6995885
Stationary 216.2756 327 116 -0.07638887 -0.6995885
Moved 216.2904 327 126.66 -0.07638887 -0.6721708
Moved 216.3061 327 150.0343 -0.07638887 -0.6120517
Moved 216.3216 327 182.5668 -0.07638887 -0.5283777
Moved 216.3367 327 230.8904 -0.07638887 -0.4040885
Moved 216.3526 327 267.7609 -0.07638887 -0.3092571
Moved 216.3682 327 299.096 -0.07638887 -0.2286626
Moved 216.383 327 315.8326 -0.07638887 -0.1856157
Ended 216.3987 327 337 -0.07638887 -0.1311728
Accept 216.4567 0 observation
Began 216.6565 360 241 0 -0.3780865
Stationary 216.6812 360 241 0 -0.3780865
Stationary 216.6916 360 241 0 -0.3780865
Stationary 216.7049 360 241 0 -0.3780865
Stationary 216.7209 360 241 0 -0.3780865
Stationary 216.7359 360 241 0 -0.3780865
Moved 216.7538 343.3212 241 -0.03860841 -0.3780865
Moved 216.7683 333.3785 241 -0.0616239 -0.3780865
Moved 216.7827 315.1394 257.8607 -0.1038441 -0.3347206
Moved 216.8004 291.5315 275.6932 -0.1584919 -0.2888551
Moved 216.8156 272.3848 293.6152 -0.2028129 -0.2427593
Moved 216.8313 255.7973 310.2028 -0.24121 -0.2000958
Moved 216.8459 242.4318 327.0278 -0.2721486 -0.1568216
Moved 216.8607 232.2335 338.876 -0.2957559 -0.1263476
Moved 216.8813 227.0254 343.9746 -0.3078116 -0.1132341
Moved 216.8922 221.0959 349.3233 -0.3215373 -0.09947717
Moved 216.9072 216.0897 353.9103 -0.3331256 -0.08767932
Moved 216.9226 210.6283 356.6859 -0.3457678 -0.0805405
Moved 216.938 206.7776 357.7408 -0.3546815 -0.07782727
Moved 216.9535 202.6297 359.1234 -0.3642831 -0.07427105
Moved 216.969 200 359 -0.3703704 -0.07458848
Moved 216.9829 196.2339 359 -0.3790881 -0.07458848
Moved 216.9995 193.1353 359 -0.3862609 -0.07458848
Moved 217.0145 187.7192 349.7587 -0.3987981 -0.09835741
Moved 217.0302 179.5043 340.8052 -0.417814 -0.1213857
Moved 217.0454 171.5219 331.4423 -0.4362918 -0.1454675
Moved 217.066 164.7024 318.8643 -0.4520778 -0.1778181
Moved 217.0776 156.9614 306.7305 -0.4699968 -0.2090264
Moved 217.0917 151.2011 295.4022 -0.4833308 -0.2381632
Moved 217.1075 146 285 -0.4953704 -0.2649178
Moved 217.1224 144.7622 277.6678 -0.4982355 -0.2837762
Moved 217.1368 143 267.9997 -0.5023149 -0.3086428
Moved 217.1525 143 259.6902 -0.5023148 -0.330015
Moved 217.1682 143 254.6985 -0.5023148 -0.3428538
Moved 217.1834 143 249.4043 -0.5023148 -0.3564705
Moved 217.1995 147.2302 244.4137 -0.4925227 -0.3693064
Moved 217.2141 153.7337 240.2662 -0.4774682 -0.3799737
Moved 217.2301 157.9173 237.062 -0.467784 -0.388215
Moved 217.2502 164.8252 231.5398 -0.4517935 -0.4024182
Moved 217.2617 169.7953 228.4819 -0.4402886 -0.4102831
Moved 217.2772 174.4303 224.5697 -0.4295594 -0.4203455
Moved 217.2918 178.5 222 -0.4201389 -0.4269547
Moved 217.3076 181.8159 220.092 -0.4124631 -0.4318621
Moved 217.3233 184.6078 218.696 -0.4060005 -0.4354526
Moved 217.3382 187 217.5 -0.4004629 -0.4385288
Moved 217.3539 189.3726 217.3137 -0.3949709 -0.439008
Moved 217.3692 192.1322 215.934 -0.3885829 -0.4425567
Moved 217.3836 194.8838 214.5581 -0.3822134 -0.4460954
Moved 217.3999 197.8184 215 -0.3754203 -0.4449589
Moved 217.4154 200.401 213.7996 -0.3694422 -0.4480465
Moved 217.4364 205.9177 213 -0.356672 -0.4501029
Stationary 217.4468 205.9177 213 -0.356672 -0.4501029
Moved 217.4611 208.0903 211.9548 -0.3516428 -0.4527911
Moved 217.4765 215.2274 212 -0.3351219 -0.4526749
Ended 217.4921 215.2274 212 -0.3351219 -0.4526749
Candidates 217.6132 12 was dead wax wes read head fees heads sea reads grass as
Began 218.011 331 151 -0.06712963 -0.6095679
Stationary 218.0343 331 151 -0.06712963 -0.6095679
Stationary 218.0442 331 151 -0.06712963 -0.6095679
Stationary 218.0591 331 151 -0.06712963 -0.6095679
Moved 218.0756 331 177.0175 -0.06712963 -0.5426506
Moved 218.0956 322.3565 213.574 -0.08713772 -0.4486267
Moved 218.1093 321.7704 239.5261 -0.08849457 -0.3818773
Moved 218.1234 320.0022 266.9581 -0.09258752 -0.3113218
Moved 218.1414 318.9669 282.4973 -0.09498412 -0.2713546
Moved 218.1544 316.1045 308.0598 -0.10161 -0.2056076
Moved 218.1699 317 319.3971 -0.09953702 -0.1764479
Ended 218.1855 317 327.1304 -0.09953702 -0.1565578
Accept 218.2426 0 was
Began 218.3836 345 231 -0.03472224 -0.4038066
Stationary 218.4037 345 231 -0.03472224 -0.4038066
Stationary 218.4187 345 231 -0.03472224 -0.4038066
Stationary 218.4383 345 231 -0.03472224 -0.4038066
Stationary 218.4498 345 231 -0.03472224 -0.4038066
Stationary 218.4621 345 231 -0.03472224 -0.4038066
Stationary 218.4781 345 231 -0.03472224 -0.4038066
Stationary 218.4927 345 231 -0.03472224 -0.4038066
Stationary 218.5083 345 231 -0.03472224 -0.4038066
Moved 218.5231 345 219.9742 -0.03472224 -0.432165
Moved 218.5388 345 216.3247 -0.03472224 -0.4415517
Moved 218.5541 345 212.166 -0.03472224 -0.4522479
Moved 218.5692 355.6502 203.6873 -0.01006896 -0.4740554
Moved 218.5847 361.1884 195.7174 0.002750953 -0.4945541
Moved 218.6042 366.6914 188.8857 0.01548946 -0.5121253
Moved 218.6154 371 183.5 0.025463 -0.5259774
Moved 218.6306 376.5952 176.506 0.0384149 -0.5439661
Moved 218.6468 380.8694 169.551 0.04830887 -0.5618543
Moved 218.6624 384.3489 164.3022 0.05636314 -0.5753543
Moved 218.6784 386.0298 157.8508 0.06025423 -0.5919475
Moved 218.6932 388.8289 152.3423 0.06673346 -0.6061156
Moved 218.7085 388 146.6029 0.06481478 -0.6208773
Moved 218.7244 388 141.2786 0.06481478 -0.6345716
Moved 218.7388 388 138.4897 0.06481478 -0.6417444
Moved 218.7536 368.0714 128.9506 0.01868367 -0.6662795
Moved 218.7731 344.3195 123.0673 -0.03629754 -0.6814114
Moved 218.785 314.2372 120.2943 -0.1059323 -0.6885434
Moved 218.8005 283.9436 121 -0.1760564 -0.6867284
Moved 218.8158 255.7563 132.1218 -0.2413049 -0.6581229
Moved 218.832 235.5 138.5 -0.2881945 -0.6417181
Moved 218.8475 217.1007 143.7249 -0.3307854 -0.6282797
Moved 218.8625 200.4617 149.8076 -0.3693015 -0.6126347
Moved 218.8781 178.4095 156.7471 -0.4203483 -0.5947864
Moved 218.8928 166.6622 161.9351 -0.4475412 -0.5814428
Moved 218.9088 156.2404 167.4341 -0.4716659 -0.5672992
Moved 218.9241 147.5638 172.949 -0.4917503 -0.5531148
Moved 218.9438 141.5278 179.3402 -0.5057226 -0.5366765
Moved 218.9557 137.2838 186.1937 -0.5155468 -0.519049
Moved 218.9705 136.7644 191.178 -0.5167491 -0.5062295
Moved 218.9863 137 195.7523 -0.5162037 -0.4944642
Moved 219.0022 137 202.3257 -0.5162037 -0.4775574
Moved 219.016 148.506 209.1913 -0.4895694 -0.459899
Moved 219.0314 158.5145 217.0715 -0.4664017 -0.4396309
Moved 219.0472 171.9079 222.7632 -0.4353983 -0.4249918
Moved 219.0626 189.2465 224.5679 -0.3952628 -0.4203501
Moved 219.0773 200.9727 225 -0.3681188 -0.4192387
Moved 219.0929 212.7009 225 -0.3409702 -0.4192387
Moved 219.115 229.8324 225 -0.3013139 -0.4192387
Stationary 219.1266 229.8324 225 -0.3013139 -0.4192387
Moved 219.139 235.5972 225 -0.2879694 -0.4192387
Moved 219.1573 238.5982 225 -0.2810227 -0.4192387
Moved 219.1713 240.9213 225 -0.2756452 -0.4192387
Moved 219.1863 242.3001 225 -0.2724535 -0.4192387
Moved 219.2014 243.2799 225 -0.2701854 -0.4192387
Moved 219.2181 244.5 225 -0.2673611 -0.4192387
Moved 219.2329 244 232.4147 -0.2685185 -0.4001681
Moved 219.2497 240.0798 257.7606 -0.2775931 -0.3349779
Moved 219.2638 231.6408 294.4116 -0.2971278 -0.2407111
Moved 219.2846 222.7199 338.7606 -0.3177781 -0.1266446
Stationary 219.2957 222.7199 338.7606 -0.3177781 -0.1266446
Moved 219.309 220.4772 348.8526 -0.3229695 -0.1006877
Moved 219.3253 218.9446 358.3881 -0.3265172 -0.07616246
Moved 219.3399 216.1398 366.5806 -0.3330097 -0.05509114
Moved 219.3574 215.1844 371.4469 -0.3352214 -0.04257485
Moved 219.3712 215 376.7484 -0.3356481 -0.02893934
Moved 219.3875 214 379.1494 -0.3379629 -0.02276401
Ended 219.4032 214 381 -0.3379629 -0.01800419
Candidates 219.5242 12 case base bar car care vast bare carr cafe cast made bat
Began 220.2142 298 232 -0.1435185 -0.4012346
Stationary 220.2343 298 232 -0.1435185 -0.4012346
Ended 220.2495 298 232 -0.1435185 -0.4012346
NextCandidatePanel 220.3234
Began 221.0612 315 252 -0.1041667 -0.3497943
Stationary 221.0801 315 252 -0.1041667 -0.3497943
Stationary 221.0956 315 252 -0.1041667 -0.3497943
Stationary 221.1108 315 252 -0.1041667 -0.3497943
Ended 221.1255 315 252 -0.1041667 -0.3497943
NextCandidatePanel 221.1865
Began 221.6622 331 223 -0.06712963 -0.4243828
Stationary 221.6812 331 223 -0.06712963 -0.4243828
Stationary 221.6956 331 223 -0.06712963 -0.4243828
Stationary 221.7119 331 223 -0.06712963 -0.4243828
Ended 221.7269 331 223 -0.06712963 -0.4243828
NextCandidatePanel 221.788
Began 221.8487 339 237 -0.04861111 -0.3883744
Stationary 221.8674 339 237 -0.04861111 -0.3883744
Stationary 221.882 339 237 -0.04861111 -0.3883744
Stationary 221.9012 339 237 -0.04861111 -0.3883744
Ended 221.9129 339 237 -0.04861111 -0.3883744
NextCandidatePanel 222.1416
Began 222.633 330 252 -0.06944443 -0.3497943
Stationary 222.6517 330 252 -0.06944443 -0.3497943
Stationary 222.6665 330 252 -0.06944443 -0.3497943
Stationary 222.6816 330 252 -0.06944443 -0.3497943
Ended 222.6988 330 252 -0.06944443 -0.3497943
NextCandidatePanel 222.7577
Began 223.004 231 278 -0.2986111 -0.2829219
Stationary 223.0296 231 278 -0.2986111 -0.2829219
Stationary 223.0393 231 278 -0.2986111 -0.2829219
Moved 223.0521 248.0836 278 -0.2590656 -0.2829219
Moved 223.068 292.497 286.3522 -0.156257 -0.2614397
Moved 223.0844 348.0435 294.5565 -0.02767712 -0.2403383
Moved 223.0998 397.616 301.0327 0.08707403 -0.2236813
Moved 223.1149 418.3305 304.3884 0.1350243 -0.2150504
Moved 223.1302 427.9542 304 0.1573013 -0.2160494
Moved 223.1444 444.7985 304 0.1962929 -0.2160494
Moved 223.1612 460.3627 304 0.232321 -0.2160494
Ended 223.1798 478.5635 304 0.2744527 -0.2160494
Accept 223.2193 10 made
PhraseEnd 224.1747
