call for more details
call for more details
FixStart
0.6 0.6
432 388.8
Began 270.3821 321 284 -0.09027779 -0.2674897
Stationary 270.399 321 284 -0.09027779 -0.2674897
Stationary 270.4144 321 284 -0.09027779 -0.2674897
Stationary 270.4287 321 284 -0.09027779 -0.2674897
Moved 270.4442 315.986 278.3593 -0.1018843 -0.2819979
Moved 270.4621 301.955 258.9345 -0.1343635 -0.3319586
Moved 270.4757 288.2126 236.9402 -0.1661744 -0.3885283
Moved 270.491 273.1946 211.6576 -0.2009385 -0.4535556
Moved 270.5075 266.6131 200.1035 -0.2161734 -0.4832729
Moved 270.5227 257.46 184.36 -0.2373611 -0.5237655
Moved 270.5366 251.404 175.457 -0.2513796 -0.546664
Moved 270.553 245.8889 166.8334 -0.264146 -0.5688441
Moved 270.5684 241.7889 159.9814 -0.2736368 -0.5864674
Moved 270.5833 237.6514 154.6514 -0.2832144 -0.6001765
Moved 270.5999 234.6519 151.6519 -0.2901578 -0.6078914
Moved 270.6152 232 150.5 -0.2962963 -0.610854
Moved 270.6305 229.7771 151 -0.301442 -0.6095679
Moved 270.6447 223.0465 158.938 -0.3170221 -0.5891513
Moved 270.6608 210.6512 179.5813 -0.3457147 -0.5360564
Moved 270.6761 199.2516 218.2444 -0.3721027 -0.4366142
Moved 270.692 190.1895 265.7277 -0.3930798 -0.3144863
Moved 270.7074 188.4859 285.6556 -0.3970235 -0.2632315
Moved 270.7222 188 297.2575 -0.3981482 -0.2333913
Moved 270.7383 188 302.709 -0.3981482 -0.21937
Moved 270.7536 188 308.204 -0.3981482 -0.2052367
Moved 270.7683 188 312.3524 -0.3981482 -0.1945669
Moved 270.7845 188 316.1654 -0.3981482 -0.1847598
Moved 270.7995 188 318.862 -0.3981482 -0.1778241
Moved 270.8153 212.7968 320 -0.3407481 -0.1748972
Moved 270.8311 229.3669 320 -0.3023915 -0.1748972
Moved 270.8459 245 320 -0.2662037 -0.1748972
Moved 270.8601 261.0563 309.7656 -0.2290363 -0.2012202
Moved 270.8762 282.443 300.8062 -0.1795301 -0.224264
Moved 270.8911 305.7992 292.6003 -0.1254649 -0.2453697
Moved 270.9088 332.5222 283.2794 -0.063606 -0.2693433
Moved 270.9223 359.2361 276.1484 -0.001768172 -0.2876843
Moved 270.9386 383.7759 270.8892 0.05503674 -0.301211
Moved 270.9561 401.221 269.0649 0.09541909 -0.305903
Moved 270.9684 413.7836 268.018 0.1244991 -0.3085957
Moved 270.9834 427.5934 268 0.1564663 -0.308642
Moved 271.0016 443.3166 275.369 0.1928625 -0.2896889
Moved 271.0147 462.7421 288.1199 0.2378289 -0.2568932
Moved 271.0306 480.5 299 0.2789353 -0.2289095
Moved 271.0457 485.3142 301.6571 0.2900791 -0.2220754
Moved 271.0618 492.3276 304.5311 0.3063139 -0.2146835
Ended 271.0776 495.5 307 0.3136574 -0.2083334
Candidates 271.1348 12 call cdk ball all basal al fall cap carl cell ask hall
Began 271.4918 319 195 -0.09490739 -0.4963993
Stationary 271.5093 319 195 -0.09490739 -0.4963993
Stationary 271.5235 319 195 -0.09490739 -0.4963993
Moved 271.538 319 209.2671 -0.09490739 -0.459704
Moved 271.5562 319 245.9712 -0.09490739 -0.3653005
Moved 271.5694 319 296.9651 -0.09490739 -0.2341433
Moved 271.585 329.5972 345.3628 -0.07037684 -0.1096637
Moved 271.6009 331.4091 373.6821 -0.06618261 -0.0368258
Moved 271.6225 335.1423 408.134 -0.05754103 0.05178498
Ended 271.634 335.1423 408.134 -0.05754103 0.05178498
Accept 271.692 0 call
Began 271.7682 350 269 -0.02314816 -0.30607
Stationary 271.7842 350 269 -0.02314816 -0.30607
Stationary 271.7993 350 269 -0.02314816 -0.30607
Stationary 271.814 350 269 -0.02314816 -0.30607
Stationary 271.8303 350 269 -0.02314816 -0.30607
Stationary 271.8462 350 269 -0.02314816 -0.30607
Moved 271.8625 338.8793 269 -0.04889051 -0.30607
Moved 271.8771 328.0401 264.0401 -0.07398123 -0.3188269
Moved 271.8928 320.3853 262 -0.09170081 -0.3240741
Moved 271.9091 312.375 260.8958 -0.110243 -0.3269141
Moved 271.9232 304.0276 261 -0.1295657 -0.3266461
Moved 271.9388 300.4058 261 -0.1379495 -0.3266461
Moved 271.9541 297.5146 261 -0.1446423 -0.3266461
Moved 271.9699 297.3833 261 -0.1449461 -0.3266461
Stationary 271.985 297 261 -0.1458333 -0.3266461
Moved 272.0027 297 273.3284 -0.1458333 -0.2949374
Moved 272.0168 307.6195 279.2921 -0.121251 -0.2795987
Moved 272.0311 332.9037 295.9965 -0.06272281 -0.2366345
Moved 272.0471 369.3155 315.8476 0.02156357 -0.1855772
Moved 272.0629 403.9796 335.2009 0.1018046 -0.1358002
Moved 272.0811 421.7187 343.8594 0.1428674 -0.1135305
Moved 272.0934 436.7759 349.373 0.1777221 -0.09934916
Moved 272.1093 448.8982 355.2119 0.2057828 -0.08433165
Moved 272.1232 456.0103 357.6701 0.2222461 -0.07800906
Moved 272.1393 462.7744 361.4646 0.2379037 -0.06824949
Moved 272.157 466.6137 363.0758 0.2467909 -0.06410559
Moved 272.1706 469.8253 364.9127 0.2542251 -0.0593811
Moved 272.1856 471.2976 367.5952 0.2576333 -0.05248168
Moved 272.2023 472 370.4608 0.2592593 -0.04511131
Moved 272.2163 472 373.2266 0.2592593 -0.0379976
Moved 272.2316 472 375.991 0.2592593 -0.03088743
Moved 272.2463 459.8893 377.1745 0.2312253 -0.02784344
Moved 272.2626 450.1767 378.9747 0.2087423 -0.02321322
Moved 272.2786 434.99 380.3646 0.1735879 -0.01963855
Moved 272.2933 415.389 380 0.1282154 -0.02057613
Moved 272.3091 391.5868 380 0.07311761 -0.02057613
Moved 272.3243 370.2993 380 0.02384097 -0.02057613
Moved 272.3399 349.5804 380 -0.02411932 -0.02057613
Moved 272.3553 333.5626 380 -0.06119778 -0.02057613
Moved 272.3706 310.5339 380 -0.1145049 -0.02057613
Moved 272.3859 290.9891 380 -0.1597473 -0.02057613
Moved 272.408 255.8778 381.4709 -0.2410236 -0.01679283
Stationary 272.4191 255.8778 381.4709 -0.2410236 -0.01679283
Moved 272.4311 246.0484 386.5507 -0.2637768 -0.003727768
Moved 272.4473 241.3229 390.6771 -0.2747155 0.00688541
Moved 272.4621 242 393 -0.2731481 0.01285996
Ended 272.4771 242 393 -0.2731481 0.01285996
Candidates 272.662 12 for fire die does it fort door dow or diet show our
Began 273.0764 312 211 -0.1111111 -0.455247
Stationary 273.093 312 211 -0.1111111 -0.455247
Stationary 273.1092 312 211 -0.1111111 -0.455247
Moved 273.1241 312 217.649 -0.1111111 -0.4381455
Moved 273.1406 312 236.6866 -0.1111111 -0.3891805
Moved 273.1565 312 262.7216 -0.1111111 -0.3222183
Moved 273.1713 312 313.0379 -0.1111111 -0.1928038
Moved 273.1869 312 347.3188 -0.1111111 -0.1046328
Moved 273.2042 312 372.3557 -0.1111111 -0.04023736
Ended 273.2174 312 406 -0.1111111 0.04629618
Accept 273.2453 0 for
Began 273.3533 260 325 -0.2314815 -0.1620371
Stationary 273.372 260 325 -0.2314815 -0.1620371
Stationary 273.3864 260 325 -0.2314815 -0.1620371
Stationary 273.4046 260 325 -0.2314815 -0.1620371
Moved 273.4176 282.6653 303.3951 -0.1790154 -0.2176051
Moved 273.4334 299.5017 289.4153 -0.1400424 -0.2535616
Moved 273.4499 313.9786 277.6845 -0.1065311 -0.2837332
Moved 273.4649 333.0662 262.5908 -0.06234676 -0.3225546
Moved 273.4795 346.7549 250.6387 -0.03066008 -0.3532957
Moved 273.4944 363.018 236.62 0.006986161 -0.3893519
Moved 273.511 377.1363 223.8773 0.03966729 -0.4221262
Moved 273.5259 388.0766 210.1543 0.06499201 -0.4574221
Moved 273.5413 394.1234 199.5341 0.07898927 -0.4847375
Moved 273.5569 397.3198 193.3604 0.08638839 -0.5006164
Moved 273.5724 399 190.4561 0.09027779 -0.5080864
Moved 273.5936 399 213.3148 0.09027779 -0.4492932
Stationary 273.605 399 213.3148 0.09027779 -0.4492932
Moved 273.6183 389.2555 239.4493 0.06772101 -0.3820748
Moved 273.6335 387.232 278.4313 0.06303708 -0.2818125
Moved 273.6499 387 323.4958 0.06250004 -0.1659057
Moved 273.6647 397.5 348 0.08680551 -0.1028807
Moved 273.6799 401.687 366.8264 0.09649774 -0.05445896
Moved 273.6945 405.9558 383.8232 0.1063792 -0.01074277
Moved 273.7101 407.5494 392.7469 0.110068 0.01220899
Moved 273.7261 410 405.5331 0.1157407 0.04509525
Moved 273.7412 410 412.6919 0.1157407 0.06350784
Moved 273.759 410 419.5 0.1157407 0.08101848
Moved 273.7724 410 423.611 0.1157407 0.09159189
Moved 273.7877 397.1508 427.8547 0.08599718 0.1025069
Moved 273.8047 390.285 429.3472 0.0701041 0.1063455
Moved 273.8181 382.5524 430 0.05220472 0.1080246
Moved 273.834 371.3516 430 0.02627681 0.1080246
Moved 273.8496 357.4909 430 -0.005808075 0.1080246
Moved 273.8642 342.5934 430 -0.04029294 0.1080246
Moved 273.879 322.7704 421.4929 -0.08617967 0.08614406
Moved 273.8946 308.5283 419.8233 -0.1191474 0.08184998
Moved 273.9105 294.2483 417.0497 -0.1522029 0.07471618
Moved 273.9265 277.8413 414.3069 -0.1901821 0.06766162
Moved 273.9419 267.4251 413.675 -0.2142938 0.06603645
Moved 273.9592 253.4018 413 -0.246755 0.06430033
Moved 273.9736 243.8012 413 -0.2689786 0.06430033
Moved 273.9895 234.5 413 -0.2905093 0.06430033
Moved 274.0037 228.3018 413 -0.3048568 0.06430033
Moved 274.019 221.3723 413 -0.3208975 0.06430033
Moved 274.0341 215.4672 418.6525 -0.3345666 0.07883856
Moved 274.0549 205.4238 425.2881 -0.3578152 0.09590549
Stationary 274.0668 205.4238 425.2881 -0.3578152 0.09590549
Moved 274.0799 201.5 426.5 -0.3668981 0.09902258
Moved 274.0962 197.4443 428.8889 -0.3762863 0.1051669
Moved 274.1114 191.8925 431.5538 -0.3891378 0.1120209
Moved 274.127 185.7436 434.3026 -0.4033713 0.1190909
Moved 274.1415 179.8963 436.0259 -0.4169068 0.1235234
Moved 274.1577 174.3826 437.4044 -0.4296699 0.1270688
Moved 274.1725 169.0729 439.7709 -0.441961 0.1331555
Moved 274.1886 164.3688 439.8771 -0.45285 0.1334287
Moved 274.2032 158.9918 441.2521 -0.4652967 0.1369651
Moved 274.2178 155.7288 441 -0.47285 0.1363167
Moved 274.2336 151.9548 441 -0.4815861 0.1363167
Moved 274.2492 150.6065 441 -0.4847073 0.1363167
Moved 274.2643 148.2226 441.7773 -0.4902254 0.1383161
Moved 274.2806 147.5 442.5 -0.4918982 0.1401748
Ended 274.2956 148 443.1132 -0.4907407 0.1417519
Candidates 274.48 12 more moore now mood note mode miss mid know hmos nor not
Began 274.7866 261 213 -0.2291666 -0.4501029
Stationary 274.8052 261 213 -0.2291666 -0.4501029
Stationary 274.8201 261 213 -0.2291666 -0.4501029
Moved 274.8347 261 223.4528 -0.2291666 -0.4232183
Moved 274.8509 261 246.213 -0.2291666 -0.3646785
Moved 274.8665 261 277.3198 -0.2291666 -0.2846715
Moved 274.8823 261 316.3461 -0.2291666 -0.1842951
Moved 274.9005 261 344.6656 -0.2291666 -0.1114567
Moved 274.9126 261 357.0287 -0.2291666 -0.07965872
Moved 274.9268 261 377.9167 -0.2291666 -0.02593437
Ended 274.9424 261 384 -0.2291666 -0.01028807
Accept 274.987 0 more
Began 275.105 319 314 -0.09490739 -0.1903292
Stationary 275.1182 319 314 -0.09490739 -0.1903292
Stationary 275.1282 319 314 -0.09490739 -0.1903292
Stationary 275.1421 319 314 -0.09490739 -0.1903292
Stationary 275.1591 319 314 -0.09490739 -0.1903292
Moved 275.1744 304.7063 314 -0.1279946 -0.1903292
Moved 275.1895 279.2815 302.5829 -0.1868484 -0.2196941
Moved 275.2048 240.9017 299.9277 -0.2756904 -0.2265235
Moved 275.2207 209.6208 298.5487 -0.3481 -0.2300703
Moved 275.2359 199.0565 297.6038 -0.3725545 -0.2325007
Moved 275.2515 189.7216 298 -0.3941629 -0.2314816
Moved 275.2666 182.6177 298 -0.4106072 -0.2314816
Moved 275.2826 179.682 298 -0.4174027 -0.2314816
Moved 275.2967 176.9225 298 -0.4237904 -0.2314816
Stationary 275.3132 176.9225 298 -0.4237904 -0.2314816
Moved 275.3272 175.6438 298 -0.4267504 -0.2314816
Stationary 275.3437 175.6438 298 -0.4267504 -0.2314816
Moved 275.3591 176 309.6816 -0.4259259 -0.2014362
Moved 275.3781 176 312.8162 -0.4259259 -0.1933741
Moved 275.3903 176 316.9521 -0.4259259 -0.1827363
Moved 275.4059 186.9111 323.8194 -0.4006688 -0.1650736
Moved 275.4219 187.4833 330.7083 -0.3993442 -0.1473552
Moved 275.4364 190.2354 338.7061 -0.3929737 -0.1267849
Moved 275.4505 194.5 350 -0.3831018 -0.09773669
Moved 275.4664 197.7623 357.8742 -0.3755503 -0.07748403
Moved 275.4822 200.93 368.755 -0.3682176 -0.04949852
Moved 275.4971 205.0233 379.7289 -0.3587423 -0.02127345
Moved 275.5123 210.1871 391.3743 -0.3467891 0.008678672
Moved 275.5287 215.4379 400.7664 -0.3346345 0.03283528
Moved 275.5432 220.942 408.913 -0.3218935 0.05378864
Moved 275.5591 227.4369 417.2961 -0.3068591 0.07534988
Moved 275.5745 231.7765 422.7206 -0.2968137 0.08930179
Moved 275.5901 238.4972 429.4972 -0.2812565 0.1067314
Moved 275.6058 250.2273 435.4596 -0.2541035 0.1220668
Moved 275.621 263.7129 441.2852 -0.2228867 0.1370503
Moved 275.6356 278.8341 443.8789 -0.1878839 0.1437214
Moved 275.6516 288.8273 444 -0.1647517 0.1440329
Moved 275.6678 298.5417 444 -0.1422646 0.1440329
Moved 275.6826 300 444 -0.1388889 0.1440329
Moved 275.6986 302.2812 444 -0.1336084 0.1440329
Moved 275.7163 304.0251 444 -0.1295715 0.1440329
Moved 275.7281 304 431.2866 -0.1296296 0.1113338
Moved 275.7444 304 416.9764 -0.1296296 0.07452768
Moved 275.7594 267.9158 374.4238 -0.2131579 -0.03491845
Moved 275.7745 225 323 -0.3125 -0.1671811
Moved 275.7896 210.0567 312.8941 -0.347091 -0.1931737
Moved 275.8072 198.1104 304.0803 -0.3747444 -0.2158429
Moved 275.8203 178.9722 291.7678 -0.4190458 -0.2475108
Moved 275.836 165.4948 285.9979 -0.4502435 -0.2623511
Moved 275.8526 155.0352 281.5865 -0.4744556 -0.2736974
Moved 275.8679 147 279 -0.4930556 -0.2803498
Moved 275.8833 142.2563 278 -0.5040364 -0.2829219
Moved 275.8998 140.7044 278 -0.5076286 -0.2829219
Moved 275.9146 139.5 278 -0.5104167 -0.2829219
Moved 275.9282 140 283.7309 -0.5092592 -0.2681819
Moved 275.9438 154.8864 296.6331 -0.4748001 -0.2349972
Moved 275.9603 181.2709 316.0944 -0.4137247 -0.1849426
Moved 275.9742 222.3038 343.8692 -0.3187413 -0.1135051
Moved 275.99 256.0079 361.504 -0.2407224 -0.06814823
Moved 276.0121 308.2045 380.7349 -0.1198969 -0.01868613
Moved 276.0323 327.8112 384.1352 -0.07451102 -0.009940387
Moved 276.0448 354.4641 386.8909 -0.01281465 -0.002852585
Stationary 276.0557 354.4641 386.8909 -0.01281465 -0.002852585
Moved 276.0675 367.4713 387 0.01729459 -0.002572055
Moved 276.083 379.958 387 0.04619906 -0.002572055
Moved 276.0977 387.0326 387 0.06257534 -0.002572055
Moved 276.1128 394.0024 387 0.07870932 -0.002572055
Moved 276.1287 399.5212 387 0.09148439 -0.002572055
Moved 276.1442 405.5 375 0.1053241 -0.03343629
Moved 276.1609 411.0984 370.9016 0.1182833 -0.04397741
Moved 276.1753 417.9995 361.6008 0.1342581 -0.06789933
Moved 276.1913 422.7932 352.4136 0.1453547 -0.09152895
Moved 276.2066 428.8667 340.2667 0.1594136 -0.122771
Moved 276.2213 433.07 325.0767 0.1691436 -0.1618399
Moved 276.2375 434.7491 310.2581 0.1730304 -0.1999535
Moved 276.2548 436.1224 297.8981 0.1762093 -0.2317435
Moved 276.2678 436 291.1725 0.1759259 -0.2490419
Moved 276.2836 436 281.5 0.1759259 -0.2739198
Moved 276.2986 436 276.2507 0.1759259 -0.2874211
Moved 276.3183 436 269.3769 0.1759259 -0.3051006
Moved 276.3324 413.2611 265.1363 0.1232895 -0.3160075
Moved 276.3455 389.3283 261.8143 0.06788959 -0.3245519
Moved 276.3607 356.7419 262 -0.007541925 -0.3240741
Moved 276.377 327.5 262 -0.07523149 -0.3240741
Moved 276.392 306.2768 272.7162 -0.1243593 -0.2965117
Moved 276.4077 287.8394 275.6401 -0.1670384 -0.2889916
Moved 276.4219 272.7113 277.6907 -0.2020572 -0.2837173
Moved 276.4367 256.0682 279.0776 -0.2405829 -0.2801501
Moved 276.4548 243.9246 281.9056 -0.268693 -0.2728765
Moved 276.4682 228.8229 283.6686 -0.3036507 -0.2683421
Moved 276.4827 214.897 284 -0.3358865 -0.2674897
Moved 276.5001 206.285 284 -0.3558218 -0.2674897
Moved 276.5153 193.9252 284.6343 -0.3844325 -0.2658583
Moved 276.5296 182.8872 285 -0.4099833 -0.2649178
Moved 276.5453 173.2425 285 -0.4323091 -0.2649178
Moved 276.5608 168.6771 285 -0.4428771 -0.2649178
Moved 276.5759 163.411 285 -0.4550671 -0.2649178
Moved 276.5951 161 285 -0.4606481 -0.2649178
Moved 276.6077 159.2871 285 -0.4646131 -0.2649178
Moved 276.6218 157.9913 285 -0.4676126 -0.2649178
Stationary 276.6374 158 285 -0.4675925 -0.2649178
Ended 276.6529 158 289.5 -0.4675925 -0.2533437
Candidates 276.7884 12 strains details stalls stations retains attractions systems questions deals versions attacks suggestions
Began 277.4641 314 260 -0.1064815 -0.3292181
Stationary 277.4785 314 260 -0.1064815 -0.3292181
Stationary 277.4894 314 260 -0.1064815 -0.3292181
Stationary 277.5 314 260 -0.1064815 -0.3292181
Stationary 277.5146 314 260 -0.1064815 -0.3292181
Moved 277.53 300.688 260 -0.1372963 -0.3292181
Moved 277.5468 279.7079 260 -0.1858613 -0.3292181
Moved 277.5626 242.1621 267.1514 -0.2727729 -0.3108247
Moved 277.5779 201.9544 277.2179 -0.3658464 -0.2849335
Moved 277.5925 171.7417 287.7528 -0.4357832 -0.2578375
Moved 277.6143 115.5 306 -0.5659723 -0.2109054
Ended 277.6256 115.5 306 -0.5659723 -0.2109054
Accept 277.6527 1 details
PhraseEnd 278.0501
