the price of gas is high
the price of gas is coal
Basic
0.6 0.6
432 388.8
Began 636.9498 417 324 0.1319444 -0.164609
Stationary 636.9692 417 324 0.1319444 -0.164609
Stationary 636.983 417 324 0.1319444 -0.164609
Stationary 636.9982 417 324 0.1319444 -0.164609
Stationary 637.014 417 324 0.1319444 -0.164609
Stationary 637.0303 417 324 0.1319444 -0.164609
Stationary 637.0459 417 324 0.1319444 -0.164609
Stationary 637.0611 417 324 0.1319444 -0.164609
Stationary 637.0764 417 324 0.1319444 -0.164609
Stationary 637.0919 417 324 0.1319444 -0.164609
Stationary 637.1082 417 324 0.1319444 -0.164609
Stationary 637.124 417 324 0.1319444 -0.164609
Stationary 637.1374 417 324 0.1319444 -0.164609
Moved 637.1519 417 333.3254 0.1319444 -0.140624
Moved 637.1677 411.2669 334 0.1186734 -0.1388889
Moved 637.1846 410 334.9515 0.1157407 -0.1364417
Moved 637.1985 408.6293 335 0.1125678 -0.1363169
Moved 637.214 408.1815 336 0.1115312 -0.1337449
Moved 637.2289 406.7386 336 0.1081913 -0.1337449
Stationary 637.2445 406.7386 336 0.1081913 -0.1337449
Moved 637.2606 404.8623 337 0.1038479 -0.1311728
Moved 637.2753 404.417 337 0.102817 -0.1311728
Moved 637.2913 403.5 337 0.1006944 -0.1311728
Stationary 637.3069 403.5 337 0.1006944 -0.1311728
Ended 637.3232 402.8345 337 0.09915391 -0.1311728
Candidates 637.4133 12 mg ng nj hmm hmmm gm kb h jnk vh jm j
Began 637.5815 378 375 0.04166663 -0.03343629
Stationary 637.6012 378 375 0.04166663 -0.03343629
Stationary 637.6142 378 375 0.04166663 -0.03343629
Stationary 637.629 378 375 0.04166663 -0.03343629
Stationary 637.6455 378 375 0.04166663 -0.03343629
Stationary 637.6614 378 375 0.04166663 -0.03343629
Moved 637.6766 378 391.1545 0.04166663 0.008113335
Moved 637.6931 378 393 0.04166663 0.01285996
Moved 637.7136 378 400.5466 0.04166663 0.03226994
Moved 637.7257 368.4304 405.1013 0.01951486 0.0439846
Moved 637.7385 369.1941 412.0297 0.02128253 0.06180476
Moved 637.7535 367.7536 416.7393 0.01794805 0.07391792
Moved 637.7693 367.3177 420.3646 0.01693914 0.08324211
Moved 637.7852 367 423.2485 0.01620372 0.09065969
Moved 637.8008 365.5 426 0.01273145 0.09773654
Moved 637.8157 365.3263 428.3475 0.01232932 0.1037743
Moved 637.8325 365 430.1124 0.01157403 0.1083138
Moved 637.8455 365 432.5544 0.01157403 0.1145946
Moved 637.8622 365 433.5 0.01157403 0.1170266
Moved 637.8785 363.7828 434.2172 0.00875642 0.1188714
Moved 637.8923 364 435.8763 0.009259283 0.1231387
Moved 637.9075 364 437.3185 0.009259283 0.126848
Stationary 637.9238 364 437.3185 0.009259283 0.126848
Moved 637.9378 364 438.3162 0.009259283 0.1294141
Stationary 637.9537 364 438.3162 0.009259283 0.1294141
Moved 637.969 364 439.2393 0.009259283 0.1317882
Stationary 637.9846 364 439.2393 0.009259283 0.1317882
Moved 637.9984 364 440.1991 0.009259283 0.1342568
Stationary 638.0148 364 440 0.009259283 0.1337448
Stationary 638.031 364 440 0.009259283 0.1337448
Stationary 638.047 364 440 0.009259283 0.1337448
Stationary 638.0618 364 440 0.009259283 0.1337448
Stationary 638.0769 364 440 0.009259283 0.1337448
Stationary 638.0914 364 440 0.009259283 0.1337448
Stationary 638.1072 364 440 0.009259283 0.1337448
Stationary 638.1223 364 440 0.009259283 0.1337448
Stationary 638.1392 364 440 0.009259283 0.1337448
Stationary 638.1553 364 440 0.009259283 0.1337448
Stationary 638.1698 364 440 0.009259283 0.1337448
Moved 638.1855 363 430.2925 0.006944438 0.1087769
Moved 638.2012 363 423.3838 0.006944438 0.09100761
Moved 638.2164 363 415.4791 0.006944438 0.07067668
Moved 638.2321 363 408.2866 0.006944438 0.05217732
Moved 638.2471 363 402.9783 0.006944438 0.03852432
Moved 638.2623 363 398.6273 0.006944438 0.02733336
Moved 638.2784 363 394.3074 0.006944438 0.01622259
Moved 638.2928 363 390.9858 0.006944438 0.007679511
Moved 638.3087 363 389.5529 0.006944438 0.00399405
Moved 638.3237 363 387.2201 0.006944438 -0.002006013
Moved 638.3395 363 386 0.006944438 -0.005144111
Moved 638.3553 363 385.4221 0.006944438 -0.006630548
Ended 638.3695 363 385 0.006944438 -0.007716127
NextCandidatePanel 638.3993
Began 638.5405 377 371 0.03935188 -0.04372435
Stationary 638.5549 377 371 0.03935188 -0.04372435
Stationary 638.5699 377 371 0.03935188 -0.04372435
Stationary 638.5854 377 371 0.03935188 -0.04372435
Stationary 638.6001 377 371 0.03935188 -0.04372435
Stationary 638.616 377 371 0.03935188 -0.04372435
Ended 638.6322 377 371 0.03935188 -0.04372435
Began 638.6917 384 367 0.0555556 -0.05401234
NextCandidatePanel 638.6917
Stationary 638.7092 384 367 0.0555556 -0.05401234
Stationary 638.7233 384 367 0.0555556 -0.05401234
Stationary 638.7432 384 367 0.0555556 -0.05401234
Ended 638.755 384 367 0.0555556 -0.05401234
Cancel 638.8141
Began 639.3827 381 364 0.04861106 -0.06172839
Stationary 639.4029 381 364 0.04861106 -0.06172839
Stationary 639.4174 381 364 0.04861106 -0.06172839
Stationary 639.434 381 364 0.04861106 -0.06172839
Moved 639.4476 381 371.2161 0.04861106 -0.04316848
Moved 639.4644 373.6905 383.3095 0.0316909 -0.0120641
Moved 639.4803 371.5072 390.4641 0.02663702 0.006337538
Moved 639.4944 370.3178 396.4112 0.02388378 0.02163373
Moved 639.5105 368.993 404.0424 0.02081702 0.04126117
Moved 639.5264 369 409.7997 0.02083332 0.05606918
Moved 639.5413 368 414.5609 0.01851857 0.06831507
Moved 639.5573 366.6823 417.6355 0.0154682 0.07622295
Moved 639.5721 367 423.2927 0.01620372 0.09077339
Moved 639.5887 367 428.8145 0.01620372 0.1049755
Moved 639.6025 367 432.5 0.01620372 0.1144546
Moved 639.6181 367 438.8398 0.01620372 0.1307608
Moved 639.6344 367 443.6176 0.01620372 0.1430492
Moved 639.6488 367 448.2922 0.01620372 0.1550723
Moved 639.6644 367 451.1674 0.01620372 0.1624676
Moved 639.6816 367 454 0.01620372 0.169753
Moved 639.6956 367 455.9229 0.01620372 0.1746987
Moved 639.7108 367 457.4042 0.01620372 0.1785088
Moved 639.726 367 459.7163 0.01620372 0.1844554
Moved 639.7422 367 461.9299 0.01620372 0.1901488
Moved 639.7576 367 464.7299 0.01620372 0.1973505
Moved 639.7722 367 471.0039 0.01620372 0.2134873
Moved 639.788 367 480.6897 0.01620372 0.2383993
Moved 639.8032 367 488.3875 0.01620372 0.2581981
Moved 639.819 367 496.7688 0.01620372 0.2797551
Moved 639.8351 367 502.0119 0.01620372 0.2932404
Moved 639.8495 367 509.9295 0.01620372 0.3136046
Moved 639.8655 367 517.7355 0.01620372 0.3336817
Moved 639.8821 363.2559 523.3254 0.007536808 0.3480591
Moved 639.8964 360.9787 528.0638 0.002265573 0.3602462
Moved 639.9106 358.0798 532.3803 -0.004444967 0.3713484
Moved 639.9282 357.1012 534.8987 -0.006710142 0.377826
Moved 639.9421 355.9969 536.0032 -0.009266536 0.3806665
Moved 639.9579 354.5571 537.4429 -0.01259933 0.3843694
Moved 639.973 354 537.8796 -0.01388888 0.3854927
Moved 639.9876 352.6749 538 -0.01695633 0.3858024
Stationary 640.0035 352.6749 538 -0.01695633 0.3858024
Stationary 640.0261 353 538 -0.01620372 0.3858024
Stationary 640.036 353 538 -0.01620372 0.3858024
Stationary 640.0491 353 538 -0.01620372 0.3858024
Moved 640.0655 353 509.8743 -0.01620372 0.3134625
Moved 640.0813 364.8423 488.2448 0.01120905 0.2578312
Moved 640.0961 370.2333 470.2418 0.02368818 0.2115272
Moved 640.1119 374.4532 456.1559 0.03345659 0.175298
Moved 640.1276 376.9275 442.6523 0.0391841 0.1405665
Moved 640.1432 381.1096 428.3014 0.04886478 0.1036558
Moved 640.1596 381.5 418.5 0.04976849 0.07844638
Moved 640.1725 384.8545 407.5093 0.05753359 0.0501783
Moved 640.1889 387.7556 395.9778 0.06424893 0.02051895
Moved 640.2042 389.8185 390.726 0.06902426 0.007011312
Moved 640.2197 391.2577 386.2268 0.07235586 -0.004560761
Moved 640.2356 392 384.2986 0.07407407 -0.009520024
Moved 640.2504 393.1281 380.6158 0.07668535 -0.01899248
Moved 640.2652 393 379.5 0.07638891 -0.02186214
Moved 640.282 393 378.3386 0.07638891 -0.0248493
Moved 640.2973 393 377.5 0.07638891 -0.02700625
Moved 640.3118 393 377 0.07638891 -0.02829226
Stationary 640.3271 393 377 0.07638891 -0.02829226
Stationary 640.3428 393 377 0.07638891 -0.02829226
Stationary 640.3578 393 377 0.07638891 -0.02829226
Moved 640.3726 378.6229 387.4561 0.04310846 -0.001398879
Moved 640.39 372.8636 393.5844 0.02977699 0.01436308
Moved 640.4199 347.7196 419.6085 -0.02842685 0.08129743
Moved 640.4367 329.9044 441.6487 -0.06966561 0.1379854
Moved 640.4506 313.7547 460.6535 -0.1070492 0.1868659
Moved 640.4668 303.7595 473.1848 -0.1301863 0.2190965
Moved 640.4815 295.4607 482.5393 -0.1493966 0.2431565
Moved 640.4967 290.256 490.0416 -0.1614444 0.2624525
Moved 640.5125 284.424 498.864 -0.1749444 0.2851438
Moved 640.53 278.6651 506.4186 -0.1882752 0.3045744
Moved 640.545 274.5 512 -0.1979167 0.31893
Moved 640.566 262.4553 522.1585 -0.2257978 0.3450578
Stationary 640.5772 262.4553 522.1585 -0.2257978 0.3450578
Moved 640.5891 257.6518 525.6741 -0.2369171 0.3541
Moved 640.6056 255.1316 527.8684 -0.2427509 0.3597438
Moved 640.6209 250.9762 530.6826 -0.2523699 0.3669818
Moved 640.6356 246.6383 534.3617 -0.2624114 0.3764446
Moved 640.6516 242.2763 537.4825 -0.2725086 0.3844713
Moved 640.6669 238.6583 539.3417 -0.2808836 0.3892533
Moved 640.6823 235.7744 541.1128 -0.2875593 0.3938085
Moved 640.6974 234.4447 543.1107 -0.2906373 0.3989471
Moved 640.7132 233.2474 544 -0.2934089 0.4012345
Moved 640.7277 233 545.1093 -0.2939815 0.4040877
Moved 640.7432 231.5 546.5 -0.2974537 0.4076646
Moved 640.7583 230.5 547.5 -0.2997685 0.4102365
Moved 640.7747 229.7874 548.2126 -0.301418 0.4120693
Ended 640.79 229 549 -0.3032407 0.4140946
Candidates 640.9118 12 further the huge other higher he fighter hyde judge differ hee urge
Began 641.7598 384 364 0.0555556 -0.06172839
Stationary 641.7766 384 364 0.0555556 -0.06172839
Stationary 641.7907 384 364 0.0555556 -0.06172839
Stationary 641.8061 384 364 0.0555556 -0.06172839
Moved 641.8217 374.2246 364 0.03292739 -0.06172839
Moved 641.8377 364.9978 364 0.01156896 -0.06172839
Moved 641.8531 351.0395 364 -0.02074197 -0.06172839
Moved 641.8685 330.7658 364 -0.06767173 -0.06172839
Moved 641.8847 311.187 364 -0.1129932 -0.06172839
Moved 641.8991 243.8651 364 -0.2688308 -0.06172839
Moved 641.9149 182.6855 364 -0.4104502 -0.06172839
Moved 641.938 115.732 353.8847 -0.5654353 -0.08774517
Stationary 641.9474 115.732 353.8847 -0.5654353 -0.08774517
Ended 641.9592 108 353 -0.5833333 -0.09002065
Accept 642.0028 1 the
Began 643.5443 583 449 0.5162038 0.156893
Stationary 643.5638 583 449 0.5162038 0.156893
Stationary 643.5784 583 449 0.5162038 0.156893
Stationary 643.5928 583 449 0.5162038 0.156893
Stationary 643.608 583 449 0.5162038 0.156893
Stationary 643.6232 583 449 0.5162038 0.156893
Stationary 643.6383 583 449 0.5162038 0.156893
Stationary 643.6536 583 449 0.5162038 0.156893
Stationary 643.6705 583 449 0.5162038 0.156893
Stationary 643.6865 583 449 0.5162038 0.156893
Stationary 643.701 583 449 0.5162038 0.156893
Stationary 643.7163 583 449 0.5162038 0.156893
Moved 643.7334 570.1456 449 0.4864481 0.156893
Moved 643.7486 564.5204 449 0.473427 0.156893
Moved 643.7636 557.9346 449 0.4581819 0.156893
Moved 643.7806 549.4905 449 0.4386353 0.156893
Moved 643.7944 539.4449 449 0.4153817 0.156893
Moved 643.8112 527.3308 449 0.3873398 0.156893
Moved 643.8265 514.7568 449 0.3582333 0.156893
Moved 643.8415 504.7829 449 0.3351455 0.156893
Moved 643.8627 483 449 0.2847222 0.156893
Stationary 643.8735 483 449 0.2847222 0.156893
Moved 643.8871 474.057 449 0.2640207 0.156893
Moved 643.9022 461.1189 456.6852 0.2340716 0.1766595
Moved 643.9188 445.5012 458 0.1979195 0.180041
Moved 643.936 429.1732 459.9685 0.1601231 0.1851041
Moved 643.949 416.1934 461.423 0.1300773 0.188845
Moved 643.9652 397.4623 466.7341 0.08671831 0.2025054
Moved 643.981 376.5187 472.195 0.03823767 0.2165509
Moved 643.9947 359.4859 479.0678 -0.001190056 0.2342278
Moved 644.0106 338.3519 484.7747 -0.05011141 0.248906
Moved 644.0298 326.3907 487.6523 -0.0777994 0.2563075
Moved 644.0422 316.626 490.5354 -0.1004028 0.2637226
Moved 644.0568 311.3702 492.21 -0.112569 0.2680297
Moved 644.0726 305.0503 493.6499 -0.1271984 0.2717332
Moved 644.0911 300.7216 494 -0.1372185 0.2726337
Moved 644.1022 298.713 495.1435 -0.1418681 0.2755748
Moved 644.1187 295.7251 496.6375 -0.1487845 0.2794173
Moved 644.1356 293.9218 497 -0.1529589 0.2803498
Moved 644.1506 292.5 498.5 -0.15625 0.2842077
Moved 644.1657 292 499.9557 -0.1574074 0.2879519
Moved 644.1804 292 501.3985 -0.1574074 0.2916628
Moved 644.1952 292 502.8389 -0.1574074 0.2953676
Stationary 644.2118 292 503 -0.1574074 0.2957818
Moved 644.2266 292 504.3517 -0.1574074 0.2992584
Moved 644.2416 292 505.7928 -0.1574074 0.3029649
Moved 644.2635 292 507 -0.1574074 0.3060699
Stationary 644.2745 292 507 -0.1574074 0.3060699
Moved 644.2861 292 508.1163 -0.1574074 0.3089409
Stationary 644.3032 292 508.1163 -0.1574074 0.3089409
Moved 644.3181 292 509 -0.1574074 0.3112139
Moved 644.3344 292 511.2192 -0.1574074 0.3169219
Moved 644.3505 296.9748 514.1055 -0.1458918 0.3243454
Moved 644.3651 307.9496 517.9784 -0.1204871 0.3343065
Moved 644.3844 323.8829 522.3317 -0.08360431 0.3455034
Moved 644.3972 356.0994 524.8792 -0.009029111 0.3520553
Moved 644.4114 397.4298 526.3252 0.086643 0.3557746
Moved 644.4292 410.5 526 0.1168981 0.3549381
Moved 644.4423 423.0673 526 0.1459892 0.3549381
Moved 644.4574 436.5322 526 0.1771578 0.3549381
Moved 644.4739 449.0347 526 0.2060989 0.3549381
Moved 644.4901 461.3924 517.9171 0.2347046 0.3341487
Moved 644.5034 472.1893 515.2046 0.2596974 0.3271722
Moved 644.5195 481.23 511.9233 0.280625 0.3187328
Moved 644.5348 488.3859 509.0457 0.2971895 0.3113313
Moved 644.5488 491.8415 507.3862 0.3051886 0.3070631
Moved 644.5652 496.185 504.8767 0.315243 0.3006087
Moved 644.582 498.9829 503.5085 0.3217197 0.2970898
Moved 644.6008 499.9391 503.0609 0.3239332 0.2959383
Moved 644.6119 501.3813 501.6187 0.3272715 0.292229
Stationary 644.6265 501.3813 501.6187 0.3272715 0.292229
Moved 644.6417 501 501 0.3263889 0.2906378
Moved 644.6579 501 499.7255 0.3263889 0.2873598
Moved 644.6742 501 497.3826 0.3263889 0.2813337
Moved 644.6906 492.2756 494.5073 0.3061936 0.2739385
Moved 644.7051 487.2519 490.9389 0.2945646 0.2647605
Moved 644.7197 481.5442 487.7721 0.2813523 0.2566154
Moved 644.7354 474.5 483.5 0.2650462 0.2456274
Moved 644.75 464.0435 477.0291 0.2408415 0.2289841
Moved 644.7658 457.6929 470.6929 0.2261409 0.2126873
Moved 644.7843 444.8738 458.3896 0.1964673 0.1810431
Moved 644.7977 434.2697 447.3082 0.1719205 0.1525415
Moved 644.812 420.1174 431.7291 0.1391605 0.1124719
Moved 644.8284 387.3455 392.0146 0.06329983 0.01032566
Moved 644.8423 367.4638 365.1038 0.0172774 -0.05888958
Moved 644.858 358.9763 353.541 -0.002369632 -0.08862931
Moved 644.8739 352.6482 344.0372 -0.01701802 -0.1130732
Moved 644.8884 344.3585 334.0849 -0.03620719 -0.1386706
Moved 644.9048 337.4362 323.0106 -0.05223105 -0.1671537
Moved 644.9279 325.629 307.0363 -0.07956252 -0.2082402
Stationary 644.9393 325.629 307.0363 -0.07956252 -0.2082402
Moved 644.9507 320.8932 299.822 -0.09052495 -0.2267954
Moved 644.9661 316.577 294.1027 -0.1005161 -0.2415055
Moved 644.9823 313.5 291.5 -0.1076389 -0.2481996
Moved 644.9971 307.9529 284.9372 -0.1204795 -0.2650792
Moved 645.0121 303.6741 282.116 -0.1303841 -0.2723354
Moved 645.0278 299.3551 276.3551 -0.1403817 -0.2871526
Moved 645.0439 296.3517 274.6758 -0.1473341 -0.2914717
Moved 645.0592 292.4703 271.4703 -0.1563186 -0.2997162
Moved 645.0738 289.5927 269.7964 -0.1629798 -0.3040217
Moved 645.09 287 267 -0.1689815 -0.311214
Moved 645.1044 284.4304 266.2152 -0.1749298 -0.3132325
Moved 645.1201 281.5459 264.7729 -0.1816068 -0.3169421
Moved 645.1349 278.6602 263.3301 -0.1882865 -0.3206529
Moved 645.1506 276.8904 261.8904 -0.1923834 -0.3243561
Moved 645.1659 274 262 -0.199074 -0.3240741
Moved 645.1812 272.0072 261 -0.2036869 -0.3266461
Moved 645.1977 269.137 261 -0.210331 -0.3266461
Moved 645.2132 267.1946 259.5973 -0.2148273 -0.330254
Moved 645.2324 263.0811 260 -0.2243494 -0.3292181
Moved 645.2454 260.1608 260 -0.2311094 -0.3292181
Moved 645.2587 253.7055 266.8712 -0.2460521 -0.3115453
Moved 645.2749 246.4748 277.1353 -0.2627899 -0.2851458
Moved 645.2889 243.7738 286.1946 -0.2690422 -0.2618453
Moved 645.3043 239.4776 299.7412 -0.278987 -0.2270031
Moved 645.3198 237.6398 308.6208 -0.2832412 -0.2041645
Moved 645.3356 236.3131 327.5555 -0.2863121 -0.1554644
Moved 645.3517 236 341.2315 -0.287037 -0.1202894
Moved 645.368 235 358.3927 -0.2893518 -0.07615045
Moved 645.3842 233.9872 379.192 -0.2916963 -0.02265443
Moved 645.3975 234 426.4904 -0.2916667 0.09899786
Moved 645.4132 234 452.5028 -0.2916667 0.1659022
Moved 645.4292 234 463.0474 -0.2916667 0.1930231
Moved 645.4443 234 483.1831 -0.2916667 0.2448124
Moved 645.4598 234 492.2291 -0.2916667 0.2680788
Moved 645.476 243.303 502.303 -0.2701319 0.2939892
Moved 645.4894 244.5354 509.606 -0.2672792 0.3127726
Moved 645.5055 247.4198 519.4691 -0.2606024 0.3381406
Moved 645.5271 253.5919 536.7757 -0.246315 0.3826534
Stationary 645.5381 253.5919 536.7757 -0.246315 0.3826534
Moved 645.5507 256.335 543.8374 -0.2399653 0.4008163
Moved 645.5671 257.6071 549.4283 -0.2370207 0.4151961
Moved 645.5834 259.0469 554.1407 -0.2336877 0.4273166
Moved 645.5979 261.997 558.4955 -0.2268589 0.4385171
Moved 645.6125 262.9386 561.8772 -0.2246792 0.447215
Moved 645.629 265.7549 566.1323 -0.21816 0.4581592
Moved 645.6451 266.5 568 -0.2164352 0.4629629
Moved 645.6594 268.9556 570.9111 -0.210751 0.4704503
Moved 645.675 270.3945 572.3945 -0.2074201 0.4742657
Moved 645.6907 271.8361 573.8361 -0.2040831 0.4779735
Moved 645.7058 273.2748 575.2748 -0.2007528 0.4816737
Moved 645.7206 273.7193 576 -0.1997239 0.483539
Moved 645.7385 274 577.1613 -0.199074 0.486526
Stationary 645.7534 274 577.1613 -0.199074 0.486526
Stationary 645.7664 274 577.1613 -0.199074 0.486526
Ended 645.783 274 577 -0.199074 0.4861111
Candidates 645.9188 12 price prize private office prove officer pfizer prince probe grocery primary juice
Began 646.6901 367 377 0.01620372 -0.02829226
Stationary 646.7091 367 377 0.01620372 -0.02829226
Stationary 646.7225 367 377 0.01620372 -0.02829226
Moved 646.7383 367 387.023 0.01620372 -0.002512912
Moved 646.755 361.5264 396.4736 0.003533363 0.02179417
Moved 646.7699 356.3588 412.5648 -0.008428692 0.06318092
Moved 646.7844 350.015 454.2382 -0.02311334 0.1703656
Moved 646.8009 343.9639 505.7469 -0.03712068 0.3028471
Ended 646.8159 335.9296 580.9904 -0.05571852 0.4963743
Accept 646.8431 0 price
Began 647.5226 357 372 -0.006944438 -0.04115226
Stationary 647.5401 357 372 -0.006944438 -0.04115226
Stationary 647.5557 357 372 -0.006944438 -0.04115226
Stationary 647.5685 357 372 -0.006944438 -0.04115226
Stationary 647.5878 357 372 -0.006944438 -0.04115226
Stationary 647.6016 357 372 -0.006944438 -0.04115226
Stationary 647.624 357 372 -0.006944438 -0.04115226
Stationary 647.6347 357 372 -0.006944438 -0.04115226
Stationary 647.6478 357 372 -0.006944438 -0.04115226
Stationary 647.6625 357 372 -0.006944438 -0.04115226
Moved 647.6779 357 385.6136 -0.006944438 -0.006137816
Moved 647.6937 367.2303 391.038 0.01673689 0.007813654
Moved 647.7089 372.9713 396.9713 0.03002624 0.02307433
Moved 647.7245 380.1104 403.4254 0.04655192 0.03967422
Moved 647.7401 389.7997 412.7997 0.06898065 0.06378511
Moved 647.7559 398.2843 418.9633 0.08862108 0.07963789
Moved 647.7708 408.4963 426.2116 0.11226 0.09828085
Moved 647.7867 416.4053 433.4053 0.1305678 0.1167832
Moved 647.8014 425 440.5 0.150463 0.1350308
Moved 647.8175 429.8904 444.8904 0.1617834 0.1463231
Moved 647.8322 434.2469 449.2469 0.1718679 0.1575281
Moved 647.8472 438.5569 452.5569 0.1818447 0.1660413
Moved 647.8682 441.9768 454.9846 0.1897611 0.1722853
Moved 647.8813 444.8573 457.8573 0.1964289 0.179674
Moved 647.8945 447.8674 458.8674 0.2033969 0.1822721
Moved 647.9098 449.3062 460.3062 0.2067272 0.1859726
Moved 647.9254 450.7449 461.7449 0.2100577 0.1896731
Moved 647.9416 452.1836 462 0.213388 0.1903292
Moved 647.9559 452.6224 463 0.2144037 0.1929011
Moved 647.9712 453 463.7942 0.2152778 0.1949438
Stationary 647.986 453 464 0.2152778 0.1954732
Stationary 648.0016 453 464 0.2152778 0.1954732
Moved 648.0167 453 465.3734 0.2152778 0.1990056
Stationary 648.0325 453 465 0.2152778 0.1980452
Moved 648.0472 453 466.5 0.2152778 0.2019032
Stationary 648.0624 453 466.5 0.2152778 0.2019032
Moved 648.0787 453 467.249 0.2152778 0.2038295
Moved 648.0952 455.7504 469.6256 0.2216445 0.2099424
Moved 648.1168 466.9996 485.7495 0.2476842 0.2514131
Stationary 648.1273 466.9996 485.7495 0.2476842 0.2514131
Moved 648.1404 472.7303 494.0955 0.2609498 0.2728794
Moved 648.1572 476.8983 500.1638 0.2705978 0.288487
Moved 648.1716 480.1329 504.1329 0.2780854 0.2986956
Moved 648.1867 481.5 507 0.28125 0.3060699
Moved 648.2024 482.6299 508.6299 0.2838654 0.3102619
Moved 648.2173 483 510.0697 0.2847222 0.3139652
Moved 648.2365 483 511.5 0.2847222 0.317644
Moved 648.2487 483.9366 512 0.2868904 0.31893
Moved 648.2638 484 513.4066 0.287037 0.3225477
Moved 648.2808 484 514.5 0.287037 0.32536
Moved 648.2949 484 515.1394 0.287037 0.3270045
Stationary 648.3109 484 515.1394 0.287037 0.3270045
Moved 648.3246 484 516 0.287037 0.329218
Stationary 648.342 484 516 0.287037 0.329218
Moved 648.3607 484 517.3354 0.287037 0.3326527
Stationary 648.3723 484 517.3354 0.287037 0.3326527
Moved 648.3876 475.7062 517 0.2678383 0.33179
Moved 648.4026 475.9979 518.0021 0.2685138 0.3343675
Stationary 648.4183 475.9979 518.0021 0.2685138 0.3343675
Moved 648.4362 473.8488 518 0.2635388 0.3343621
Moved 648.4488 470.9804 518 0.2568991 0.3343621
Moved 648.4645 466.6167 518 0.2467979 0.3343621
Moved 648.4808 457.7306 518 0.2262281 0.3343621
Moved 648.4948 443.6921 502.0306 0.1937318 0.2932884
Moved 648.5103 419.9536 491.1964 0.1387814 0.2654228
Moved 648.5272 375.9835 461.716 0.03699879 0.1895987
Moved 648.5422 309.899 420.6824 -0.1159744 0.08405952
Moved 648.5568 301.8866 413.415 -0.1345218 0.0653677
Moved 648.572 287.9644 401.168 -0.1667491 0.03386823
Moved 648.5923 275.2006 391.845 -0.1962949 0.009889288
Moved 648.6047 264.4106 383.579 -0.2212716 -0.01137094
Moved 648.6196 254.5 376.5 -0.244213 -0.02957819
Moved 648.6345 252.1796 374.5898 -0.2495843 -0.03449138
Moved 648.6501 248.935 371.9349 -0.257095 -0.04131968
Moved 648.6647 247.5285 370.5286 -0.2603506 -0.0449369
Moved 648.681 246.0924 370 -0.263675 -0.04629637
Moved 648.6971 245.5 370 -0.2650463 -0.04629637
Stationary 648.7101 245.5 370 -0.2650463 -0.04629637
Moved 648.7255 245 368.7816 -0.2662037 -0.04943023
Stationary 648.7406 245 368.7816 -0.2662037 -0.04943023
Stationary 648.757 245 368.7816 -0.2662037 -0.04943023
Moved 648.7719 243.9516 369 -0.2686305 -0.04886839
Stationary 648.7872 243.9516 369 -0.2686305 -0.04886839
Stationary 648.8046 244 369 -0.2685185 -0.04886839
Ended 648.8252 244 369 -0.2685185 -0.04886839
Candidates 648.9738 12 his good god goods food gods this did foods hood dos kids
Began 649.8164 377 368 0.03935188 -0.05144041
Stationary 649.8392 377 368 0.03935188 -0.05144041
Stationary 649.8511 377 368 0.03935188 -0.05144041
Stationary 649.8671 377 368 0.03935188 -0.05144041
Ended 649.8829 377 368 0.03935188 -0.05144041
NextCandidatePanel 649.9426
Began 650.0027 379 364 0.04398147 -0.06172839
Stationary 650.0212 379 364 0.04398147 -0.06172839
Stationary 650.0375 379 364 0.04398147 -0.06172839
Stationary 650.0532 379 364 0.04398147 -0.06172839
Stationary 650.066 379 364 0.04398147 -0.06172839
Ended 650.0831 379 364 0.04398147 -0.06172839
NextCandidatePanel 650.1426
Began 650.5878 379 362 0.04398147 -0.06687243
Stationary 650.607 379 362 0.04398147 -0.06687243
Stationary 650.6223 379 362 0.04398147 -0.06687243
Stationary 650.6381 379 362 0.04398147 -0.06687243
Stationary 650.6534 379 362 0.04398147 -0.06687243
Ended 650.6677 379 362 0.04398147 -0.06687243
Began 650.7291 380 359 0.04629632 -0.07458848
NextCandidatePanel 650.7291
Stationary 650.7451 380 359 0.04629632 -0.07458848
Stationary 650.7606 380 359 0.04629632 -0.07458848
Stationary 650.777 380 359 0.04629632 -0.07458848
Ended 650.7935 380 359 0.04629632 -0.07458848
Cancel 650.8503
Began 651.5295 539 510 0.4143518 0.3137859
Stationary 651.5549 539 510 0.4143518 0.3137859
Stationary 651.566 539 510 0.4143518 0.3137859
Stationary 651.5766 539 510 0.4143518 0.3137859
Stationary 651.5912 539 510 0.4143518 0.3137859
Stationary 651.6079 539 510 0.4143518 0.3137859
Stationary 651.6237 539 510 0.4143518 0.3137859
Moved 651.6388 528.6576 510 0.3904111 0.3137859
Moved 651.6546 523.5903 510 0.3786813 0.3137859
Moved 651.6699 516.3793 510 0.3619893 0.3137859
Moved 651.6868 509.1508 510 0.3452564 0.3137859
Moved 651.7018 503.1902 501.5828 0.3314587 0.2921368
Moved 651.7158 496.3892 500.6946 0.3157157 0.2898522
Moved 651.7331 491.732 498.9106 0.3049352 0.2852639
Moved 651.7474 486 497.5 0.2916667 0.2816358
Moved 651.7665 482.4536 494.7268 0.2834573 0.274503
Moved 651.7794 476.6737 492.9185 0.270078 0.269852
Moved 651.7938 471 490 0.2569444 0.2623456
Moved 651.8097 467.1148 488.0765 0.247951 0.2573985
Moved 651.8245 462.8114 486.6038 0.2379894 0.2536106
Moved 651.8395 459.482 486 0.2302824 0.2520575
Moved 651.855 455.1453 483.4302 0.2202436 0.2454479
Moved 651.8712 450.9735 482.7433 0.2105868 0.2436814
Moved 651.8868 445.0334 479.4133 0.1968365 0.2351165
Moved 651.9023 439.0718 476.5359 0.1830365 0.2277156
Moved 651.9167 429.2911 470.3092 0.1603961 0.2117006
Moved 651.9321 420.3259 465.663 0.1396433 0.1997503
Moved 651.9484 410.2285 459.7828 0.1162697 0.1846264
Moved 651.9673 403.0078 456.0031 0.09955515 0.174905
Moved 651.9851 384.1599 442.8057 0.05592565 0.140961
Stationary 651.996 384.1599 442.8057 0.05592565 0.140961
Moved 652.0093 372.0403 435.0269 0.02787094 0.1209538
Moved 652.0256 359.1277 426.4185 -0.002019107 0.09881301
Moved 652.0407 343.1165 413.8684 -0.03908222 0.06653389
Moved 652.0557 328.8154 403.7708 -0.07218663 0.04056259
Moved 652.0715 317.9612 394.4709 -0.09731203 0.01664327
Moved 652.0867 309.8184 387.7015 -0.1161611 -0.0007677274
Moved 652.1021 297.4432 379.2955 -0.1448074 -0.02238827
Moved 652.1172 286.9055 369.6333 -0.1692002 -0.04723953
Moved 652.1339 278.0011 362.1676 -0.1898123 -0.06644143
Moved 652.1488 270.5606 355.5606 -0.2070356 -0.08343472
Moved 652.1695 264.8251 350.8688 -0.2203123 -0.09550227
Moved 652.1802 260.0575 346.0575 -0.2313484 -0.1078768
Moved 652.1945 255.8654 342.5769 -0.2410524 -0.116829
Moved 652.2092 251.7991 338.7991 -0.250465 -0.1265455
Moved 652.2266 247.5 336 -0.2604167 -0.1337449
Moved 652.2409 245.1151 333.1151 -0.2659373 -0.1411648
Moved 652.256 240.8358 330.2239 -0.2758431 -0.1486012
Moved 652.2712 238.3451 328.1725 -0.2816086 -0.1538773
Moved 652.288 235.4674 325.4674 -0.2882698 -0.1608348
Moved 652.3018 233 324.5 -0.2939815 -0.163323
Moved 652.3174 231.1844 322.1844 -0.2981842 -0.1692787
Moved 652.3326 229.7487 320.7487 -0.3015076 -0.1729715
Moved 652.3486 228.3044 320.3044 -0.3048509 -0.1741143
Moved 652.3677 226.8648 318.8648 -0.3081833 -0.1778168
Moved 652.3783 226 318.4232 -0.3101852 -0.1789527
Moved 652.3937 224.9816 318 -0.3125426 -0.1800412
Stationary 652.4094 224.9816 318 -0.3125426 -0.1800412
Stationary 652.425 224.9816 318 -0.3125426 -0.1800412
Stationary 652.44 224.9816 318 -0.3125426 -0.1800412
Stationary 652.455 225 318 -0.3125 -0.1800412
Ended 652.4704 225 318 -0.3125 -0.1800412
Candidates 652.7772 12 odds odd ps of psa pigs pa pass is oz pd off
Began 653.5613 378 361 0.04166663 -0.06944452
Stationary 653.5736 378 361 0.04166663 -0.06944452
Stationary 653.5833 378 361 0.04166663 -0.06944452
Stationary 653.5997 378 361 0.04166663 -0.06944452
Stationary 653.6107 378 361 0.04166663 -0.06944452
Moved 653.6267 378 346.8322 0.04166663 -0.1058843
Moved 653.6433 378 324.6086 0.04166663 -0.1630438
Moved 653.6592 378 303.8785 0.04166663 -0.2163618
Moved 653.6748 378 271.1648 0.04166663 -0.3005022
Moved 653.689 378 233.4459 0.04166663 -0.3975156
Moved 653.7043 378 182.8801 0.04166663 -0.5275717
Moved 653.7194 378 160.3069 0.04166663 -0.5856305
Ended 653.7365 378 139 0.04166663 -0.6404321
Accept 653.9971 3 of
Began 654.7814 328 430 -0.07407407 0.1080246
Stationary 654.8068 328 430 -0.07407407 0.1080246
Stationary 654.8182 328 430 -0.07407407 0.1080246
Stationary 654.8322 328 430 -0.07407407 0.1080246
Stationary 654.8474 328 430 -0.07407407 0.1080246
Stationary 654.8613 328 430 -0.07407407 0.1080246
Stationary 654.8746 328 430 -0.07407407 0.1080246
Stationary 654.8934 328 430 -0.07407407 0.1080246
Stationary 654.9055 328 430 -0.07407407 0.1080246
Stationary 654.9211 328 430 -0.07407407 0.1080246
Stationary 654.9363 328 430 -0.07407407 0.1080246
Stationary 654.952 328 430 -0.07407407 0.1080246
Stationary 654.9675 328 430 -0.07407407 0.1080246
Stationary 654.9877 328 430 -0.07407407 0.1080246
Stationary 654.9983 328 430 -0.07407407 0.1080246
Stationary 655.0139 328 430 -0.07407407 0.1080246
Stationary 655.0304 328 430 -0.07407407 0.1080246
Stationary 655.0445 328 430 -0.07407407 0.1080246
Moved 655.0605 338.2184 430 -0.05042031 0.1080246
Moved 655.0757 339.5 430 -0.04745369 0.1080246
Moved 655.0921 340.0492 430 -0.04618247 0.1080246
Moved 655.1072 341.5 440.5 -0.04282405 0.1350308
Stationary 655.1232 341.5 440.5 -0.04282405 0.1350308
Moved 655.1376 342.0252 437 -0.04160831 0.1260288
Moved 655.1542 342 438 -0.04166668 0.1286007
Moved 655.1726 342.9642 438 -0.03943473 0.1286007
Moved 655.1852 343.5 438 -0.03819446 0.1286007
Moved 655.1988 343 438 -0.03935183 0.1286007
Stationary 655.2139 343 438 -0.03935183 0.1286007
Stationary 655.2299 343 438 -0.03935183 0.1286007
Stationary 655.2454 343 438 -0.03935183 0.1286007
Stationary 655.2618 343 438 -0.03935183 0.1286007
Moved 655.2767 344.0936 438 -0.03682047 0.1286007
Moved 655.2919 345.0633 438 -0.03457566 0.1286007
Stationary 655.3075 345.0633 438 -0.03457566 0.1286007
Moved 655.3216 347.0127 438 -0.03006329 0.1286007
Moved 655.3383 348.0932 429.2543 -0.02756203 0.1061066
Moved 655.3588 349.5613 427.8774 -0.02416372 0.1025653
Moved 655.3698 350 424.9975 -0.02314816 0.09515809
Moved 655.3854 350 422.1143 -0.02314816 0.08774258
Moved 655.3999 350 418.3477 -0.02314816 0.07805474
Moved 655.4156 350 416.6768 -0.02314816 0.07375702
Moved 655.4303 350 411.7056 -0.02314816 0.06097103
Moved 655.4457 350 409.2176 -0.02314816 0.05457195
Moved 655.4612 350 405.1355 -0.02314816 0.0440727
Moved 655.4764 343.3871 399.7957 -0.03845578 0.03033873
Moved 655.4923 338.6498 394.2997 -0.04942169 0.01620289
Moved 655.508 335.7689 391.7689 -0.05609056 0.009693687
Moved 655.5276 333.9506 388.9012 -0.06029949 0.002317978
Moved 655.5397 331 386 -0.06712963 -0.005144111
Moved 655.5542 330.2791 384.5583 -0.06879826 -0.008852177
Moved 655.5698 328.9246 382.9246 -0.07193377 -0.01305403
Moved 655.5865 327.5 380 -0.07523149 -0.02057613
Moved 655.6005 325.0443 375.1331 -0.08091588 -0.03309407
Moved 655.616 323.6016 368.008 -0.08425558 -0.05141984
Moved 655.6314 322.1612 365.3223 -0.08758992 -0.05832735
Moved 655.6468 320.7223 361.167 -0.09092057 -0.06901501
Moved 655.6614 319.5 357.5 -0.09375001 -0.07844657
Moved 655.6774 315.5275 353.5275 -0.1029455 -0.08866376
Moved 655.6986 311.2099 349.2099 -0.11294 -0.09976885
Moved 655.7102 306.1836 346.5918 -0.1245751 -0.1065027
Moved 655.7234 299.2489 344.8498 -0.1406275 -0.1109831
Moved 655.7385 290.8829 344.4119 -0.1599934 -0.1121095
Moved 655.7557 280.7911 344 -0.1833539 -0.1131688
Moved 655.7705 266.2728 344 -0.2169611 -0.1131688
Moved 655.7855 258.4553 344 -0.2350573 -0.1131688
Moved 655.801 235.1554 352.8834 -0.2889921 -0.09032049
Moved 655.8166 220.7015 357.2896 -0.3224503 -0.07898786
Moved 655.8318 206.4408 361.5677 -0.3554612 -0.06798418
Moved 655.8473 194.613 364.5967 -0.3828404 -0.06019356
Moved 655.8688 178.0965 370.1807 -0.421073 -0.04583147
Stationary 655.8797 178.0965 370.1807 -0.421073 -0.04583147
Moved 655.8931 171.6495 372.4501 -0.4359965 -0.03999451
Moved 655.9094 164.276 375.4896 -0.4530649 -0.03217697
Moved 655.9231 157.0679 377.1864 -0.4697501 -0.02781283
Moved 655.9389 152.1244 379.6252 -0.4811936 -0.02154024
Moved 655.9545 148.8722 381.0639 -0.4887218 -0.01783975
Moved 655.9711 145.4973 383.5027 -0.496534 -0.01156717
Moved 655.9872 143.1278 384.9361 -0.5020189 -0.007880489
Moved 656.0014 141.9822 386.0178 -0.5046709 -0.005098233
Moved 656.0159 140.5372 387.4628 -0.5080156 -0.001381846
Moved 656.04 140 390.3365 -0.5092592 0.006009561
Stationary 656.0505 140 390.3365 -0.5092592 0.006009561
Moved 656.0615 140 392.5523 -0.5092592 0.01170853
Moved 656.0776 140 396.6039 -0.5092592 0.02212928
Moved 656.0923 144.5286 401.5878 -0.4987763 0.03494788
Moved 656.1083 150.3606 405.5204 -0.4852764 0.0450628
Moved 656.1244 159.6245 413.3925 -0.4638321 0.0653097
Moved 656.14 170.366 418.683 -0.4389675 0.07891721
Moved 656.1552 185.2751 423.3478 -0.4044558 0.09091498
Moved 656.1699 204.3333 426.6667 -0.3603395 0.09945127
Moved 656.1857 221.951 428.9955 -0.3195579 0.1054412
Moved 656.2065 239.2609 429 -0.2794886 0.1054526
Moved 656.2173 248.5887 429 -0.2578964 0.1054526
Moved 656.232 255.9204 429 -0.2409251 0.1054526
Moved 656.2476 261.6915 429 -0.2275661 0.1054526
Moved 656.2627 264.7282 429 -0.2205366 0.1054526
Moved 656.279 267.5844 429 -0.213925 0.1054526
Moved 656.2939 268.7355 429 -0.2112603 0.1054526
Moved 656.3087 270.1751 429 -0.2079281 0.1054526
Moved 656.3241 271.5 429 -0.2048611 0.1054526
Moved 656.3391 271.6898 429 -0.2044217 0.1054526
Ended 656.3551 272.5 429 -0.2025463 0.1054526
Candidates 656.5543 12 had has gas that fas jar ga faa hat fda bad gag
Began 657.4323 380 351 0.04629632 -0.09516476
Stationary 657.4505 380 351 0.04629632 -0.09516476
Stationary 657.4648 380 351 0.04629632 -0.09516476
Stationary 657.4817 380 351 0.04629632 -0.09516476
Stationary 657.4953 380 351 0.04629632 -0.09516476
Moved 657.5107 405.1746 351 0.1045708 -0.09516476
Moved 657.5269 434.477 351 0.1724005 -0.09516476
Moved 657.5433 466.6149 351 0.2467938 -0.09516476
Moved 657.5577 503.1931 341.0138 0.3314655 -0.1208493
Moved 657.5779 554.119 336.7119 0.4493495 -0.131914
Moved 657.5894 579.0536 334.7964 0.5070685 -0.1368405
Moved 657.6046 596.0022 330.0903 0.5463014 -0.1489447
Moved 657.6187 610.7839 327.9216 0.5805182 -0.1545226
Ended 657.6355 628 325 0.6203704 -0.1620371
Accept 657.6613 2 gas
Began 658.5123 387 383 0.06250004 -0.01286016
Stationary 658.532 387 383 0.06250004 -0.01286016
Stationary 658.5452 387 383 0.06250004 -0.01286016
Stationary 658.5616 387 383 0.06250004 -0.01286016
Stationary 658.5816 387 383 0.06250004 -0.01286016
Stationary 658.5914 387 383 0.06250004 -0.01286016
Stationary 658.6041 387 383 0.06250004 -0.01286016
Stationary 658.6202 387 383 0.06250004 -0.01286016
Stationary 658.6359 387 383 0.06250004 -0.01286016
Stationary 658.6502 387 383 0.06250004 -0.01286016
Stationary 658.666 387 383 0.06250004 -0.01286016
Stationary 658.6843 387 383 0.06250004 -0.01286016
Moved 658.6971 387 392.8574 0.06250004 0.01249337
Moved 658.7123 397.1878 398.7347 0.08608282 0.02760989
Moved 658.7354 410.336 417.504 0.1165185 0.0758848
Stationary 658.7452 410.336 417.504 0.1165185 0.0758848
Moved 658.7589 421.1447 436.717 0.1415386 0.1253009
Moved 658.7758 430.769 451.6369 0.163817 0.163675
Moved 658.7924 441.0118 466.219 0.1875274 0.2011805
Moved 658.8065 450.7074 482.7379 0.2099708 0.2436674
Moved 658.8213 459.7094 495.2793 0.2308089 0.2759241
Moved 658.837 465.6388 505.822 0.2445342 0.3030401
Moved 658.8526 470.3698 513.8972 0.2554857 0.3238096
Moved 658.8669 477.1205 523.5687 0.2711123 0.3486849
Moved 658.8903 485.3199 539.7466 0.2900924 0.3902946
Stationary 658.9002 485.3199 539.7466 0.2900924 0.3902946
Moved 658.913 486.5469 542.6408 0.2929327 0.3977386
Moved 658.9283 487 545.9796 0.2939814 0.4063261
Moved 658.9435 487 547.427 0.2939814 0.4100488
Moved 658.9597 487 548.5 0.2939814 0.4128085
Moved 658.9756 487 549.9814 0.2939814 0.4166187
Moved 658.9918 487 551.4258 0.2939814 0.4203337
Moved 659.0065 487 552 0.2939814 0.4218106
Moved 659.0218 476.5516 552 0.2697954 0.4218106
Moved 659.0446 465.0822 552 0.2432459 0.4218106
Stationary 659.0552 465.0822 552 0.2432459 0.4218106
Moved 659.0671 458.5 552 0.2280092 0.4218106
Moved 659.0835 450.2921 546.2921 0.2090093 0.4071296
Moved 659.0981 439.9346 539.3912 0.1850339 0.3893807
Moved 659.1139 428.2359 534.0224 0.1579534 0.3755719
Moved 659.1292 415.7343 526.8524 0.1290144 0.3571304
Moved 659.1451 398.3422 513.7689 0.088755 0.3234795
Moved 659.1614 369.1457 489.7881 0.02117068 0.2618006
Moved 659.1757 327.9944 457.0645 -0.07408708 0.177635
Moved 659.1976 273.9759 405.9759 -0.1991299 0.04623417
Stationary 659.2096 273.9759 405.9759 -0.1991299 0.04623417
Moved 659.2217 259.1726 391.1726 -0.2333967 0.00815992
Moved 659.2379 246.9018 378.9018 -0.2618015 -0.02340081
Moved 659.2532 233.7257 365.7257 -0.2923016 -0.05728992
Moved 659.2686 226.5279 357.5279 -0.3089632 -0.07837484
Moved 659.2838 218.2636 350.3864 -0.3280935 -0.096743
Moved 659.2992 211.9989 345.1658 -0.3425951 -0.1101704
Moved 659.3141 206.3284 339.3284 -0.3557213 -0.1251842
Moved 659.3306 201.6705 335.7803 -0.3665034 -0.1343099
Moved 659.3491 199 333 -0.3726852 -0.141461
Moved 659.3615 197.0102 331.0102 -0.3772912 -0.1465788
Moved 659.3765 194.1427 329.5714 -0.3839288 -0.1502795
Moved 659.391 192.1302 328.1302 -0.3885875 -0.1539862
Moved 659.4068 191.0428 327.0428 -0.3911046 -0.156783
Moved 659.4226 189.616 325.616 -0.3944075 -0.1604528
Moved 659.4379 189 325.1793 -0.3958333 -0.161576
Moved 659.453 187.7395 325 -0.3987511 -0.1620371
Moved 659.4678 186.297 324.297 -0.4020902 -0.1638452
Moved 659.4841 185.5 323.5 -0.4039352 -0.1658951
Moved 659.5026 184.7084 324 -0.4057677 -0.164609
Stationary 659.5144 184.7084 324 -0.4057677 -0.164609
Stationary 659.5292 185 324 -0.4050926 -0.164609
Ended 659.5445 185 324 -0.4050926 -0.164609
Candidates 659.7023 12 his hits gotta hours guys goods gus gods goes kids kiss joss
Began 660.3433 378 337 0.04166663 -0.1311728
Stationary 660.3618 378 337 0.04166663 -0.1311728
Stationary 660.3779 378 337 0.04166663 -0.1311728
Stationary 660.3942 378 337 0.04166663 -0.1311728
Stationary 660.4172 378 337 0.04166663 -0.1311728
Stationary 660.4279 378 337 0.04166663 -0.1311728
Stationary 660.4388 378 337 0.04166663 -0.1311728
Ended 660.4548 378 337 0.04166663 -0.1311728
NextCandidatePanel 660.514
Began 660.6057 393 336 0.07638891 -0.1337449
Stationary 660.6249 393 336 0.07638891 -0.1337449
Stationary 660.6409 393 336 0.07638891 -0.1337449
Ended 660.6557 393 336 0.07638891 -0.1337449
Cancel 660.683
Began 660.7452 383 339 0.05324075 -0.1260288
Stationary 660.7632 383 339 0.05324075 -0.1260288
Stationary 660.7787 383 339 0.05324075 -0.1260288
Stationary 660.7947 383 339 0.05324075 -0.1260288
Stationary 660.8079 383 339 0.05324075 -0.1260288
Ended 660.8242 383 339 0.05324075 -0.1260288
Candidates 660.885 11 h g b j f n v m k c d
Began 661.6846 378 348 0.04166663 -0.1028807
Stationary 661.7087 378 348 0.04166663 -0.1028807
Stationary 661.7183 378 348 0.04166663 -0.1028807
Ended 661.7347 378 348 0.04166663 -0.1028807
NextCandidatePanel 661.7936
Began 662.1478 380 341 0.04629632 -0.1208849
Stationary 662.1646 380 341 0.04629632 -0.1208849
Stationary 662.1794 380 341 0.04629632 -0.1208849
Stationary 662.1965 380 341 0.04629632 -0.1208849
Ended 662.2119 380 341 0.04629632 -0.1208849
NextCandidatePanel 662.2716
Began 662.5331 390 362 0.06944448 -0.06687243
Stationary 662.5511 390 362 0.06944448 -0.06687243
Stationary 662.5663 390 362 0.06944448 -0.06687243
Stationary 662.582 390 362 0.06944448 -0.06687243
Ended 662.5974 390 362 0.06944448 -0.06687243
NextCandidatePanel 662.6404
Began 663.0161 376 335 0.03703703 -0.1363169
Stationary 663.028 376 335 0.03703703 -0.1363169
Stationary 663.0479 376 335 0.03703703 -0.1363169
Stationary 663.0591 376 335 0.03703703 -0.1363169
Ended 663.0752 376 335 0.03703703 -0.1363169
NextCandidatePanel 663.1189
Began 663.149 386 362 0.06018519 -0.06687243
Stationary 663.1667 386 362 0.06018519 -0.06687243
Stationary 663.1835 386 362 0.06018519 -0.06687243
Stationary 663.1977 386 362 0.06018519 -0.06687243
Ended 663.2138 386 362 0.06018519 -0.06687243
Cancel 663.2424
Began 663.888 436 408 0.1759259 0.05144025
Stationary 663.9111 436 408 0.1759259 0.05144025
Stationary 663.9222 436 408 0.1759259 0.05144025
Stationary 663.9372 436 408 0.1759259 0.05144025
Stationary 663.9531 436 408 0.1759259 0.05144025
Moved 663.9688 436 419.5681 0.1759259 0.08119348
Moved 663.9836 441.8217 420.4554 0.189402 0.08347585
Moved 664 444.8959 422.7917 0.1965182 0.08948486
Moved 664.022 449.4725 430.2087 0.2071122 0.1085615
Stationary 664.0333 449.4725 430.2087 0.2071122 0.1085615
Moved 664.0461 452.3567 434.5351 0.2137887 0.119689
Moved 664.0626 455.2509 439.8764 0.2204883 0.1334269
Moved 664.076 458.1331 444.1996 0.2271599 0.1445463
Moved 664.0924 459.5 448.5 0.2303241 0.1556069
Moved 664.108 461.7088 451.4176 0.2354371 0.1631111
Moved 664.1234 463.0497 455.149 0.2385409 0.1727082
Moved 664.1396 464 457.4897 0.2407408 0.1787287
Moved 664.1569 464.9274 459.8547 0.2428874 0.1848115
Moved 664.1693 465 461.3658 0.2430555 0.1886981
Moved 664.1854 465 462.8074 0.2430555 0.1924059
Moved 664.2003 465 465.4926 0.2430555 0.199312
Moved 664.2155 465 466.5 0.2430555 0.2019032
Moved 664.2318 465 468.511 0.2430555 0.2070755
Moved 664.2466 465 470.1916 0.2430555 0.211398
Moved 664.2607 465 472.2632 0.2430555 0.2167264
Moved 664.2773 465 475.1327 0.2430555 0.2241066
Moved 664.2989 456.0446 477.9553 0.2223255 0.2313665
Stationary 664.3098 456.0446 477.9553 0.2223255 0.2313665
Moved 664.3239 454.6213 480.7574 0.2190308 0.2385736
Moved 664.3396 452.244 482.756 0.2135277 0.243714
Moved 664.355 451.0587 485.8825 0.2107842 0.2517553
Moved 664.3689 449.6199 491.5205 0.2074534 0.2662563
Moved 664.3863 449 492.6434 0.2060185 0.2691446
Moved 664.4 449 496.7922 0.2060185 0.2798153
Moved 664.4163 448.2951 498.7049 0.2043867 0.2847348
Moved 664.438 448 503.3478 0.2037037 0.2966765
Stationary 664.4482 448 503.3478 0.2037037 0.2966765
Moved 664.4615 447 504.6755 0.2013889 0.3000913
Moved 664.4773 447 506.1152 0.2013889 0.3037941
Stationary 664.4932 447 506.1152 0.2013889 0.3037941
Moved 664.5076 446 508.0012 0.199074 0.308645
Moved 664.5239 444.5601 508 0.1957408 0.3086419
Moved 664.5391 444.1185 509 0.1947186 0.3112139
Moved 664.5541 444 510.0163 0.1944444 0.3138278
Moved 664.5779 441.0985 510 0.187728 0.3137859
Moved 664.5911 439.6521 510 0.1843798 0.3137859
Stationary 664.6016 439.6521 510 0.1843798 0.3137859
Moved 664.6169 436.4225 510 0.176904 0.3137859
Moved 664.6312 433.5614 510 0.1702811 0.3137859
Moved 664.6465 427.6653 510 0.1566326 0.3137859
Moved 664.6636 421.0415 503.3887 0.1412999 0.2967815
Moved 664.6793 409.1427 495.9681 0.1137562 0.2776957
Moved 664.6933 395.4636 488.0781 0.08209159 0.2574025
Moved 664.715 352.5 463 -0.0173611 0.1929011
Stationary 664.7271 352.5 463 -0.0173611 0.1929011
Moved 664.7401 323.4164 440.3029 -0.08468414 0.1345237
Moved 664.7555 296.0187 418.699 -0.1481048 0.07895838
Moved 664.7692 283 410 -0.1782407 0.05658428
Moved 664.7874 267.8723 394.7996 -0.2132586 0.01748866
Moved 664.8016 256.01 385.7575 -0.2407176 -0.005767728
Moved 664.8175 247.1072 377.9227 -0.261326 -0.02591914
Moved 664.834 239.7441 371.9952 -0.2783702 -0.04116451
Moved 664.8509 234.209 367.9067 -0.2911829 -0.05168035
Moved 664.8616 228.4496 363.5872 -0.3045147 -0.06279016
Moved 664.8783 226 361 -0.3101852 -0.06944452
Moved 664.8941 224.3132 359.6265 -0.3140897 -0.07297719
Moved 664.9091 222.8763 359 -0.317416 -0.07458848
Moved 664.9238 221.4343 357.4343 -0.3207539 -0.07861549
Moved 664.9398 219.9959 357 -0.3240835 -0.07973259
Moved 664.9564 219 356 -0.3263889 -0.0823046
Moved 664.9764 216.6806 355 -0.3317578 -0.08487654
Stationary 664.9873 216.6806 355 -0.3317578 -0.08487654
Moved 665.0009 217 353.7056 -0.3310185 -0.08820576
Moved 665.017 216 353.1526 -0.3333333 -0.08962796
Moved 665.0333 214.7248 353 -0.3362852 -0.09002065
Moved 665.0474 213.278 351.278 -0.3396343 -0.09444962
Moved 665.0632 210.6718 351 -0.3456672 -0.09516476
Moved 665.0787 209.3948 350 -0.3486232 -0.09773669
Moved 665.0978 207.9561 350 -0.3519535 -0.09773669
Moved 665.1095 208 348.8587 -0.3518518 -0.1006721
Moved 665.1237 207 349 -0.3541667 -0.1003086
Stationary 665.1411 207 349 -0.3541667 -0.1003086
Stationary 665.1555 207 349 -0.3541667 -0.1003086
Ended 665.1703 207 349 -0.3541667 -0.1003086
Candidates 665.3068 12 his is kids kiss lisa hits joss oa gus odds us kurds
Began 665.9423 359 313 -0.002314796 -0.1929013
Stationary 665.9644 359 313 -0.002314796 -0.1929013
Stationary 665.9745 359 313 -0.002314796 -0.1929013
Stationary 665.9877 359 313 -0.002314796 -0.1929013
Moved 666.0042 336.5771 313 -0.05421971 -0.1929013
Moved 666.02 316.2691 313 -0.1012289 -0.1929013
Moved 666.0346 254.3632 313 -0.2445296 -0.1929013
Moved 666.0499 186.9303 304.9881 -0.4006244 -0.213508
Moved 666.0656 142.9038 303.9245 -0.5025375 -0.2162436
Moved 666.0862 89.42087 297.0701 -0.6263406 -0.2338732
Stationary 666.0966 89.42087 297.0701 -0.6263406 -0.2338732
Ended 666.1113 89 297 -0.6273149 -0.2340535
Accept 666.1552 1 is
Began 666.5395 375 331 0.03472219 -0.146605
Stationary 666.5589 375 331 0.03472219 -0.146605
Stationary 666.5735 375 331 0.03472219 -0.146605
Stationary 666.5892 375 331 0.03472219 -0.146605
Stationary 666.6081 375 331 0.03472219 -0.146605
Stationary 666.6187 375 331 0.03472219 -0.146605
Stationary 666.6341 375 331 0.03472219 -0.146605
Stationary 666.6495 375 331 0.03472219 -0.146605
Stationary 666.6656 375 331 0.03472219 -0.146605
Stationary 666.681 375 331 0.03472219 -0.146605
Moved 666.6965 381.6732 331 0.05016953 -0.146605
Moved 666.7133 388.7237 339.2664 0.06649007 -0.1253436
Moved 666.7336 395.4973 341.2487 0.08216967 -0.1202453
Moved 666.7452 403.44 344.1467 0.1005555 -0.1127916
Moved 666.7585 412 347 0.1203704 -0.1054527
Moved 666.7738 420.3878 348.6268 0.1397866 -0.1012685
Moved 666.7902 430.425 350.0607 0.1630207 -0.09758043
Moved 666.8053 442 350 0.1898148 -0.09773669
Moved 666.8195 449.7081 350 0.2076576 -0.09773669
Moved 666.8364 456.9217 350 0.2243557 -0.09773669
Moved 666.8553 461.4987 351 0.2349508 -0.09516476
Moved 666.8672 464.5442 351 0.2420005 -0.09516476
Moved 666.8816 466.5125 351 0.2465567 -0.09516476
Moved 666.8973 467.7974 351 0.2495311 -0.09516476
Moved 666.9132 469.2274 352.2274 0.2528412 -0.09200775
Stationary 666.9302 469.2274 352.2274 0.2528412 -0.09200775
Moved 666.9437 470 352 0.2546296 -0.09259266
Stationary 666.9598 470 352 0.2546296 -0.09259266
Stationary 666.9781 470 352 0.2546296 -0.09259266
Moved 666.9895 470 353.1086 0.2546296 -0.0897413
Stationary 667.0059 470 353.1086 0.2546296 -0.0897413
Moved 667.0202 470 354.0043 0.2546296 -0.08743757
Moved 667.0361 466.379 355.4526 0.2462476 -0.08371235
Moved 667.0518 460.2027 356.8986 0.2319508 -0.07999334
Moved 667.0673 457.3172 357 0.2252714 -0.07973259
Moved 667.0842 453.4302 359.7849 0.2162736 -0.07256967
Moved 667.1013 450.2467 360.9178 0.2089045 -0.06965598
Moved 667.1143 444.6684 363.6658 0.1959916 -0.06258788
Moved 667.1296 440.688 365.5413 0.1867779 -0.05776417
Moved 667.1451 437.5743 367.2128 0.1795701 -0.05346502
Moved 667.1603 435.3563 369.6437 0.1744359 -0.04721284
Moved 667.1759 433.9185 372.163 0.1711076 -0.0407332
Moved 667.1909 432.5 379.5 0.167824 -0.02186214
Moved 667.2066 433 385.5542 0.1689814 -0.006290679
Moved 667.2275 433 400.914 0.1689814 0.03321498
Stationary 667.239 433 400.914 0.1689814 0.03321498
Moved 667.2528 442.849 408.6225 0.1917801 0.05304136
Moved 667.2665 447.0551 419.8137 0.2015166 0.08182533
Moved 667.2827 453.2012 433.0031 0.2157436 0.1157487
Moved 667.2982 457.735 442.4699 0.2262384 0.1400974
Moved 667.313 460 447 0.2314815 0.1517489
Moved 667.3286 462.5984 453.9959 0.2374962 0.1697424
Moved 667.3504 469.0127 466.3546 0.2523443 0.2015291
Stationary 667.3621 469.0127 466.3546 0.2523443 0.2015291
Moved 667.3749 473.3301 475.7702 0.2623381 0.2257463
Moved 667.3898 474.5529 481.2116 0.2651687 0.2397418
Moved 667.4055 475.9929 484.9858 0.2685021 0.2494489
Moved 667.4211 477.4358 489.3073 0.2718421 0.2605639
Moved 667.4377 477 490.7684 0.2708333 0.264322
Moved 667.4525 477.959 494.918 0.2730532 0.2749947
Moved 667.4731 479.3975 499.1923 0.276383 0.2859884
Moved 667.4847 479.8549 501.7098 0.2774419 0.2924634
Moved 667.4991 480 504.5972 0.2777778 0.2998897
Moved 667.5144 480 506.4741 0.2777778 0.3047173
Moved 667.53 480 509.3563 0.2777778 0.3121302
Moved 667.5457 480 510.2446 0.2777778 0.3144149
Moved 667.5611 480 511.7564 0.2777778 0.3183034
Moved 667.5758 471.7284 513.1816 0.2586305 0.3219692
Moved 667.595 462.6297 513 0.2375687 0.321502
Moved 667.607 453.6153 513 0.216702 0.321502
Moved 667.6227 439 502.5 0.1828703 0.2944958
Moved 667.6378 427.4242 499.1885 0.1560746 0.2859787
Moved 667.6538 418.6494 494.8247 0.1357625 0.2747549
Moved 667.6672 401.9828 485.4899 0.09718239 0.2507456
Moved 667.686 384.7005 472.5838 0.05717715 0.2175509
Moved 667.6998 356.5497 452.7848 -0.007986724 0.1666275
Moved 667.7202 312.3203 414.3204 -0.1103696 0.06769636
Stationary 667.7327 312.3203 414.3204 -0.1103696 0.06769636
Moved 667.744 300.0642 403.7693 -0.1387403 0.04055886
Moved 667.7601 293.8002 397.8002 -0.1532404 0.02520616
Moved 667.7761 285.6119 390.8433 -0.1721947 0.007312915
Moved 667.7916 281.9986 385.9986 -0.1805588 -0.005147643
Moved 667.807 277.689 381.689 -0.1905348 -0.01623216
Moved 667.8234 273.9114 377.3671 -0.1992791 -0.02734792
Moved 667.8446 268.1456 369.7184 -0.2126259 -0.04702054
Stationary 667.8544 268.1456 369.7184 -0.2126259 -0.04702054
Moved 667.8668 267.3438 369.3438 -0.214482 -0.04798418
Moved 667.8851 267 368.0129 -0.2152778 -0.0514072
Moved 667.9 265.57 368 -0.218588 -0.05144041
Moved 667.9147 266 366.5 -0.2175926 -0.05529835
Moved 667.9314 266 365.8471 -0.2175926 -0.05697768
Moved 667.9446 266 365.2542 -0.2175926 -0.05850261
Moved 667.9646 266 364.5 -0.2175926 -0.06044246
Moved 667.9757 266 363.6906 -0.2175926 -0.06252422
Stationary 667.9913 266 363.6906 -0.2175926 -0.06252422
Moved 668.0066 266 363 -0.2175926 -0.06430049
Moved 668.0222 278.3786 362 -0.1889384 -0.06687243
Moved 668.0392 285.2089 360.9583 -0.1731277 -0.0695519
Moved 668.055 295.2727 361 -0.1498317 -0.06944452
Moved 668.0723 308.3184 361 -0.1196333 -0.06944452
Moved 668.0848 325.3598 361 -0.08018564 -0.06944452
Moved 668.1005 337.6082 361 -0.05183289 -0.06944452
Moved 668.1155 350.4988 369.9443 -0.02199342 -0.04643954
Moved 668.1311 360.6823 372.7664 0.001579324 -0.03918125
Moved 668.1466 370.7537 375.6439 0.02489279 -0.03178012
Moved 668.1625 380.8503 378.5287 0.04826466 -0.02436045
Moved 668.1828 395.7094 382.1419 0.08266071 -0.01506719
Stationary 668.1949 395.7094 382.1419 0.08266071 -0.01506719
Moved 668.2069 400.8988 384.3595 0.09467313 -0.009363472
Moved 668.2233 408.402 386.3608 0.1120417 -0.004216183
Moved 668.2388 414.4728 388.1182 0.1260945 0.0003039592
Moved 668.2548 419.6843 389.5614 0.1381581 0.004015871
Moved 668.2691 424.0042 391.0014 0.1481579 0.007719621
Moved 668.2899 430.775 393 0.1638309 0.01285996
Stationary 668.3016 430.775 393 0.1638309 0.01285996
Moved 668.3143 432.9436 393.9718 0.168851 0.01535945
Moved 668.3306 434.4043 395.4043 0.1722322 0.01904385
Moved 668.3474 436.6837 395 0.1775085 0.01800408
Moved 668.3627 438.2991 395 0.1812479 0.01800408
Moved 668.3774 440.4518 396 0.186231 0.02057605
Ended 668.3979 444.5317 396 0.1956753 0.02057605
Candidates 668.4833 12 bush bitch coal fish much high coach mutual initial biotech vital disk
Began 669.9014 381 356 0.04861106 -0.0823046
Stationary 669.9186 381 356 0.04861106 -0.0823046
Stationary 669.9339 381 356 0.04861106 -0.0823046
Stationary 669.9487 381 356 0.04861106 -0.0823046
Stationary 669.9641 381 356 0.04861106 -0.0823046
Stationary 669.9855 381 356 0.04861106 -0.0823046
Stationary 669.9957 381 356 0.04861106 -0.0823046
Stationary 670.0099 381 356 0.04861106 -0.0823046
Stationary 670.0245 381 356 0.04861106 -0.0823046
Moved 670.0411 405.4873 356 0.1052948 -0.0823046
Moved 670.057 437.4216 356 0.1792165 -0.0823046
Moved 670.073 487.7153 356 0.2956372 -0.0823046
Ended 670.0931 524.0986 356 0.3798579 -0.0823046
Accept 670.1158 2 coal
PhraseEnd 674.801
