with each step forward
with each step forward
FixStart
0.6 0.6
432 326.4
Began 223.5985 349 251 -0.02546296 -0.358456
Stationary 223.6257 349 251 -0.02546296 -0.358456
Stationary 223.6436 349 251 -0.02546296 -0.358456
Stationary 223.6619 349 251 -0.02546296 -0.358456
Stationary 223.6785 349 251 -0.02546296 -0.358456
Stationary 223.6953 349 251 -0.02546296 -0.358456
Moved 223.7104 333.7754 262.7554 -0.0607052 -0.3224405
Moved 223.7273 323.1511 266.5827 -0.08529842 -0.3107147
Moved 223.746 294.0607 288.6453 -0.1526372 -0.243121
Moved 223.7698 283.048 297.464 -0.1781296 -0.216103
Moved 223.7872 271.621 306.0342 -0.2045809 -0.1898461
Moved 223.805 260.1095 315.8904 -0.2312279 -0.1596494
Moved 223.8218 248.6086 325.2935 -0.2578504 -0.130841
Moved 223.8383 241.2884 331.6099 -0.2747954 -0.1114892
Moved 223.8552 221.6995 350.3005 -0.3201401 -0.0542263
Moved 223.8716 215.6045 355.9164 -0.334249 -0.03702071
Moved 223.8876 209.3317 360.7512 -0.3487693 -0.02220818
Moved 223.9129 202.2812 365.0313 -0.3650899 -0.009095155
Moved 223.9294 196.6549 370.5634 -0.3781137 0.007853695
Moved 223.9454 189.4124 374.7643 -0.3948787 0.02072409
Moved 223.9617 183.5523 380.4477 -0.4084437 0.03813632
Moved 223.9787 174.2841 386.4773 -0.429898 0.05660936
Moved 223.996 169.9807 389.6731 -0.4398596 0.06640037
Moved 224.0119 166.7777 392.2223 -0.4472737 0.07421049
Moved 224.0282 164.4508 394.5492 -0.4526601 0.08133945
Moved 224.0463 163.2612 395 -0.4554139 0.08272064
Moved 224.0626 161.911 396.0891 -0.4585394 0.08605724
Moved 224.0867 161 397.9647 -0.4606481 0.09180364
Moved 224.103 161 398.6986 -0.4606481 0.09405216
Moved 224.1187 161 399.8303 -0.4606481 0.09751919
Moved 224.1344 161 400.5 -0.4606481 0.09957113
Moved 224.1502 161 401.3583 -0.4606481 0.1022008
Moved 224.1664 168.8078 402.7808 -0.4425746 0.1065587
Moved 224.1828 178.2728 405.4243 -0.4206648 0.1146577
Moved 224.1993 188.2233 407.6529 -0.3976313 0.1214856
Moved 224.2149 198.6926 409.0989 -0.3733968 0.1259159
Moved 224.2314 209.7715 410 -0.347751 0.1286765
Moved 224.2552 244.9439 410 -0.2663336 0.1286765
Stationary 224.2706 244.9439 410 -0.2663336 0.1286765
Moved 224.2865 307.9698 394.2061 -0.1204402 0.08028816
Moved 224.3035 321.4129 391.2416 -0.08932202 0.07120581
Moved 224.3209 337.1541 385.7383 -0.05288408 0.05434537
Moved 224.3385 350.2519 381.2494 -0.02256508 0.0405925
Moved 224.3559 359.7524 378.6422 -0.000573049 0.03260472
Moved 224.3729 369.9116 376.8698 0.02294342 0.02717439
Moved 224.3891 377.0898 375.8443 0.0395598 0.02403288
Moved 224.407 385.2849 373.343 0.05852978 0.01636954
Moved 224.4329 399 369.5 0.09027779 0.004595588
Moved 224.4501 404.9204 368.0266 0.1039825 8.134282E-05
Moved 224.4671 409.2481 368 0.1140001 0
Moved 224.483 412.6875 367 0.1219618 -0.003063632
Moved 224.4998 414.9799 366.01 0.1272684 -0.00609669
Moved 224.5171 419.8501 365.1499 0.138542 -0.008731823
Moved 224.535 422.61 365 0.1449305 -0.009191177
Moved 224.5518 424.4779 364 0.1492543 -0.01225481
Moved 224.5687 426.1747 364 0.1531822 -0.01225481
Moved 224.5857 428.6153 363 0.1588317 -0.01531863
Moved 224.6113 430.1505 363 0.1623854 -0.01531863
Stationary 224.6275 430 363 0.162037 -0.01531863
Moved 224.644 430 361.9937 0.162037 -0.0184018
Stationary 224.6606 430 362 0.162037 -0.01838226
Stationary 224.6798 430 362 0.162037 -0.01838226
Stationary 224.6949 430 362 0.162037 -0.01838226
Stationary 224.7106 430 362 0.162037 -0.01838226
Stationary 224.7271 430 362 0.162037 -0.01838226
Stationary 224.7428 430 362 0.162037 -0.01838226
Stationary 224.7581 430 362 0.162037 -0.01838226
Moved 224.7816 409.4431 362 0.1144516 -0.01838226
Moved 224.7977 399.8414 369.1586 0.09222556 0.003549539
Moved 224.8133 385.3618 369 0.0587078 0.003063726
Moved 224.8298 372.2711 370.5819 0.02840539 0.007910261
Moved 224.8457 353.7601 371 -0.01444419 0.009191177
Moved 224.8621 338.688 371 -0.04933327 0.009191177
Moved 224.878 327.5767 371 -0.07505387 0.009191177
Moved 224.8938 317.5071 371 -0.09836327 0.009191177
Moved 224.9097 312.609 371 -0.1097015 0.009191177
Moved 224.9257 308.3121 362.3948 -0.119648 -0.01717268
Moved 224.9492 303.4907 363.2454 -0.1308085 -0.01456691
Moved 224.9651 301.8178 363 -0.134681 -0.01531863
Moved 224.9902 300.5 363 -0.1377315 -0.01531863
Moved 225.0058 299.967 363 -0.1389654 -0.01531863
Moved 225.0217 300 362 -0.1388889 -0.01838226
Stationary 225.0374 300 362 -0.1388889 -0.01838226
Moved 225.052 298.9638 362 -0.1412876 -0.01838226
Moved 225.0679 299 360.5 -0.1412037 -0.02297794
Stationary 225.0843 299 360.5 -0.1412037 -0.02297794
Moved 225.1004 299 359.8676 -0.1412037 -0.0249154
Moved 225.1261 299 357.7261 -0.1412037 -0.03147658
Moved 225.1429 299 356.2877 -0.1412037 -0.03588321
Moved 225.1603 306.7332 353.4222 -0.1233027 -0.04466216
Moved 225.1779 312.9998 348.0002 -0.1087968 -0.06127367
Moved 225.1952 328.9153 330.9539 -0.07195527 -0.113499
Moved 225.2127 340.5563 316.3046 -0.04500856 -0.1583804
Moved 225.2303 353.0646 301.9282 -0.01605406 -0.2024259
Moved 225.2475 364.5383 287.5771 0.01050532 -0.2463935
Moved 225.2645 371.5 278.5 0.02662033 -0.2742034
Moved 225.2811 380.6414 264.5123 0.04778107 -0.317058
Moved 225.3063 392.4852 244.8579 0.07519732 -0.3772736
Moved 225.3245 396.7754 237.7076 0.08512825 -0.3991801
Moved 225.3428 400.78 232.525 0.09439816 -0.4150582
Ended 225.359 404.2959 227.5562 0.1025368 -0.4302814
Candidates 225.4302 5 with worth work ruth queen
Began 225.986 303 256 -0.1319445 -0.3431373
Moved 226.0159 303 273.5787 -0.1319445 -0.289281
Moved 226.033 303 292.6245 -0.1319445 -0.2309298
Moved 226.0536 290.3034 325.4468 -0.1613347 -0.1303712
Moved 226.0704 285.7603 352.9587 -0.1718511 -0.04608248
Moved 226.0862 275.9184 387.1369 -0.1946333 0.05863031
Ended 226.1261 263 411.5 -0.2245371 0.1332721
Accept 226.1677 with
Began 226.559 337 277 -0.05324075 -0.278799
Stationary 226.582 337 277 -0.05324075 -0.278799
Stationary 226.5982 337 277 -0.05324075 -0.278799
Stationary 226.6134 337 277 -0.05324075 -0.278799
Stationary 226.6304 337 277 -0.05324075 -0.278799
Moved 226.647 328.6316 282.3254 -0.07261211 -0.2624835
Moved 226.6637 320.0107 289.9893 -0.09256771 -0.2390036
Moved 226.6812 313.4621 295.2816 -0.1077266 -0.2227894
Moved 226.698 299.6038 304.8544 -0.139806 -0.1934607
Moved 226.7149 287.1163 313.2558 -0.1687122 -0.1677211
Moved 226.7338 271.1053 327.8947 -0.2057746 -0.1228717
Moved 226.7506 263.5755 335.4245 -0.2232048 -0.09980231
Moved 226.768 249.1975 348.8025 -0.2564872 -0.0588159
Moved 226.7847 245.8739 352.126 -0.2641807 -0.04863337
Moved 226.802 240 358 -0.2777777 -0.03063726
Moved 226.8199 238.0698 360.8604 -0.2822458 -0.02187383
Moved 226.836 235.1629 363.837 -0.2889746 -0.01275409
Moved 226.8529 232.2678 366.7322 -0.2956765 -0.003883979
Moved 226.869 230.7012 369.5976 -0.2993028 0.004894594
Moved 226.8848 227.5313 372.4687 -0.3066405 0.01369084
Moved 226.9085 221.2752 375.2416 -0.3211222 0.0221863
Moved 226.9239 216.9675 377.6775 -0.3310938 0.02964917
Moved 226.939 213.7738 378 -0.3384865 0.03063726
Moved 226.9541 211 379.5 -0.3449074 0.03523294
Moved 226.9694 208.018 379.982 -0.3518102 0.03670954
Moved 226.9852 205.1614 381.4193 -0.3584226 0.04111299
Moved 227.0004 201.5 381 -0.3668981 0.03982843
Moved 227.0158 199.0736 382.9632 -0.3725147 0.04584313
Moved 227.0317 194.7726 384.4091 -0.3824709 0.05027299
Moved 227.047 194.1568 384.8432 -0.3838963 0.05160299
Moved 227.0786 192.292 385 -0.388213 0.05208334
Moved 227.0935 191.5 385 -0.3900463 0.05208334
Stationary 227.1088 191.5 385 -0.3900463 0.05208334
Stationary 227.1237 191.5 385 -0.3900463 0.05208334
Moved 227.1393 192 385 -0.3888888 0.05208334
Moved 227.1555 190.9038 385 -0.3914264 0.05208334
Moved 227.172 188.0465 378.1627 -0.3980405 0.03113578
Moved 227.1889 178.0673 363.8104 -0.4211405 -0.01283562
Moved 227.2063 168.9819 354.1221 -0.4421715 -0.04251798
Moved 227.2238 158.8407 339.9153 -0.4656464 -0.08604359
Moved 227.249 144.6891 320.1025 -0.4984049 -0.1467447
Moved 227.2674 138.7593 312.4492 -0.5121312 -0.1701925
Moved 227.2844 135.5255 306.7881 -0.519617 -0.1875363
Moved 227.3006 132.6488 302.4732 -0.5262759 -0.2007561
Moved 227.317 130.3871 299.7743 -0.5315113 -0.2090248
Moved 227.333 127.891 295.8364 -0.5372894 -0.2210895
Moved 227.3494 126.8776 293.7551 -0.5396352 -0.227466
Moved 227.3657 125.3983 292.3983 -0.5430593 -0.2316228
Moved 227.3806 123.9548 289.9095 -0.546401 -0.2392476
Moved 227.3957 122.5241 288.5241 -0.5497127 -0.2434923
Moved 227.4178 119.6509 284.6509 -0.5563638 -0.2553588
Moved 227.4333 118.2109 282.4217 -0.5596971 -0.2621885
Moved 227.4485 117.5 281 -0.5613425 -0.2665441
Moved 227.4642 116.8726 279.7452 -0.5627949 -0.2703885
Moved 227.4796 116 278.2643 -0.5648147 -0.2749254
Moved 227.4959 114.819 278 -0.5675486 -0.2757353
Moved 227.5113 115 276.5 -0.5671296 -0.2803308
Moved 227.5273 115 275.9698 -0.5671296 -0.2819553
Stationary 227.5433 115 275.9698 -0.5671296 -0.2819553
Moved 227.5579 115 274.626 -0.5671296 -0.2860721
Moved 227.587 115 272.5067 -0.5671296 -0.2925654
Moved 227.6033 128.5768 271.0706 -0.5357018 -0.2969651
Moved 227.6194 138.5758 266.8961 -0.5125559 -0.3097547
Moved 227.6349 151.0506 263.5848 -0.4836791 -0.3198994
Moved 227.6507 162.9414 259.272 -0.4561542 -0.3331129
Moved 227.666 177.5 251 -0.4224537 -0.358456
Moved 227.6816 186.7864 244.4757 -0.4009575 -0.3784445
Moved 227.6976 197.4602 238.1655 -0.3762494 -0.3977772
Moved 227.7134 205.4977 232.1448 -0.3576442 -0.4162231
Moved 227.7294 213.3557 226.7866 -0.3394545 -0.432639
Moved 227.7536 231.679 210.321 -0.2970394 -0.4830851
Moved 227.7698 241.8079 197.3899 -0.2735928 -0.5227025
Moved 227.7865 246.1279 193.3402 -0.263593 -0.5351096
Moved 227.8023 249.9495 187.101 -0.2547465 -0.554225
Moved 227.8187 254.241 181.3453 -0.2448126 -0.5718587
Moved 227.8343 257.6933 177.46 -0.236821 -0.5837624
Moved 227.8518 260.5418 173.1873 -0.2302273 -0.5968527
Moved 227.8676 264.4239 168.8641 -0.221241 -0.6100976
Moved 227.8846 267.3029 163.394 -0.2145765 -0.6268564
Moved 227.9011 270.5836 160.4164 -0.2069823 -0.6359792
Moved 227.927 274.1371 152.8629 -0.1987568 -0.6591209
Moved 227.9428 275 150.4231 -0.1967592 -0.6665959
Moved 227.959 275 148.9794 -0.1967592 -0.6710191
Moved 227.9747 276.4609 147.5392 -0.1933776 -0.6754314
Moved 227.9918 276 146.1157 -0.1944444 -0.6797926
Moved 228.011 276 145.0364 -0.1944444 -0.6830993
Moved 228.0305 277 142.5 -0.1921296 -0.6908701
Stationary 228.0462 277 142.5 -0.1921296 -0.6908701
Moved 228.0679 277.7046 142 -0.1904986 -0.692402
Moved 228.0856 279.1398 142 -0.1871765 -0.692402
Moved 228.1122 291.3542 151.1787 -0.1589022 -0.664281
Moved 228.129 306.5388 169.7953 -0.1237528 -0.6072449
Moved 228.1449 319.2657 187.5442 -0.09429227 -0.5528671
Moved 228.1618 332.0004 209.0007 -0.06481389 -0.4871301
Moved 228.178 344.946 229.1382 -0.03484731 -0.4254345
Moved 228.1943 358.8335 251.0558 -0.002700239 -0.3582849
Moved 228.2109 369.2147 268.7966 0.02133032 -0.3039319
Moved 228.2282 376 281.5 0.03703703 -0.2650123
Moved 228.2443 380.3588 289.7177 0.04712691 -0.2398357
Moved 228.2616 387.4135 305.5339 0.0634573 -0.1913791
Moved 228.2856 389.1446 311.5782 0.06746431 -0.1728607
Moved 228.3082 392 321.0605 0.07407407 -0.1438098
Moved 228.3256 392 323.9306 0.07407407 -0.1350165
Moved 228.3415 393 325.2119 0.07638891 -0.1310911
Moved 228.3574 393 327.035 0.07638891 -0.1255055
Moved 228.3731 393 328.4732 0.07638891 -0.1210992
Moved 228.389 393 328.9143 0.07638891 -0.1197478
Moved 228.4043 393 330.3527 0.07638891 -0.1153409
Moved 228.4195 393 331.5 0.07638891 -0.111826
Moved 228.4349 393 332.1129 0.07638891 -0.1099484
Stationary 228.4581 393 332.1129 0.07638891 -0.1099484
Moved 228.4766 393 333.3193 0.07638891 -0.1062521
Moved 228.4982 393 334.2157 0.07638891 -0.1035058
Ended 228.5153 393 334.2157 0.07638891 -0.1035058
Candidates 228.6189 5 each reach heavy want teach
Began 229.0678 371 173 0.025463 -0.5974264
Moved 229.0954 371 188.365 0.025463 -0.5503524
Moved 229.1137 371 208.1473 0.025463 -0.4897446
Moved 229.1315 371 229.5 0.025463 -0.4243259
Moved 229.1488 371 269.2538 0.025463 -0.3025311
Moved 229.1661 371 302.112 0.025463 -0.2018627
Moved 229.1841 357.5 328 -0.005787015 -0.122549
Ended 229.2009 349 350 -0.02546296 -0.05514706
Accept 229.2602 each
Began 229.7395 328 222 -0.07407407 -0.4473039
Stationary 229.7663 328 222 -0.07407407 -0.4473039
Stationary 229.7901 328 222 -0.07407407 -0.4473039
Stationary 229.8093 328 222 -0.07407407 -0.4473039
Stationary 229.8271 328 222 -0.07407407 -0.4473039
Stationary 229.8434 328 222 -0.07407407 -0.4473039
Moved 229.8584 318.3074 230.6156 -0.09651054 -0.420908
Moved 229.8739 307.0456 234.7013 -0.1225796 -0.4083907
Moved 229.89 290.5503 238.8624 -0.1607632 -0.3956421
Moved 229.9147 253.7392 240 -0.2459741 -0.3921569
Moved 229.9314 240.1581 240 -0.2774117 -0.3921569
Moved 229.9499 228.7539 240 -0.3038104 -0.3921569
Moved 229.966 221.4102 240 -0.3208096 -0.3921569
Moved 229.9823 214.8252 240 -0.3360527 -0.3921569
Moved 229.9982 210.07 240 -0.3470602 -0.3921569
Moved 230.0136 205.7911 240 -0.356965 -0.3921569
Moved 230.0293 202.342 233 -0.3649491 -0.413603
Moved 230.0447 198.2471 231.749 -0.3744281 -0.4174355
Moved 230.0602 196.6406 232 -0.3781467 -0.4166667
Moved 230.0835 191.2961 232 -0.3905183 -0.4166667
Moved 230.099 190.2132 232 -0.393025 -0.4166667
Moved 230.1146 188.7709 232 -0.3963636 -0.4166667
Moved 230.1301 187.3367 231 -0.3996836 -0.4197304
Moved 230.1456 186.5 231 -0.4016204 -0.4197304
Moved 230.1618 185.7291 231 -0.4034049 -0.4197304
Moved 230.1773 184.5 231 -0.40625 -0.4197304
Moved 230.1927 183.9579 231 -0.4075047 -0.4197304
Stationary 230.2081 183.9579 231 -0.4075047 -0.4197304
Stationary 230.2245 183.9579 231 -0.4075047 -0.4197304
Moved 230.2497 192.5232 240.557 -0.3876777 -0.3904503
Moved 230.2666 200.4554 246.1643 -0.3693161 -0.373271
Moved 230.2874 214 257 -0.3379629 -0.3400736
Moved 230.3043 230.3443 273.3443 -0.3001289 -0.289999
Moved 230.3214 245.4268 287.1841 -0.2652158 -0.2475978
Moved 230.3381 260.368 303.039 -0.2306296 -0.1990226
Moved 230.3552 271.889 314.889 -0.2039605 -0.1627174
Moved 230.3724 280.7583 324.7583 -0.1834299 -0.1324807
Moved 230.3888 286.9698 331.9623 -0.1690514 -0.1104096
Moved 230.4058 295.6041 341.6041 -0.1490646 -0.08086972
Moved 230.4324 298.9449 343.9725 -0.1413312 -0.07361366
Moved 230.4493 300.4143 346.8286 -0.1379299 -0.06486332
Moved 230.4677 304.2887 350.2887 -0.1289614 -0.05426257
Moved 230.4847 305 350.7286 -0.1273148 -0.0529149
Moved 230.5012 306.162 351 -0.124625 -0.05208343
Moved 230.5174 306 352.1841 -0.125 -0.04845573
Moved 230.5336 307.5 352 -0.1215278 -0.04901961
Moved 230.5502 307 353.0637 -0.1226852 -0.04576066
Moved 230.5666 308.5 353 -0.119213 -0.04595589
Moved 230.5827 308 354.0015 -0.1203704 -0.04288739
Moved 230.6084 309.5 354 -0.1168982 -0.04289207
Moved 230.6254 309 354 -0.1180555 -0.04289207
Stationary 230.6453 309 354 -0.1180555 -0.04289207
Stationary 230.661 309 354 -0.1180555 -0.04289207
Stationary 230.6774 309 354 -0.1180555 -0.04289207
Stationary 230.6933 309 354 -0.1180555 -0.04289207
Moved 230.7092 300.1414 354 -0.1385617 -0.04289207
Moved 230.7256 291.8477 354 -0.1577598 -0.04289207
Moved 230.743 273.5145 343.4429 -0.200198 -0.07523612
Moved 230.7602 266.2846 339.7615 -0.2169338 -0.08651482
Moved 230.7854 258.7349 336.8939 -0.23441 -0.0953004
Moved 230.8027 251.5709 335.5142 -0.2509933 -0.0995277
Moved 230.8191 242.2633 333.1053 -0.2725385 -0.1069075
Moved 230.8364 227.5 329.5 -0.306713 -0.1179533
Moved 230.8536 223.4171 328.1043 -0.316164 -0.1222294
Moved 230.8717 217.6911 326.6728 -0.3294189 -0.1266152
Moved 230.8895 215.4825 326.2413 -0.3345312 -0.1279373
Moved 230.9071 212.6067 324.8033 -0.3411882 -0.1323426
Moved 230.9252 210.3655 324.3655 -0.3463761 -0.1336842
Moved 230.9424 208.9297 324 -0.3496999 -0.1348038
Moved 230.9671 207.7337 324 -0.3524683 -0.1348038
Stationary 230.9874 207.7337 324 -0.3524683 -0.1348038
Stationary 231.0033 208 324 -0.3518518 -0.1348038
Stationary 231.0199 208 324 -0.3518518 -0.1348038
Moved 231.0361 241.143 319.1905 -0.2751319 -0.1495389
Moved 231.0528 258.8899 316.5184 -0.2340511 -0.1577256
Moved 231.0705 279.5671 312.0385 -0.1861872 -0.1714506
Moved 231.0907 320.6722 306.6949 -0.0910366 -0.1878219
Moved 231.1095 349.9935 304.8004 -0.02316311 -0.1936264
Moved 231.1275 373.5905 303 0.03145943 -0.1991422
Moved 231.1537 416.5 303 0.130787 -0.1991422
Moved 231.1715 433.332 303 0.1697501 -0.1991422
Moved 231.1888 443.5291 303 0.1933543 -0.1991422
Moved 231.2086 474.5399 312.908 0.2651387 -0.1687867
Moved 231.226 484.7999 313 0.2888886 -0.1685049
Moved 231.244 494.7035 314 0.3118138 -0.1654411
Moved 231.2618 502.3809 315.2762 0.3295855 -0.1615313
Moved 231.2821 512.5768 315 0.3531871 -0.1623775
Moved 231.2989 517.9796 315 0.3656934 -0.1623775
Moved 231.3183 521.0953 315 0.3729057 -0.1623775
Ended 231.3469 524.287 315 0.3802941 -0.1623775
Candidates 231.3933 5 step steep strip deep drop
Began 231.9658 344 184 -0.03703703 -0.5637254
Moved 231.9911 344 224.765 -0.03703703 -0.4388327
Moved 232.0094 344 261.9194 -0.03703703 -0.325002
Moved 232.0261 344 300.145 -0.03703703 -0.2078892
Moved 232.043 327.4184 329.9541 -0.07542044 -0.1165622
Moved 232.0604 313.1157 354.6033 -0.1085286 -0.04104371
Ended 232.0781 291.5 388.5 -0.1585648 0.06280632
Accept 232.1076 step
Began 232.537 408 216 0.1111111 -0.4656863
Stationary 232.5622 408 216 0.1111111 -0.4656863
Stationary 232.5794 408 216 0.1111111 -0.4656863
Moved 232.596 395.5775 216 0.08235525 -0.4656863
Moved 232.6127 383.3676 227.9615 0.05409151 -0.4290394
Moved 232.6339 367.112 230.5306 0.016463 -0.4211684
Moved 232.6499 350.5115 233.4148 -0.02196411 -0.4123321
Moved 232.6673 340.6115 236.7166 -0.04488071 -0.4022165
Moved 232.685 313.6493 240.193 -0.1072932 -0.3915656
Moved 232.7018 308.102 240 -0.1201343 -0.3921569
Moved 232.7182 302.7496 240 -0.1325241 -0.3921569
Moved 232.735 298.5 240 -0.1423611 -0.3921569
Moved 232.7521 295.1629 240 -0.1500858 -0.3921569
Moved 232.7695 293.961 240 -0.1528681 -0.3921569
Moved 232.7923 292.5179 240 -0.1562085 -0.3921569
Moved 232.8091 291.5 240 -0.1585648 -0.3921569
Moved 232.8258 291 240 -0.1597222 -0.3921569
Stationary 232.8422 291 240 -0.1597222 -0.3921569
Stationary 232.8581 291 240 -0.1597222 -0.3921569
Moved 232.8732 291 240.8508 -0.1597222 -0.3895502
Stationary 232.8902 291 241 -0.1597222 -0.3890932
Moved 232.9067 298.5107 244.3656 -0.1423364 -0.3787818
Moved 232.9279 308.7827 249.5219 -0.1185586 -0.3629844
Moved 232.9451 320.5896 255.9127 -0.09122769 -0.3434047
Moved 232.9727 348.3343 279.9008 -0.02700403 -0.2699116
Moved 232.99 362.1697 294.1697 0.005022486 -0.2261957
Moved 233.0073 382.5558 313.5819 0.05221238 -0.166722
Moved 233.0248 410.6228 344.6228 0.1171824 -0.07162132
Moved 233.0431 422.2629 354.98 0.1441271 -0.03988958
Moved 233.0623 432.0347 364.3155 0.1667471 -0.01128823
Moved 233.0791 440.9583 371.7985 0.1874034 0.01163763
Moved 233.0957 446 377 0.199074 0.02757353
Moved 233.1123 453.3747 382.6998 0.2161452 0.04503615
Moved 233.1298 458.3246 386.2164 0.2276032 0.05580996
Moved 233.1595 467.912 391.9707 0.2497963 0.07343975
Moved 233.1773 473.6615 394.8307 0.2631053 0.08220205
Moved 233.1943 480.7741 397.2581 0.2795697 0.08963875
Moved 233.2113 485.2138 397 0.2898467 0.08884814
Moved 233.2318 488.5069 397.8356 0.2974697 0.09140819
Moved 233.2495 492.8173 398 0.3074474 0.09191177
Moved 233.2673 495.4186 398 0.3134691 0.09191177
Moved 233.2849 499.4384 398 0.3227741 0.09191177
Moved 233.3027 504.0454 398 0.3334385 0.09191177
Moved 233.32 505.0651 398 0.3357989 0.09191177
Stationary 233.3452 505.0651 398 0.3357989 0.09191177
Moved 233.3623 506 398 0.337963 0.09191177
Stationary 233.3803 506 398 0.337963 0.09191177
Stationary 233.3971 506 398 0.337963 0.09191177
Stationary 233.4128 506 398 0.337963 0.09191177
Stationary 233.4285 506 398 0.337963 0.09191177
Moved 233.4443 496.7069 398 0.3164512 0.09191177
Moved 233.4604 491.1642 398 0.3036209 0.09191177
Moved 233.4781 482.7411 398 0.2841229 0.09191177
Moved 233.4953 468.8283 393.4748 0.2519173 0.07804782
Moved 233.5246 446 391 0.199074 0.07046569
Moved 233.5413 438.0328 391 0.1806315 0.07046569
Moved 233.5573 425.2581 389.9258 0.1510604 0.06717481
Moved 233.5743 414.3812 388.4868 0.1258824 0.06276599
Moved 233.5902 401.4456 387.0495 0.09593894 0.05836244
Moved 233.6072 391.3037 385.6148 0.07246226 0.05396698
Moved 233.6255 362.3028 381.7303 0.005330443 0.04206583
Moved 233.6431 348.5 379 -0.02662038 0.03370108
Moved 233.6594 339.9565 377.4348 -0.0463971 0.02890559
Moved 233.6762 329.457 374.5591 -0.07070144 0.02009542
Moved 233.7028 309.4005 368.9144 -0.1171285 0.002801372
Moved 233.7195 295 363 -0.150463 -0.01531863
Moved 233.7351 288.1894 360.0947 -0.1662283 -0.02421959
Moved 233.7509 282.4062 358.6016 -0.1796153 -0.02879414
Moved 233.7672 281.2291 356.2291 -0.1823401 -0.03606291
Moved 233.7873 276.1497 354.0999 -0.1940978 -0.04258624
Moved 233.8033 273.2228 352.6114 -0.2008732 -0.04714648
Moved 233.8204 272.1758 352 -0.2032968 -0.04901961
Moved 233.8369 269.4685 350.7343 -0.2095636 -0.05289751
Moved 233.8531 269 349.3011 -0.2106481 -0.05728834
Moved 233.8779 267.864 347.864 -0.2132778 -0.06169114
Moved 233.8941 268 347.3465 -0.212963 -0.06327667
Moved 233.9101 268 346.5 -0.212963 -0.06587
Moved 233.9264 268 345.7385 -0.212963 -0.06820305
Stationary 233.9426 268 345.7385 -0.212963 -0.06820305
Moved 233.9581 268 344.8658 -0.212963 -0.0708767
Moved 233.9743 268 343.1605 -0.212963 -0.07610144
Moved 233.9903 268 342.0095 -0.212963 -0.07962779
Moved 234.0069 268 340.5736 -0.212963 -0.08402685
Moved 234.0285 279.6105 334.3895 -0.1860868 -0.1029735
Moved 234.0532 283.2309 331.5127 -0.1777062 -0.1117871
Moved 234.0701 286.3657 329.8171 -0.1704498 -0.1169818
Moved 234.0873 291.5927 324.4072 -0.1583501 -0.1335563
Moved 234.104 295.4718 321.6855 -0.1493708 -0.1418949
Moved 234.1203 296.5978 320.4022 -0.1467643 -0.1458267
Moved 234.1379 299.0446 318.9777 -0.1411003 -0.150191
Moved 234.1539 300.4582 317.5418 -0.1378282 -0.1545901
Moved 234.1709 301.8975 317 -0.1344966 -0.1562499
Moved 234.1875 302 315.6523 -0.1342593 -0.1603788
Moved 234.2038 303.5 314.5 -0.130787 -0.1639093
Moved 234.2286 303 313.6834 -0.1319445 -0.1664111
Stationary 234.244 303 314 -0.1319445 -0.1654411
Moved 234.2599 303 312.9142 -0.1319445 -0.1687677
Stationary 234.2793 303 313 -0.1319445 -0.1685049
Stationary 234.2945 303 313 -0.1319445 -0.1685049
Moved 234.3089 303 311.8386 -0.1319445 -0.1720632
Stationary 234.3245 303 311.8386 -0.1319445 -0.1720632
Moved 234.34 293.9102 312 -0.1529857 -0.1715685
Moved 234.3568 291.0413 312 -0.1596266 -0.1715685
Moved 234.3755 285.2542 311 -0.1730228 -0.1746324
Moved 234.4024 277.4251 310.2125 -0.1911456 -0.177045
Moved 234.4194 273.3169 310 -0.2006553 -0.1776961
Moved 234.4361 271.5341 308.767 -0.2047821 -0.1814736
Moved 234.4537 266.7597 308 -0.2158339 -0.1838235
Moved 234.4695 261.3144 306.8286 -0.228439 -0.1874124
Moved 234.4852 258.1377 305.3792 -0.2357925 -0.1918528
Moved 234.5013 254.8919 303.9459 -0.2433058 -0.1962441
Moved 234.5238 249.1423 301.0712 -0.256615 -0.2050516
Moved 234.5408 246.9045 299.9523 -0.2617951 -0.2084796
Moved 234.5578 242.5 297 -0.2719907 -0.2175244
Moved 234.5835 238.6141 292.2283 -0.2809858 -0.2321438
Moved 234.6005 236.1779 289.3559 -0.2866251 -0.240944
Moved 234.6171 233.4799 286.4799 -0.2928707 -0.2497552
Moved 234.6335 233 284.5994 -0.2939815 -0.2555165
Moved 234.6504 232.1478 282.2956 -0.2959542 -0.2625747
Moved 234.6673 232 280.7556 -0.2962963 -0.2672929
Moved 234.6844 231 279.317 -0.2986111 -0.2717005
Moved 234.7005 231 276.7538 -0.2986111 -0.2795532
Stationary 234.7169 231 276.7538 -0.2986111 -0.2795532
Moved 234.7322 231 274.2499 -0.2986111 -0.2872244
Moved 234.761 231 272.5 -0.2986111 -0.2925858
Moved 234.7776 231 271.047 -0.2986111 -0.2970375
Moved 234.7937 231 269.618 -0.2986111 -0.3014153
Moved 234.8108 236.7405 268.1799 -0.2853229 -0.3058213
Moved 234.8274 242.7042 265.2958 -0.2715181 -0.3146574
Moved 234.8439 245.2791 263.8605 -0.2655576 -0.3190549
Moved 234.8604 246.5 264 -0.2627315 -0.3186274
Moved 234.8764 248.6866 262.3134 -0.2576699 -0.3237949
Moved 234.892 249.5 261.5 -0.255787 -0.3262867
Moved 234.9084 250.2805 262 -0.2539803 -0.3247548
Moved 234.9358 252 259.5706 -0.25 -0.3321981
Moved 234.953 253.5 260 -0.2465278 -0.3308824
Moved 234.9705 254.1455 260 -0.2450336 -0.3308824
Stationary 234.9908 254.1455 260 -0.2450336 -0.3308824
Moved 235.0069 254.8178 259 -0.2434773 -0.333946
Moved 235.0274 255.5 259 -0.2418981 -0.333946
Moved 235.0449 255 259 -0.2430556 -0.333946
Stationary 235.0602 255 259 -0.2430556 -0.333946
Stationary 235.0749 255 259 -0.2430556 -0.333946
Stationary 235.0909 255 259 -0.2430556 -0.333946
Stationary 235.1215 255 259 -0.2430556 -0.333946
Stationary 235.1361 255 259 -0.2430556 -0.333946
Stationary 235.1499 255 259 -0.2430556 -0.333946
Moved 235.1651 256.0378 259 -0.2406534 -0.333946
Stationary 235.181 256 259 -0.2407407 -0.333946
Stationary 235.1961 256 259 -0.2407407 -0.333946
Moved 235.2137 256 258 -0.2407407 -0.3370098
Stationary 235.2288 256 258 -0.2407407 -0.3370098
Stationary 235.2443 256 258 -0.2407407 -0.3370098
Stationary 235.2588 256 258 -0.2407407 -0.3370098
Stationary 235.2898 256 258 -0.2407407 -0.3370098
Stationary 235.3061 256 258 -0.2407407 -0.3370098
Stationary 235.3207 256 258 -0.2407407 -0.3370098
Stationary 235.3351 256 258 -0.2407407 -0.3370098
Stationary 235.3491 256 258 -0.2407407 -0.3370098
Stationary 235.3635 256 258 -0.2407407 -0.3370098
Stationary 235.3782 256 258 -0.2407407 -0.3370098
Stationary 235.393 256 258 -0.2407407 -0.3370098
Stationary 235.4096 256 258 -0.2407407 -0.3370098
Stationary 235.4283 256 258 -0.2407407 -0.3370098
Moved 235.4518 257.0382 258 -0.2383374 -0.3370098
Stationary 235.4679 257.0382 258 -0.2383374 -0.3370098
Moved 235.483 258.014 258 -0.2360787 -0.3370098
Moved 235.4996 259.4803 258 -0.2326844 -0.3370098
Moved 235.5174 263.7289 258 -0.2228498 -0.3370098
Moved 235.5359 272.9528 278.9056 -0.2014981 -0.2729607
Moved 235.5533 278.6116 290.9643 -0.1883991 -0.2360164
Moved 235.5714 281.6147 299.8442 -0.1814473 -0.2088104
Moved 235.591 284.7301 305.9204 -0.1742358 -0.1901948
Moved 235.608 286.192 309.3841 -0.1708518 -0.1795831
Moved 235.6345 289.0691 317.2073 -0.1641918 -0.1556148
Moved 235.6555 290.1583 319.3167 -0.1616705 -0.1491525
Moved 235.6724 291.6426 322.2852 -0.1582347 -0.1400575
Moved 235.6899 293.5 325.5 -0.1539352 -0.1302083
Moved 235.7057 293 326.5 -0.1550926 -0.1271445
Moved 235.7221 294.1931 327.1931 -0.1523307 -0.1250211
Moved 235.738 294 328.5 -0.1527778 -0.1210172
Stationary 235.7537 294 328.5 -0.1527778 -0.1210172
Moved 235.7689 295.3197 329.3197 -0.1497229 -0.1185058
Stationary 235.7847 295.3197 329.3197 -0.1497229 -0.1185058
Moved 235.809 296.0625 330.0625 -0.1480034 -0.1162301
Stationary 235.8251 296.0625 330.0625 -0.1480034 -0.1162301
Moved 235.8412 298.1265 330 -0.1432257 -0.1164215
Moved 235.8622 299.7337 330 -0.1395053 -0.1164215
Moved 235.8788 301.0671 330 -0.1364188 -0.1164215
Moved 235.895 304 330 -0.1296296 -0.1164215
Moved 235.9117 304.9485 330 -0.1274341 -0.1164215
Moved 235.9285 306.3945 330 -0.1240869 -0.1164215
Moved 235.9466 307.8315 330 -0.1207604 -0.1164215
Moved 235.9643 309.2722 330 -0.1174254 -0.1164215
Moved 235.992 311.8215 330 -0.1115242 -0.1164215
Moved 236.0094 312.5 330 -0.1099537 -0.1164215
Moved 236.0286 315.1377 330 -0.1038479 -0.1164215
Stationary 236.0454 315.1377 330 -0.1038479 -0.1164215
Moved 236.063 317.0144 330 -0.09950364 -0.1164215
Stationary 236.0832 317.0144 330 -0.09950364 -0.1164215
Moved 236.099 318.2248 330 -0.09670188 -0.1164215
Stationary 236.1154 318.2248 330 -0.09670188 -0.1164215
Moved 236.1319 321.7951 318.8196 -0.08843735 -0.150675
Moved 236.1485 325.6887 311.9339 -0.07942428 -0.1717712
Moved 236.1748 329.7284 297.8148 -0.07007316 -0.215028
Moved 236.1913 330 292.3369 -0.06944443 -0.2318111
Moved 236.2077 331.2286 290.5428 -0.06660054 -0.2373075
Moved 236.2244 331 287.5361 -0.06712963 -0.2465193
Moved 236.2405 331 284.6532 -0.06712963 -0.2553516
Moved 236.257 331 283.3909 -0.06712963 -0.259219
Moved 236.2729 331 281.9441 -0.06712963 -0.2636517
Moved 236.2936 331 279.5 -0.06712963 -0.2711396
Moved 236.3091 331 278.9839 -0.06712963 -0.272721
Moved 236.3249 331 277.5269 -0.06712963 -0.2771849
Stationary 236.3488 331 277.5269 -0.06712963 -0.2771849
Moved 236.3637 331 275.6474 -0.06712963 -0.282943
Moved 236.379 331 274.2067 -0.06712963 -0.2873571
Moved 236.3944 322.4017 272.7717 -0.08703312 -0.2917534
Moved 236.4097 323 271.3324 -0.08564815 -0.296163
Moved 236.4256 322.1978 270.1978 -0.08750513 -0.299639
Moved 236.4415 320.8212 268.8212 -0.09069159 -0.3038566
Moved 236.4574 320.3914 267.3915 -0.09168645 -0.3082369
Moved 236.4731 318.9501 265.9501 -0.09502292 -0.3126529
Moved 236.4931 318 264.0818 -0.09722222 -0.3183767
Moved 236.5173 316.6328 262.6328 -0.1003871 -0.3228161
Moved 236.534 316.3889 263 -0.1009516 -0.3216912
Moved 236.5522 315 262 -0.1041667 -0.3247548
Moved 236.569 313.5 260.5 -0.1076389 -0.3293505
Moved 236.5877 312.8804 259.8804 -0.1090732 -0.3312489
Moved 236.605 312.3333 259.3333 -0.1103395 -0.3329249
Moved 236.6225 311.5 258.5 -0.1122685 -0.335478
Moved 236.6395 312 257.7285 -0.1111111 -0.3378416
Moved 236.6581 310.3685 253.1055 -0.1148878 -0.3520053
Moved 236.6762 309 245.5 -0.1180555 -0.3753064
Moved 236.707 308 235.4033 -0.1203704 -0.4062397
Moved 236.7237 307.1727 233.3455 -0.1222853 -0.4125445
Moved 236.7402 307 230.4689 -0.1226852 -0.4213576
Moved 236.7568 307 221.8381 -0.1226852 -0.4477999
Ended 236.7728 307 221.8381 -0.1226852 -0.4477999
Candidates 236.8965 5 towards toward forward appeared appears
Began 237.9892 302 259 -0.1342593 -0.333946
Stationary 238.0188 302 259 -0.1342593 -0.333946
Stationary 238.0368 302 259 -0.1342593 -0.333946
Stationary 238.0538 302 259 -0.1342593 -0.333946
Moved 238.0747 313.3468 259 -0.1079935 -0.333946
Moved 238.0932 317.7798 259 -0.0977319 -0.333946
Moved 238.1112 320.2722 259 -0.09196246 -0.333946
Moved 238.1285 321.576 259 -0.08894453 -0.333946
Moved 238.1453 323.0148 259 -0.08561397 -0.333946
Moved 238.1627 324.4509 259 -0.08228958 -0.333946
Moved 238.1814 325.889 259 -0.07896055 -0.333946
Moved 238.1997 326.5 259 -0.07754628 -0.333946
Moved 238.2185 327.3734 259 -0.07552445 -0.333946
Moved 238.2366 328.3155 259 -0.07334387 -0.333946
Stationary 238.2538 328.3155 259 -0.07334387 -0.333946
Moved 238.2741 329.249 259 -0.07118294 -0.333946
Moved 238.3015 330.0101 259 -0.06942113 -0.333946
Stationary 238.3204 330.0101 259 -0.06942113 -0.333946
Stationary 238.3367 330.0101 259 -0.06942113 -0.333946
Moved 238.3518 331.2246 259 -0.06660963 -0.333946
Stationary 238.368 331.2246 259 -0.06660963 -0.333946
Moved 238.3839 332.2492 259 -0.064238 -0.333946
Stationary 238.4027 332.2492 259 -0.064238 -0.333946
Moved 238.42 333.1864 259 -0.06206845 -0.333946
Moved 238.4386 334.1283 259 -0.05988821 -0.333946
Moved 238.4552 336.4805 259 -0.05444337 -0.333946
Moved 238.4862 349.6833 259 -0.0238813 -0.333946
Moved 238.5054 362.4503 259 0.005672077 -0.333946
Moved 238.5233 375.4344 248.551 0.03572782 -0.3659589
Moved 238.5411 405.5422 243.8645 0.1054217 -0.380317
Moved 238.5576 427.5 238 0.15625 -0.3982843
Ended 238.5736 431 236 0.1643519 -0.4044118
Accept 238.6056 forward
PhraseEnd 240.2833
